3 2.76666402817 58.425211 99.52669 -0.076600623 93.1767202291 13.5024453047 -0.776481325886 92.7784353667 -40.100210438 0
6 2.76626300812 58.436309 99.5178 -0.082073852 62.7532364082 108.895030292 -1.52145676668 10.3231928293 -82.4705661146 0
9 2.73668885231 59.138497 99.506199 -0.079127672 41.7882734848 58.1717799455 -0.40386063575 44.8281658625 -18.6058282917 0
12 2.76487803459 60.588187 99.398001 -0.084356487 101.293802598 56.3295138592 -2.94128406136 59.2607941714 -163.689892385 0
15 2.74574995041 62.026729 99.268445 -0.080345137 135.589884982 11.6809061841 -3.10207924629 114.381444622 -173.132611273 0
18 2.71834611893 63.612811 99.142137 -0.077882356 15.1387647138 142.022730406 -3.13644664159 64.7184552828 -175.242824934 0
21 2.75875091553 65.109709 99.045111 -0.075303117 135.023375722 123.864522052 1.36340981065 74.1884354832 82.4321786851 0
24 2.76373410225 66.576646 98.887554 -0.079079542 76.6197441958 34.7808652803 1.06295417311 64.8886073204 65.4337119373 0
27 2.74361109734 68.114632 98.811042 -0.080004433 27.2576478335 101.003135478 1.69166331893 40.915747934 101.509084885 0
30 2.74211812019 69.601579 98.673025 -0.074381156 42.4048602769 96.5118555874 0.729093280468 27.2824515492 46.0356941563 0
33 2.73984289169 71.154315 98.514904 -0.080273853 127.014716758 45.3426864167 -2.97537254325 77.1211333375 -165.876936225 0
36 2.74362587929 72.642873 98.438251 -0.077397051 70.0180739049 97.1007883184 -0.173665941599 2.94590847011 -5.51580112971 0
39 2.79305481911 74.179887 98.27586 -0.078945335 71.9818630507 98.7174909015 0.0238199039401 2.24195163529 5.88801447192 0
42 2.77163481712 75.689674 98.17429 -0.079512997 42.6105850752 90.1803883702 -1.46651543688 34.0312883589 -79.4693859796 0
45 2.74264192581 77.259307 98.055637 -0.072379503 75.7008365546 93.2530249176 -0.222934467448 5.04914972481 -8.62616404764 0
48 2.77980804443 78.667542 97.976243 -0.066300397 40.5773520213 85.1175198836 -1.43561056338 40.2021060742 -78.4556933778 0
51 2.75607395172 80.25432 97.827625 -0.077582567 78.02864918 97.4223969154 0.12132828302 2.26226002034 11.3967522055 0
54 2.78173112869 81.813353 97.68277 -0.074716444 78.7385338118 99.710346402 -0.00838912489607 3.68314798861 3.80027545107 0
57 2.75467181206 82.622729 97.654646 -0.085105116 80.5374025385 99.5438011741 -0.0493294767402 2.81380413727 2.04979313897 0
60 2.74213814735 81.436592 97.754867 -0.094486992 78.4423108941 99.6599930561 -0.0572955789048 3.54897515219 2.13091100448 0
63 2.7437980175 79.890684 97.897701 -0.093381766 78.4446402945 99.6357744409 -0.0924248637593 2.26096034552 0.0548264597959 0
66 2.73001194 78.411812 98.037468 -0.097953665 75.0871047392 99.6763989357 -0.0365143593047 3.70671997624 3.52021291256 0
69 2.74020314217 76.931086 98.162597 -0.096433306 74.3189861382 98.2992644481 0.0301760162089 2.61567270111 7.25417980958 0
72 2.72990012169 75.443161 98.337547 -0.10164342 72.9619891601 98.1393845051 0.0256583305561 2.48907253277 7.29385303149 0
75 2.75066614151 73.912871 98.553041 -0.10292365 71.2643008045 97.5102319635 0.0895343823638 2.84646706763 11.0270329878 0
78 2.74848818779 72.413468 98.668417 -0.11145399 69.469860679 99.9956224688 -0.103356821017 3.22897792135 0.463933608731 0
81 2.75731182098 70.926618 98.82512 -0.11572496 69.0862584724 98.5491074147 0.0207835513405 1.8609422716 7.82136156743 0
84 2.72529506683 69.460294 99.048845 -0.12091472 66.988939187 98.724065925 0.000116073346613 2.4926042725 6.93455364988 0
87 2.7345969677 67.984026 99.205817 -0.12024712 65.4420044824 97.6390174256 -0.00242338493734 2.98609013636 6.75080274556 0
90 2.74536800385 66.409271 99.378533 -0.12589377 63.4956321716 98.1768082788 -0.016007362298 3.15173500277 6.29602738718 0
93 2.73700594902 64.97003 99.579245 -0.12534264 63.2831520378 100.046669747 -0.0121653338454 1.75044084552 6.48458197932 0
96 2.76169610023 63.450289 99.830398 -0.13542326 60.5924734407 98.5393739036 0.0252813174227 3.13589747736 9.20769403476 0
99 2.72779607773 62.015499 100.01094 -0.13023941 60.2002310338 99.3978977714 -0.0262427930384 1.91599023042 5.95856723554 0
102 2.71795701981 60.420275 100.24313 -0.1356293 58.2185722396 97.9387350083 0.0226743335673 3.18711959662 9.07013008499 0
105 2.74192905426 58.989222 100.44438 -0.14088208 56.6252583617 97.6978772209 0.0349436280774 3.62375517922 10.0740710027 0
108 2.74466609955 58.528509 100.58832 -0.24160345 56.7887627105 99.4050402846 -0.0854252508477 2.10401236608 8.94835166338 0
111 2.73544192314 58.390768 100.67023 -0.3827913 56.7621947827 100.014546861 -0.232270292313 1.75561131871 8.62421846851 0
114 2.76119589806 58.26024 100.80046 -0.53685502 57.085710539 97.6619690674 -0.286938753995 3.35106621667 14.3191472738 0
117 2.74992108345 58.2435 100.85046 -0.70040996 56.3764453656 102.015160169 -0.509976935155 2.20054981594 10.9110086035 0
120 2.74426984787 58.129433 100.95873 -0.85888639 56.7762225792 101.612704195 -0.602875326249 1.50295066137 14.6683534616 0
123 2.76330804825 58.21235 101.09089 -1.0276822 57.9662507512 101.011284071 -0.991211409496 0.258654101511 2.0896223714 0
126 2.7735440731 58.152327 101.12822 -1.1869287 56.6844309323 101.393868372 -1.18326180895 1.4917398979 0.21009738125 0
129 2.75897598267 58.049715 101.26081 -1.3398137 55.6109501442 101.340698141 -1.31879362428 2.44007297778 1.20436162387 0
132 2.76446294785 58.024835 101.49733 -1.4943786 55.3820903245 101.938700323 -1.41496145473 2.67934827556 4.5502672448 0
135 2.75548791885 58.064001 101.65215 -1.6522241 56.7725952894 102.209082568 -1.69512882681 1.4063792498 -2.45825976717 0
138 2.77529406548 58.104403 101.68885 -1.8037565 55.9746310184 101.772807073 -1.74049550237 2.1314261619 3.62458817191 0
141 2.74629211426 58.177183 101.78616 -1.9584038 57.5963202047 103.558475359 -2.06279953713 1.86507461523 -5.98143513659 0
144 2.74988007545 58.164815 101.89412 -2.1101089 58.8414762563 101.610191681 -2.24371235124 0.733815880237 -7.65491388449 0
147 2.76703381538 58.333441 101.96561 -2.2758326 54.4635648923 102.32815192 -2.11409577134 3.88682103172 9.2668376739 0
150 2.77347683907 58.547547 101.97367 -2.4518694 54.0129179714 101.677581045 -2.26977937952 4.54428532297 10.432989665 0
153 2.74182009697 58.609003 102.09152 -2.5989269 55.0483610588 101.80487236 -2.43375214416 3.57216151693 9.46381639186 0
156 2.76364183426 58.561869 102.14088 -2.6173282 53.6965965542 102.733704346 -2.45391656709 4.90125664256 9.36279688891 0
159 2.76630187035 58.51155 102.01626 -2.5045701 54.3790622774 101.884512332 -2.42173947509 4.13458731015 4.74584522191 0
162 2.7512948513 58.437648 101.90068 -2.3721379 54.0517741903 102.462627097 -2.13162202994 4.42172744686 13.7805442604 0
165 2.74166893959 58.147744 101.95537 -2.2082701 54.2486773648 101.638397535 -2.13969655959 3.91192946886 3.9289744518 0
168 2.771048069 58.037351 101.82492 -2.0566813 51.8110300583 98.8575088759 -1.78743221708 6.89728941314 15.4268360889 0
171 2.76559710503 57.944091 101.71587 -1.9011295 52.9552440873 99.9533367357 -1.70235634715 5.29104120432 11.3888627389 0
174 2.75216007233 57.908577 101.57431 -1.7585036 54.8579448744 101.883540905 -1.64911330475 3.06626484809 6.26760223748 0
177 2.74718213081 57.841285 101.40683 -1.6171883 54.3231148762 100.225475255 -1.50017569032 3.71121544141 6.70432868423 0
180 2.74803495407 57.86028 101.30305 -1.4556073 52.1976617274 100.723404219 -1.1719966681 5.69220826507 16.2496922329 0
183 2.73674988747 57.788579 101.03213 -1.3093986 53.0835149813 100.322512576 -1.12449948908 4.75827535019 10.5939386914 0
186 2.73828601837 57.852229 100.87925 -1.1701135 52.5433018596 100.051294052 -0.863589956101 5.37310137938 17.5625053868 0
189 2.75074291229 57.956865 100.8248 -1.0236231 52.5348559861 99.9439410497 -0.855572180774 5.49309514184 9.62860841495 0
192 2.73787808418 57.906072 100.67156 -0.85835482 53.5398577108 101.714902764 -0.662904224237 4.48914149288 11.1984942405 0
195 2.74129486084 57.990597 100.53155 -0.72265365 50.8817418232 103.18800735 -0.359395022947 7.58897803238 20.8131862018 0
198 2.73557591438 58.042848 100.37669 -0.56279892 52.946489954 103.406202298 -0.097004992038 5.92881186237 26.688026195 0
201 2.73690891266 58.157277 100.32166 -0.41301063 54.8097564518 101.529853645 -0.0267690421477 3.55887983836 22.1300128564 0
204 2.72085309029 58.686264 100.08548 -0.29965148 54.398260807 102.067702155 0.200934514929 4.72400000582 28.6814647928 0
207 2.75195884705 59.980629 99.666017 -0.30408986 56.0434628481 101.02402147 0.119999419457 4.16478732322 24.2985258496 0
210 2.75215601921 61.363687 99.173884 -0.32636207 55.4983435976 103.039700866 0.212201358804 7.0247272737 30.8574114706 0
213 2.90665411949 62.885593 98.69498 -0.37512441 59.985712211 100.178129059 -0.160181675651 3.25715208741 12.3153115152 0
216 2.74992704391 64.287236 98.118834 -0.4012694 61.4138315377 99.2860547689 -0.222720636189 3.10142830438 10.2300906037 0
219 2.75320792198 66.572969 97.068508 -0.44319642 63.2568097595 98.8504240558 -0.345011754865 3.76458987654 5.62556692516 0
222 2.74647688866 67.896132 96.441291 -0.47211549 65.3972216956 97.9081083223 -0.377984886432 2.89760345226 5.39328630746 0
225 2.73923993111 69.150612 95.708615 -0.49267498 66.9171689423 97.471032465 -0.393029440223 2.84506295411 5.70926887651 0
228 2.75176811218 70.465141 94.973778 -0.52461339 67.1950325475 96.2259687172 -0.467234910398 3.50165544898 3.28754471605 0
231 2.75488591194 71.675984 94.192345 -0.54871183 68.8233850775 95.7953659062 -0.480355522016 3.27215473938 3.91652795058 0
234 2.78252005577 72.999296 93.402727 -0.58180979 70.0040423174 94.7535070248 -0.467947347967 3.28574973159 6.52383737355 0
237 2.73010110855 74.284244 92.44261 -0.63095882 71.2335869107 93.1170665734 -0.509902554332 3.12432398223 6.93601310637 0
240 2.75997304916 75.447368 91.599491 -0.66374929 73.1205599415 93.3143184929 -0.569795656992 2.89044444185 5.38314664126 0
243 2.77387309074 76.572595 90.665594 -0.69142624 73.5024528233 92.5448634577 -0.558617333353 3.59964257669 7.60938983259 0
246 2.70816302299 77.783785 89.658033 -0.71509647 75.173382586 91.7117336237 -0.642565343379 3.32142845996 4.15572743871 0
249 2.72192406654 78.874801 88.696028 -0.74032963 76.9943456806 90.5391936435 -0.666472778225 2.63312965834 4.23168589483 0
252 2.73715901375 80.03236 87.613917 -0.7252394 78.8221868154 89.7407607761 -0.680994347112 2.44703567298 2.53505479482 0
255 2.75092411041 81.079285 86.604124 -0.70281223 79.5136813287 89.677300043 -0.654085316443 3.44898910512 2.79184649553 0
258 2.72181916237 82.380517 85.593177 -0.66953842 80.1397362677 86.9374847091 -0.607727302782 2.61309423997 3.54151614356 0
261 2.73813414574 83.553536 84.670161 -0.64546431 80.9674073649 86.6871224739 -0.554886542748 3.27966384017 5.18972378128 0
264 2.75707411766 84.753159 83.736184 -0.60820056 83.0164501154 85.6846050163 -0.55014286779 2.61007704993 3.32646073188 0
267 2.75618386269 85.938286 82.919631 -0.58097683 84.3965119178 84.6500350799 -0.502517927654 2.31762067656 4.49536396965 0
270 2.74961590767 87.249998 82.030848 -0.55954063 84.7094028177 84.2200131816 -0.516373918607 3.35366487187 2.47327037828 0
273 2.74293780327 88.578333 81.141585 -0.52544337 86.193394916 82.91103541 -0.476011654073 2.96966065701 2.83222869669 0
276 2.73916697502 89.874585 80.458812 -0.49549775 87.6375405017 81.394659332 -0.395461911894 2.42490789848 5.73163132351 0
279 2.74759912491 91.229191 79.664539 -0.46697991 89.0247262376 80.6878516488 -0.398643294927 2.43039784103 3.91539962992 0
282 2.71664309502 92.640842 79.007823 -0.44436504 90.0500123135 80.8315365047 -0.370365568156 3.16833227605 4.23985742286 0
285 2.72535204887 93.942666 78.269838 -0.40450827 90.944901039 79.9675426361 -0.336299965179 3.44511186941 3.90804799396 0
288 2.74987006187 95.385584 77.620959 -0.38607018 93.0271730869 79.5245819767 -0.276987073242 3.03082207866 6.25000163341 0
291 2.73094391823 96.747733 77.074345 -0.36376533 94.7441791459 79.2964561376 -0.272254045368 2.99199029983 5.24321038724 0
294 2.72275900841 98.250871 76.540386 -0.33417824 95.473204288 78.8541788594 -0.242481212386 3.61511683896 5.2538526762 0
297 2.74338006973 99.752933 76.027378 -0.30758365 96.3277791461 78.9313065997 -0.206030839343 4.49048775023 5.81854744835 0
300 2.7274119854 100.00981 75.897783 -0.33361957 98.7748967931 79.3282034819 -0.201469182456 3.64592859383 7.57165946731 0
303 2.75451183319 98.714105 76.429985 -0.36219797 96.164828184 79.2201083094 -0.219227763341 3.77936507454 8.19158943765 0
306 2.72795605659 97.284888 77.028291 -0.39087517 95.2220760748 79.1416630055 -0.266484329147 2.95322438572 7.12707019095 0
309 2.72706198692 95.817851 77.649213 -0.42317241 94.2633454579 79.069599294 -0.288867419283 2.10570290035 7.69510913566 0
312 2.77311778069 94.571565 78.35291 -0.46228827 92.6449948138 79.1175616692 -0.271728610214 2.07276743935 10.9182642512 0
315 2.74286103249 93.13187 79.138887 -0.4938927 90.8499864381 80.3070461382 -0.346065937185 2.56351094449 8.46984960836 0
318 2.73565602303 91.836662 79.862922 -0.52529077 90.0640770948 80.7358546856 -0.378321281168 1.97587163543 8.42073142725 0
321 2.73119401932 90.529269 80.702102 -0.55721841 88.2682850478 81.4658221985 -0.403972626148 2.38648632382 8.78033664289 0
324 2.70978689194 89.308886 81.573217 -0.59808232 87.9858892173 81.9477653302 -0.422299258681 1.37499343225 10.0716275235 0
327 2.7495970726 88.100372 82.484783 -0.6409076 85.5894014236 80.6808033061 -0.38335328083 3.09181434948 14.7567754838 0
330 2.71050405502 86.96204 83.432583 -0.67310863 84.8068989152 82.5765116993 -0.47427656221 2.31894182053 11.3922383162 0
333 2.73606419563 85.711036 84.448892 -0.70015711 84.3405377604 83.7810621897 -0.51451923905 1.52455307554 10.6362665232 0
336 2.71238803864 84.630521 85.38864 -0.74348817 82.7227070919 86.8114647311 -0.628055571053 2.37995464735 6.61380073789 0
339 2.72680497169 83.531548 86.470864 -0.76732045 80.2167554294 85.6936774845 -0.572789852704 3.40468334297 11.1457822112 0
342 2.72125101089 82.436303 87.632765 -0.79615086 79.599228357 87.6202999392 -0.674035326117 2.83710202627 6.99670470451 0
345 2.73958802223 81.390428 88.717115 -0.83255466 78.5174887962 88.9487154908 -0.689051229091 2.8822592625 8.22214093671 0
348 2.76641201973 80.091493 90.270385 -0.85191671 77.5498830541 88.8835692073 -0.647734719363 2.89534784783 11.6987663161 0
351 2.73765897751 79.121061 91.3195 -0.83027867 76.6480362882 91.2548420814 -0.646988363186 2.47386981707 10.5017610061 0
354 2.69290089607 78.091476 92.534394 -0.81038411 75.5135302428 91.9818408807 -0.658925385997 2.63649753963 8.6779456558 0
357 2.73155021667 77.093441 93.512556 -0.78090008 74.6815048655 93.1690767311 -0.630926862779 2.43627049502 8.59283238676 0
360 2.71558213234 76.051262 94.597058 -0.76703211 73.6879878229 93.8088757184 -0.596843901939 2.49124389515 9.75106604481 0
363 2.71929597855 75.027276 95.58972 -0.75132884 72.0568637769 93.4608898607 -0.54002029178 3.65448581026 12.107087988 0
366 2.73232293129 73.852657 96.593273 -0.72312741 70.6450654605 95.7378325379 -0.550956093081 3.31970207523 9.86468981264 0
369 2.77343797684 72.811015 97.559971 -0.70587276 69.3271785052 95.6052441679 -0.487283556916 3.99475577609 12.5242387838 0
372 2.73481297493 71.630899 98.505259 -0.68120937 69.2570375187 98.6818081442 -0.559011903265 2.38041759632 7.00139911111 0
375 2.80177092552 70.538887 99.423882 -0.66641532 67.517841482 99.4018146558 -0.524928980946 3.02112611279 8.10657008656 0
378 2.92181110382 69.331788 100.31013 -0.63648641 65.9774030042 99.7165834748 -0.488276479348 3.40649323756 8.4918035083 0
381 2.7284309864 68.205766 101.18772 -0.63190253 65.6534388632 101.718366706 -0.497690981568 2.60690616244 7.68975528706 0
384 2.74637889862 66.997353 102.01418 -0.604237 64.5106171745 102.541292869 -0.46554896439 2.54198800985 7.94623910944 0
387 2.7001888752 65.749881 102.79371 -0.58263231 64.3944325414 104.691569816 -0.502929008574 2.33219047347 4.56666278498 0
390 2.71887397766 64.390622 103.72927 -0.540005 61.8222097767 104.022721154 -0.411117123999 2.58512184017 7.38473132527 0
393 2.71592879295 63.066948 104.49561 -0.5165186 60.5439963739 104.228367569 -0.356206446453 2.53706590862 9.18520980292 0
396 2.74051594734 62.072466 105.11862 -0.50368551 59.1480993553 105.271459245 -0.329304366326 2.92835791999 9.99130355921 0
399 2.73341298103 62.084059 105.11634 -0.50537083 59.7852539641 105.942807154 -0.353885665643 2.44285745598 8.67946057649 0
402 2.71608901024 62.06969 105.12384 -0.50501376 59.5394976337 106.328808544 -0.384686172782 2.80246723506 6.8942629066 0
405 2.72507405281 62.088061 105.11683 -0.50531554 57.8178540236 105.624235223 -0.319921815462 4.30024739776 10.6222779643 0
408 2.72798585892 62.080145 105.11527 -0.50526072 57.8352995848 105.258241114 -0.300081088541 4.24725244583 11.7559269247 0
411 2.73434305191 62.084425 105.11388 -0.50526675 57.5631095097 106.988484041 -0.36965741023 4.89453103704 7.76984283139 0
414 2.72919297218 62.090561 105.10315 -0.50372534 59.2852641525 107.151392742 -0.340934537633 3.47346926483 9.3272259192 0
