3 1.33200407028 58.425211 99.52669 -0.076600623 14.2287861776 128.272754761 -2.87534237494 52.7224829303 -160.356090333 0
6 1.32855510712 58.436309 99.5178 -0.082073852 55.0017462229 99.9008276362 0.580752613691 3.45585469027 37.9771590336 0
9 1.32849001884 59.138497 99.506199 -0.079127672 95.0889283527 12.7111598895 -0.275188562937 93.9457946299 -11.2334615783 0
12 1.32531285286 60.588187 99.398001 -0.084356487 59.6807216061 108.477354751 -0.985782433931 9.12459083845 -51.6479023027 0
15 1.3323559761 62.026729 99.268445 -0.080345137 35.9249754021 117.647114677 -2.27361602846 31.9229860757 -125.66516541 0
18 1.33286499977 63.612811 99.142137 -0.077882356 30.8576100237 78.4089540385 -2.86039177703 38.7655525785 -159.42604628 0
21 1.32799696922 65.109709 99.045111 -0.075303117 127.08519214 57.2536152428 -1.06592891024 74.7495125606 -56.7586770295 0
24 1.32664299011 66.576646 98.887554 -0.079079542 30.0053414514 83.9986535376 1.89631533017 39.4859427311 113.181789047 0
27 1.34554481506 68.114632 98.811042 -0.080004433 118.787101892 137.591926045 -2.15288101825 63.8095304192 -118.767079786 0
30 1.33955001831 69.601579 98.673025 -0.074381156 44.6348865901 75.6268530786 -1.77504359365 33.9773714422 -97.440780054 0
33 1.32906794548 71.154315 98.514904 -0.080273853 23.6375468118 96.5767947444 -2.91105437712 47.5562774672 -162.19177676 0
36 1.32828497887 72.642873 98.438251 -0.077397051 108.502442391 57.0048380352 2.6804806439 54.7963176395 158.014752331 0
39 1.33094596863 74.179887 98.27586 -0.078945335 96.2497412076 77.0774343795 -1.77327258677 30.6014985504 -97.0778006403 0
42 1.34715819359 75.689674 98.17429 -0.079512997 38.1232884074 22.3605823639 -1.91432151887 84.6105879428 -105.126784518 0
45 1.33224487305 77.259307 98.055637 -0.072379503 34.6189761338 67.1882537784 -1.67587279424 52.6402238153 -91.8733980654 0
48 1.34484505653 78.667542 97.976243 -0.066300397 72.1444212283 101.106828204 0.240228645339 7.23544527469 17.5628204242 0
51 1.33721089363 80.25432 97.827625 -0.077582567 117.488432741 50.7003771572 0.162836060739 60.061274053 13.7749726858 0
54 1.33951091766 81.813353 97.68277 -0.074716444 79.274110939 121.192871463 -1.45592988723 23.6468310998 -79.137700904 0
57 1.34589600563 82.622729 97.654646 -0.085105116 141.696103244 51.8720517372 0.282191236873 74.7376042028 21.0445308502 0
60 1.34853005409 81.436592 97.754867 -0.094486992 137.313809559 56.4420422079 -1.49511866228 69.4910996776 -80.2502833591 0
63 1.33847999573 79.890684 97.897701 -0.093381766 58.3275749893 78.4935172647 -2.26805543034 29.0084473325 -124.599622785 0
66 1.34384894371 78.411812 98.037468 -0.097953665 23.0058627055 95.7821276644 2.08329061653 55.4518329477 124.976091419 0
69 1.34380316734 76.931086 98.162597 -0.096433306 135.341255496 58.2241333038 -1.70184961414 70.7589484299 -91.9835788176 0
72 1.34425997734 75.443161 98.337547 -0.10164342 71.2072212724 98.5173467481 0.00202876890193 4.23975392269 5.93997887696 0
75 1.33061003685 73.912871 98.553041 -0.10292365 65.4063453149 26.9423208042 -0.701777264394 72.1141887994 -34.311784651 0
78 1.33084106445 72.413468 98.668417 -0.11145399 76.8333130359 34.3286128787 0.40873938502 64.4914368309 29.8048849193 0
81 1.33710694313 70.926618 98.82512 -0.11572496 68.3194061145 96.9660224666 0.81793526868 3.20215512655 53.4947906026 0
84 1.33960103989 69.460294 99.048845 -0.12091472 66.4475910234 97.6624535724 0.126145393209 3.31639268114 14.1555017729 0
87 1.33420109749 67.984026 99.205817 -0.12024712 57.5151055898 94.0374502638 -1.85213441915 11.6752006097 -99.2298328339 0
90 1.34415984154 66.409271 99.378533 -0.12589377 64.2341606178 97.6845370755 0.0224230889046 2.75694166912 8.49793004587 0
93 1.33703899384 64.97003 99.579245 -0.12534264 64.0537213567 97.5695286922 0.0518321720316 2.20875104243 10.1513689654 0
96 1.34281802177 63.450289 99.830398 -0.13542326 61.0249544807 96.7802742708 0.0489127719678 3.89685800283 10.5616766439 0
99 1.3344950676 62.015499 100.01094 -0.13023941 60.2794049081 98.9657773265 -0.0705113561067 2.0264223918 3.42216540662 0
102 1.32441401482 60.420275 100.24313 -0.1356293 56.8885631394 97.9041761381 0.0238700721118 4.23599974437 9.13864085699 0
105 1.33173513412 58.989222 100.44438 -0.14088208 56.8390086508 100.123563018 -0.0131323292813 2.17401494551 7.31952155003 0
108 1.33430719376 58.528509 100.58832 -0.24160345 56.2240519429 101.871120669 -0.076231177822 2.63744192063 9.47513324429 0
111 1.3388428688 58.390768 100.67023 -0.3827913 55.066165403 101.331099699 -0.291569455441 3.3896505995 5.22662669263 0
114 1.32902312279 58.26024 100.80046 -0.53685502 57.266978558 101.074773025 -0.431576771141 1.03044452915 6.03199933415 0
117 1.32462310791 58.2435 100.85046 -0.70040996 55.9199154832 103.430928488 -0.51290376974 3.47244332169 10.7433133345 0
120 1.33550190926 58.129433 100.95873 -0.85888639 58.1081946907 100.161806085 -0.611859899005 0.797206868682 14.1535753619 0
123 1.33737611771 58.21235 101.09089 -1.0276822 56.5542174292 98.7228856032 -0.79920927659 2.89082141364 13.0905342444 0
126 1.33139610291 58.152327 101.12822 -1.1869287 56.1501675857 101.891898167 -1.09738778928 2.14285945946 5.13031627813 0
129 1.34655380249 58.049715 101.26081 -1.3398137 55.2059642088 101.758748286 -1.28618435489 2.88701595066 3.07273513267 0
132 1.3322160244 58.024835 101.49733 -1.4943786 56.0043735955 101.397550692 -1.42618428972 2.02292367564 3.90724616564 0
135 1.33169102669 58.064001 101.65215 -1.6522241 57.7159680676 102.161649489 -1.68072793254 0.6170224077 -1.63314930446 0
138 1.33806586266 58.104403 101.68885 -1.8037565 54.7097074102 101.061287298 -1.71873144523 3.45221567865 4.87157679124 0
141 1.33641791344 58.177183 101.78616 -1.9584038 56.4020189103 102.588258407 -2.05826276108 1.94796545146 -5.72149701652 0
144 1.34113788605 58.164815 101.89412 -2.1101089 57.1748807596 105.505515952 -2.07866841432 3.74461620521 1.8014071351 0
147 1.34315609932 58.333441 101.96561 -2.2758326 54.3774919938 102.068566387 -2.14475762241 3.95728853606 7.51004301556 0
150 1.33632707596 58.547547 101.97367 -2.4518694 55.4293081317 101.627491131 -2.37955632624 3.13739596619 4.14323393012 0
153 1.33521914482 58.609003 102.09152 -2.5989269 55.1018881405 100.959064018 -2.45432596562 3.68541872637 8.2850232537 0
156 1.33753991127 58.561869 102.14088 -2.6173282 53.1356668588 101.167403962 -2.38954593252 5.51283278131 13.0509625745 0
159 1.3352329731 58.51155 102.01626 -2.5045701 50.6549587846 98.5326283593 -2.30844441653 8.59428385234 11.2371739168 0
162 1.33577895164 58.437648 101.90068 -2.3721379 51.9641794519 98.4001585587 -2.15625366904 7.35931011748 12.3692552977 0
165 1.34871697426 58.147744 101.95537 -2.2082701 51.2131963182 98.2398626551 -1.96416352532 7.86720702544 13.9862764806 0
168 1.33579087257 58.037351 101.82492 -2.0566813 51.9323052922 100.147882059 -1.71909207855 6.33119572841 19.3424375983 0
171 1.3408510685 57.944091 101.71587 -1.9011295 50.3533508841 98.3947483495 -1.4024920754 8.28548034365 28.5698199368 0
174 1.34254288673 57.908577 101.57431 -1.7585036 53.2563925781 100.830765365 -1.45769783305 4.7112289818 17.2349008993 0
177 1.34532499313 57.841285 101.40683 -1.6171883 51.248421031 98.4419351025 -1.2227944394 7.22886277825 22.5971036782 0
180 1.34750509262 57.86028 101.30305 -1.4556073 52.6221146359 98.5740403086 -1.19182091231 5.90642618485 15.1138467078 0
183 1.34861397743 57.788579 101.03213 -1.3093986 51.9044899685 101.207057944 -0.989031759171 5.88668867154 18.3556678754 0
186 1.34149885178 57.852229 100.87925 -1.1701135 52.578018822 98.7150569855 -0.892807490353 5.70096697114 15.8884639864 0
189 1.34243822098 57.956865 100.8248 -1.0236231 51.0906862168 99.013302002 -0.667359369203 7.10112217048 20.4124081683 0
192 1.33988785744 57.906072 100.67156 -0.85835482 51.5658848983 101.724673284 -0.506714809921 6.42705376313 20.1474884855 0
195 1.31772613525 57.990597 100.53155 -0.72265365 55.395216076 100.561703512 -0.554750792931 2.59555608201 9.62012507826 0
198 1.32476091385 58.042848 100.37669 -0.56279892 52.8933763856 102.102979811 -0.0951558332757 5.43112644096 26.7939751878 0
201 1.33060503006 58.157277 100.32166 -0.41301063 52.2340539947 103.363930896 0.147183465364 6.65882744754 32.0967573725 0
204 1.32972097397 58.686264 100.08548 -0.29965148 52.9247783505 101.724134221 0.255735203415 5.989983685 31.8213129574 0
207 1.32891702652 59.980629 99.666017 -0.30408986 54.2746862982 102.799768525 0.1987338142 6.50985258954 28.8096743709 0
210 1.33044600487 61.363687 99.173884 -0.32636207 56.3639040816 102.799947939 0.117096864248 6.17625848858 25.4083253198 0
213 1.32054901123 62.885593 98.69498 -0.37512441 60.2079840233 99.7032989034 -0.0797226864931 2.86117053719 16.9252720178 0
216 1.3223669529 64.287236 98.118834 -0.4012694 60.4880146914 98.6996871122 -0.158213623741 3.84336738936 13.9260701659 0
219 1.32388591766 66.572969 97.068508 -0.44319642 63.6176502368 98.0576964848 -0.283904962962 3.11647282207 9.12672820077 0
222 1.33250594139 67.896132 96.441291 -0.47211549 65.8070884925 97.5809673564 -0.338930569286 2.37969850478 7.6309338517 0
225 1.33451485634 69.150612 95.708615 -0.49267498 66.0027385794 96.7145288519 -0.390747958733 3.30468905489 5.83998813695 0
228 1.33443903923 70.465141 94.973778 -0.52461339 66.6385710011 96.0664073602 -0.456392522419 3.97950711458 3.90876778711 0
231 1.32142090797 71.675984 94.192345 -0.54871183 69.0056133305 95.8184636259 -0.451459114404 3.12652223698 5.57217014982 0
234 1.3273859024 72.999296 93.402727 -0.58180979 69.8788106004 94.6602963944 -0.428545528906 3.36435876669 8.78139531086 0
237 1.33077907562 74.284244 92.44261 -0.63095882 72.0132743802 95.1070772127 -0.516735730265 3.50095537551 6.54450096474 0
240 1.33449196815 75.447368 91.599491 -0.66374929 73.3260081326 93.2937520519 -0.521180927186 2.71490113984 8.16856548133 0
243 1.32361006737 76.572595 90.665594 -0.69142624 73.5123434062 91.959640378 -0.536202694486 3.32260377501 8.89365403902 0
246 1.32523989677 77.783785 89.658033 -0.71509647 75.3018490144 91.8508482777 -0.604635932866 3.3118642905 6.32892258052 0
249 1.34056687355 78.874801 88.696028 -0.74032963 77.3372747609 89.3094263766 -0.651491198785 1.65536838927 5.0900671672 0
252 1.34268498421 80.03236 87.613917 -0.7252394 77.8709449419 89.835399949 -0.559985605827 3.09946794562 9.46834495461 0
255 1.33782410622 81.079285 86.604124 -0.70281223 79.0689019079 87.141370481 -0.614370481349 2.08093103159 5.06733893046 0
258 1.34125590324 82.380517 85.593177 -0.66953842 80.6749499412 87.7682890368 -0.576813975387 2.76406790157 5.31271933404 0
261 1.33322501183 83.553536 84.670161 -0.64546431 80.8004524393 86.9235434769 -0.533829687952 3.55769611962 6.39619269088 0
264 1.33247995377 84.753159 83.736184 -0.60820056 82.7949633766 85.0760919412 -0.478066345571 2.37273753087 7.45614125703 0
267 1.32241296768 85.938286 82.919631 -0.58097683 84.1636157385 83.6388697153 -0.516248562556 1.91487829032 3.70865653971 0
270 1.32609701157 87.249998 82.030848 -0.55954063 84.9068773635 83.4463700362 -0.474838134286 2.73750195476 4.85309551861 0
273 1.3168129921 88.578333 81.141585 -0.52544337 84.9677559123 82.702723955 -0.421436431524 3.93362704673 5.95915861478 0
276 1.33537101746 89.874585 80.458812 -0.49549775 87.7148567693 82.1591355146 -0.395464234591 2.74873172294 5.7314982428 0
279 1.32928109169 91.229191 79.664539 -0.46697991 89.0640864726 80.9762518259 -0.410558741183 2.53145573777 3.23269484839 0
282 1.32954692841 92.640842 79.007823 -0.44436504 89.783010867 80.4341740418 -0.306387071521 3.19400627411 7.90555525966 0
285 1.32710909843 93.942666 78.269838 -0.40450827 91.2693865196 80.390544948 -0.300234319646 3.41230437386 5.97445726841 0
288 1.32780599594 95.385584 77.620959 -0.38607018 92.9960957075 79.4077175925 -0.270534071011 2.98364886806 6.61973142644 0
291 1.32354092598 96.747733 77.074345 -0.36376533 95.2392982823 79.4241410993 -0.234382927684 2.79229600973 7.41306559598 0
294 1.33436584473 98.250871 76.540386 -0.33417824 95.2238446316 78.7281758936 -0.222419499135 3.73487794361 6.40330417527 0
297 1.33529305458 99.752933 76.027378 -0.30758365 95.8852956386 78.568093785 -0.240138933051 4.62751071952 3.86429763165 0
300 1.32800006866 100.00981 75.897783 -0.33361957 97.9666924671 78.7986187323 -0.181158206631 3.54812305297 8.73539265988 0
303 1.33401012421 98.714105 76.429985 -0.36219797 96.4556905375 78.9910270708 -0.167608092732 3.4145823131 11.1491787034 0
306 1.31635403633 97.284888 77.028291 -0.39087517 93.5670084915 77.0890169396 -0.259737093777 3.71837540867 7.51365830105 0
309 1.33323097229 95.817851 77.649213 -0.42317241 92.5553328004 77.1751569543 -0.303990479854 3.29677935825 6.82862159161 0
312 1.32835102081 94.571565 78.35291 -0.46228827 92.2452044743 78.9711073962 -0.346069902321 2.407098111 6.65882196991 0
315 1.33877205849 93.13187 79.138887 -0.4938927 90.7909545409 80.7217333608 -0.346694014229 2.82582515178 8.43386344458 0
318 1.33447408676 91.836662 79.862922 -0.52529077 90.7528854987 80.9311693795 -0.379110081206 1.52175029771 8.3755365142 0
321 1.33596301079 90.529269 80.702102 -0.55721841 88.2792933207 80.9073808105 -0.369950384967 2.25932068278 10.7296674721 0
324 1.33377194405 89.308886 81.573217 -0.59808232 87.2344124398 80.9849912693 -0.382949399068 2.15625834771 12.3262084037 0
327 1.33779406548 88.100372 82.484783 -0.6409076 86.1484701633 82.1112266416 -0.453871732405 1.98732612647 10.7163658307 0
330 1.3389339447 86.96204 83.432583 -0.67310863 84.333839626 84.2813313556 -0.539150916206 2.76184919524 7.6752116336 0
333 1.3413670063 85.711036 84.448892 -0.70015711 84.4628145166 82.6738721122 -0.455259948049 2.16996600749 14.0315737945 0
336 1.3136780262 84.630521 85.38864 -0.74348817 82.3438080764 86.6881129258 -0.617557562795 2.63014940263 7.21529230439 0
339 1.32632493973 83.531548 86.470864 -0.76732045 81.6170021193 86.9674723882 -0.655890622607 1.97790440129 6.3844588215 0
342 1.32889604568 82.436303 87.632765 -0.79615086 78.0128177899 88.0946569955 -0.64595445807 4.44753478002 8.60561992864 0
345 1.32103800774 81.390428 88.717115 -0.83255466 77.7665939597 89.5718728375 -0.681911297498 3.72327599199 8.631228883 0
348 1.33128213882 80.091493 90.270385 -0.85191671 78.1551072696 89.5815368023 -0.737197448064 2.05526191427 6.57292953779 0
351 1.32679104805 79.121061 91.3195 -0.83027867 76.5516303716 89.7210876461 -0.632983324685 3.02603631954 11.3041906041 0
354 1.32978487015 78.091476 92.534394 -0.81038411 75.813766918 94.1446299394 -0.763306161013 2.78941184533 2.69736778508 0
357 1.33365082741 77.093441 93.512556 -0.78090008 75.1310072012 93.5823746285 -0.716188378177 1.96367539469 3.70770739958 0
360 1.33404803276 76.051262 94.597058 -0.76703211 73.6249804295 95.3421397144 -0.670338076832 2.53810736977 5.54016000461 0
363 1.33920192719 75.027276 95.58972 -0.75132884 72.7735908618 93.6373874304 -0.624253576785 2.98172754695 7.28087626276 0
366 1.33428907394 73.852657 96.593273 -0.72312741 70.37632512 95.5429596339 -0.551147532043 3.63153431862 9.85372116814 0
369 1.33364987373 72.811015 97.559971 -0.70587276 69.2186774574 95.7633115471 -0.477844562318 4.01657493515 13.0650533371 0
372 1.33234596252 71.630899 98.505259 -0.68120937 68.0684750312 93.6755616505 -0.453525541055 6.00140325433 13.0453224619 0
375 1.3364470005 70.538887 99.423882 -0.66641532 66.5387089262 98.8689501315 -0.502364510413 4.03848659784 9.39941901505 0
378 1.33087205887 69.331788 100.31013 -0.63648641 66.6396295742 99.8688442379 -0.548315511823 2.72808543004 5.0518203414 0
381 1.325330019 68.205766 101.18772 -0.63190253 66.053727811 102.077700086 -0.566423685727 2.32880504121 3.75166142425 0
384 1.32368302345 66.997353 102.01418 -0.604237 63.94033082 102.563693211 -0.477047467967 3.10601825147 7.28742338375 0
387 1.32611989975 65.749881 102.79371 -0.58263231 63.4557300637 104.3324207 -0.444628721557 2.76238287283 7.90702317547 0
390 1.3171479702 64.390622 103.72927 -0.540005 62.3731088051 105.285549633 -0.498556185421 2.54801212447 2.37484214119 0
393 1.32198882103 63.066948 104.49561 -0.5165186 60.9092753608 104.478131575 -0.359295427883 2.1577434308 9.00822420395 0
396 1.32291913033 62.072466 105.11862 -0.50368551 59.1884742245 105.642309386 -0.352435648684 2.93115320882 8.66597870535 0
399 1.32205414772 62.084059 105.11634 -0.50537083 59.6532533708 106.653307464 -0.390651961919 2.87594940719 6.57290697159 0
402 1.33038187027 62.06969 105.12384 -0.50501376 58.9499289518 106.34320145 -0.379706909971 3.34958972747 7.17955365074 0
405 1.33743095398 62.088061 105.11683 -0.50531554 58.8188538781 106.829123715 -0.421910422568 3.69048302696 4.77876121866 0
408 1.33363699913 62.080145 105.11527 -0.50526072 57.3628797366 105.784694789 -0.311079381126 4.76452737571 11.1257711777 0
411 1.33667802811 62.084425 105.11388 -0.50526675 56.9408791517 106.834531272 -0.251819405889 5.42371687069 14.5214631464 0
414 1.34371089935 62.090561 105.10315 -0.50372534 60.0790607618 107.895757459 -0.367720978969 3.44162601493 7.79247588247 0
