3 11.3898739815 31.520043 41.394881 -0.0070850614 91.742287923 121.694087358 0.120396855188 100.372712055 7.30417578471 0
6 11.3474400043 31.529937 41.402987 -0.0081764059 88.7131824454 18.1865796993 -3.11931001801 61.7164899166 -178.254825475 0
9 11.3489611149 31.522543 41.401068 -0.0068718684 27.7842507904 125.285042398 -2.30615978812 83.9672316411 -131.739493685 0
12 11.403470993 31.528168 41.375423 -0.0049451513 82.7170123752 110.073742938 0.838662907865 85.6723814932 48.3351813534 0
15 11.364369154 31.523843 41.397689 -0.0081913964 121.279086049 122.570675792 -0.405247184712 121.016765117 -22.7496209015 0
18 11.4470469952 31.52518 41.394772 -0.0077822512 68.5278344459 94.1015380928 1.01676018883 64.3987548638 58.7019577455 0
21 11.3679971695 31.646202 41.400982 -0.0069641742 15.8142921493 12.6689286751 -3.02174059478 32.8051864464 -172.733965075 0
24 11.4435441494 32.968315 41.348607 -0.0066445448 24.3913619229 117.552041137 1.62372045931 76.6845975302 93.4130338013 0
27 11.4520859718 34.520488 41.363888 -0.010157874 80.4318145183 24.6460950219 -1.48591192209 48.8603571899 -84.5544785551 0
30 11.4852128029 35.981317 41.339656 -0.012968194 124.810786964 45.6999575309 2.45799599847 88.9364209054 141.575819556 0
33 11.4709250927 37.47125 41.3168 -0.01805047 68.0492627501 7.1488850132 0.28948687969 45.8526038333 17.6205921799 0
36 11.5766949654 39.051821 41.275587 -0.019803098 53.8212331975 47.2694234018 0.0672190613212 15.9393102571 4.98600245322 0
39 11.4818339348 40.609584 41.247017 -0.013659721 84.0095509405 110.578342751 0.131992785812 81.7948033856 8.34527391583 0
42 11.4922599792 42.081473 41.279186 -0.014178183 84.9756729192 110.363625693 0.0923014181235 81.3177237411 6.10083174861 0
45 11.6129279137 43.552295 41.213208 -0.0092852628 43.0271159977 42.1358811163 0.0811904488033 1.06166786892 5.18387642331 0
48 11.5625679493 45.079977 41.189892 -0.010404952 70.5371390993 15.0048435886 3.05099471875 36.5201843158 175.405280537 0
51 11.5688178539 46.640834 41.096545 -0.012029947 45.0682036099 41.9586540563 0.0178889709732 1.79343200847 1.71422772746 0
54 11.6042699814 48.21014 41.103056 -0.013219293 45.8858414423 41.4865263117 0.00598070209013 2.3557192671 1.10007868534 0
57 11.480618 49.69993 40.993437 -0.019411138 48.0792139096 42.0401122895 0.0091225862658 1.92931329943 1.63486197422 0
60 11.4324371815 51.221815 41.026894 -0.026800957 49.1060102008 41.9849715997 -0.0482169294406 2.32261547299 -1.22704483502 0
63 11.4481911659 52.707826 40.957156 -0.02058299 50.4867135106 41.7765401794 -0.0252281845914 2.36743133457 -0.266150045104 0
66 11.506551981 54.31159 40.951842 -0.027308534 52.3958648807 42.0478524742 -0.0261843325732 2.2070889634 0.0644119970755 0
69 11.4491329193 55.778879 40.909196 -0.015002614 53.7631962103 42.3839916559 -0.0191794887887 2.49759871389 -0.23931729695 0
72 11.512193203 57.331901 40.836464 -0.018380323 55.3462427231 42.498234594 -0.0134421105055 2.58927022532 0.282938734272 0
75 11.4782400131 58.848313 40.76075 -0.022921269 57.0277762656 41.5471227371 -0.016234378301 1.98311272569 0.383130615117 0
78 11.4676940441 60.388876 40.75568 -0.012358794 58.4454097761 41.796822915 -0.0167511973754 2.20477652671 -0.251666175328 0
81 11.465749979 61.86858 40.735896 -0.015077049 60.2701520982 41.9269141283 -0.013117060148 1.99336297229 0.11229908911 0
84 11.4385039806 63.333062 40.668539 -0.013920495 61.7811274764 42.1195180032 -0.00966965374709 2.12458015456 0.243555263172 0
87 11.4544410706 64.876385 40.58717 -0.032109511 63.3654014326 41.6818756656 -0.00484845884547 1.86586490275 1.56194323354 0
90 11.4931180477 66.44697 40.579857 -0.020157695 64.6296791677 42.1937094577 -0.014389164225 2.43044558146 0.330512467399 0
93 11.6009819508 67.930314 40.55804 -0.02084507 66.0875807662 41.9087007388 -0.00738087475691 2.28472103383 0.771441561969 0
96 11.4292731285 69.414343 40.447992 -0.021831497 68.0068606938 41.9139008409 -0.0123038550381 2.03221435193 0.545893673131 0
99 11.466449976 70.999462 40.351868 -0.031419309 69.7372817942 41.6122701655 -0.00333372009636 1.78373554397 1.60918570932 0
102 11.4307219982 72.481812 40.325422 -0.028226015 71.4598601906 41.7553170662 -0.00321432248131 1.75755096688 1.4330644198 0
105 11.4847538471 74.028193 40.279112 -0.026102315 72.7338933044 42.3243936355 0.0103620506551 2.42041084747 2.08925425466 0
108 11.4543039799 75.500101 40.224463 -0.026983514 74.3545942001 42.117303684 -0.0136603756358 2.21247184922 0.763359598137 0
111 11.4548699856 77.104162 40.159206 -0.035689283 75.824024966 41.980640058 0.000752579048805 2.22629127777 2.08796489299 0
114 11.4180560112 78.584191 40.097894 -0.03659834 77.4256788454 42.1052438536 -0.0141406859754 2.31767207495 1.28672879337 0
117 11.4798908234 80.1084 40.071744 -0.024096447 78.5096704842 41.9861796121 -0.00852204676856 2.49419321172 0.892347401709 0
120 11.4592151642 80.881063 40.047709 -0.06972902 79.2117172836 42.4342445607 -0.054031616083 2.9124331929 0.899394993755 0
123 11.5432720184 80.819811 40.085383 -0.20196514 79.363326012 41.7491135992 -0.173422554418 2.21118701765 1.63536969024 0
126 11.4771311283 80.673305 40.189426 -0.34415967 78.8718397043 41.8256217327 -0.319007825034 2.43360097123 1.44109456355 0
129 11.4911599159 80.559381 40.228255 -0.49611957 79.1573245125 41.94922863 -0.472074370902 2.21980013275 1.37768842585 0
132 11.4582221508 80.474435 40.358509 -0.64523249 78.9067387762 42.0550183359 -0.618572555895 2.30993839244 1.5275017063 0
135 11.5743098259 80.446897 40.445937 -0.81868337 78.9107878885 42.3205815474 -0.780134545733 2.42361782911 2.20868493566 0
138 11.4995119572 80.377523 40.602704 -0.97166139 78.9998223097 42.7640574807 -0.912000031919 2.56310515989 3.41834401806 0
141 11.4393150806 80.303277 40.677658 -1.1291983 79.7604051889 42.8663573387 -1.05457659589 2.25501986656 4.27550870567 0
144 11.5011951923 80.24067 40.836497 -1.2914427 79.924432273 43.0896072346 -1.18411603953 2.27519494312 6.14936467403 0
147 11.4451220036 80.334643 40.99259 -1.4510482 79.7784644056 43.1537582314 -1.37594684093 2.23158749617 4.30299091058 0
150 11.4885520935 80.305505 41.173119 -1.6076845 79.77544061 43.0021628252 -1.50780002042 1.90430290969 5.72295911881 0
153 11.3701479435 80.260339 41.240273 -1.7630876 78.7417642743 41.8118315942 -1.62381770902 1.62257462817 7.97957696612 0
156 11.3839960098 80.351916 41.337649 -1.9138236 79.2118568786 41.551494662 -1.77381148996 1.15994170862 8.02210298608 0
159 11.4198331833 80.458888 41.424429 -2.0695544 79.0387013959 41.6993774691 -1.94142890126 1.44655682606 7.34105032588 0
162 11.4436039925 80.580246 41.530351 -2.2462491 78.8307572264 42.1166212948 -2.11112974499 1.84510808017 7.74176877276 0
165 11.3780081272 80.700832 41.575869 -2.3973477 79.0316102951 42.5171203885 -2.25521896069 1.91631293806 8.14337690998 0
168 11.4491460323 80.863789 41.557834 -2.56541 79.2500341215 42.6138937202 -2.206632211 1.92859195801 20.5564530925 0
171 11.400906086 80.910142 41.637692 -2.7112414 79.3178778893 42.3488679338 -2.42243666973 1.74386817366 16.5472921479 0
174 11.5144710541 81.000304 41.730578 -2.863125 79.6008578533 42.5368989371 -2.65344191171 1.61511701471 12.0139559943 0
177 11.4904820919 81.313486 41.614906 -3.0334876 79.2178187775 42.4684401329 -2.81481321371 2.26281718733 12.5291194221 0
180 11.4409348965 81.419836 41.643078 3.1037871 79.386623732 42.1556396449 -3.03747363396 2.09682416202 8.13167905486 0
183 11.5526490211 81.472606 41.653948 2.9566422 79.0228019876 42.0271566436 3.09825926805 2.47806868162 8.11406030636 0
186 11.4643421173 81.600227 41.551467 2.7956666 79.0619887547 43.0127076624 2.98043883528 2.92880140387 10.5866692529 0
189 11.5732831955 81.705618 41.391179 2.6371497 78.7573993611 42.8851005744 2.80050096011 3.30511645982 9.3593377823 0
192 11.5031580925 81.817002 41.340993 2.4823985 79.480760255 43.2385182584 2.66467141174 3.0097554049 10.4434685622 0
195 11.4781999588 81.903012 41.262396 2.332631 79.0084789478 44.0282126011 2.60939700766 4.00350634581 15.8575241515 0
198 11.49852705 81.909487 41.089487 2.1583794 79.5961241653 43.4065443061 2.34210898455 3.27420252348 10.5269297666 0
201 11.484539032 81.924053 40.998223 1.9975831 79.6868052848 43.582512255 2.21095443419 3.41816153695 12.225276918 0
204 11.5129630566 81.960862 40.844259 1.8446809 80.4642087612 43.3802617101 2.02985194724 2.94470383274 10.6095194951 0
207 11.5156738758 81.927588 40.703608 1.6857979 80.3403017255 43.7380052139 1.85140348198 3.42447721103 9.48850091149 0
210 11.5783140659 81.924928 40.686406 1.5459903 80.1071608767 43.4593360103 1.76201630297 3.31563239166 12.3773782354 0
213 11.489071846 81.81851 40.588718 1.3660151 81.1067452245 43.4272143976 1.64812974123 2.92637504342 16.1639782816 0
216 11.4480929375 81.824065 40.431016 1.2110526 80.345172579 43.468682922 1.42604755199 3.37854156728 12.3183033656 0
219 11.5238580704 82.277545 41.390368 1.1504821 81.3727616896 45.6945800384 1.39464833269 4.398280813 13.9896946326 0
222 11.4026610851 82.927041 42.739254 1.1137092 82.0962259125 48.1298187322 1.37094131768 5.45421321928 14.7383146983 0
225 11.3802120686 83.677797 44.09726 1.084748 81.4141660564 46.2236994278 1.19693160484 3.10576394615 6.42764708766 0
228 11.3346250057 84.372874 45.412874 1.0478677 81.7704629953 46.8827766929 1.18263898436 2.98883873165 7.72182579367 0
231 11.4818019867 85.159381 46.677356 1.0274995 82.6699064773 48.1856460615 1.13264581305 2.91074256998 6.0244399693 0
234 11.4671840668 85.928298 47.908079 0.99952116 83.3776285454 49.7643681474 1.06184344991 3.15463533003 3.57080418144 0
237 11.3820478916 86.76373 49.194484 0.95689161 84.6374177681 51.0756215736 1.0200943053 2.83899318042 3.62124769427 0
240 11.3966128826 87.649962 50.387631 0.93226665 85.7670525128 51.9049995645 0.993731590661 2.41821328622 3.5216816879 0
243 11.4238779545 88.570925 51.559268 0.90792052 86.2572182001 52.7953625768 0.939478215479 2.62319823089 1.8081227621 0
246 11.5007879734 89.47196 52.652014 0.8832857 87.1240027852 54.0883606354 0.915292252278 2.75245249542 1.8338403623 0
249 11.489563942 90.492516 53.754021 0.83763364 88.3818388809 56.148464898 0.89957969163 3.19191470465 3.5492473159 0
252 11.5798280239 91.498687 54.898001 0.81217592 89.1629879182 57.1218859271 0.891723107329 3.22508207179 4.55771810612 0
255 11.4159719944 92.568948 55.94073 0.78340538 90.1101200148 59.1354509133 0.851528944537 4.03138645814 3.90319273333 0
258 11.4576981068 93.547241 56.960456 0.75288469 90.894413084 59.8182819039 0.827921882546 3.89931594634 4.29931443942 0
261 11.4553899765 94.620679 57.928363 0.72990952 91.3191381321 60.1616869437 0.813660745567 3.98596386582 4.79859175404 0
264 11.4634242058 95.770396 58.899507 0.6896339 92.767013744 61.6407501324 0.776515553372 4.06629055614 4.97795205535 0
267 11.4042379856 96.962501 59.840194 0.66858365 93.8910512335 62.5293733354 0.723659031778 4.08233868828 3.15558693096 0
270 11.4726979733 98.232224 60.772339 0.64204005 95.680587239 63.0058366587 0.681714267567 3.39107091515 2.2731652221 0
273 11.4944009781 99.416545 61.686454 0.60185601 97.3713145939 64.0388925575 0.624473839987 3.117199798 1.29590619998 0
276 11.5410900116 100.66015 62.48684 0.57932353 98.4823548737 64.7647472729 0.597517791918 3.15145254705 1.04245441926 0
279 11.4968650341 101.84252 63.245661 0.55317695 100.255060521 65.550948389 0.56668845969 2.7989958099 0.774152480095 0
282 11.6094739437 103.2489 64.041483 0.52149049 100.686490462 65.9136557285 0.527559533856 3.17347969334 0.347730598643 0
285 11.5964570045 104.5021 64.838724 0.48902664 101.669121808 66.6922459959 0.522450705885 3.38545554218 1.91505790939 0
288 11.5551509857 105.89753 65.50297 0.45749312 103.152089172 67.8821840489 0.496652967009 3.6329196014 2.24369395999 0
291 11.3318161964 107.23441 66.106065 0.425495 104.746256501 68.4911654775 0.478524167503 3.44668132046 3.038347489 0
294 11.4235138893 108.62185 66.694881 0.38650919 105.923604578 69.0724872956 0.437501571344 3.59632312988 2.92164823832 0
297 11.419533968 110.08086 67.251857 0.35533208 106.438746987 69.541572041 0.418041508028 4.30206719707 3.59298556169 0
300 11.3017148972 111.50781 67.766864 0.33459052 108.522911198 69.9908440736 0.352582421065 3.72232564723 1.03085999646 0
303 11.4716219902 112.87691 68.182524 0.30685182 109.424452948 70.1473150564 0.323759246785 3.9723876438 0.968724197191 0
306 11.3997769356 114.36462 68.651393 0.28808498 111.376441853 71.1424906113 0.321551104684 3.89034393725 1.91746770103 0
309 11.4162409306 115.83449 69.001579 0.25083859 112.763997051 71.501413783 0.258610154315 3.95943188994 0.445277835483 0
312 11.4401991367 117.19736 69.329841 0.23044123 114.488494084 72.0708986534 0.271334652986 3.85374514088 2.34302054694 0
315 11.5031437874 117.78731 69.484411 0.20147117 115.84522 72.346089507 0.273703168207 3.45845593384 4.13858864305 0
318 11.4192759991 116.42938 69.228806 0.13415298 114.584688502 72.0317598552 0.222270909955 3.35550846179 5.04878548585 0
321 11.3656859398 114.80773 69.128985 0.0979988 112.781871807 71.7078800165 0.191401505209 3.27945131444 5.35158080357 0
324 11.4115531445 113.35769 69.056433 0.067460522 111.678730845 71.2129632112 0.148495632513 2.73304343133 4.64296982476 0
327 11.3608360291 111.81488 68.96352 0.032275621 110.700533993 70.7606171264 0.145003403434 2.11455080451 6.45882616736 0
330 11.4431228638 110.29576 68.94659 -0.0039959963 108.856094012 71.2623425534 0.0828942225848 2.72678346159 4.97844282307 0
333 11.4815020561 108.74459 69.016615 -0.039899491 107.542743461 71.5037595502 0.045640782594 2.76230395068 4.90109665533 0
336 11.3728101254 107.27384 69.125159 -0.081381225 105.944338816 71.641870255 -0.00340716840689 2.8462974089 4.4675843543 0
339 11.4195449352 105.77123 69.311189 -0.11875782 104.385936968 71.6370382054 -0.0348617442841 2.7071408 4.80689105623 0
342 11.5786421299 104.23308 69.487176 -0.13593074 103.193318362 71.8773191538 -0.0611784000975 2.60650888325 4.28299358514 0
345 11.4903230667 102.67844 69.809947 -0.17996689 101.942669455 72.3337724614 -0.101765601737 2.62888821632 4.48060376993 0
348 11.5658371449 101.19539 70.111952 -0.20894349 99.7811136906 72.6627637974 -0.120538606008 2.91664504264 5.0652267411 0
351 11.4122109413 99.695937 70.47501 -0.24032587 98.3010168502 72.906065279 -0.168883548369 2.80282571596 4.09334350805 0
354 11.4830789566 98.200311 70.897104 -0.28344925 96.9663920618 73.3985169873 -0.189551083406 2.78919753312 5.37996864986 0
357 11.4640481472 96.614615 71.415819 -0.3144709 95.6513069813 74.3135153307 -0.26528181996 3.0536218436 2.81832668442 0
360 11.5031068325 95.216051 71.909445 -0.34657274 93.6564231441 73.9739022845 -0.261306834301 2.58735829148 4.88537653289 0
363 11.4556210041 93.790761 72.497598 -0.38120404 91.9438023556 74.6294096047 -0.306627649332 2.82061641351 4.27291243658 0
366 11.5371580124 92.417114 73.016357 -0.35870282 90.5284001019 74.7106558088 -0.261855882821 2.5372994783 5.54892075911 0
369 11.5299100876 91.055309 73.519772 -0.33819517 89.7468562187 74.8362114859 -0.242096419678 1.85608771374 5.50605280993 0
372 11.5149810314 89.614615 74.074076 -0.31837694 88.1536966477 75.9161619223 -0.231753449754 2.3510769824 4.96316039781 0
375 11.5566039085 88.314109 74.556366 -0.29979055 86.8278801069 75.5663764118 -0.17425972311 1.79694111054 7.1923865796 0
378 11.5657978058 86.88131 74.994533 -0.2764152 84.7354090069 75.8636157007 -0.136720335605 2.31520966931 8.00392614948 0
381 11.600522995 85.443672 75.387112 -0.25727157 83.6525349657 75.8608570892 -0.108467012978 1.85272941498 8.5258730897 0
384 11.5508320332 84.055287 75.832526 -0.23267107 81.7933751088 75.7274977636 -0.0660055783967 2.26434898676 9.54922925934 0
387 11.453127861 82.664555 76.128737 -0.22389476 80.7343111954 75.9212452586 -0.0443878111893 1.94136394525 10.2849905601 0
390 11.357475996 81.173968 76.455415 -0.20673661 78.916689464 76.7652082652 -0.0238926539515 2.27843767884 10.4761869911 0
393 11.3958649635 79.819657 76.754609 -0.1833313 77.2569435333 77.5970877127 -0.0269493473066 2.69764169116 8.96002588135 0
396 11.3905439377 78.325485 77.027059 -0.15611548 75.4704108388 77.6354960655 0.0154044225901 2.91918552489 9.82736652091 0
399 11.4076399803 76.892215 77.264525 -0.13798763 74.3255550693 78.0317482988 0.0165899231921 2.67887565784 8.85664140537 0
402 11.4480609894 75.420868 77.548324 -0.12557438 73.2577039129 77.6615978745 0.0590419926125 2.16612784441 10.5777389797 0
405 11.4639070034 73.926916 77.691819 -0.097717287 71.1548527933 77.6428872743 0.0949199984407 2.77249503797 11.0373034326 0
408 11.6832909584 72.448195 77.857208 -0.08052134 70.1784202961 77.1007432418 0.129635736189 2.39251251554 12.0411135005 0
411 11.4923119545 71.010734 77.97039 -0.05919809 69.2339736912 77.6529372185 0.136494448819 1.8048970783 11.2123565565 0
414 11.5068581104 70.665666 77.98114 -0.052809071 69.2965480796 78.5613232478 0.126595360911 1.48697561548 10.2791167744 0
417 11.5003619194 70.65903 77.973391 -0.052747867 69.5804420216 79.5426760505 0.0924371000504 1.90420786597 8.31848586074 0
420 11.5321779251 70.662549 77.975477 -0.051931253 69.6616687058 79.4540478553 0.120826155303 1.78547840575 9.8982703754 0
423 11.5081629753 70.657477 77.975804 -0.053730261 69.4807943958 79.5635087082 0.105545256846 1.97620550333 9.12581495233 0
426 11.4480199814 70.657208 77.964864 -0.053397677 69.9293737366 79.9993046059 0.102113698592 2.16071545882 8.91014548769 0
