3 1.34480595589 31.520043 41.394881 -0.0070850614 26.451793488 126.513207017 -0.874602535922 85.2690833598 -49.705089944 0
6 1.3501560688 31.529937 41.402987 -0.0081764059 100.007597058 4.30420541713 1.52815999703 77.8813810993 88.0255918003 0
9 1.35731196404 31.522543 41.401068 -0.0068718684 10.7463215373 136.677689428 -1.00551838999 97.5155678293 -57.2182309123 0
12 1.34820604324 31.528168 41.375423 -0.0049451513 50.2586393368 55.5524138931 -2.09704773754 23.4907987791 -119.8686485 0
15 1.35517406464 31.523843 41.397689 -0.0081913964 7.56827955622 87.727110814 0.723373873816 52.1563452087 41.9156024217 0
18 1.37882590294 31.52518 41.394772 -0.0077822512 5.15804436416 137.981332491 1.6909630199 100.120874493 97.3309345019 0
21 1.35630512238 31.646202 41.400982 -0.0069641742 88.6907790405 6.13676393242 1.18140240725 67.0645125655 68.0883896312 0
24 1.35848593712 32.968315 41.348607 -0.0066445448 8.7743391662 138.086692647 -0.108100966946 99.7176297416 -5.81302479344 0
27 1.35698103905 34.520488 41.363888 -0.010157874 97.4381746539 33.9989142889 -1.57311285195 63.3472819594 -89.5507238056 0
30 1.35743808746 35.981317 41.339656 -0.012968194 31.4521232275 58.6300726403 -2.83470217464 17.873782583 -161.673447999 0
33 1.3637919426 37.47125 41.3168 -0.01805047 29.6296202744 9.14444067103 -1.60903072506 33.1142244594 -91.1564539035 0
36 1.35528707504 39.051821 41.275587 -0.019803098 70.3904481822 9.15407934063 1.70168174093 44.8765061917 98.6338157663 0
39 1.3652639389 40.609584 41.247017 -0.013659721 58.8178559093 16.5794428469 1.63354100286 30.6599148811 94.3776494878 0
42 1.36738181114 42.081473 41.279186 -0.014178183 126.629796614 90.1587605061 2.5480886344 97.6607998629 146.807074623 0
45 1.37253594398 43.552295 41.213208 -0.0092852628 89.7985723628 34.7242965361 -0.295490639733 46.6992948758 -16.3983601722 0
48 1.37372994423 45.079977 41.189892 -0.010404952 128.724914389 95.9291019696 0.0548810697079 99.9642769135 3.74061350506 0
51 1.35073590279 46.640834 41.096545 -0.012029947 108.939287342 73.5701776953 0.900280510152 70.2540682751 52.2715388004 0
54 1.35307097435 48.21014 41.103056 -0.013219293 70.0289639482 102.315271769 1.48157892266 64.9845861559 85.6456289812 0
57 1.36424207687 49.69993 40.993437 -0.019411138 76.3567320662 6.57040559301 -0.0456644320163 43.5376869809 -1.50420294545 0
60 1.36423993111 51.221815 41.026894 -0.026800957 120.764308152 136.771528682 2.8111740103 118.335089572 162.60398799 0
63 1.36241889 52.707826 40.957156 -0.02058299 32.7088491745 78.0711140559 -1.10122622036 42.159280789 -61.9162962588 0
66 1.36311006546 54.31159 40.951842 -0.027308534 95.2545521482 72.2655328988 -2.16517608153 51.5448677094 -122.490787631 0
69 1.3490281105 55.778879 40.909196 -0.015002614 70.4761210825 107.88675048 1.29163539645 68.5711435583 74.8648433501 0
72 1.3586730957 57.331901 40.836464 -0.018380323 112.067128807 43.0663746716 -1.47096788618 54.7806322046 -83.2271367433 0
75 1.35501909256 58.848313 40.76075 -0.022921269 26.2604638081 94.7113911636 -3.00251576522 63.0288790708 -170.718189294 0
78 1.36827898026 60.388876 40.75568 -0.012358794 14.5584511798 23.3646177973 -1.93058287171 49.0191481335 -109.906143813 0
81 1.35176897049 61.86858 40.735896 -0.015077049 71.7012660682 97.1354061923 -1.91541561458 57.2502093031 -108.881379454 0
84 1.3443479538 63.333062 40.668539 -0.013920495 33.9974657246 82.9292619698 -1.76549319419 51.4445907241 -100.357723174 0
87 1.3562040329 64.876385 40.58717 -0.032109511 102.36457658 40.9402839693 -1.27430602409 37.4898545932 -71.1726175262 0
90 1.35365700722 66.44697 40.579857 -0.020157695 69.6097368435 93.3736251387 -2.06674710975 52.8884207402 -117.260935862 0
93 1.36382102966 67.930314 40.55804 -0.02084507 50.7563178216 106.811274258 -0.276490443246 68.442948464 -14.647400939 0
96 1.36225295067 69.414343 40.447992 -0.021831497 30.001904105 84.8350704092 -1.92212862805 59.3595238303 -108.87900543 0
99 1.38240981102 70.999462 40.351868 -0.031419309 67.2134595586 87.933008816 -1.87328649923 47.7315281113 -105.531216424 0
102 1.38432693481 72.481812 40.325422 -0.028226015 67.4024541858 87.2848995663 -1.95366935719 47.2333823594 -110.319777199 0
105 1.43264317513 74.028193 40.279112 -0.026102315 73.6858946661 43.3946364868 0.0360500150174 3.13427200112 3.5610661969 0
108 1.35173892975 75.500101 40.224463 -0.026983514 74.3670891629 43.8427491724 0.08409594045 3.79153143837 6.3643839306 0
111 1.36448788643 77.104162 40.159206 -0.035689283 64.1800910685 82.8901938625 -1.92014071447 44.6426806224 -107.971113721 0
114 1.35263991356 78.584191 40.097894 -0.03659834 77.7359739194 40.7344604806 0.241305987756 1.06051360198 15.9227450888 0
117 1.35521793365 80.1084 40.071744 -0.024096447 79.3142608436 41.3590498212 0.164943762476 1.51255190887 10.8312061612 0
120 1.36356282234 80.881063 40.047709 -0.06972902 79.9937142792 41.3696989178 0.190134341557 1.59218249434 14.8890738673 0
123 1.35592794418 80.819811 40.085383 -0.20196514 81.4904684344 42.6235163368 0.0474930998506 2.62524327056 14.2929043082 0
126 1.34686207771 80.673305 40.189426 -0.34415967 79.731932158 44.225680943 0.171097407955 4.14457920576 29.5220559311 0
129 1.36084198952 80.559381 40.228255 -0.49611957 76.7800180237 38.0742820029 -0.192463600915 4.35007864053 17.3982054525 0
132 1.3721871376 80.474435 40.358509 -0.64523249 77.9737597555 42.1398977173 -0.596460386368 3.0702968001 2.7944356961 0
135 1.36172103882 80.446897 40.445937 -0.81868337 80.019773196 42.8582421025 -0.476824392017 2.44982665748 19.5870766271 0
138 1.35684919357 80.377523 40.602704 -0.97166139 81.2868703304 42.0847028509 -0.941225153165 1.73874470856 1.74386791493 0
141 1.36326599121 80.303277 40.677658 -1.1291983 79.3378889388 44.423138694 -0.767417483387 3.86789344962 20.7285139007 0
144 1.3607878685 80.24067 40.836497 -1.2914427 79.9268690254 45.0076218036 -0.917101268939 4.18291204529 21.4481840967 0
147 1.34940099716 80.334643 40.99259 -1.4510482 78.8731253426 45.4633743821 -1.26939468535 4.70360998107 10.407979723 0
150 1.34899997711 80.305505 41.173119 -1.6076845 79.2211955478 43.9456232601 -1.1250638859 2.97699628154 27.6521242937 0
153 1.34522604942 80.260339 41.240273 -1.7630876 77.4355087912 41.5463832784 -1.50250104695 2.84136748962 14.9305096877 0
156 1.35120797157 80.351916 41.337649 -1.9138236 77.7121714726 41.4847063948 -1.46152796709 2.64383756072 25.9146308581 0
159 1.36745810509 80.458888 41.424429 -2.0695544 77.4904491555 39.8726509651 -2.10385369876 3.34957374054 -1.96520505942 0
162 1.35615992546 80.580246 41.530351 -2.2462491 79.1598264072 42.5100020368 -1.80530846778 1.72548774943 25.264037242 0
165 1.3525660038 80.700832 41.575869 -2.3973477 79.392320348 43.7451272061 -1.79660438016 2.53335428007 34.4200567974 0
168 1.36354398727 80.863789 41.557834 -2.56541 78.1629480686 54.571652592 -1.89399562761 13.2911254633 38.4692098422 0
171 1.36101412773 80.910142 41.637692 -2.7112414 89.2384972072 49.326612136 1.51089706875 11.3349456688 -118.089285221 0
174 1.37147021294 81.000304 41.730578 -2.863125 78.9870213102 47.8561814641 -1.95419679687 6.4479706101 52.0777499198 0
177 1.37235784531 81.313486 41.614906 -3.0334876 78.7281214001 45.7204938138 -2.30716381014 4.85179981155 41.6152877191 0
180 1.40687298775 81.419836 41.643078 3.1037871 78.4497763417 44.7207024927 -2.44603114011 4.27703482476 42.018837777 0
183 1.35975790024 81.472606 41.653948 2.9566422 82.485582291 52.2856083107 2.39260743548 10.6798090773 -32.3168115054 0
186 1.36315488815 81.600227 41.551467 2.7956666 76.6120217699 39.8902229058 -1.8285330858 5.25755868803 95.052874378 0
189 1.35773396492 81.705618 41.391179 2.6371497 77.4303611305 42.6825431004 -3.02687931403 4.46603208009 35.4750424564 0
192 1.37363600731 81.817002 41.340993 2.4823985 77.4998718342 44.2614645749 3.10500227301 5.21217489045 35.6725685024 0
195 1.3625497818 81.903012 41.262396 2.332631 80.4439601778 43.7200284551 2.29603795886 2.85810942829 -2.09662681666 0
198 1.37472486496 81.909487 41.089487 2.1583794 76.2430058951 46.1799401673 -2.62905572548 7.61719906271 85.7001726174 0
201 1.36963582039 81.924053 40.998223 1.9975831 80.0187836197 44.3127641554 2.27988817728 3.8231184238 16.1748894633 0
204 1.35404801369 81.960862 40.844259 1.8446809 79.9934473326 43.3216982304 2.08744565711 3.16360958616 13.9093959972 0
207 1.38588500023 81.927588 40.703608 1.6857979 81.3374777597 43.6759407121 1.72562843181 3.03034516965 2.28212136871 0
210 1.37082719803 81.924928 40.686406 1.5459903 79.0416877318 46.3981596079 2.08559787456 6.39821879288 30.9172366157 0
213 1.36406803131 81.81851 40.588718 1.3660151 81.4106501075 45.2509634324 1.85234881574 4.68005151293 27.8648693469 0
216 1.37897610664 81.824065 40.431016 1.2110526 80.4226075056 49.137257387 1.9365859641 8.81831742442 41.5699996589 0
219 1.3510119915 82.277545 41.390368 1.1504821 81.651058264 47.0646152212 1.55999881127 5.70872728002 23.4635791959 0
222 1.37950396538 82.927041 42.739254 1.1137092 81.4343061451 47.8353420872 1.45508185622 5.31021385066 19.5592124427 0
225 1.37592601776 83.677797 44.09726 1.084748 80.8798070208 46.4567565696 1.36546722961 3.66005081734 16.0840270847 0
228 1.36091303825 84.372874 45.412874 1.0478677 82.04068636 53.3670002397 1.54331262162 8.28898204997 28.38690299 0
231 1.36235189438 85.159381 46.677356 1.0274995 78.0792446581 56.4109856534 1.75260856561 12.0362733788 41.5456891461 0
234 1.3382999897 85.928298 47.908079 0.99952116 79.338356789 59.0482827037 1.62230238532 12.9433945981 35.682735771 0
237 1.43521404266 86.76373 49.194484 0.95689161 80.6255688398 54.2579460886 1.50932781314 7.95711447393 31.6522628902 0
240 1.35747098923 87.649962 50.387631 0.93226665 80.9622502617 55.4274980236 1.48857516106 8.37411176842 31.874129791 0
243 1.34977793694 88.570925 51.559268 0.90792052 80.7846355721 57.5549681448 1.45485328466 9.82724393114 31.3369390923 0
246 1.37517118454 89.47196 52.652014 0.8832857 80.7454435216 57.2937352608 1.44056235132 9.88421297378 31.9296001419 0
249 1.35298395157 90.492516 53.754021 0.83763364 80.5088174979 56.9234588671 1.39096369946 10.4747110783 31.7034770847 0
252 1.40873289108 91.498687 54.898001 0.81217592 80.7512863523 61.3749270016 1.20576929983 12.5481947352 22.5512395083 0
255 1.35839915276 92.568948 55.94073 0.78340538 81.7116256996 60.2826767622 1.22272358322 11.6933292616 25.1710789078 0
258 1.34103417397 93.547241 56.960456 0.75288469 82.2263976112 59.0600564726 1.40513716494 11.5138966983 37.3713139912 0
261 1.34551620483 94.620679 57.928363 0.72990952 81.6604731481 60.3353030782 1.26038567192 13.1818168802 30.3940446376 0
264 1.36801791191 95.770396 58.899507 0.6896339 83.2563692123 62.7193034052 1.25184109875 13.0840250314 32.2120997002 0
267 1.36326098442 96.962501 59.840194 0.66858365 84.0489023383 64.4969861352 1.28820143197 13.7275905893 35.5014838183 0
270 1.36676502228 98.232224 60.772339 0.64204005 84.9810504254 64.8828997482 1.06269661828 13.8740877455 24.1018459867 0
273 1.37843513489 99.416545 61.686454 0.60185601 82.8480659868 69.1344059232 1.39409424248 18.1655301233 45.3919070901 0
276 1.36444807053 100.66015 62.48684 0.57932353 81.9659459027 69.6764962501 1.43402272032 20.0290894407 48.9706563586 0
279 1.36493396759 101.84252 63.245661 0.55317695 100.056698871 65.0121184775 0.562982129982 2.51187760939 0.561795430343 0
282 1.3613319397 103.2489 64.041483 0.52149049 100.192681756 65.3255359766 0.503493048909 3.31500558093 -1.03117741657 0
285 1.36191296577 104.5021 64.838724 0.48902664 103.215597185 64.654736594 0.503950227043 1.29959257371 0.855058552768 0
288 1.35759091377 105.89753 65.50297 0.45749312 103.760865312 67.7053803806 0.558308611409 3.06854158737 5.7763021673 0
291 1.36614394188 107.23441 66.106065 0.425495 104.677096868 69.781908426 0.482441572769 4.47790970769 3.26279827738 0
294 1.36069703102 108.62185 66.694881 0.38650919 105.337802427 68.6480551483 0.59709804279 3.82097601568 12.0658524774 0
297 1.3606569767 110.08086 67.251857 0.35533208 105.511125043 70.0976097555 0.488780434615 5.38338056616 7.64602750239 0
300 1.35468792915 111.50781 67.766864 0.33459052 108.300562915 72.7229807732 0.513094944126 5.90334882374 10.2275501268 0
303 1.33974194527 112.87691 68.182524 0.30685182 108.991841182 75.9945402189 0.479697244445 8.72475541933 9.90331332885 0
306 1.35003805161 114.36462 68.651393 0.28808498 114.579753501 67.4501135367 0.193284056907 1.22039123735 -5.4316927872 0
309 1.36871409416 115.83449 69.001579 0.25083859 110.047735056 71.2903323881 0.286823477593 6.22293538856 2.06178218532 0
312 1.3765900135 117.19736 69.329841 0.23044123 117.570400228 64.2233509559 0.0191249814689 5.12009761453 -12.1075291834 0
315 1.35834789276 117.78731 69.484411 0.20147117 115.516370681 73.6495978818 0.201339454703 4.74404333353 -0.0075467306332 0
318 1.36912298203 116.42938 69.228806 0.13415298 111.637790204 76.9633170305 0.344922324632 9.0984610594 12.0761938982 0
321 1.36161899567 114.80773 69.128985 0.0979988 108.709147907 78.1227266843 0.29885117105 10.8664664463 11.5079931663 0
324 1.36177802086 113.35769 69.056433 0.067460522 108.391432889 72.4217160965 0.239296813031 5.99906992904 9.84549424328 0
327 1.386054039 111.81488 68.96352 0.032275621 112.29047305 69.5991972292 0.293385319958 0.793898160024 14.9604837402 0
330 1.35657596588 110.29576 68.94659 -0.0039959963 109.137982024 72.0390940035 0.000806834869996 3.30212520242 0.275181955755 0
333 1.3839969635 108.74459 69.016615 -0.039899491 107.101135681 72.6344798237 0.0578429900675 3.97364920206 5.6002316443 0
336 1.36004114151 107.27384 69.125159 -0.081381225 106.31889741 71.920856652 -0.0204523152745 2.9542919136 3.4909693776 0
339 1.37646484375 105.77123 69.311189 -0.11875782 104.207471134 72.0080102099 0.0337252719225 3.11740058832 8.73663761426 0
342 1.35224509239 104.23308 69.487176 -0.13593074 102.684587667 71.8184050991 0.132079963338 2.7986528222 15.3558821656 0
345 1.35754299164 102.67844 69.809947 -0.17996689 101.460125075 73.8639326999 -0.0393193885806 4.23309476769 8.05850823039 0
348 1.35873699188 101.19539 70.111952 -0.20894349 97.9927739303 72.4865673958 -0.0273421656812 3.98692211711 10.4049894375 0
351 1.35039496422 99.695937 70.47501 -0.24032587 97.8606979842 71.9252675233 -0.0710778893695 2.3390915179 9.69719498124 0
354 1.37034678459 98.200311 70.897104 -0.28344925 96.7111556183 72.3231852255 -0.0787205276645 2.0618660026 11.7300917349 0
357 1.34679102898 96.614615 71.415819 -0.3144709 95.7661949987 74.1899919404 -0.209223762012 2.90100879042 6.03021681252 0
360 1.3442709446 95.216051 71.909445 -0.34657274 93.7672511057 73.3423322975 -0.169252712403 2.03769162072 10.1596892044 0
363 1.36298203468 93.790761 72.497598 -0.38120404 91.4794567082 74.2544195019 -0.26741588725 2.90319639689 6.51958091115 0
366 1.35826706886 92.417114 73.016357 -0.35870282 90.7650963887 74.2305770851 -0.20343977259 2.05024208402 8.89591733094 0
369 1.35131311417 91.055309 73.519772 -0.33819517 90.937218622 74.353174585 -0.182908575203 0.841727512944 8.89726649685 0
372 1.36476778984 89.614615 74.074076 -0.31837694 88.3321526215 75.8901573541 -0.195878594686 2.22325464957 7.01863818385 0
375 1.35572099686 88.314109 74.556366 -0.29979055 87.6891034221 76.1992997043 -0.182584408103 1.75780065114 6.71541726372 0
378 1.35986995697 86.88131 74.994533 -0.2764152 83.917880965 75.9229496663 -0.113473238068 3.10545796167 9.33588672426 0
381 1.35742402077 85.443672 75.387112 -0.25727157 83.6825526994 75.8321138477 -0.125589222552 1.81647125913 7.54484274514 0
384 1.3769929409 84.055287 75.832526 -0.23267107 81.9272051868 75.276549873 -0.0297405224734 2.1995094129 11.6270639076 0
387 1.36352992058 82.664555 76.128737 -0.22389476 80.4821386188 75.2886829189 -0.0447515908109 2.33851066281 10.2641475231 0
390 1.38965582848 81.173968 76.455415 -0.20673661 78.1808845587 76.9170857219 -0.0654221738463 3.02847954298 8.09672077588 0
393 1.35747098923 79.819657 76.754609 -0.1833313 77.3522968897 77.1520832774 -0.0382731235129 2.49917020534 8.31122129658 0
396 1.36327695847 78.325485 77.027059 -0.15611548 76.672319086 77.2980064238 0.0653032047962 1.67522238698 12.6863561442 0
399 1.37531304359 76.892215 77.264525 -0.13798763 73.2774736744 78.0459892793 0.0121693778118 3.69824840579 8.60336281193 0
402 1.34044194221 75.420868 77.548324 -0.12557438 72.1614215674 77.0212958759 0.133577064718 3.30177977625 14.8482840371 0
405 1.34101295471 73.926916 77.691819 -0.097717287 72.5273973695 78.2233744824 0.0411915535713 1.49706500462 7.95889030179 0
408 1.35135698318 72.448195 77.857208 -0.08052134 70.552673223 76.4394549078 0.172414017719 2.3670713208 14.4921284869 0
411 1.34648108482 71.010734 77.97039 -0.05919809 70.5293106872 78.7915924071 0.101651827316 0.951914806914 9.21602139726 0
414 1.35378789902 70.665666 77.98114 -0.052809071 70.8645326526 81.5819366784 -0.0219891317466 3.6062840521 1.76585244407 0
417 1.35941386223 70.65903 77.973391 -0.052747867 70.921807824 79.536950063 0.149184248618 1.58548703189 11.5698579731 0
420 1.35613083839 70.662549 77.975477 -0.051931253 70.9095462817 80.0752957648 0.128661016402 2.11429574617 10.3471748494 0
423 1.38289904594 70.657477 77.975804 -0.053730261 70.2341913447 79.5282561504 0.173080832635 1.60912349594 12.995318412 0
426 1.35193300247 70.657208 77.964864 -0.053397677 72.56576243 79.4814317088 0.198865106883 2.43773616855 14.4535928447 0
