3 10.7901558876 58.425211 99.52669 -0.076600623 71.8918912185 66.1184865398 3.05229815971 36.020265609 179.272694773 0
6 10.9460887909 58.436309 99.5178 -0.082073852 63.6611878955 98.1757056939 1.49537278492 5.39449502721 90.3810347025 0
9 10.8752701283 59.138497 99.506199 -0.079127672 133.501593562 8.91061140501 2.12795671243 117.206785734 126.456620257 0
12 10.8263931274 60.588187 99.398001 -0.084356487 69.5057322703 107.230114037 -1.00568343329 11.8686396979 -52.7881455741 0
15 10.8503038883 62.026729 99.268445 -0.080345137 38.76887255 95.2132822863 -1.65563208326 23.6087320982 -90.2572935428 0
18 10.9433000088 63.612811 99.142137 -0.077882356 103.189655733 91.0237480327 0.503905725158 40.4009267031 33.3340016214 0
21 10.8930280209 65.109709 99.045111 -0.075303117 108.455648082 29.9083966337 -1.83161083407 81.6011991842 -100.629019715 0
24 10.9395401478 66.576646 98.887554 -0.079079542 75.4424963389 32.5062507537 0.344984775544 66.9707452767 24.2970956374 0
27 10.935074091 68.114632 98.811042 -0.080004433 12.45470855 11.1395408266 1.20563717263 103.847576748 73.6618379692 0
30 10.9132170677 69.601579 98.673025 -0.074381156 35.6173660496 74.2129832638 -1.45342376953 41.8714744378 -79.0133215238 0
33 10.9568011761 71.154315 98.514904 -0.080273853 68.8778198408 99.6797070405 -0.151487909603 2.55718523642 -4.08026488533 0
36 10.9501569271 72.642873 98.438251 -0.077397051 37.5366900866 69.8317491255 1.55595556252 45.2854946782 93.5842112113 0
39 10.9787049294 74.179887 98.27586 -0.078945335 71.4613368959 98.6656747105 0.0901073597676 2.74635579944 9.6860059255 0
42 10.9793181419 75.689674 98.17429 -0.079512997 73.0524908586 99.315945662 -0.000160868822973 2.87369319379 4.54654203992 0
45 10.9794499874 77.259307 98.055637 -0.072379503 75.2424899696 98.9241898637 0.0468561524605 2.19589048251 6.83169982536 0
48 10.8714690208 78.667542 97.976243 -0.066300397 76.572934676 98.6116565353 0.0470344235277 2.18886504901 6.49360688811 0
51 10.949488163 80.25432 97.827625 -0.077582567 77.6315173973 98.4119907206 0.0575887499368 2.68711309552 7.7447459717 0
54 10.8726818562 81.813353 97.68277 -0.074716444 78.6996894824 99.0903255662 0.00343529922491 3.41703280243 4.47776504838 0
57 10.9688138962 82.622729 97.654646 -0.085105116 80.4707518736 98.8018638406 0.0298585523965 2.43867060637 6.58693299646 0
60 10.9083781242 81.436592 97.754867 -0.094486992 79.057459862 98.9722031134 0.00594660541609 2.67248516237 5.75442125326 0
63 10.9148089886 79.890684 97.897701 -0.093381766 77.2992767694 98.6776653335 0.0296926714683 2.70624015869 7.05164583288 0
66 10.8682157993 78.411812 98.037468 -0.097953665 76.0393654773 99.061471057 0.00168757005818 2.58400556573 5.7090222343 0
69 11.0777828693 76.931086 98.162597 -0.096433306 74.7361418193 98.519225188 0.0409585694361 2.22372741609 7.87197460188 0
72 12.1252551079 75.443161 98.337547 -0.10164342 72.9666879805 98.9557904453 0.00715292958176 2.55247792823 6.23357165746 0
75 11.9154391289 73.912871 98.553041 -0.10292365 71.6475544566 98.9358991719 0.0102706000979 2.29744192997 6.48555279576 0
78 11.2386939526 72.413468 98.668417 -0.11145399 69.6946087298 98.816596014 0.00910306833515 2.72289418655 6.90741063312 0
81 11.4288449287 70.926618 98.82512 -0.11572496 68.6494656277 98.6430145282 0.02760528589 2.28442231855 8.21221816607 0
84 11.2268669605 69.460294 99.048845 -0.12091472 66.9312349803 98.7363769249 0.0203383728282 2.54828880295 8.09320606222 0
87 11.310475111 67.984026 99.205817 -0.12024712 65.7514139894 98.5243699314 0.0229039967359 2.33429357564 8.20195482155 0
90 11.3304209709 66.409271 99.378533 -0.12589377 63.8254181097 99.4338459074 -0.0131912675651 2.58444486816 6.45737773008 0
93 11.3396627903 64.97003 99.579245 -0.12534264 62.6507386715 99.084350252 0.00702129345311 2.37150439136 7.58389474661 0
96 11.4282000065 63.450289 99.830398 -0.13542326 60.9062167036 98.8819246927 0.00523796994892 2.71512531278 8.05929481719 0
99 11.4020400047 62.015499 100.01094 -0.13023941 59.8160891271 98.9393497608 0.0214864634376 2.44657095335 8.69325219091 0
102 11.151061058 60.420275 100.24313 -0.1356293 58.008808144 99.3369086518 0.00813017586577 2.57612296478 8.23681123212 0
105 11.5588219166 58.989222 100.44438 -0.14088208 56.3916572884 98.2322402732 0.0230817982508 3.411876991 9.39443821637 0
108 11.4149169922 58.528509 100.58832 -0.24160345 56.1420402471 98.9808763992 -0.0847994845427 2.87734392077 8.98420543162 0
111 11.1237950325 58.390768 100.67023 -0.3827913 55.8289531055 99.6818127501 -0.240248809013 2.74588131822 8.16708313486 0
114 11.2691240311 58.26024 100.80046 -0.53685502 56.6085757623 100.858959131 -0.406338361967 1.65269988277 7.47805366144 0
117 11.1241359711 58.2435 100.85046 -0.70040996 56.5416212952 101.44978947 -0.561351552157 1.80432451056 7.96745987519 0
120 11.1585547924 58.129433 100.95873 -0.85888639 56.4952060704 100.203174635 -0.652953697373 1.80043371633 11.7990741513 0
123 11.3533399105 58.21235 101.09089 -1.0276822 57.0033500682 100.304960077 -0.867947816688 1.44200092891 9.15210600689 0
126 11.3733358383 58.152327 101.12822 -1.1869287 56.9295575427 100.654962126 -1.06997262307 1.31115909056 6.70108959642 0
129 11.3730380535 58.049715 101.26081 -1.3398137 57.0673767766 100.784702449 -1.28068798831 1.09163491381 3.38765374047 0
132 11.1579639912 58.024835 101.49733 -1.4943786 56.0119506989 101.320816265 -1.38542305363 2.02060889543 6.24269296178 0
135 11.118544817 58.064001 101.65215 -1.6522241 56.4043153579 101.589777374 -1.55348992982 1.66085724103 5.65705124478 0
138 11.2606179714 58.104403 101.68885 -1.8037565 56.413839122 101.715268363 -1.69219541762 1.69077028464 6.39197917842 0
141 11.1471800804 58.177183 101.78616 -1.9584038 56.7788368186 102.043188138 -1.88785699089 1.42177196015 4.04203441996 0
144 11.185202837 58.164815 101.89412 -2.1101089 56.4123418773 101.480977104 -1.95529005935 1.80051356507 8.87046615849 0
147 11.0913720131 58.333441 101.96561 -2.2758326 55.3120827298 101.740830033 -2.12281820327 3.02970820879 8.76707913725 0
150 11.1264088154 58.547547 101.97367 -2.4518694 55.4989734358 101.90294082 -2.283798139 3.0493939387 9.62977391274 0
153 11.4267060757 58.609003 102.09152 -2.5989269 55.1577963985 102.083831559 -2.44141740901 3.45121516548 9.02462906702 0
156 11.0713939667 58.561869 102.14088 -2.6173282 54.8909899611 101.983596385 -2.52024393763 3.67424700497 5.56251849118 0
159 10.902230978 58.51155 102.01626 -2.5045701 54.6383796369 102.186192218 -2.37786694546 3.87689639019 7.25955600634 0
162 11.1450178623 58.437648 101.90068 -2.3721379 54.9003401869 102.528122298 -2.2116599905 3.5925242382 9.19470691962 0
165 11.3076310158 58.147744 101.95537 -2.2082701 54.7452228677 102.604842114 -2.0927402901 3.46395209014 6.61937051516 0
168 10.92730093 58.037351 101.82492 -2.0566813 55.6193104635 101.607063797 -2.03749677505 2.42783470641 1.09919231167 0
171 10.95195508 57.944091 101.71587 -1.9011295 54.2167568133 102.283632639 -1.73429834071 3.77032817584 9.55872131864 0
174 10.8000731468 57.908577 101.57431 -1.7585036 55.516098776 102.298892878 -1.66791713127 2.49979447133 5.19022233926 0
177 11.0023889542 57.841285 101.40683 -1.6171883 55.3295755187 102.289581693 -1.50311318344 2.6623176124 6.53602272609 0
180 11.2747790813 57.86028 101.30305 -1.4556073 54.6982003937 102.35818949 -1.29106889929 3.33347668043 9.42735592847 0
183 10.8880488873 57.788579 101.03213 -1.3093986 54.2860730614 102.081248446 -1.17780019113 3.65625455394 7.54003341916 0
186 10.80179286 57.852229 100.87925 -1.1701135 53.4936480934 101.870678396 -1.04296674879 4.46991697722 7.28497222324 0
189 11.3077869415 57.956865 100.8248 -1.0236231 53.7149251974 101.8348134 -0.927887431926 4.36052523869 5.48524972953 0
192 10.7842421532 57.906072 100.67156 -0.85835482 54.1982168712 102.253095309 -0.724799047312 4.03105985928 7.65218210462 0
195 10.7300992012 57.990597 100.53155 -0.72265365 54.5189791225 101.533206521 -0.633399843595 3.61323213661 5.11386641247 0
198 10.8426420689 58.042848 100.37669 -0.56279892 54.3011449106 101.843256827 -0.322272098542 4.01885061523 13.7811717293 0
201 11.2087881565 58.157277 100.32166 -0.41301063 54.2800407478 102.177885846 -0.0345904783214 4.29866669396 21.6818775739 0
204 11.0148320198 58.686264 100.08548 -0.29965148 55.7665006201 101.886364873 -0.0454511100518 3.43048167465 14.5646083487 0
207 10.8366539478 59.980629 99.666017 -0.30408986 55.8887335575 101.871529294 0.0316537793692 4.6484290669 19.2366935342 0
210 10.788782835 61.363687 99.173884 -0.32636207 57.3362538166 102.16134963 -0.0704915142068 5.01449588073 14.6603029486 0
213 10.9005250931 62.885593 98.69498 -0.37512441 60.1412860332 100.908861645 -0.253392316711 3.52597400213 6.97473517678 0
216 11.2113540173 64.287236 98.118834 -0.4012694 61.1690030063 100.462707695 -0.248904380764 3.90091282946 8.72987254764 0
219 11.0991988182 66.572969 97.068508 -0.44319642 63.5650994067 98.9440063497 -0.394937535028 3.54468243292 2.76503043288 0
222 10.8746051788 67.896132 96.441291 -0.47211549 65.3761211624 98.1014033619 -0.395173496383 3.01768581457 4.40845150159 0
225 10.8602931499 69.150612 95.708615 -0.49267498 66.2919783515 97.3772541513 -0.439931580072 3.31000648842 3.02197421307 0
228 10.7124729156 70.465141 94.973778 -0.52461339 67.6029195571 96.4682103033 -0.490058266997 3.22887588757 1.97986270864 0
231 10.787539959 71.675984 94.192345 -0.54871183 68.9249475259 95.6744639417 -0.515273915198 3.12488051597 1.91585139385 0
234 10.8105869293 72.999296 93.402727 -0.58180979 70.4242924775 95.3440560193 -0.549374601027 3.22481030481 1.85839943588 0
237 10.8429949284 74.284244 92.44261 -0.63095882 71.789551964 94.304690861 -0.577074414263 3.1130103577 3.08734903028 0
240 10.8927950859 75.447368 91.599491 -0.66374929 73.130904683 93.2957812173 -0.582266537558 2.87113266854 4.66861781806 0
243 10.7880399227 76.572595 90.665594 -0.69142624 73.8910599305 92.3299664528 -0.605826781897 3.15606812199 4.90448767788 0
246 10.8114519119 77.783785 89.658033 -0.71509647 75.1763958448 91.4979729268 -0.650514828703 3.1912156212 3.70025548035 0
249 10.905012846 78.874801 88.696028 -0.74032963 76.600326432 90.8786767906 -0.676037897135 3.15233093176 3.68364495077 0
252 10.9783198833 80.03236 87.613917 -0.7252394 77.9336663971 89.5340806888 -0.675623124799 2.84456383835 2.84280316416 0
255 10.8863568306 81.079285 86.604124 -0.70281223 79.1644626755 89.0966201849 -0.641043596837 3.14310066109 3.53908198653 0
258 10.8411490917 82.380517 85.593177 -0.66953842 80.0765197069 87.7789184314 -0.592052148139 3.17582574016 4.43963634786 0
261 10.9852828979 83.553536 84.670161 -0.64546431 81.2748601092 86.8960089516 -0.600394701648 3.18539839253 2.5822983429 0
264 10.8772039413 84.753159 83.736184 -0.60820056 82.7519837852 85.3519010725 -0.586927570881 2.57201164434 1.21885249414 0
267 11.1062917709 85.938286 82.919631 -0.58097683 83.8580637435 84.3722442177 -0.54645299749 2.53720511521 1.97806989543 0
270 10.9475831985 87.249998 82.030848 -0.55954063 85.0453999509 83.4754269067 -0.506373826446 2.63572775074 3.04623345385 0
273 10.975082159 88.578333 81.141585 -0.52544337 85.9791076603 82.8319218998 -0.494521056366 3.1005178924 1.77171806403 0
276 10.8045301437 89.874585 80.458812 -0.49549775 87.62542233 81.9968251959 -0.442792322481 2.72474169542 3.01979855428 0
279 10.804502964 91.229191 79.664539 -0.46697991 88.4446618285 81.0808410268 -0.417709892165 3.12402210907 2.82296407847 0
282 11.1495628357 92.640842 79.007823 -0.44436504 89.9467984119 80.8729534265 -0.395603644342 3.27667245272 2.79382217435 0
285 10.84770298 93.942666 78.269838 -0.40450827 91.1051238856 80.4265521748 -0.365815988087 3.56413541864 2.21690445336 0
288 10.7344169617 95.385584 77.620959 -0.38607018 93.1573678598 79.9852395441 -0.321374631336 3.24881049902 3.70678189175 0
291 10.8472480774 96.747733 77.074345 -0.36376533 94.5989041435 79.2461144615 -0.281895762471 3.05516743379 4.69078068998 0
294 10.8135461807 98.250871 76.540386 -0.33417824 96.0101988098 79.2237196892 -0.244254365779 3.49583917696 5.15225847033 0
297 10.8692629337 99.752933 76.027378 -0.30758365 97.0464017184 79.1439373178 -0.21942315767 4.12774194444 5.05122413031 0
300 10.7492210865 100.00981 75.897783 -0.33361957 98.2426558455 78.9213019838 -0.194923588327 3.50207093746 7.9466943853 0
303 10.746835947 98.714105 76.429985 -0.36219797 96.7277983111 79.394623686 -0.233244300802 3.56854267187 7.38850099778 0
306 10.756731987 97.284888 77.028291 -0.39087517 95.4744809215 79.8488407133 -0.280745442423 3.35157790822 6.30996858911 0
309 10.7791719437 95.817851 77.649213 -0.42317241 94.6774341352 79.4274077282 -0.289222679203 2.11246943573 7.67475424158 0
312 10.7352108955 94.571565 78.35291 -0.46228827 93.7014387098 80.1575835003 -0.327251400505 2.00348850843 7.73704270073 0
315 10.8150789738 93.13187 79.138887 -0.4938927 91.3650475163 80.3766070583 -0.347387819903 2.15722336158 8.39411130761 0
318 10.8267889023 91.836662 79.862922 -0.52529077 90.0360705582 80.8214831439 -0.380789157216 2.03984533891 8.27933254538 0
321 10.9366149902 90.529269 80.702102 -0.55721841 88.3330863972 81.4532288816 -0.40755113951 2.32107940775 8.57530293029 0
324 10.8697140217 89.308886 81.573217 -0.59808232 87.4237715422 81.9737218588 -0.432182810617 1.92718983524 9.50534171094 0
327 10.8305921555 88.100372 82.484783 -0.6409076 85.8664502589 82.7715429234 -0.463433699732 2.25225167309 10.1685054591 0
330 10.8202369213 86.96204 83.432583 -0.67310863 84.5523675794 83.3997439038 -0.487947320485 2.40989617633 10.6089615643 0
333 10.8850111961 85.711036 84.448892 -0.70015711 83.9960242245 84.2315658755 -0.547012443501 1.72872670898 8.77454304535 0
336 10.9442961216 84.630521 85.38864 -0.74348817 82.5900087401 86.1381331216 -0.603311941633 2.17380547021 8.03150627348 0
339 11.5240471363 83.531548 86.470864 -0.76732045 81.2471596751 87.3717166975 -0.656797658273 2.45559882751 6.33248950596 0
342 11.02947402 82.436303 87.632765 -0.79615086 79.7737389525 87.4953087213 -0.642658653776 2.66610981312 8.7944556048 0
345 10.8888061047 81.390428 88.717115 -0.83255466 78.4912636675 88.8030991351 -0.691392994354 2.90043912159 8.08796767054 0
348 10.7815670967 80.091493 90.270385 -0.85191671 76.6271754246 88.8972725769 -0.671398434171 3.72651767603 10.34293533 0
351 10.7841610909 79.121061 91.3195 -0.83027867 76.9891338242 90.6596135116 -0.668922800933 2.23171764804 9.24501029722 0
354 10.8513319492 78.091476 92.534394 -0.81038411 75.5652001626 93.0574053593 -0.672506009939 2.57984698936 7.89983322075 0
357 10.8463079929 77.093441 93.512556 -0.78090008 74.7280447105 93.4812729979 -0.641610985312 2.36560314346 7.98067725781 0
360 11.0861151218 76.051262 94.597058 -0.76703211 73.4503404661 93.4589229273 -0.582076655023 2.83903932149 10.5971669681 0
363 10.8842890263 75.027276 95.58972 -0.75132884 72.1255997417 94.9181564106 -0.581064750633 2.97837585983 9.75541372334 0
366 11.275988102 73.852657 96.593273 -0.72312741 70.4306335179 95.0345010803 -0.528758564777 3.76032107795 11.1365145001 0
369 11.0157830715 72.811015 97.559971 -0.70587276 69.2961821291 96.0401817763 -0.49560626796 3.82933537246 12.0473825669 0
372 11.036452055 71.630899 98.505259 -0.68120937 68.9101229659 98.8611201344 -0.552669198077 2.74394959407 7.36480934907 0
375 10.8325259686 70.538887 99.423882 -0.66641532 67.6654002704 99.61402511 -0.513232348083 2.87977089146 8.77673778412 0
378 10.8657510281 69.331788 100.31013 -0.63648641 66.2865003123 99.7759866956 -0.465148802422 3.09177718642 9.8169217861 0
381 10.7325470448 68.205766 101.18772 -0.63190253 65.4909154914 101.185669704 -0.46579572315 2.71485128282 9.51721898087 0
384 11.2442240715 66.997353 102.01418 -0.604237 63.942128575 101.919509172 -0.419943162459 3.05669083364 10.5592590814 0
387 11.2713000774 65.749881 102.79371 -0.58263231 63.382429148 103.290347696 -0.429303631262 2.41898269372 8.78508616999 0
390 10.8546359539 64.390622 103.72927 -0.540005 61.8445203555 103.754019925 -0.38709165819 2.54622193509 8.76128911697 0
393 10.7754280567 63.066948 104.49561 -0.5165186 60.5117343495 104.403835767 -0.350322547335 2.55686122218 9.52233238943 0
396 11.0781340599 62.072466 105.11862 -0.50368551 59.543812907 105.320212001 -0.363337071282 2.53667613216 8.04137319979 0
399 11.2008271217 62.084059 105.11634 -0.50537083 58.9297069464 105.594130043 -0.346194631936 3.19033230292 9.12012434799 0
402 10.8940200806 62.06969 105.12384 -0.50501376 58.9046047236 105.767930263 -0.343105009634 3.22995620301 9.27668806219 0
405 10.8153579235 62.088061 105.11683 -0.50531554 59.1602622578 105.898475446 -0.358113608918 3.03034240278 8.43404938718 0
408 10.9102530479 62.080145 105.11527 -0.50526072 58.5790716487 105.50450272 -0.331364455699 3.52264342808 9.96352201752 0
411 10.9025969505 62.084425 105.11388 -0.50526675 58.3378508574 105.625659856 -0.313582823042 3.78136700501 10.9826800152 0
414 10.7968571186 62.090561 105.10315 -0.50372534 58.7172339045 105.581577153 -0.318001423208 3.40708500547 10.6411965868 0
