3 1.41785812378 31.520043 41.394881 -0.0070850614 62.2980967499 141.978755146 -1.44480228335 105.187472309 -82.3751289511 0
6 1.41848492622 31.529937 41.402987 -0.0081764059 61.928774776 70.8640224809 0.505535103206 42.3325164589 29.4335013591 0
9 1.411028862 31.522543 41.401068 -0.0068718684 139.818080076 120.715908053 3.02375822065 134.234001666 173.642313368 0
12 1.42777299881 31.528168 41.375423 -0.0049451513 96.6645868132 111.543481969 -2.94337489662 95.7408458042 -168.359622802 0
15 1.42369198799 31.523843 41.397689 -0.0081913964 60.9639164157 86.5190789471 -2.94362475664 53.8763190417 -168.187942584 0
18 1.42902398109 31.52518 41.394772 -0.0077822512 82.3411748551 58.9313657585 -2.10533058403 53.7568363445 -120.180666796 0
21 1.42154407501 31.646202 41.400982 -0.0069641742 73.7403984878 131.018152289 -1.38315399577 99.0109013626 -78.8498685847 0
24 1.42483115196 32.968315 41.348607 -0.0066445448 45.1050228062 52.9105223299 2.00925339113 16.7623853454 115.502443658 0
27 1.42562794685 34.520488 41.363888 -0.010157874 98.3931513319 34.3940234484 -1.20558561229 64.2518181297 -68.4929641171 0
30 1.41876387596 35.981317 41.339656 -0.012968194 89.3433818988 112.846841162 -2.75745183325 89.2232452902 -157.247329472 0
33 1.42116379738 37.47125 41.3168 -0.01805047 142.800262266 79.1015702232 -2.27687028771 111.901249706 -129.420842236 0
36 1.42471218109 39.051821 41.275587 -0.019803098 92.0155157709 13.3096753414 -1.47610933774 59.8936155085 -83.4402012154 0
39 1.42982912064 40.609584 41.247017 -0.013659721 14.2713717399 106.307814613 -2.96212968634 70.1898056067 -168.934885035 0
42 1.41700696945 42.081473 41.279186 -0.014178183 81.132985511 108.944394041 -3.09361011981 78.125546453 -176.438453277 0
45 1.41173696518 43.552295 41.213208 -0.0092852628 55.8143425398 48.1266910232 -0.167289819482 14.0767204057 -9.05299424174 0
48 1.41645812988 45.079977 41.189892 -0.010404952 79.5555410587 111.692476653 -3.06375967015 78.4804367972 -174.944338706 0
51 1.41351413727 46.640834 41.096545 -0.012029947 112.746427925 21.7844617908 0.106817753864 68.8687600151 6.80947166436 0
54 1.42133712769 48.21014 41.103056 -0.013219293 59.5070067364 15.2733968737 -0.255497137315 28.1920288138 -13.8814979488 0
57 1.41886806488 49.69993 40.993437 -0.019411138 122.807957778 143.589952761 -2.4917062335 125.979477583 -141.652074683 0
60 1.42222809792 51.221815 41.026894 -0.026800957 74.4017208775 46.9006288178 1.35871136834 23.9125238567 79.3840087053 0
63 1.41681194305 52.707826 40.957156 -0.02058299 70.2240376979 105.570278933 2.79776748451 66.9453010102 161.479587378 0
66 1.41842198372 54.31159 40.951842 -0.027308534 29.9115188238 95.5251419737 3.09296157526 59.7796666386 178.778308201 0
69 1.41837096214 55.778879 40.909196 -0.015002614 69.7879537613 103.266874234 -1.94032182 63.9119254165 -110.312664719 0
72 1.41172814369 57.331901 40.836464 -0.018380323 114.53189028 70.4281321891 0.157324371591 64.4011304234 10.0671374407 0
75 1.41718888283 58.848313 40.76075 -0.022921269 116.755426153 35.2442204967 -1.7816538726 58.1692861528 -100.767955478 0
78 1.42149782181 60.388876 40.75568 -0.012358794 58.1491482976 40.8721654473 -0.0790492331772 2.24275478826 -3.82108069872 0
81 1.41843891144 61.86858 40.735896 -0.015077049 61.4647834776 41.720360796 0.0398956864967 1.06405947485 3.14970573225 0
84 1.41351294518 63.333062 40.668539 -0.013920495 62.0852619984 42.2663444802 0.0412028556427 2.02731033553 3.15833534444 0
87 1.41897797585 64.876385 40.58717 -0.032109511 63.516423234 40.8383149764 -0.0369249108279 1.38295690609 -0.275902086807 0
90 1.42068481445 66.44697 40.579857 -0.020157695 63.4669480039 40.800561601 -0.134174034731 2.98818366536 -6.53265506214 0
93 1.41838598251 67.930314 40.55804 -0.02084507 66.2364998549 43.3512627071 -0.145500829762 3.26666488174 -7.14224892634 0
96 1.4242579937 69.414343 40.447992 -0.021831497 66.9919365577 41.059931406 -0.0296666745988 2.49850411414 -0.448922608145 0
99 1.42565202713 70.999462 40.351868 -0.031419309 69.8405188226 40.7251747539 -0.0493859410043 1.21758253142 -1.02941218591 0
102 1.41164398193 72.481812 40.325422 -0.028226015 72.5022466796 39.8120551839 -0.0595274422432 0.51377335864 -1.79343967377 0
105 1.41253685951 74.028193 40.279112 -0.026102315 73.292141026 43.7081519251 -0.0543914083216 3.50714803173 -1.62084565358 0
108 1.41556596756 75.500101 40.224463 -0.026983514 74.7984130719 40.8348350413 0.00197513683278 0.930010740389 1.65920847311 0
111 1.42411088943 77.104162 40.159206 -0.035689283 75.22191559 43.0327629028 -0.0577086794803 3.43513912696 -1.26161848575 0
114 1.41868686676 78.584191 40.097894 -0.03659834 76.8275661363 42.2450326499 -0.017816601263 2.77415487918 1.07611436155 0
117 1.46571612358 80.1084 40.071744 -0.024096447 79.0352478641 42.6065831098 0.0447624575438 2.75264687518 3.94532461226 0
120 1.42311501503 80.881063 40.047709 -0.06972902 77.4888236098 42.2280595303 -0.0588103952153 4.03251987172 0.625591118249 0
123 1.42220306396 80.819811 40.085383 -0.20196514 77.9420957334 41.5039610774 -0.152164542484 3.2083654588 2.85336405487 0
126 1.42550611496 80.673305 40.189426 -0.34415967 79.408687378 41.9760324691 -0.351047757125 2.18888565375 -0.394658321194 0
129 1.41566109657 80.559381 40.228255 -0.49611957 78.0056451287 41.4562122591 -0.425218135969 2.83362769793 4.06235293141 0
132 1.42313408852 80.474435 40.358509 -0.64523249 78.9488928174 42.3158287658 -0.609505421437 2.48160827216 2.04701024302 0
135 1.41578221321 80.446897 40.445937 -0.81868337 79.339351626 44.0040849732 -0.739101484949 3.72653642873 4.5597061391 0
138 1.42972612381 80.377523 40.602704 -0.97166139 78.9604910162 43.0640901366 -0.88041954417 2.84014108043 5.22777268103 0
141 1.40767288208 80.303277 40.677658 -1.1291983 80.8112154714 43.1266004104 -0.921540954233 2.50106385771 11.8978894973 0
144 1.41791415215 80.24067 40.836497 -1.2914427 82.193072514 44.4979834038 -1.20009508342 4.14950096534 5.23383289844 0
147 1.407984972 80.334643 40.99259 -1.4510482 78.9985276595 42.8544548775 -1.22372770266 2.29166861154 13.0245050944 0
150 1.42791104317 80.305505 41.173119 -1.6076845 79.1412930697 43.611306678 -1.50315613547 2.70187871149 5.98903412675 0
153 1.42235898972 80.260339 41.240273 -1.7630876 78.6657383374 43.5578407049 -1.54558221913 2.81316038287 12.4621403453 0
156 1.4233789444 80.351916 41.337649 -1.9138236 78.7658173714 41.1840504776 -1.76114790698 1.59351854896 8.74767284427 0
159 1.42409205437 80.458888 41.424429 -2.0695544 78.8954526364 39.9760265047 -1.90781246079 2.1312437506 9.26713048695 0
162 1.42167901993 80.580246 41.530351 -2.2462491 79.0308626484 41.4529199666 -1.93917364159 1.55131696799 17.5941277588 0
165 1.4116230011 80.700832 41.575869 -2.3973477 77.2113248408 43.2687206964 -1.85711607914 3.87845421268 30.9529918348 0
168 1.40159296989 80.863789 41.557834 -2.56541 82.5052460698 41.5423436218 -2.61251638703 1.64153015926 -2.69899716491 0
171 1.41466999054 80.910142 41.637692 -2.7112414 80.3745859199 43.8238647954 -2.35888586861 2.25081580902 20.1884848365 0
174 1.42472195625 81.000304 41.730578 -2.863125 78.3628110002 41.8170862422 -2.56431390076 2.63891132852 17.1206148582 0
177 1.42018318176 81.313486 41.614906 -3.0334876 77.900566199 43.1223777291 -2.42958697858 3.7310176336 34.6009568526 0
180 1.42776894569 81.419836 41.643078 3.1037871 77.6878633906 44.7856265039 -2.61752274075 4.87885546579 32.1930928383 0
183 1.43561196327 81.472606 41.653948 2.9566422 76.107413798 44.8353685479 -2.70039996858 6.23752547625 35.8753592128 0
186 1.42126512527 81.600227 41.551467 2.7956666 79.541535292 46.505047811 -3.00924707671 5.36434286742 27.4029458866 0
189 1.41843986511 81.705618 41.391179 2.6371497 77.7879369031 43.093986943 2.88601503526 4.27174204139 14.2589333776 0
192 1.42088007927 81.817002 41.340993 2.4823985 77.4885825846 43.2410544868 2.78382157557 4.72709723717 17.2702700781 0
195 1.41580700874 81.903012 41.262396 2.332631 79.0753016771 44.7373765392 2.86129182149 4.48011555862 30.2900338653 0
198 1.42697119713 81.909487 41.089487 2.1583794 81.4013051326 45.6936956973 2.37847901753 4.63216866475 12.6107791568 0
201 1.41572189331 81.924053 40.998223 1.9975831 80.2488062423 46.0771350241 2.42262867069 5.34806498165 24.3533173011 0
204 1.4225962162 81.960862 40.844259 1.8446809 82.4733508238 42.8607227291 1.90407249682 2.08056981751 3.40288783616 0
207 1.42218184471 81.927588 40.703608 1.6857979 80.3527643278 43.6073284991 1.89125011972 3.30328054142 11.7715450813 0
210 1.43213796616 81.924928 40.686406 1.5459903 78.8528698146 44.603371767 1.62890010596 4.97796768916 4.75038196183 0
213 1.42771196365 81.81851 40.588718 1.3660151 82.1364209647 45.4616798397 1.81165991001 4.8833210495 25.5335667754 0
216 1.42680501938 81.824065 40.431016 1.2110526 81.668949931 44.4474463221 1.56658617721 4.01942448824 20.3705734492 0
219 1.43217587471 82.277545 41.390368 1.1504821 79.7643908533 47.4471508608 1.45526535752 6.55748140583 17.462794322 0
222 1.42888402939 82.927041 42.739254 1.1137092 81.9837397411 49.2504229637 1.3950433662 6.57914421021 16.1192603559 0
225 1.42809200287 83.677797 44.09726 1.084748 81.4711990146 47.8179505896 1.38323428777 4.3258078012 17.1020045319 0
228 1.43322205544 84.372874 45.412874 1.0478677 78.9888706768 54.0863160515 1.50100949515 10.2086281549 25.9631123828 0
231 1.41967606544 85.159381 46.677356 1.0274995 82.7177826683 51.4010858191 1.43588927624 5.31742661601 23.3990105746 0
234 1.4114010334 85.928298 47.908079 0.99952116 83.7390497352 49.3209273819 1.25837498933 2.60556107491 14.8312319314 0
237 1.41458702087 86.76373 49.194484 0.95689161 82.2707014195 53.7138501715 1.28768206822 6.37275265625 18.9528971594 0
240 1.41600203514 87.649962 50.387631 0.93226665 85.8145667035 52.75739385 1.00004163328 2.99740752316 3.88322049851 0
243 1.42501306534 88.570925 51.559268 0.90792052 80.9273041852 58.0760830471 1.35269950144 10.044591456 25.4839584528 0
246 1.42035317421 89.47196 52.652014 0.8832857 82.1242425173 58.9689122946 1.38616400339 9.68979650304 28.812804393 0
249 1.4189119339 90.492516 53.754021 0.83763364 81.2882945902 57.8194843142 1.28941340242 10.0620914188 25.8850736559 0
252 1.41540884972 91.498687 54.898001 0.81217592 81.9911366382 58.003013373 1.3158715119 10.0017306362 28.8596315755 0
255 1.41290307045 92.568948 55.94073 0.78340538 81.892184025 59.5388627363 1.29448689469 11.2667585474 29.2828137789 0
258 1.42254805565 93.547241 56.960456 0.75288469 81.9525413341 60.0685925137 1.203393263 12.0040648503 25.8122398674 0
261 1.40591812134 94.620679 57.928363 0.72990952 81.8828981793 60.6305160916 1.2331555317 13.0212400165 28.8338725273 0
264 1.40983200073 95.770396 58.899507 0.6896339 81.9097750275 63.7004734895 1.16781411244 14.6685409287 27.3977080192 0
267 1.42252993584 96.962501 59.840194 0.66858365 82.9757525252 64.1059180159 1.24542747921 14.6227745068 33.0507168521 0
270 1.42245388031 98.232224 60.772339 0.64204005 92.879807878 64.4848425826 0.782212384055 6.51391135906 8.03128314585 0
273 1.41631102562 99.416545 61.686454 0.60185601 96.9693110999 65.2633454529 0.608960995575 4.33394811092 0.407085686937 0
276 1.41775488853 100.66015 62.48684 0.57932353 98.933596886 65.181603503 0.542811040732 3.20042747024 -2.09201153458 0
279 1.41804289818 101.84252 63.245661 0.55317695 100.118866459 64.8323067409 0.606508393209 2.34273904595 3.05566661123 0
282 1.4195318222 103.2489 64.041483 0.52149049 100.502713781 65.8432492117 0.535697718728 3.2844939077 0.81401424469 0
285 1.41220188141 104.5021 64.838724 0.48902664 102.871387539 65.5179487331 0.476466936556 1.76651333704 -0.719617999305 0
288 1.42098808289 105.89753 65.50297 0.45749312 104.710100304 66.5282550607 0.64571877112 1.56882081143 10.7845354053 0
291 1.41590499878 107.23441 66.106065 0.425495 105.42989781 67.2569398902 0.603189009305 2.14027504224 10.1811167779 0
294 1.40777778625 108.62185 66.694881 0.38650919 103.639275416 71.8925799587 0.497809747072 7.20014749501 6.37705217769 0
297 1.41664600372 110.08086 67.251857 0.35533208 106.002566892 70.2735668496 0.540370015884 5.07574675157 10.601892776 0
300 1.40560698509 111.50781 67.766864 0.33459052 107.515464135 73.8767631211 0.562496736522 7.29860896193 13.0580643315 0
303 1.41317200661 112.87691 68.182524 0.30685182 109.694807995 73.605148527 0.482494530032 6.28733885931 10.0635859871 0
306 1.42194485664 114.36462 68.651393 0.28808498 113.254196299 69.3529397875 0.260451857177 1.31347199852 -1.58326131252 0
309 1.41879105568 115.83449 69.001579 0.25083859 108.606583132 73.3612770269 0.362415993312 8.44094808546 6.39291429883 0
312 1.41543602943 117.19736 69.329841 0.23044123 114.748485191 72.3004711454 0.287231935734 3.84988717877 3.25386775411 0
315 1.410394907 117.78731 69.484411 0.20147117 116.419738979 70.9349706743 0.414360006909 1.99358317236 12.1976318603 0
318 1.42819190025 116.42938 69.228806 0.13415298 112.064852088 77.1570319502 0.369560932348 9.05018621977 13.4878821334 0
321 1.42124605179 114.80773 69.128985 0.0979988 107.590940801 76.2879374526 0.456434003379 10.1652666741 20.5368243825 0
324 1.42653417587 113.35769 69.056433 0.067460522 109.673359768 72.5406661147 0.219934935828 5.07091408451 8.73614039606 0
327 1.41531300545 111.81488 68.96352 0.032275621 108.646373372 74.1189198225 0.176581472318 6.05124628356 8.26811623954 0
330 1.40941596031 110.29576 68.94659 -0.0039959963 108.97016454 70.8953131136 0.178292986527 2.35684643067 10.4443893677 0
333 1.41092801094 108.74459 69.016615 -0.039899491 108.12407076 70.4678726569 0.150390047484 1.57835132762 10.9027874406 0
336 1.44382095337 107.27384 69.125159 -0.081381225 106.188848856 72.8430164607 0.0881747792476 3.87294072767 9.71484343449 0
339 1.42672896385 105.77123 69.311189 -0.11875782 102.786489312 73.7096151912 0.0259823602763 5.3155272487 8.2930014558 0
342 1.41955804825 104.23308 69.487176 -0.13593074 102.804534372 70.7945818833 0.158353235395 1.9365052945 16.8612297685 0
345 1.41629600525 102.67844 69.809947 -0.17996689 101.564578049 75.4092970423 -0.0744309763142 5.70906378848 6.04676244125 0
348 1.41385579109 101.19539 70.111952 -0.20894349 100.153037185 73.3521717001 -0.14482284193 3.40375132689 3.67384251408 0
351 1.41750884056 99.695937 70.47501 -0.24032587 98.3919203428 73.2244030184 -0.151885577818 3.04296260436 5.06725548095 0
354 1.4215028286 98.200311 70.897104 -0.28344925 97.1779679351 73.10590283 -0.146284486554 2.43392226946 7.85896204338 0
357 1.42687487602 96.614615 71.415819 -0.3144709 94.4003045783 72.2689648854 -0.122599263943 2.3729788338 10.9934349543 0
360 1.42584490776 95.216051 71.909445 -0.34657274 93.6965932163 73.4167496048 -0.169918686234 2.14026146254 10.1215317147 0
363 1.42571902275 93.790761 72.497598 -0.38120404 90.8405554853 73.4458805635 -0.188625421229 3.09886308173 11.0339420801 0
366 1.42072916031 92.417114 73.016357 -0.35870282 90.7471020121 73.6646135374 -0.147687461643 1.79141747733 12.0902894463 0
369 1.42376089096 91.055309 73.519772 -0.33819517 90.908303516 75.1506360006 -0.275195906934 1.6374761069 3.6095918861 0
372 1.43488907814 89.614615 74.074076 -0.31837694 88.7187229842 76.0554485604 -0.243795910937 2.17450217916 4.27317819707 0
375 1.42421913147 88.314109 74.556366 -0.29979055 86.3576565689 75.2699444227 -0.178164386257 2.08252257624 6.96866586086 0
378 1.41988301277 86.88131 74.994533 -0.2764152 84.3874922557 77.0158461265 -0.211829095014 3.210114281 3.70051123089 0
381 1.42557907104 85.443672 75.387112 -0.25727157 83.1418096935 76.1301587204 -0.0995254991793 2.41881965151 9.0381840928 0
384 1.42016077042 84.055287 75.832526 -0.23267107 81.8568710465 76.1308965353 -0.0662889739422 2.21857108991 9.53299189065 0
387 1.41479110718 82.664555 76.128737 -0.22389476 80.9666985424 74.1858597597 0.0813753453269 2.58021094519 17.4906886467 0
390 1.42480683327 81.173968 76.455415 -0.20673661 77.5805368653 76.9229670883 -0.0582300779708 3.62372077777 8.5087975154 0
393 1.43121004105 79.819657 76.754609 -0.1833313 77.2451086996 77.830644709 -0.00222688255907 2.79036768154 10.3765187705 0
396 1.41007304192 78.325485 77.027059 -0.15611548 75.1064823758 77.0984424305 0.116391754334 3.21979401345 15.6135144141 0
399 1.40986204147 76.892215 77.264525 -0.13798763 73.866535808 77.2641977934 0.0422331374057 3.02567920973 10.325889353 0
402 1.42258000374 75.420868 77.548324 -0.12557438 71.0177306519 76.8659061513 0.0857891500154 4.45570562609 12.1102382129 0
405 1.41196608543 73.926916 77.691819 -0.097717287 73.1205417398 77.8814154013 0.0443660317837 0.828363593417 8.14077450552 0
408 1.42094111443 72.448195 77.857208 -0.08052134 70.4148772036 77.4982016972 0.136378094225 2.06476797409 12.4274221599 0
411 1.42588806152 71.010734 77.97039 -0.05919809 69.9765563572 78.4332650691 0.11768633276 1.13303871358 10.1347308857 0
414 1.42641806602 70.665666 77.98114 -0.052809071 69.5541678015 80.382535345 0.039537401056 2.646153406 5.29106310173 0
417 1.41240692139 70.65903 77.973391 -0.052747867 71.3056496866 81.4309258834 0.013014238015 3.51747984915 3.76789106925 0
420 1.4316368103 70.662549 77.975477 -0.051931253 70.9931627821 81.267118321 0.0623552191092 3.30820314659 6.5481325073 0
423 1.42218184471 70.657477 77.975804 -0.053730261 71.132703687 80.1900341021 0.0989448028969 2.26465347222 8.74763679818 0
426 1.42390608788 70.657208 77.964864 -0.053397677 72.1281166948 79.6533926343 0.193356776167 2.23935288365 14.1379887425 0
