3 5.48994803429 58.425211 99.52669 -0.076600623 69.4256244711 95.6427248118 2.85157677299 11.6659454018 167.772206456 0
6 5.50448393822 58.436309 99.5178 -0.082073852 28.3531191339 94.5398161354 -0.567883460402 30.4922717401 -27.8348402084 0
9 5.47828984261 59.138497 99.506199 -0.079127672 105.554550272 84.4488901466 0.312292402006 48.7972596696 22.4267182573 0
12 5.49396896362 60.588187 99.398001 -0.084356487 81.1497355695 89.3981342306 -1.30788466607 22.8642650217 -70.1030007758 0
15 5.52329707146 62.026729 99.268445 -0.080345137 25.9131736605 43.2943282748 0.318080706912 66.6129913938 22.8281193051 0
18 5.53333497047 63.612811 99.142137 -0.077882356 103.816611036 109.176572087 1.53095971072 41.4371261656 92.1798603263 0
21 5.48496007919 65.109709 99.045111 -0.075303117 31.1298717455 115.39104255 -1.10563215116 37.70701285 -59.0335051674 0
24 5.85961604118 66.576646 98.887554 -0.079079542 119.021898964 102.171108592 -2.67400957611 52.5479427684 -148.678539086 0
27 5.51396393776 68.114632 98.811042 -0.080004433 76.1366549692 26.0949277617 -1.10416173073 73.1572697853 -58.6798907176 0
30 5.54603600502 69.601579 98.673025 -0.074381156 106.380846264 26.0754073511 -1.26036777368 81.3826061808 -67.9520277522 0
33 5.51819515228 71.154315 98.514904 -0.080273853 138.873513361 20.2569799873 1.29547271294 103.490059897 78.8244719079 0
36 5.51132416725 72.642873 98.438251 -0.077397051 105.394686554 54.4189603195 3.03281112945 54.8669230329 178.201802147 0
39 5.49712896347 74.179887 98.27586 -0.078945335 35.8856631049 71.7928039388 1.8302168292 46.5596374778 109.386934415 0
42 5.51575279236 75.689674 98.17429 -0.079512997 72.823625429 100.454931575 -0.0356526498199 3.66272581632 2.5130127814 0
45 5.45625209808 77.259307 98.055637 -0.072379503 75.1246727068 98.1323205972 0.0894140478357 2.13601122187 9.27008761532 0
48 5.47475290298 78.667542 97.976243 -0.066300397 76.7834530264 98.7997558009 0.0107721179538 2.05620149638 4.41592982331 0
51 5.44734096527 80.25432 97.827625 -0.077582567 77.4085407111 98.9650561828 -0.0412621524821 3.0646711825 2.08100646204 0
54 5.52684617043 81.813353 97.68277 -0.074716444 78.3347953504 98.7445318061 0.0359884533591 3.6369907141 6.3429233901 0
57 5.48588204384 82.622729 97.654646 -0.085105116 80.1490464329 99.4674641411 0.0152327587028 3.06682491443 5.74893674578 0
60 5.49614191055 81.436592 97.754867 -0.094486992 78.4909202701 98.6329735301 0.000163613866591 3.07376853694 5.42308024451 0
63 5.45673394203 79.890684 97.897701 -0.093381766 77.4306772249 99.120190721 -0.00228545371922 2.74701919389 5.21943422289 0
66 5.51885700226 78.411812 98.037468 -0.097953665 75.7898643518 99.1589998326 -0.0188437474957 2.85174387377 4.53266439062 0
69 5.4222099781 76.931086 98.162597 -0.096433306 74.2388481016 99.8745503526 -0.050677229273 3.19044341485 2.62163008354 0
72 5.48175597191 75.443161 98.337547 -0.10164342 72.9468318109 99.3197118975 -0.0228600407532 2.6825933919 4.51395512662 0
75 5.49833917618 73.912871 98.553041 -0.10292365 72.0083109569 99.1392442875 -0.0130968974786 1.99273260928 5.14669380684 0
78 5.46926212311 72.413468 98.668417 -0.11145399 70.0715161893 98.6195923368 -0.00396142460896 2.34246070004 6.15887032594 0
81 5.54218101501 70.926618 98.82512 -0.11572496 68.7364451273 99.0487844488 0.00203450621234 2.20156376193 6.74712041168 0
84 5.5186419487 69.460294 99.048845 -0.12091472 66.7229436501 99.1187055453 -0.0161739693601 2.73824166832 6.0012029547 0
87 5.49688911438 67.984026 99.205817 -0.12024712 66.080682304 99.2707262665 -0.0162276633044 1.9044501668 5.9598758559 0
90 5.53707098961 66.409271 99.378533 -0.12589377 63.924525828 99.0535320717 -0.0068707892837 2.50590984935 6.81951446011 0
93 5.51508307457 64.97003 99.579245 -0.12534264 62.7056711151 99.9792184494 -0.0320325531903 2.29941295113 5.3462741602 0
96 5.51062297821 63.450289 99.830398 -0.13542326 60.5427664196 98.302437511 0.00860387062007 3.28456249927 8.25214671991 0
99 5.45971012115 62.015499 100.01094 -0.13023941 59.7272864067 98.9789921033 -0.00714608794218 2.5101460782 7.05272784016 0
102 5.47877812386 60.420275 100.24313 -0.1356293 58.0400922955 99.367231232 -0.0248163614975 2.53623113275 6.34911369163 0
105 5.41242814064 58.989222 100.44438 -0.14088208 55.8345917166 99.2937770998 -0.0112795441014 3.35791293198 7.42567832118 0
108 5.45920109749 58.528509 100.58832 -0.24160345 56.024229771 99.4557142341 -0.114697996305 2.74849236453 7.2711468939 0
111 5.47778606415 58.390768 100.67023 -0.3827913 56.0935966362 99.6629544388 -0.238618432539 2.50830626738 8.26049682583 0
114 5.49348902702 58.26024 100.80046 -0.53685502 56.1605824458 100.906611644 -0.408521632611 2.10233917726 7.35296146801 0
117 5.5357940197 58.2435 100.85046 -0.70040996 56.9391836556 100.936709619 -0.54534146939 1.30716491811 8.88477004739 0
120 5.51112699509 58.129433 100.95873 -0.85888639 56.7799490072 101.859536757 -0.741688864476 1.62251652101 6.71492358188 0
123 5.52657103539 58.21235 101.09089 -1.0276822 57.0993952537 100.86018761 -0.858535023712 1.13661420891 9.69141931788 0
126 5.5097990036 58.152327 101.12822 -1.1869287 55.9965558145 101.001005202 -1.10560664266 2.15952147692 4.65941066705 0
129 5.44252610207 58.049715 101.26081 -1.3398137 57.4442981716 101.23332402 -1.36723518411 0.606040440276 -1.57113530771 0
132 5.46593093872 58.024835 101.49733 -1.4943786 55.6876413983 101.93111591 -1.38889011232 2.37710835845 6.04404513145 0
135 5.48623299599 58.064001 101.65215 -1.6522241 56.0614291527 101.848067787 -1.56950187295 2.01213264543 4.73963448217 0
138 5.4607861042 58.104403 101.68885 -1.8037565 56.4743553111 102.857697508 -1.79268158048 2.00580656243 0.6345461467 0
141 5.46407389641 58.177183 101.78616 -1.9584038 56.6824795588 101.927927736 -1.89535602758 1.50141149202 3.61237126726 0
144 5.49265909195 58.164815 101.89412 -2.1101089 57.3356039978 101.754942901 -2.04108748881 0.840809818609 3.95463555742 0
147 5.51045203209 58.333441 101.96561 -2.2758326 55.3793229003 102.335715376 -2.16076901108 2.97721207447 6.59265802098 0
150 5.52272677422 58.547547 101.97367 -2.4518694 55.2395260313 101.416873758 -2.3259811078 3.35455284416 7.2128678333 0
153 5.5812189579 58.609003 102.09152 -2.5989269 55.6687914652 101.623246284 -2.50548142158 2.97726789907 5.35403152831 0
156 5.48596692085 58.561869 102.14088 -2.6173282 54.2802439636 102.355763936 -2.47137310896 4.28701388595 8.36261071505 0
159 5.46320295334 58.51155 102.01626 -2.5045701 55.1670721429 101.723885434 -2.45561747001 3.35723323931 2.80477909428 0
162 5.49624180794 58.437648 101.90068 -2.3721379 55.1438700857 102.499564991 -2.23822040579 3.34778078449 7.67290722145 0
165 5.50501704216 58.147744 101.95537 -2.2082701 54.6061560019 102.641332294 -2.06421419206 3.60740763114 8.25379553876 0
168 5.49647402763 58.037351 101.82492 -2.0566813 54.2506308178 102.46820028 -1.88017958114 3.84097113473 10.1128035676 0
171 5.53730392456 57.944091 101.71587 -1.9011295 54.5985924161 103.083974461 -1.68382694906 3.61442534726 12.4505190461 0
174 5.56066894531 57.908577 101.57431 -1.7585036 54.3196568023 102.568036098 -1.55917130627 3.7239548524 11.4208991516 0
177 6.06141996384 57.841285 101.40683 -1.6171883 55.3133078162 100.425683811 -1.57825997906 2.71169992564 2.23042849341 0
180 5.50962305069 57.86028 101.30305 -1.4556073 54.1705903603 101.777105505 -1.29468120583 3.7200185831 9.22038600949 0
183 5.4881670475 57.788579 101.03213 -1.3093986 53.7578285928 101.423439702 -1.14717240208 4.04970025156 9.29487646729 0
186 6.04847002029 57.852229 100.87925 -1.1701135 53.8427686062 101.49847846 -1.10478980499 4.05699599889 3.74277202601 0
189 5.53396081924 57.956865 100.8248 -1.0236231 53.4930812974 100.516637829 -0.966301978442 4.47440821422 3.28425834222 0
192 5.5376470089 57.906072 100.67156 -0.85835482 54.0900450589 101.548717102 -0.692289743982 3.91554162237 9.51482798034 0
195 5.50744104385 57.990597 100.53155 -0.72265365 54.3931137272 102.59122835 -0.587516655384 4.14537824622 7.7427794476 0
198 5.46400308609 58.042848 100.37669 -0.56279892 54.4737023425 102.629821259 -0.254062907148 4.22082944369 17.6892705201 0
201 5.507158041 58.157277 100.32166 -0.41301063 54.339277744 103.00984246 -0.0915282722115 4.66941572978 18.4195822892 0
204 5.50154781342 58.686264 100.08548 -0.29965148 56.0088799818 102.750247524 -0.0966268477548 3.77748211614 11.6324545648 0
207 5.46683502197 59.980629 99.666017 -0.30408986 56.4244906686 102.393649645 -0.0444706986278 4.48175185369 14.8750822274 0
210 5.55157017708 61.363687 99.173884 -0.32636207 56.5215539899 102.8538253 0.0522209688418 6.08179414824 21.6912103209 0
213 5.51117181778 62.885593 98.69498 -0.37512441 59.8842298537 100.790592073 -0.21436125884 3.66056972303 9.21105006271 0
216 5.51762604713 64.287236 98.118834 -0.4012694 60.8926098414 99.6345854493 -0.222273295612 3.71765910385 10.2557213307 0
219 5.55251097679 66.572969 97.068508 -0.44319642 63.6665941419 99.3961185982 -0.3871323274 3.72354480473 3.21223588823 0
222 5.51718997955 67.896132 96.441291 -0.47211549 65.0061682897 97.9603536803 -0.400935487958 3.26488003973 4.07831370272 0
225 5.53793501854 69.150612 95.708615 -0.49267498 66.6168685175 97.518374003 -0.451604722322 3.11369293349 2.35315242844 0
228 5.52271389961 70.465141 94.973778 -0.52461339 67.5718010219 96.8131938971 -0.500616597777 3.42853716204 1.37491491624 0
231 5.41009306908 71.675984 94.192345 -0.54871183 68.9062092662 96.0673420846 -0.502666672744 3.34473708135 2.6381931778 0
234 5.4496679306 72.999296 93.402727 -0.58180979 70.5655743984 94.8480258085 -0.503375101704 2.83052812738 4.49397660677 0
237 5.49984502792 74.284244 92.44261 -0.63095882 71.3141286952 93.9081786537 -0.547697475429 3.31201998819 4.77052364049 0
240 5.47242808342 75.447368 91.599491 -0.66374929 73.3195863344 93.4675789726 -0.575540794133 2.83146737401 5.05397453038 0
243 5.49949097633 76.572595 90.665594 -0.69142624 74.0247386231 92.4615800428 -0.614122758102 3.11723242363 4.42916325443 0
246 5.50763297081 77.783785 89.658033 -0.71509647 75.3876672977 91.562873482 -0.676741911427 3.06101246402 2.19755433133 0
249 5.4832880497 78.874801 88.696028 -0.74032963 76.8553931741 90.7119458687 -0.670103227431 2.85340723004 4.0236764776 0
252 6.09920787811 80.03236 87.613917 -0.7252394 77.9303735435 89.6292925708 -0.667225841832 2.91205867985 3.32393203754 0
255 5.50653815269 81.079285 86.604124 -0.70281223 78.8160407716 87.7968652218 -0.652212950426 2.55830140121 2.89912516601 0
258 5.52575683594 82.380517 85.593177 -0.66953842 79.9422440943 88.1285038597 -0.609664640309 3.51753564993 3.4305148798 0
261 5.49233794212 83.553536 84.670161 -0.64546431 81.4890247493 87.4797465218 -0.550675335924 3.48654234288 5.43100815892 0
264 5.52621102333 84.753159 83.736184 -0.60820056 83.0228285045 85.6492979955 -0.572002075464 2.57954429764 2.07402038869 0
267 5.5043399334 85.938286 82.919631 -0.58097683 84.6563178982 84.8545417269 -0.5390341453 2.32106047634 2.40313881475 0
270 5.49874806404 87.249998 82.030848 -0.55954063 84.9821870818 83.5232805965 -0.511256664482 2.71483358894 2.76646744233 0
273 5.48566699028 88.578333 81.141585 -0.52544337 86.0207120918 82.5750218211 -0.501918695082 2.93192186632 1.34786458721 0
276 5.51760196686 89.874585 80.458812 -0.49549775 87.78298226 82.704120181 -0.45549389619 3.06858450256 2.29205198758 0
279 5.51156401634 91.229191 79.664539 -0.46697991 88.6793319397 80.4754630287 -0.438640004923 2.67570159172 1.62375695274 0
282 5.50052189827 92.640842 79.007823 -0.44436504 90.5567794919 80.7771592985 -0.404159791277 2.73383749975 2.3035910661 0
285 5.50819587708 93.942666 78.269838 -0.40450827 91.1986523933 80.2298097302 -0.362625897881 3.37210614558 2.39968315839 0
288 5.49300503731 95.385584 77.620959 -0.38607018 93.2791804497 79.8875446945 -0.303160216499 3.09424411238 4.7503909882 0
291 5.53965616226 96.747733 77.074345 -0.36376533 94.9225471026 79.2427137475 -0.283372015128 2.83427708336 4.60619764324 0
294 5.50420093536 98.250871 76.540386 -0.33417824 96.1631959109 78.958609419 -0.238561002972 3.19471309848 5.4784641304 0
297 5.51371884346 99.752933 76.027378 -0.30758365 96.9074832644 78.9566324124 -0.203318229211 4.08376243311 5.97396856037 0
300 5.50644183159 100.00981 75.897783 -0.33361957 98.2073399627 78.8587626521 -0.192684063306 3.46645333675 8.07500971712 0
303 5.50616383553 98.714105 76.429985 -0.36219797 96.6085760634 78.7320080544 -0.21900168345 3.11970547424 8.20454286126 0
306 5.48350095749 97.284888 77.028291 -0.39087517 95.6790484035 79.5200087954 -0.262060138959 2.96435125819 7.3805576165 0
309 5.53616094589 95.817851 77.649213 -0.42317241 94.3506150822 79.0614659095 -0.281811743263 2.03647723261 8.09936959316 0
312 5.52766609192 94.571565 78.35291 -0.46228827 93.5404849344 79.9091352034 -0.312793825172 1.86680555637 8.56540074929 0
315 5.49725794792 93.13187 79.138887 -0.4938927 91.0714345767 79.7514438295 -0.305179912233 2.14956274688 10.8124462792 0
318 5.57890701294 91.836662 79.862922 -0.52529077 90.0155076491 80.3755151038 -0.330660633696 1.89191830157 11.1514853763 0
321 5.52293014526 90.529269 80.702102 -0.55721841 88.2594615321 81.1423239927 -0.388894924657 2.31210322963 9.64422530306 0
324 5.53115916252 89.308886 81.573217 -0.59808232 87.8297513672 82.6644146711 -0.461265342008 1.83808368132 7.83903540467 0
327 5.5454928875 88.100372 82.484783 -0.6409076 85.9840176732 82.3055099434 -0.458017483553 2.12393372436 10.4788317871 0
330 5.50759792328 86.96204 83.432583 -0.67310863 84.8199362136 84.3932155954 -0.525153829964 2.34764213949 8.47718560079 0
333 5.54504299164 85.711036 84.448892 -0.70015711 83.7974532154 83.5765205506 -0.506629415955 2.10305278562 11.0883200877 0
336 5.56264185905 84.630521 85.38864 -0.74348817 81.9127719825 85.9217932431 -0.568099461054 2.76955088462 10.0490327968 0
339 5.56919002533 83.531548 86.470864 -0.76732045 80.2429806098 86.236314027 -0.571510885181 3.29692116525 11.2190616524 0
342 5.52337694168 82.436303 87.632765 -0.79615086 79.5392565637 87.0076554944 -0.612753784221 2.96372062589 10.5078784172 0
345 5.48824810982 81.390428 88.717115 -0.83255466 78.2674383666 88.4934831609 -0.665179479242 3.13098633821 9.58989145269 0
348 5.46484994888 80.091493 90.270385 -0.85191671 76.1204260505 87.8210906463 -0.622708972394 4.66566346285 13.1326359966 0
351 5.48252511024 79.121061 91.3195 -0.83027867 76.5077770442 88.7772812357 -0.641560948863 3.6458372535 10.8127289405 0
354 5.4724650383 78.091476 92.534394 -0.81038411 75.360023499 91.3199547419 -0.634519567516 2.98926336697 10.0762960503 0
357 5.50468802452 77.093441 93.512556 -0.78090008 74.504570961 92.6725021734 -0.602235351529 2.7217528379 10.2367348893 0
360 5.51140618324 76.051262 94.597058 -0.76703211 73.8145496333 93.6231672164 -0.612382917357 2.4395379623 8.86074604353 0
363 5.48847413063 75.027276 95.58972 -0.75132884 72.0511043915 93.4573329329 -0.556271896244 3.66123914091 11.1759396419 0
366 5.55186605453 73.852657 96.593273 -0.72312741 70.3480940645 94.7801345428 -0.503015241591 3.94581201199 12.6114982693 0
369 5.47505283356 72.811015 97.559971 -0.70587276 69.4827042518 95.8495614499 -0.516995133935 3.74207873587 10.821890818 0
372 5.48344302177 71.630899 98.505259 -0.68120937 68.856191628 98.9335240324 -0.558377786606 2.80756334541 7.03773131936 0
375 5.45394301414 70.538887 99.423882 -0.66641532 67.7347707197 99.4986547503 -0.517925524702 2.80511302407 8.50783857134 0
378 5.4517250061 69.331788 100.31013 -0.63648641 66.4046910682 100.20400763 -0.488668377667 2.92902004189 8.46934938863 0
381 5.51587891579 68.205766 101.18772 -0.63190253 65.8858833898 101.576834314 -0.494586849424 2.35228936882 7.86760895794 0
384 5.50226593018 66.997353 102.01418 -0.604237 64.2148769582 102.498472713 -0.44204538168 2.82430741147 9.29289520212 0
387 5.53299498558 65.749881 102.79371 -0.58263231 63.2613229838 102.963161083 -0.400700330085 2.49432048257 10.4239346076 0
390 5.52597689629 64.390622 103.72927 -0.540005 61.9329076061 103.734458891 -0.376370025662 2.45771987146 9.37559341031 0
393 5.51184511185 63.066948 104.49561 -0.5165186 60.9812034772 104.904514924 -0.395523809904 2.12544899988 6.93249081556 0
396 5.49432206154 62.072466 105.11862 -0.50368551 58.9524603733 105.027810203 -0.327138607454 3.12132688609 10.115392402 0
399 5.43773603439 62.084059 105.11634 -0.50537083 59.1900586464 105.896964599 -0.346248913326 2.99743437133 9.11701425344 0
402 5.53266716003 62.06969 105.12384 -0.50501376 58.6447991139 105.026392838 -0.303153243701 3.42627691976 11.5657556342 0
405 5.49664497375 62.088061 105.11683 -0.50531554 58.2187718477 104.434620282 -0.295660573231 3.92897043058 12.0123447498 0
408 5.45320796967 62.080145 105.11527 -0.50526072 57.9308019001 105.127373042 -0.28166989549 4.1493607513 12.8108105823 0
411 5.48653411865 62.084425 105.11388 -0.50526675 59.1844498838 106.650630881 -0.333871080949 3.2819900893 9.82024846346 0
414 5.47803282738 62.090561 105.10315 -0.50372534 58.835228606 106.885759533 -0.362106815778 3.71145331931 8.11414373879 0
