3 1.37504982948 58.425211 99.52669 -0.076600623 29.4185644982 72.2412996742 0.116621406642 39.8230845931 11.0708068074 0
6 1.4009809494 58.436309 99.5178 -0.082073852 119.207356689 30.687698721 -3.03501007487 91.8188601504 -169.190782742 0
9 1.40128993988 59.138497 99.506199 -0.079127672 37.0113406805 80.8740910689 0.362613656297 28.9269164057 25.3099137479 0
12 1.4028031826 60.588187 99.398001 -0.084356487 44.8401216436 95.5786750005 2.70431127132 16.2045923602 159.778893016 0
15 1.39522504807 62.026729 99.268445 -0.080345137 111.980966362 75.928489548 -1.43221288727 55.1378214195 -77.4563165503 0
18 1.39277291298 63.612811 99.142137 -0.077882356 17.3937355173 35.5094506395 -0.399132441623 78.646816286 -18.4062740744 0
21 1.38551807404 65.109709 99.045111 -0.075303117 113.634236881 139.041490105 -2.43978310891 62.8835443307 -135.47472428 0
24 1.39103293419 66.576646 98.887554 -0.079079542 88.0103291217 10.0989676734 0.0728241097539 91.3390159463 8.70343813812 0
27 1.40004396439 68.114632 98.811042 -0.080004433 81.1346610335 24.952148177 -0.865914399355 74.9977156505 -45.0293241494 0
30 1.39366698265 69.601579 98.673025 -0.074381156 25.8198492486 104.408765438 2.89581591572 44.1558442157 170.179756532 0
33 1.39471912384 71.154315 98.514904 -0.080273853 89.0879476617 71.0536919376 -1.87423981766 32.7983741728 -102.786678365 0
36 1.40162110329 72.642873 98.438251 -0.077397051 29.6802365134 106.069207178 2.0318415614 43.6350733478 120.850470477 0
39 1.40575098991 74.179887 98.27586 -0.078945335 107.863590322 54.001217834 -0.316552692055 55.6312484887 -13.6138987405 0
42 1.40471196175 75.689674 98.17429 -0.079512997 73.9360214849 126.290349482 -1.85060913312 28.1706957307 -101.476333711 0
45 1.39426398277 77.259307 98.055637 -0.072379503 106.306289925 32.4910881878 1.11356869416 71.7107891326 67.9498264184 0
48 1.38939380646 78.667542 97.976243 -0.066300397 65.1931617829 23.029986105 0.0479779979133 76.1478847034 6.54766971806 0
51 1.40522909164 80.25432 97.827625 -0.077582567 93.4487818716 3.67150180059 -0.0786001236423 95.0761240271 -0.0583017010208 0
54 1.39864206314 81.813353 97.68277 -0.074716444 76.8084623164 99.0695396654 -0.0411312844213 5.19346328185 1.92428789813 0
57 1.38635897636 82.622729 97.654646 -0.085105116 83.286890428 97.7726949734 0.0573713963372 0.674570947037 8.16330283666 0
60 1.40427684784 81.436592 97.754867 -0.094486992 78.9930955908 97.8789222012 0.485895569668 2.44664349562 33.2534712866 0
63 1.39962887764 79.890684 97.897701 -0.093381766 76.7585734304 96.2049843029 0.224117300715 3.56025370398 18.1913565221 0
66 1.39389920235 78.411812 98.037468 -0.097953665 75.5479534036 97.524535414 0.142411081266 2.9094305109 13.7718855048 0
69 1.39298510551 76.931086 98.162597 -0.096433306 94.3804048237 16.0391387832 -1.61954490719 83.9567812443 -87.2678664753 0
72 1.39588594437 75.443161 98.337547 -0.10164342 61.4998877412 23.4028830079 0.0618646617459 76.220854999 9.36832300032 0
75 1.40617609024 73.912871 98.553041 -0.10292365 72.5451240905 95.5270652658 0.505653531166 3.32073196034 34.8689039888 0
78 1.39472198486 72.413468 98.668417 -0.11145399 59.2757134245 25.1525913668 0.0633156947077 74.6805008942 10.0135653206 0
81 1.39842987061 70.926618 98.82512 -0.11572496 58.536793235 24.48982146 0.23256696395 75.3607614527 19.9556572808 0
84 1.40208482742 69.460294 99.048845 -0.12091472 55.4571673925 23.0483409542 0.10062828708 77.2797785323 12.6934792863 0
87 1.40569877625 67.984026 99.205817 -0.12024712 66.0338226895 97.9883486573 0.161546235737 2.29902634127 16.1455699785 0
90 1.39661383629 66.409271 99.378533 -0.12589377 50.6822828549 23.668601903 0.0491967670251 77.3261393244 10.0319488042 0
93 1.42301011086 64.97003 99.579245 -0.12534264 51.3798657501 24.7359487436 -0.0125161565522 76.0671516416 6.46448131886 0
96 1.40061998367 63.450289 99.830398 -0.13542326 60.1469098304 98.6068091397 0.0704726221511 3.52270970091 11.7969650664 0
99 1.40084505081 62.015499 100.01094 -0.13023941 60.3824808611 97.1847181802 0.0779189975272 3.26408915571 11.9265982215 0
102 1.43702602386 60.420275 100.24313 -0.1356293 57.5760350975 98.8571667772 0.0423542745578 3.16395238236 10.1977076448 0
105 1.40058088303 58.989222 100.44438 -0.14088208 55.4908580715 98.5667814374 0.0768963522882 3.9703811578 12.4777850391 0
108 1.41008591652 58.528509 100.58832 -0.24160345 55.3209395335 98.983897619 -0.0609606772801 3.58645689488 10.3500684764 0
111 1.39883589745 58.390768 100.67023 -0.3827913 53.7745548768 101.192731686 -0.225834999623 4.64568957325 8.99293357961 0
114 1.38903617859 58.26024 100.80046 -0.53685502 55.9492297599 99.1582070916 -0.268048158813 2.83509487406 15.4014986502 0
117 1.40586400032 58.2435 100.85046 -0.70040996 55.9542243559 103.18780306 -0.552168412636 3.27169001474 8.49361501245 0
120 1.41664719582 58.129433 100.95873 -0.85888639 56.9987914176 103.922038779 -0.63529386536 3.1716792563 12.8109079925 0
123 1.41434001923 58.21235 101.09089 -1.0276822 56.4864682102 101.50119609 -0.911995964671 1.77398394577 6.62833303209 0
126 1.41568279266 58.152327 101.12822 -1.1869287 55.1343911976 102.645330669 -1.28387544878 3.37780421105 -5.55463954263 0
129 1.39451289177 58.049715 101.26081 -1.3398137 56.8132547176 101.443736317 -1.48636030983 1.24991842428 -8.39650224533 0
132 1.39614677429 58.024835 101.49733 -1.4943786 56.5727758951 103.233545331 -1.6711860612 2.26338669215 -10.1303213131 0
135 1.41240715981 58.064001 101.65215 -1.6522241 56.4693810122 102.050072163 -1.70435631516 1.64351907601 -2.9869559054 0
138 1.38559412956 58.104403 101.68885 -1.8037565 54.0946274642 101.646834674 -1.65194913352 4.00999565272 8.69792139856 0
141 1.41108512878 58.177183 101.78616 -1.9584038 56.436991018 103.192225334 -1.94752120354 2.23725006621 0.623526847258 0
144 1.42991805077 58.164815 101.89412 -2.1101089 58.1277892133 104.163902398 -2.16738810447 2.27008436868 -3.28185667003 0
147 1.38327002525 58.333441 101.96561 -2.2758326 56.2451052795 100.966278631 -2.18944129067 2.31512618815 4.94985741144 0
150 1.41922688484 58.547547 101.97367 -2.4518694 54.0773073967 100.272148709 -2.27282048955 4.78311789662 10.2587468955 0
153 1.40757703781 58.609003 102.09152 -2.5989269 55.8074313952 101.980705409 -2.51210213707 2.80376235268 4.97469247336 0
156 1.40259099007 58.561869 102.14088 -2.6173282 53.5351279134 102.844199349 -2.35671996439 5.07570527692 14.9317520067 0
159 1.41091299057 58.51155 102.01626 -2.5045701 49.8671656377 98.7081684486 -2.1115206164 9.2557469021 22.5200765503 0
162 1.41156697273 58.437648 101.90068 -2.3721379 50.6191628917 100.393430362 -1.98697144089 7.96244377444 22.0684125172 0
165 1.39436602592 58.147744 101.95537 -2.2082701 51.6930411025 100.876092173 -2.017622688 6.54431280762 10.9232920829 0
168 1.40383291245 58.037351 101.82492 -2.0566813 49.4664559392 99.4202489428 -1.52409668715 8.9018360486 30.5148505499 0
171 1.40679597855 57.944091 101.71587 -1.9011295 53.0548234428 99.9697121569 -1.58501494652 5.19172461318 18.1120297569 0
174 1.38700199127 57.908577 101.57431 -1.7585036 52.3063717068 100.454823594 -1.45800981022 5.71296367569 17.2170259242 0
177 1.42618203163 57.841285 101.40683 -1.6171883 51.7615284574 101.806375842 -1.30873250121 6.09287095688 17.6732154369 0
180 1.38354492188 57.86028 101.30305 -1.4556073 50.071295273 99.5369923068 -0.976312441936 7.98669160871 27.4615725094 0
183 1.40077400208 57.788579 101.03213 -1.3093986 50.3722760414 102.281596136 -1.01208896148 7.52081878516 17.0345874956 0
186 1.39020395279 57.852229 100.87925 -1.1701135 51.4397458986 98.8522512511 -0.840371684077 6.72522590354 18.8928143814 0
189 1.38553786278 57.956865 100.8248 -1.0236231 50.8292293657 101.957811914 -0.770915072856 7.21712586366 14.4791034045 0
192 1.40465903282 57.906072 100.67156 -0.85835482 52.7428467122 100.715701803 -0.537168176094 5.16341397443 18.4026391318 0
195 1.38572311401 57.990597 100.53155 -0.72265365 50.7293220956 102.915777223 -0.278635166432 7.64268622205 25.4403851342 0
198 1.39715409279 58.042848 100.37669 -0.56279892 53.0740153913 101.235271629 -0.0640054153379 5.04246565747 28.5787626657 0
201 1.39826202393 58.157277 100.32166 -0.41301063 53.1117885824 101.480944636 0.199135939407 5.17695801024 35.0734148705 0
204 1.43364095688 58.686264 100.08548 -0.29965148 52.0963585733 102.64988341 0.248870771012 7.07128124037 31.428009952 0
207 1.39230203629 59.980629 99.666017 -0.30408986 54.5069804217 102.653634331 0.214346009131 6.23591902402 29.7041872494 0
210 1.37302994728 61.363687 99.173884 -0.32636207 56.8934070807 104.795951171 -0.0594814152735 7.18269043123 15.2911351495 0
213 1.39726090431 62.885593 98.69498 -0.37512441 60.1944494355 100.638497685 -0.176382361601 3.31956543489 11.387080585 0
216 1.38341593742 64.287236 98.118834 -0.4012694 61.8236729998 100.78917833 -0.269416160054 3.63316411641 7.55463416402 0
219 1.40212488174 66.572969 97.068508 -0.44319642 63.2636681226 97.7300318149 -0.282991450661 3.37477200038 9.17906860012 0
222 1.38694882393 67.896132 96.441291 -0.47211549 65.9577854018 98.2584707791 -0.368264992572 2.65693994744 5.95019520295 0
225 1.37631297112 69.150612 95.708615 -0.49267498 66.472989696 97.0014625257 -0.418671442403 2.97340140704 4.24009037335 0
228 1.39129805565 70.465141 94.973778 -0.52461339 68.4176727666 96.9316265258 -0.533758537015 2.83289551819 -0.523978326978 0
231 1.42834591866 71.675984 94.192345 -0.54871183 68.2956228693 95.1661723605 -0.475127083413 3.51783756044 4.21609541596 0
234 1.38835191727 72.999296 93.402727 -0.58180979 70.2355656638 95.1784267387 -0.398880996555 3.28501368848 10.4810478158 0
237 1.38897204399 74.284244 92.44261 -0.63095882 71.164769855 93.8760539955 -0.513384016401 3.43305703847 6.73654002332 0
240 1.37833189964 75.447368 91.599491 -0.66374929 73.0444932458 93.3732726707 -0.533889088554 2.98665506875 7.44044146957 0
243 1.38343000412 76.572595 90.665594 -0.69142624 74.7485819981 92.4229111624 -0.528854287895 2.53282195195 9.31468672282 0
246 1.38210892677 77.783785 89.658033 -0.71509647 74.4290669172 91.154613115 -0.563394366959 3.67340243583 8.69189024754 0
249 1.38013601303 78.874801 88.696028 -0.74032963 77.5519378363 91.7288713995 -0.65159438935 3.30879223217 5.08415478333 0
252 1.38692903519 80.03236 87.613917 -0.7252394 78.1224727227 88.2554452198 -0.608007145739 2.01475255767 6.71691339197 0
255 1.40770602226 81.079285 86.604124 -0.70281223 78.5752216886 89.0469680258 -0.582548981229 3.49825956754 6.89057658508 0
258 1.38049411774 82.380517 85.593177 -0.66953842 81.1390113229 87.4442807567 -0.581872589405 2.22888345688 5.0228821006 0
261 1.37377309799 83.553536 84.670161 -0.64546431 81.8680262921 87.1601343811 -0.594861423492 3.00681067144 2.89933182812 0
264 1.40046596527 84.753159 83.736184 -0.60820056 83.4052968994 85.2268899686 -0.482406953252 2.00971055799 7.20744275641 0
267 1.37922286987 85.938286 82.919631 -0.58097683 84.8818226408 84.899536931 -0.500052337102 2.24413509506 4.63663190229 0
270 1.38229298592 87.249998 82.030848 -0.55954063 84.7788086144 84.0969641812 -0.50263817428 3.22111984469 3.26027055666 0
273 1.3771469593 88.578333 81.141585 -0.52544337 86.0710970888 83.0961139224 -0.469675797779 3.17905885803 3.19524652194 0
276 1.3685400486 89.874585 80.458812 -0.49549775 88.2356869106 83.3455532419 -0.445355564845 3.31952736772 2.87293558493 0
279 1.38136816025 91.229191 79.664539 -0.46697991 88.3469951153 80.1015915318 -0.379667825156 2.915144599 5.00261396206 0
282 1.39834594727 92.640842 79.007823 -0.44436504 89.9870760152 80.8359739042 -0.374689953022 3.22251604037 3.99208842104 0
285 1.37332296371 93.942666 78.269838 -0.40450827 91.4294027172 80.2598548616 -0.381862777229 3.20572291972 1.29749116076 0
288 1.38471889496 95.385584 77.620959 -0.38607018 93.3041302508 80.0307691656 -0.246482998298 3.18427931315 7.99775638562 0
291 1.39316511154 96.747733 77.074345 -0.36376533 94.6225883005 78.8410776231 -0.243907321472 2.76361794667 6.86735802947 0
294 1.37968301773 98.250871 76.540386 -0.33417824 96.5340862526 79.6590766332 -0.25310688707 3.55999735037 4.64504636231 0
297 1.379322052 99.752933 76.027378 -0.30758365 97.0466449545 78.1534355978 -0.12595821528 3.44152813365 10.4063708617 0
300 1.38461399078 100.00981 75.897783 -0.33361957 98.2503861031 79.2236072719 -0.171291962296 3.76253631696 9.30068681989 0
303 1.36258387566 98.714105 76.429985 -0.36219797 96.2793147281 77.9611750618 -0.184026004851 2.87623828522 10.2085016306 0
306 1.4085559845 97.284888 77.028291 -0.39087517 95.1293751663 78.6592013359 -0.257275942213 2.70298059556 7.65467189837 0
309 1.38602995872 95.817851 77.649213 -0.42317241 93.8092310177 78.8514732816 -0.318611346307 2.34093656858 5.99090765098 0
312 1.37566590309 94.571565 78.35291 -0.46228827 92.2664429434 78.7448719181 -0.300112816818 2.33820910978 9.29196900793 0
315 1.40627789497 93.13187 79.138887 -0.4938927 91.1253400303 80.1470652444 -0.337176421454 2.24557028208 8.97918134169 0
318 1.42216706276 91.836662 79.862922 -0.52529077 90.4377568923 81.7920970357 -0.453421562527 2.38299219866 4.11780226515 0
321 1.38383316994 90.529269 80.702102 -0.55721841 88.4658818463 81.692220446 -0.397607294611 2.28864612448 9.14504327519 0
324 1.40439605713 89.308886 81.573217 -0.59808232 87.4722108513 79.4599099894 -0.376581610514 2.79990037732 12.6910558127 0
327 1.37145090103 88.100372 82.484783 -0.6409076 85.5044479341 81.3026117348 -0.405763728791 2.85242890465 13.4727513986 0
330 1.37680792809 86.96204 83.432583 -0.67310863 84.1370475193 83.7205795693 -0.494145850404 2.83963457861 10.2538119608 0
333 1.38197803497 85.711036 84.448892 -0.70015711 84.7757318245 83.9213015411 -0.564816098182 1.07384616819 7.75446877218 0
336 1.37905311584 84.630521 85.38864 -0.74348817 81.3902967235 85.5832755953 -0.550229221755 3.24606475239 11.0729220876 0
339 1.38083410263 83.531548 86.470864 -0.76732045 79.6919587708 85.7609369977 -0.612240850021 3.9046692302 8.88540656737 0
342 1.40723609924 82.436303 87.632765 -0.79615086 79.6336776016 87.5120452849 -0.619938980992 2.8052241218 10.0961969673 0
345 1.38587093353 81.390428 88.717115 -0.83255466 77.5471384198 88.1898291068 -0.642137298433 3.87929184398 10.9101111638 0
348 1.37144112587 80.091493 90.270385 -0.85191671 75.9614371791 88.5962644564 -0.669028732789 4.45646055495 10.4787092179 0
351 1.38071918488 79.121061 91.3195 -0.83027867 77.7591474285 90.9330456036 -0.754617102659 1.41568201821 4.33508847998 0
354 1.37227487564 78.091476 92.534394 -0.81038411 75.3986699057 93.0821978026 -0.660992981583 2.7479617297 8.55948115497 0
357 1.38023710251 77.093441 93.512556 -0.78090008 75.6552268856 92.9499234267 -0.697675085363 1.544349459 4.76844094271 0
360 1.38458919525 76.051262 94.597058 -0.76703211 74.2088274909 93.829774804 -0.586482099721 1.99581773292 10.34475358 0
363 1.45662498474 75.027276 95.58972 -0.75132884 71.8352745896 92.8325151419 -0.581365724277 4.21794400555 9.73816920382 0
366 1.40290307999 73.852657 96.593273 -0.72312741 71.3959316327 96.7704564986 -0.673280434418 2.46310647809 2.85602132237 0
369 1.38560700417 72.811015 97.559971 -0.70587276 69.0976550455 95.4432701549 -0.467560564784 4.2742794269 13.6542829924 0
372 1.38507604599 71.630899 98.505259 -0.68120937 68.7682561882 95.3098429654 -0.479746206506 4.29015238679 11.5429889955 0
375 1.38684082031 70.538887 99.423882 -0.66641532 66.9975034123 99.6422675495 -0.548852730772 3.54811075976 6.73584019138 0
378 1.39820599556 69.331788 100.31013 -0.63648641 66.596545476 100.439220069 -0.548214480165 2.73828703953 5.05760902901 0
381 1.3741350174 68.205766 101.18772 -0.63190253 66.2194880825 102.186059269 -0.54643138901 2.22305673804 4.8971356489 0
384 1.38372302055 66.997353 102.01418 -0.604237 64.8485631551 104.402894885 -0.535202598748 3.2129825082 3.95537983298 0
387 1.37701106071 65.749881 102.79371 -0.58263231 64.1304385923 105.266286291 -0.471660685531 2.95571095119 6.35820572781 0
390 1.38331699371 64.390622 103.72927 -0.540005 62.4356087975 104.914266163 -0.490713883846 2.28610859944 2.82417292314 0
393 1.37617301941 63.066948 104.49561 -0.5165186 60.0752150055 105.088516027 -0.416645071758 3.04991866567 5.72233165333 0
396 1.37223815918 62.072466 105.11862 -0.50368551 59.2760192798 104.913111797 -0.305402692178 2.80398785306 11.3607686112 0
399 1.39174580574 62.084059 105.11634 -0.50537083 58.6420531143 105.273542745 -0.292528289711 3.44559388497 12.1949792594 0
402 1.37717008591 62.06969 105.12384 -0.50501376 59.3223786425 106.197357099 -0.415724435336 2.94960313544 5.11590145882 0
405 1.38384199142 62.088061 105.11683 -0.50531554 58.0900512395 104.014417174 -0.300331572996 4.14721546162 11.7447161772 0
408 1.38133502007 62.080145 105.11527 -0.50526072 57.9056713339 106.409024946 -0.322812793591 4.37035836614 10.4534961642 0
411 1.3849811554 62.084425 105.11388 -0.50526675 59.1104214833 106.224074891 -0.3903258872 3.17446524846 6.58562633201 0
414 1.39000415802 62.090561 105.10315 -0.50372534 59.1647503422 107.742721251 -0.413869651936 3.94052082785 5.14835169132 0
