3 5.52907299995 31.520043 41.394881 -0.0070850614 57.4679517766 129.220349893 0.293085155576 91.5784197081 17.1984865682 0
6 5.46723294258 31.529937 41.402987 -0.0081764059 138.725280482 37.3142762974 1.85586153015 107.2732922 106.801506588 0
9 5.77672505379 31.522543 41.401068 -0.0068718684 89.0507583823 27.4445063669 1.44070074635 59.1969693286 82.9398013639 0
12 5.47123098373 31.528168 41.375423 -0.0049451513 55.727984541 82.4959406299 -0.971897553894 47.7129761256 -55.4022916587 0
15 5.45807909966 31.523843 41.397689 -0.0081913964 126.309197428 42.487093836 1.79654432448 94.7916146977 103.403739943 0
18 5.53224897385 31.52518 41.394772 -0.0077822512 12.399140451 116.508983346 1.02694676235 77.5109678369 59.2856054164 0
21 5.53497004509 31.646202 41.400982 -0.0069641742 139.986027224 143.682315568 -1.72612609076 148.993251277 -98.5007221187 0
24 5.43173408508 32.968315 41.348607 -0.0066445448 122.376563845 87.382748964 0.297049656613 100.563299409 17.4003960036 0
27 5.54981398582 34.520488 41.363888 -0.010157874 22.2670616504 114.77781504 -1.36146764393 74.4295045039 -77.4243466315 0
30 5.65102505684 35.981317 41.339656 -0.012968194 144.386558435 105.576128069 1.64776802122 126.008018453 95.1531760166 0
33 5.48312807083 37.47125 41.3168 -0.01805047 8.18470092801 82.3692789146 -1.51723685719 50.4282458705 -85.8970526892 0
36 5.41925406456 39.051821 41.275587 -0.019803098 56.5725133216 62.9680963972 -1.45638570372 27.88439749 -82.3101202296 0
39 5.43509101868 40.609584 41.247017 -0.013659721 91.7454171496 26.5690082033 3.10235415122 53.2007271956 178.534443783 0
42 5.48238801956 42.081473 41.279186 -0.014178183 84.5290395155 110.270132445 0.0611689180664 81.00337397 4.31707088965 0
45 5.46132087708 43.552295 41.213208 -0.0092852628 93.5396028247 114.967140193 1.58200893944 89.0975502325 91.1744417521 0
48 5.65050506592 45.079977 41.189892 -0.010404952 43.3162487286 42.2954461973 -0.000902157859641 2.08158293094 0.544469997824 0
51 5.62711000443 46.640834 41.096545 -0.012029947 44.6782725599 42.3759640364 -0.0811468304078 2.34276769587 -3.96010571237 0
54 5.90902495384 48.21014 41.103056 -0.013219293 47.31719007 41.6973642872 0.0975685071081 1.07264249301 6.34767336773 0
57 5.69328808784 49.69993 40.993437 -0.019411138 48.2242600355 42.3092008289 -0.00299096213548 1.97707771664 0.940806775899 0
60 5.7190990448 51.221815 41.026894 -0.026800957 48.9358773992 42.1466901167 -0.0450525794245 2.54547717682 -1.04574093419 0
63 5.54154801369 52.707826 40.957156 -0.02058299 50.4458237676 41.9033276167 0.00977651511563 2.45191656216 1.73947151123 0
66 5.85534501076 54.31159 40.951842 -0.027308534 52.5987106089 41.777028576 0.018600138152 1.90128606307 2.63037315736 0
69 5.49897003174 55.778879 40.909196 -0.015002614 54.195342653 42.2976208103 -0.00665275876609 2.10601776254 0.478411464449 0
72 5.45031809807 57.331901 40.836464 -0.018380323 54.7644635814 40.9402983711 -0.0256386359378 2.56953623739 -0.41587069772 0
75 5.48233914375 58.848313 40.76075 -0.022921269 57.5479028683 41.8582126877 -0.00265834693349 1.70161419292 1.16097991501 0
78 5.74363398552 60.388876 40.75568 -0.012358794 58.3174418406 42.0053438471 -0.0191728367605 2.41919391686 -0.390415891597 0
81 5.68922877312 61.86858 40.735896 -0.015077049 60.5240689917 41.8075076885 0.00330526899353 1.71932005817 1.0532292387 0
84 5.55555486679 63.333062 40.668539 -0.013920495 61.6153560104 42.1509076237 -0.00792448553289 2.26890515516 0.343546036386 0
87 5.50912094116 64.876385 40.58717 -0.032109511 63.5593782932 41.8839340592 -0.0128267736262 1.84827045936 1.10481946898 0
90 5.58699607849 66.44697 40.579857 -0.020157695 64.8531918234 41.6991738627 0.00991531715207 1.94756235211 1.72305667356 0
93 5.56139302254 67.930314 40.55804 -0.02084507 66.1732340427 41.959182665 0.00320208124692 2.24733859129 1.37780027576 0
96 5.72042608261 69.414343 40.447992 -0.021831497 68.2666774982 41.7435643891 0.0035717206165 1.73079285857 1.45549715548 0
99 6.06063699722 70.999462 40.351868 -0.031419309 69.3993302004 42.2615507552 0.011741702115 2.49144737083 2.47294377641 0
102 5.62822914124 72.481812 40.325422 -0.028226015 71.3416036847 41.7349438638 -0.0289562938246 1.81296080675 -0.041841894519 0
105 5.57965993881 74.028193 40.279112 -0.026102315 72.3171281257 42.0414789573 0.0116301298236 2.45635508348 2.1619098391 0
108 5.43366312981 75.500101 40.224463 -0.026983514 74.1703536362 41.8493413385 0.00224344593071 2.09963274563 1.67458145203 0
111 5.61947202682 77.104162 40.159206 -0.035689283 76.0403270381 42.2219078056 -0.0141947022525 2.3208799118 1.23154875924 0
114 5.51569104195 78.584191 40.097894 -0.03659834 77.3354734272 42.0173642409 -0.001146825777 2.28990427358 2.03122214233 0
117 5.50937104225 80.1084 40.071744 -0.024096447 78.6081302069 41.9434824138 -0.0027904343476 2.39879431003 1.22074460323 0
120 5.5283498764 80.881063 40.047709 -0.06972902 78.9697097652 41.8139024052 -0.0322858885188 2.60244314684 2.14533340563 0
123 5.5088160038 80.819811 40.085383 -0.20196514 79.3331700171 41.8413072951 -0.181117338892 2.30073282723 1.19449101564 0
126 5.55552601814 80.673305 40.189426 -0.34415967 79.6402403106 42.2680910029 -0.350887864583 2.32122184347 -0.385497153334 0
129 5.46110796928 80.559381 40.228255 -0.49611957 79.0089436581 41.5337127917 -0.465025199025 2.0268389174 1.78157622346 0
132 5.54052615166 80.474435 40.358509 -0.64523249 78.5256646831 42.1680562941 -0.621325528252 2.65935465058 1.36976800912 0
135 5.5331120491 80.446897 40.445937 -0.81868337 78.8597211981 42.407077921 -0.782774233907 2.52293494528 2.0574419441 0
138 5.54153299332 80.377523 40.602704 -0.97166139 78.9426234035 42.8021960029 -0.917292497795 2.62615725402 3.11510806014 0
141 5.43215513229 80.303277 40.677658 -1.1291983 80.0031115541 43.6770158439 -1.04711702669 3.0143401883 4.70291053794 0
144 5.41000294685 80.24067 40.836497 -1.2914427 80.2074102266 43.3170640072 -1.19431458809 2.4807899729 5.56503088458 0
147 5.4878680706 80.334643 40.99259 -1.4510482 79.3406665708 43.3342786453 -1.33558938181 2.54391329514 6.61530298975 0
150 5.40794277191 80.305505 41.173119 -1.6076845 79.5847320568 43.4033928423 -1.50281907075 2.34385047458 6.00834651295 0
153 5.44242405891 80.260339 41.240273 -1.7630876 78.2932124284 42.0556990275 -1.59125685056 2.12943808434 9.84517673369 0
156 5.39857387543 80.351916 41.337649 -1.9138236 79.0471561361 41.0209810033 -1.74704716682 1.34263804604 9.55558574339 0
159 5.44569301605 80.458888 41.424429 -2.0695544 78.4624774295 41.6305441603 -1.90454430172 2.00702232806 9.45438220858 0
162 5.60067200661 80.580246 41.530351 -2.2462491 79.0243369797 41.8234198056 -2.13523447599 1.58326946669 6.36066942029 0
165 5.49402594566 80.700832 41.575869 -2.3973477 79.0526155387 42.4410935368 -2.25681131751 1.86151309486 8.05214158453 0
168 5.45515799522 80.863789 41.557834 -2.56541 79.0460437447 42.9776671804 -2.10351823922 2.30653941506 26.4644484847 0
171 5.45775508881 80.910142 41.637692 -2.7112414 78.9701398332 42.9675085533 -2.36769083915 2.35202476019 19.6839971858 0
174 5.50254893303 81.000304 41.730578 -2.863125 79.9854301171 43.126410509 -2.61871526318 1.72578022685 14.0036463918 0
177 5.44890522957 81.313486 41.614906 -3.0334876 78.5180891204 43.1067528166 -2.77410469598 3.16857233447 14.861545678 0
180 5.45516085625 81.419836 41.643078 3.1037871 79.5497571114 42.6439072437 -3.00470657126 2.1210502645 10.0090934542 0
183 5.4562830925 81.472606 41.653948 2.9566422 78.3207018995 42.7405556409 -3.07595380235 3.33394895339 14.3577095579 0
186 5.40045404434 81.600227 41.551467 2.7956666 78.5086654937 43.639460368 3.00995146879 3.73061239643 12.2776185955 0
189 5.45546913147 81.705618 41.391179 2.6371497 79.2647003499 43.5950020936 2.93521554792 3.28860383786 17.0779151026 0
192 5.38930392265 81.817002 41.340993 2.4823985 79.2142843408 42.7068024626 2.6556978902 2.9393153457 9.92932365052 0
195 5.40557098389 81.903012 41.262396 2.332631 79.1014274684 44.1522387325 2.62902198633 4.02493067095 16.9819526024 0
198 5.38841295242 81.909487 41.089487 2.1583794 80.0726549092 44.2768800579 2.33407389683 3.6787805908 10.0665531522 0
201 5.39350509644 81.924053 40.998223 1.9975831 80.3571162771 43.5617156652 2.13831729197 3.00446090635 8.06347523288 0
204 5.44687509537 81.960862 40.844259 1.8446809 80.7553641171 42.9494710758 2.01607825751 2.4259313737 9.82034520513 0
207 5.43531799316 81.927588 40.703608 1.6857979 81.0334887862 43.8909767972 1.8693057316 3.31039774852 10.514224258 0
210 5.4371111393 81.924928 40.686406 1.5459903 79.7002278896 44.519472595 1.74990814672 4.43189464037 11.6836319847 0
213 5.42183899879 81.81851 40.588718 1.3660151 80.8155771225 43.1216205051 1.60979040822 2.72423740839 13.9672963107 0
216 5.43069601059 81.824065 40.431016 1.2110526 80.6224752294 43.6627532671 1.47511884743 3.44788975177 15.1298814895 0
219 5.46156907082 82.277545 41.390368 1.1504821 81.4992797928 45.2552585033 1.37808672333 3.94247071457 13.0407843148 0
222 5.43746685982 82.927041 42.739254 1.1137092 82.4889886249 48.0267563731 1.39313442296 5.30561695078 16.0098859652 0
225 5.46261310577 83.677797 44.09726 1.084748 81.2038948148 47.1148873336 1.22132491886 3.90208492308 7.8252810297 0
228 5.42444205284 84.372874 45.412874 1.0478677 82.1133702239 46.7029759071 1.19575898538 2.60186860642 8.47354647923 0
231 5.41115403175 85.159381 46.677356 1.0274995 82.7324376034 48.2875199278 1.12556128105 2.91250444201 5.6185261856 0
234 5.40521502495 85.928298 47.908079 0.99952116 83.4497662892 49.9120458361 1.06703032295 3.18731901784 3.86799011568 0
237 5.44325900078 86.76373 49.194484 0.95689161 84.8183673376 50.9192785633 1.02183771617 2.59987541506 3.72113777953 0
240 5.43605899811 87.649962 50.387631 0.93226665 85.6435777912 51.5033546851 0.984711604051 2.29573886472 3.00487452389 0
243 5.47692513466 88.570925 51.559268 0.90792052 86.4671732974 52.8129337568 0.938669772254 2.44896897818 1.76180237736 0
246 5.43207287788 89.47196 52.652014 0.8832857 86.8388857811 53.3440924981 0.894437462992 2.7225084921 0.638948953562 0
249 5.41529607773 90.492516 53.754021 0.83763364 88.6801427673 56.0566491057 0.913351580565 2.93032300745 4.3383184278 0
252 5.42183804512 91.498687 54.898001 0.81217592 89.3540205068 57.7769425713 0.889302857855 3.5899719968 4.41904802587 0
255 5.43904709816 92.568948 55.94073 0.78340538 90.0152647473 57.8837984752 0.923614730171 3.20886479221 8.03340401308 0
258 5.40050888062 93.547241 56.960456 0.75288469 90.3654963761 59.3188110637 0.846847874885 3.96047187317 5.38369392351 0
261 5.44397902489 94.620679 57.928363 0.72990952 91.2408557635 59.9514516058 0.850906569497 3.93904717123 6.93262026973 0
264 5.42994904518 95.770396 58.899507 0.6896339 92.8643048744 61.5999046995 0.782095749836 3.96705348668 5.29767376157 0
267 5.44441103935 96.962501 59.840194 0.66858365 94.6905853921 61.8143361163 0.700720426556 3.00979029582 1.84130166381 0
270 5.42921304703 98.232224 60.772339 0.64204005 95.5465445772 63.2466198472 0.692335933275 3.65170366715 2.88174183855 0
273 5.43893480301 99.416545 61.686454 0.60185601 97.8036625391 63.9818191312 0.646490511409 2.8053682322 2.55736855141 0
276 5.41062498093 100.66015 62.48684 0.57932353 98.7786543862 64.8227049408 0.5924807661 2.99938173071 0.753854098615 0
279 5.42893481255 101.84252 63.245661 0.55317695 100.192901815 65.1077367002 0.575257744185 2.48768287135 1.26513631507 0
282 5.44759511948 103.2489 64.041483 0.52149049 100.582006661 65.6385324536 0.557357867659 3.10851846367 2.05504936204 0
285 5.47293996811 104.5021 64.838724 0.48902664 101.564956624 66.9021835543 0.506050587473 3.58952316344 0.975400340843 0
288 5.55630993843 105.89753 65.50297 0.45749312 102.980823256 67.9383458723 0.518152664529 3.79976760709 3.47553588869 0
291 5.43573093414 107.23441 66.106065 0.425495 104.91198027 68.9716609851 0.484356530023 3.68853903319 3.37251724601 0
294 5.45929503441 108.62185 66.694881 0.38650919 106.245175786 68.868926611 0.483801417323 3.22103316301 5.57443400503 0
297 5.46418714523 110.08086 67.251857 0.35533208 106.319318243 70.2716602166 0.422953052666 4.82373380854 3.87439634033 0
300 5.4191069603 111.50781 67.766864 0.33459052 108.506810593 69.7953005415 0.36118868391 3.62223028589 1.52396253483 0
303 5.42503809929 112.87691 68.182524 0.30685182 109.788343944 70.1357366273 0.328855360777 3.65435081059 1.26071002089 0
306 5.41634488106 114.36462 68.651393 0.28808498 111.73032519 71.081030916 0.336895704883 3.58366426268 2.79664853077 0
309 5.38715195656 115.83449 69.001579 0.25083859 113.197252654 71.5933809044 0.301215169404 3.69762869045 2.88636538616 0
312 5.40860009193 117.19736 69.329841 0.23044123 114.178651864 72.2556053236 0.237855668642 4.20389054167 0.424816041657 0
315 5.58645296097 117.78731 69.484411 0.20147117 115.836263874 72.5811080044 0.283209345047 3.66007012559 4.6832524553 0
318 5.48867106438 116.42938 69.228806 0.13415298 114.962924 72.4684051713 0.198098566035 3.55605061705 3.66381219827 0
321 5.50541400909 114.80773 69.128985 0.0979988 112.945328528 71.8659971986 0.194821901665 3.3105550923 5.54755508475 0
324 5.50715589523 113.35769 69.056433 0.067460522 111.42589535 70.860246377 0.17115648994 2.64302350883 5.94134131546 0
327 5.59383296967 111.81488 68.96352 0.032275621 110.598856248 71.1112744599 0.1239614815 2.46810919239 5.25321284769 0
330 5.45536994934 110.29576 68.94659 -0.0039959963 108.973836535 71.4676944651 0.0699756956261 2.8466558224 4.23826575081 0
333 5.53024697304 108.74459 69.016615 -0.039899491 107.623561869 71.7281995664 0.0302500199332 2.93417704481 4.01927091138 0
336 5.53066396713 107.27384 69.125159 -0.081381225 105.915224403 71.302054925 0.0269531329358 2.56606940853 6.20710148598 0
339 5.52981305122 105.77123 69.311189 -0.11875782 104.423378587 71.5038476121 -0.00301472961581 2.57380170566 6.63159058682 0
342 5.5450129509 104.23308 69.487176 -0.13593074 102.674160032 72.582343166 -0.0838629975332 3.46558671106 2.98326189212 0
345 5.54228210449 102.67844 69.809947 -0.17996689 101.659828781 71.8932209448 -0.0566249539891 2.31896510217 7.06697237039 0
348 5.47813200951 101.19539 70.111952 -0.20894349 99.7066487391 72.584396317 -0.11555393251 2.88605811488 5.35082749478 0
351 5.45642495155 99.695937 70.47501 -0.24032587 98.150288968 72.6489310128 -0.151702436033 2.66738831235 5.07774873225 0
354 5.47017002106 98.200311 70.897104 -0.28344925 97.3940171411 73.4442781883 -0.216139217114 2.67174215308 3.85658080325 0
357 5.41621899605 96.614615 71.415819 -0.3144709 95.7899562434 73.479566015 -0.216022366074 2.22241170957 5.64068549323 0
360 5.39949989319 95.216051 71.909445 -0.34657274 94.1401184097 74.0065045715 -0.265999254812 2.35696622488 4.61652064195 0
363 5.38915491104 93.790761 72.497598 -0.38120404 91.8101323103 74.1747672209 -0.27627944116 2.59533940015 6.01173668061 0
366 5.41540288925 92.417114 73.016357 -0.35870282 90.7515789434 74.7807618617 -0.275275662374 2.4263411839 4.78002402874 0
369 5.43642997742 91.055309 73.519772 -0.33819517 89.4602597826 74.1732437271 -0.193786018256 1.72371903282 8.27403491802 0
372 5.39437508583 89.614615 74.074076 -0.31837694 88.0194820257 75.6087352521 -0.210882048423 2.21351038526 6.1590036066 0
375 5.45044803619 88.314109 74.556366 -0.29979055 87.0691502475 76.4956562154 -0.206990844631 2.30451054133 5.31703145767 0
378 5.43191790581 86.88131 74.994533 -0.2764152 84.6889556201 75.455994378 -0.108961278306 2.24039378914 9.59440297598 0
381 5.41952705383 85.443672 75.387112 -0.25727157 83.584210336 76.0926996683 -0.111279555891 1.98883172679 8.36472625108 0
384 5.43412208557 84.055287 75.832526 -0.23267107 81.9205552727 75.6576285927 -0.0443247268431 2.14188436915 10.7914505496 0
387 5.4537191391 82.664555 76.128737 -0.22389476 80.7665315385 75.3453979918 -0.00707765457331 2.05331757462 12.4227050672 0
390 5.41611003876 81.173968 76.455415 -0.20673661 78.7861195257 77.1679937371 -0.0406431353653 2.49190465164 9.51645510123 0
393 5.44533205032 79.819657 76.754609 -0.1833313 77.0112737412 77.9193984852 -0.0383430176592 3.04035377434 8.30721665698 0
396 5.46043992043 78.325485 77.027059 -0.15611548 75.8237379303 78.0249616904 0.014152218919 2.69342684697 9.75562053546 0
399 5.44241905212 76.892215 77.264525 -0.13798763 73.9911996385 77.313686396 0.0816523347633 2.90143188283 12.5844429933 0
402 5.45262718201 75.420868 77.548324 -0.12557438 72.8887072077 77.7447200897 0.0423001482997 2.53976567858 9.61850195932 0
405 5.4472720623 73.926916 77.691819 -0.097717287 71.2992141348 77.9798959553 0.0492240840841 2.64344574833 8.41912039898 0
408 5.44794201851 72.448195 77.857208 -0.08052134 69.3500887069 77.3607824541 0.107320491179 3.13762663908 10.7625441425 0
411 5.43738603592 71.010734 77.97039 -0.05919809 69.5282039774 77.7978952618 0.133076366243 1.4925313071 11.0165148509 0
414 5.40753102303 70.665666 77.98114 -0.052809071 69.3240069083 79.1563021568 0.0951925733642 1.78355129249 8.47986958307 0
417 5.45297789574 70.65903 77.973391 -0.052747867 69.7963428517 79.5398910236 0.116639190116 1.78833761909 9.70516347689 0
420 5.50776600838 70.662549 77.975477 -0.051931253 69.712857179 79.8525827718 0.122929445885 2.10367312892 10.0187800488 0
423 5.46085095406 70.657477 77.975804 -0.053730261 69.7372001108 80.4130113761 0.08936777561 2.60516589623 8.19891355436 0
426 5.5402970314 70.657208 77.964864 -0.053397677 69.8744076687 79.9581482504 0.12504883198 2.14148510654 10.2242318334 0
