3 1.44527196884 58.425211 99.52669 -0.076600623 36.1422835029 40.7607002013 -0.51032525269 62.8487900827 -24.8505907521 0
6 1.38092184067 58.436309 99.5178 -0.082073852 11.8514957451 41.1541094721 1.45003589129 74.6757336625 87.7834220412 0
9 1.38515901566 59.138497 99.506199 -0.079127672 68.2827688518 97.0406546934 2.39004114876 9.47082976444 141.472952335 0
12 1.38977599144 60.588187 99.398001 -0.084356487 40.8386352596 92.5810512122 2.92257120932 20.8929557114 172.2842663 0
15 1.37323498726 62.026729 99.268445 -0.080345137 133.701966762 11.7038913411 -1.623889724 113.15869726 -88.4385903252 0
18 1.37309098244 63.612811 99.142137 -0.077882356 84.4850705011 84.212028649 -1.0916181566 25.6624112673 -58.0827829154 0
21 1.37134504318 65.109709 99.045111 -0.075303117 133.338349376 50.6752510858 -2.80425130898 83.6348654313 -156.35721391 0
24 1.37126398087 66.576646 98.887554 -0.079079542 83.5445758423 124.53261397 -0.836314888727 30.7502803892 -43.3863894656 0
27 1.48549199104 68.114632 98.811042 -0.080004433 11.2272701974 112.756097983 -0.115759113257 58.571635791 -2.04859227654 0
30 1.38690710068 69.601579 98.673025 -0.074381156 73.9584001725 81.9037646366 2.9789314253 17.3259915694 174.941924443 0
33 1.38050913811 71.154315 98.514904 -0.080273853 111.368522454 54.5580522675 -0.545857173474 59.5767345145 -26.6759592748 0
36 1.38077807426 72.642873 98.438251 -0.077397051 84.6968161888 114.390653398 0.763616159707 19.9944164377 48.1865074883 0
39 1.38293004036 74.179887 98.27586 -0.078945335 18.8444010124 102.32032291 0.573082801537 55.4830937288 37.3584603474 0
42 1.37490296364 75.689674 98.17429 -0.079512997 33.1373479373 68.8975785862 -1.44926084592 51.651004681 -78.4807707401 0
45 1.38176083565 77.259307 98.055637 -0.072379503 48.6597023228 39.3254745729 1.67091272365 65.3235743542 99.8832870448 0
48 1.38743591309 78.667542 97.976243 -0.066300397 77.4561868402 99.9632199838 -0.100386950853 2.32711384713 -1.95301567393 0
51 1.37623381615 80.25432 97.827625 -0.077582567 76.5153462291 98.3115840207 0.107798396725 3.7701646109 10.6215468235 0
54 1.37280106544 81.813353 97.68277 -0.074716444 66.7176120904 24.5291341072 0.054249775783 74.6949518907 7.38922009332 0
57 1.38157701492 82.622729 97.654646 -0.085105116 93.7405056601 66.8045419917 0.159713926832 32.7922837751 14.0270978987 0
60 1.37699699402 81.436592 97.754867 -0.094486992 78.5075574541 99.3120980672 0.0568995614636 3.31725970763 8.67381058849 0
63 1.39260792732 79.890684 97.897701 -0.093381766 25.3779993 84.5324828151 -2.15662062428 56.1271935013 -118.214878707 0
66 1.37600207329 78.411812 98.037468 -0.097953665 76.1707670802 97.5889992392 0.0911624580905 2.28547731601 10.835555691 0
69 1.39213395119 76.931086 98.162597 -0.096433306 56.2697104284 131.085803361 1.84408664696 38.8693961565 111.183603365 0
72 1.37461805344 75.443161 98.337547 -0.10164342 73.2162668877 98.327256534 0.173536725186 2.22691788823 15.766660925 0
75 1.39064502716 73.912871 98.553041 -0.10292365 59.1553652386 23.7837516064 0.0899480525391 76.2117485216 11.050734543 0
78 1.38367390633 72.413468 98.668417 -0.11145399 68.7806271355 98.8408122229 -0.0440183998264 3.63692904243 3.86377470592 0
81 1.39295005798 70.926618 98.82512 -0.11572496 68.4311667272 99.5238108129 0.188959344171 2.59141774076 17.4571247129 0
84 1.37402486801 69.460294 99.048845 -0.12091472 54.1335325502 20.7646056254 0.0613750818867 79.7704942382 10.4444362964 0
87 1.38699412346 67.984026 99.205817 -0.12024712 54.1445001753 23.6229130913 -0.00252151789819 76.8394940009 6.74518014107 0
90 1.38172197342 66.409271 99.378533 -0.12589377 51.7994147894 23.4004270824 -0.00343605691401 77.3700231182 7.01631012865 0
93 1.37239789963 64.97003 99.579245 -0.12534264 63.4930456286 98.8478047016 0.00453941007065 1.64817709709 7.44169330356 0
96 1.3939781189 63.450289 99.830398 -0.13542326 59.5925789781 98.3061025426 0.0244366182827 4.14793963971 9.15929633908 0
99 1.39193606377 62.015499 100.01094 -0.13023941 46.0271085024 25.6679057117 -0.0222788327233 76.0428522473 6.18568543175 0
102 1.38849306107 60.420275 100.24313 -0.1356293 57.4170460122 98.1395448863 0.0221149293894 3.66666806295 9.03807858655 0
105 1.37648797035 58.989222 100.44438 -0.14088208 55.4749236377 99.2091042738 -0.0329649026659 3.72507705951 6.18319879821 0
108 1.36265301704 58.528509 100.58832 -0.24160345 56.8509568299 100.604912215 -0.148364473985 1.67763422263 5.34219981176 0
111 1.36688303947 58.390768 100.67023 -0.3827913 56.2003339346 101.498983647 -0.241922242312 2.34197224643 8.07120246953 0
114 1.36367988586 58.26024 100.80046 -0.53685502 57.8977419207 100.575150134 -0.426282428236 0.426813065759 6.33534283792 0
117 1.37585997581 58.2435 100.85046 -0.70040996 56.3687419106 101.932462816 -0.505339004643 2.16458956543 11.1767424476 0
120 1.38033509254 58.129433 100.95873 -0.85888639 56.4148197218 101.910318367 -0.48175501519 1.96097402167 21.6080360986 0
123 1.3858230114 58.21235 101.09089 -1.0276822 55.7499814193 102.311324138 -0.771408457834 2.74822097231 14.6834038261 0
126 1.40173387527 58.152327 101.12822 -1.1869287 56.3705697326 103.347072897 -1.21166197278 2.8456927342 -1.41711214407 0
129 1.3915169239 58.049715 101.26081 -1.3398137 56.90340541 100.342142071 -1.27494580828 1.46900525521 3.7166564216 0
132 1.39109897614 58.024835 101.49733 -1.4943786 54.5593614971 102.588267914 -1.50181123553 3.63313255078 -0.425858646306 0
135 1.37186694145 58.064001 101.65215 -1.6522241 54.9795818204 104.9406166 -1.69554391057 4.5086199942 -2.48204231503 0
138 1.37553906441 58.104403 101.68885 -1.8037565 54.1063359695 101.832903515 -1.6835980286 4.0006613698 6.88457328369 0
141 1.3814599514 58.177183 101.78616 -1.9584038 57.727314023 101.585339183 -2.08186089636 0.492657179913 -7.07357057256 0
144 1.37954092026 58.164815 101.89412 -2.1101089 56.618279286 101.880215314 -2.13054859612 1.54659822023 -1.17110832218 0
147 1.37275409698 58.333441 101.96561 -2.2758326 56.249241124 102.393445855 -2.36259200988 2.12765895813 -4.9709480189 0
150 1.38668394089 58.547547 101.97367 -2.4518694 55.7804178196 102.117182017 -2.31387604326 2.7708481734 7.90643694225 0
153 1.38586306572 58.609003 102.09152 -2.5989269 54.8376908446 102.459182284 -2.40169203249 3.78919132907 11.300725481 0
156 1.38336110115 58.561869 102.14088 -2.6173282 53.1168558825 104.309419583 -2.41239960935 5.86094973291 11.7415433457 0
159 1.37219595909 58.51155 102.01626 -2.5045701 54.7252233949 102.678562783 -2.32090575944 3.84381504983 10.5231915614 0
162 1.39329099655 58.437648 101.90068 -2.3721379 50.6795539243 98.4392085109 -2.05615203572 8.49528154668 18.1046564091 0
165 1.38286280632 58.147744 101.95537 -2.2082701 49.454834869 99.2618125348 -1.74897902034 9.10065497524 26.3154404324 0
168 1.40021419525 58.037351 101.82492 -2.0566813 51.9048973896 101.148632069 -1.71704746236 6.1696314841 19.4595854769 0
171 1.38679099083 57.944091 101.71587 -1.9011295 52.2182778102 99.2528287169 -1.59601678087 6.23309786911 17.4816710821 0
174 1.38180184364 57.908577 101.57431 -1.7585036 49.9375631524 100.797281525 -1.29706418854 8.00879735101 26.4385307774 0
177 1.3734600544 57.841285 101.40683 -1.6171883 51.2870624432 100.298788617 -1.16476968323 6.6472241598 25.9216773139 0
180 1.37470293045 57.86028 101.30305 -1.4556073 52.6495297354 101.720788428 -1.0928641852 5.22746819355 20.7836495253 0
183 1.37855195999 57.788579 101.03213 -1.3093986 53.2521051258 99.9791167407 -1.07478981598 4.65708408077 13.4420931608 0
186 1.40500116348 57.852229 100.87925 -1.1701135 51.0518139205 100.775739712 -0.936081945541 6.80120280782 13.4090203434 0
189 1.37127900124 57.956865 100.8248 -1.0236231 50.5319396209 101.276161918 -0.74485690533 7.43863189486 15.9721264255 0
192 1.38632082939 57.906072 100.67156 -0.85835482 51.8366256617 102.935700458 -0.565547306405 6.47800207369 16.7766347387 0
195 1.38421487808 57.990597 100.53155 -0.72265365 52.0003816865 100.800160843 -0.440105692391 5.99623475915 16.188805481 0
198 1.37606906891 58.042848 100.37669 -0.56279892 52.6956617899 102.494958347 -0.0648078982774 5.7514746941 28.5327837801 0
201 1.38655495644 58.157277 100.32166 -0.41301063 55.373847739 103.974057036 -0.272127840501 4.59211090485 8.07198924433 0
204 1.37404584885 58.686264 100.08548 -0.29965148 54.1942470636 103.49616628 0.0188222912654 5.6401238514 18.2472029791 0
207 1.38106584549 59.980629 99.666017 -0.30408986 54.7082298608 102.959920285 0.0923499247159 6.21675088258 22.7143264953 0
210 1.37874388695 61.363687 99.173884 -0.32636207 54.8042813809 103.83619671 0.030784832541 8.04754384131 20.4630101818 0
213 1.37844991684 62.885593 98.69498 -0.37512441 60.9372593084 101.082438109 -0.288685724495 3.08155162131 4.95257186611 0
216 1.38701605797 64.287236 98.118834 -0.4012694 61.6707862608 99.048139387 -0.325637074966 2.77658382552 4.3334130192 0
219 1.38979077339 66.572969 97.068508 -0.44319642 63.1246736611 100.126861784 -0.367034950503 4.60915053046 4.3637307637 0
222 1.38784098625 67.896132 96.441291 -0.47211549 65.1212494672 98.557004475 -0.407118824488 3.48944359159 3.72403461624 0
225 1.37904906273 69.150612 95.708615 -0.49267498 66.2163932108 96.6101375224 -0.422467579452 3.0695899989 4.02258774199 0
228 1.40805315971 70.465141 94.973778 -0.52461339 67.030858825 97.5519027331 -0.528418793721 4.29430101381 -0.218033572535 0
231 1.37720394135 71.675984 94.192345 -0.54871183 69.2842114208 94.9828839687 -0.425291679836 2.51903313424 7.07145371126 0
234 1.39535498619 72.999296 93.402727 -0.58180979 70.9441545436 96.0460329842 -0.477175146196 3.34823430062 5.99512348082 0
237 1.37765812874 74.284244 92.44261 -0.63095882 71.5911728904 93.0262141877 -0.543408759366 2.75558085512 5.01624897046 0
240 1.37758708 75.447368 91.599491 -0.66374929 73.6333832936 93.299828988 -0.595541772535 2.48630042197 3.90800288184 0
243 1.37694907188 76.572595 90.665594 -0.69142624 73.372676156 92.2397637405 -0.571778584036 3.56615913553 6.85530571536 0
246 1.38516998291 77.783785 89.658033 -0.71509647 74.9404881078 91.8333605611 -0.644115048069 3.57999821441 4.0669359005 0
249 1.38006687164 78.874801 88.696028 -0.74032963 77.4894513926 90.1534470628 -0.689867030227 2.01078687567 2.89129399023 0
252 1.38038897514 80.03236 87.613917 -0.7252394 78.0002441581 89.4602264486 -0.635329264602 2.74560619443 5.15147129374 0
255 1.39204502106 81.079285 86.604124 -0.70281223 78.6883329721 87.9938504904 -0.643252923628 2.76550019307 3.41249688585 0
258 1.39049100876 82.380517 85.593177 -0.66953842 80.3968365068 87.6332853868 -0.624522651281 2.84552816346 2.57921355911 0
261 1.39054203033 83.553536 84.670161 -0.64546431 80.9131717774 86.9748196749 -0.571042087927 3.50470752502 4.26407922674 0
264 1.41967892647 84.753159 83.736184 -0.60820056 82.0573370892 85.5749531412 -0.519679033756 3.26320819581 5.07190984984 0
267 1.40793991089 85.938286 82.919631 -0.58097683 84.7527898997 84.1759049006 -0.504941192312 1.72731731804 4.35652113209 0
270 1.39046192169 87.249998 82.030848 -0.55954063 84.7056459502 83.8763084626 -0.466440796895 3.14315950475 5.33422751027 0
273 1.38256406784 88.578333 81.141585 -0.52544337 85.4104956149 82.8454091359 -0.468733925611 3.59697239138 3.24921182202 0
276 1.36594891548 89.874585 80.458812 -0.49549775 88.3078296386 81.0763289983 -0.410001478806 1.68405748292 4.89857550351 0
279 1.36354207993 91.229191 79.664539 -0.46697991 88.6055013122 81.6145371221 -0.371748191439 3.26898153159 5.45637554934 0
282 1.37400484085 92.640842 79.007823 -0.44436504 90.3794287647 80.6557056041 -0.378915062017 2.79812560435 3.75000750765 0
285 1.40607404709 93.942666 78.269838 -0.40450827 91.56709084 79.912905479 -0.321818944125 2.88843003745 4.7377493834 0
288 1.38200998306 95.385584 77.620959 -0.38607018 93.3229954323 80.262765016 -0.251995742844 3.35162805604 7.68189938963 0
291 1.41472601891 96.747733 77.074345 -0.36376533 95.103056267 78.8043151631 -0.265178502739 2.38699776317 5.64860911763 0
294 1.38585591316 98.250871 76.540386 -0.33417824 95.459924604 78.8024878089 -0.272210058475 3.59255986439 3.55051526548 0
297 1.37576794624 99.752933 76.027378 -0.30758365 96.7134387466 78.9675722984 -0.185645657114 4.22886129226 6.98653235466 0
300 1.39364886284 100.00981 75.897783 -0.33361957 97.0835130456 78.9602012333 -0.214260447708 4.23575486794 6.8387739537 0
303 1.38637208939 98.714105 76.429985 -0.36219797 96.6644600854 79.1114223709 -0.168524713856 3.37507787323 11.0966601816 0
306 1.39211797714 97.284888 77.028291 -0.39087517 94.6880538259 78.6715598026 -0.291008342173 3.07308966438 5.72194774784 0
309 1.38232898712 95.817851 77.649213 -0.42317241 93.0871675748 77.8147949645 -0.287564220453 2.73569906156 7.76977692844 0
312 1.37227916718 94.571565 78.35291 -0.46228827 92.2530796285 79.3297338023 -0.317637619009 2.51586151421 8.28787180561 0
315 1.37675595284 93.13187 79.138887 -0.4938927 90.1130762387 79.9568377519 -0.341081020809 3.12764435413 8.75546427796 0
318 1.38974785805 91.836662 79.862922 -0.52529077 89.291799015 80.1271516843 -0.352998375699 2.55854351898 9.87162703564 0
321 1.36979794502 90.529269 80.702102 -0.55721841 88.5285655802 81.4184779353 -0.473638826716 2.12509026982 4.78875737562 0
324 1.3750898838 89.308886 81.573217 -0.59808232 87.6668758807 81.1778253369 -0.418299264089 1.68894398939 10.3008103317 0
327 1.387403965 88.100372 82.484783 -0.6409076 85.2741399418 82.5343018493 -0.434197877176 2.82666583862 11.8435947021 0
330 1.39168715477 86.96204 83.432583 -0.67310863 84.0937145514 83.6726286475 -0.524352347918 2.87835244399 8.52310713937 0
333 1.37810707092 85.711036 84.448892 -0.70015711 84.6049791754 84.3240492598 -0.550271538362 1.11308014494 8.58781066478 0
336 1.36885309219 84.630521 85.38864 -0.74348817 82.4902312824 86.9969380835 -0.612818340089 2.67721175868 7.48682976359 0
339 1.38591504097 83.531548 86.470864 -0.76732045 80.7664039246 86.4824606487 -0.573125821847 2.76516839273 11.1265325973 0
342 1.38366794586 82.436303 87.632765 -0.79615086 79.9568823299 88.723318929 -0.717591148508 2.70865921285 4.50113990828 0
345 1.37286114693 81.390428 88.717115 -0.83255466 77.9634164025 87.2129763993 -0.632650812315 3.74257149827 11.4536467808 0
348 1.39877200127 80.091493 90.270385 -0.85191671 77.6788930343 90.0370974604 -0.724805326398 2.42385265037 7.28294580847 0
351 1.38298511505 79.121061 91.3195 -0.83027867 76.5967534637 89.8201104879 -0.607145969269 2.93603430618 12.7845620232 0
354 1.3939640522 78.091476 92.534394 -0.81038411 75.49389194 90.7284532845 -0.630339121285 3.16367900026 10.3158179759 0
357 1.38477015495 77.093441 93.512556 -0.78090008 75.569371704 94.5455899632 -0.753562444089 1.84118070496 1.56633115955 0
360 1.38611912727 76.051262 94.597058 -0.76703211 72.8794824097 93.3434111619 -0.559562769665 3.41054484856 11.8871175795 0
363 1.37550711632 75.027276 95.58972 -0.75132884 72.0475823537 93.0301448087 -0.565178439351 3.92810379005 10.6656323119 0
366 1.39146995544 73.852657 96.593273 -0.72312741 70.5906593416 96.0582612095 -0.588039817683 3.3055810895 7.73994890434 0
369 1.37725996971 72.811015 97.559971 -0.70587276 69.6179483816 96.5070513911 -0.49943190804 3.36218889004 11.8281895364 0
372 1.37310409546 71.630899 98.505259 -0.68120937 69.0017801778 99.4071372823 -0.598485989558 2.77950539074 4.73970056637 0
375 1.37439703941 70.538887 99.423882 -0.66641532 67.4560348658 99.4634032225 -0.604381104528 3.08310544878 3.55429873196 0
378 1.3757379055 69.331788 100.31013 -0.63648641 66.2672292473 99.6106393173 -0.516594511006 3.14337518665 6.86929981019 0
381 1.36117506027 68.205766 101.18772 -0.63190253 66.4159425704 101.811985009 -0.558575418628 1.89556712116 4.20133400548 0
384 1.36705303192 66.997353 102.01418 -0.604237 63.7451279244 103.126607447 -0.460641813615 3.43721729989 8.22739813826 0
387 1.38705515862 65.749881 102.79371 -0.58263231 63.3784140065 103.573816958 -0.461656355851 2.49648203813 6.93141159528 0
390 1.38524413109 64.390622 103.72927 -0.540005 62.3215007378 103.537865375 -0.417685231364 2.0779553721 7.00840649388 0
393 1.37845206261 63.066948 104.49561 -0.5165186 61.8075955795 105.234808045 -0.485815031012 1.46026787591 1.75918491899 0
396 1.84632897377 62.072466 105.11862 -0.50368551 58.6645633082 105.93399431 -0.349592588918 3.50408847229 8.82887403086 0
399 1.37995290756 62.084059 105.11634 -0.50537083 57.7717672795 104.354275395 -0.315084132859 4.3791097663 10.9026246437 0
402 1.37918806076 62.06969 105.12384 -0.50501376 60.1936902093 107.219269966 -0.437286513422 2.8125081258 3.88048538697 0
405 1.38496017456 62.088061 105.11683 -0.50531554 58.7638879248 105.841212603 -0.326114550017 3.40218412048 10.2674604106 0
408 1.376060009 62.080145 105.11527 -0.50526072 59.2585883592 108.99750704 -0.410802066683 4.7992651842 5.41208217353 0
411 1.38328194618 62.084425 105.11388 -0.50526675 58.4045176106 106.402748581 -0.312829867543 3.89908971619 11.0258211874 0
414 1.37197518349 62.090561 105.10315 -0.50372534 58.3641679054 108.708134774 -0.3208687262 5.18477778842 10.4769122268 0
