3 2.72204399109 58.425211 99.52669 -0.076600623 143.260479983 25.0259736667 -1.31778495684 112.904293973 -71.1146239267 0
6 2.73683786392 58.436309 99.5178 -0.082073852 43.4442281842 83.3381822857 -2.29671717231 22.0577087787 -126.889715381 0
9 2.74804401398 59.138497 99.506199 -0.079127672 100.864737692 101.640899255 2.93325144672 41.7808102777 172.596609796 0
12 2.74227404594 60.588187 99.398001 -0.084356487 28.7179800755 92.1620478989 0.794464404543 32.6813265749 50.3527280334 0
15 2.71084403992 62.026729 99.268445 -0.080345137 82.4569217353 86.5011180891 -0.536731470193 24.0914385551 -26.1490107194 0
18 2.73440599442 63.612811 99.142137 -0.077882356 37.3250403247 59.5182581872 1.38008842698 47.5510111275 83.5355725182 0
21 2.72602891922 65.109709 99.045111 -0.075303117 80.679982845 80.8807405717 -1.73374861492 23.9244180841 -95.0219275831 0
24 2.73746299744 66.576646 98.887554 -0.079079542 24.3410674344 37.9458104274 -0.122667941897 74.1467477806 -2.4974313498 0
27 2.71699500084 68.114632 98.811042 -0.080004433 71.446961598 136.196482694 2.52710892941 37.5336595129 149.376592378 0
30 2.76551318169 69.601579 98.673025 -0.074381156 46.339108767 108.634670003 1.68959316214 25.3056691773 101.068283599 0
33 2.76406502724 71.154315 98.514904 -0.080273853 113.604118301 68.2355394703 1.81148667187 52.1423600981 108.389893925 0
36 2.74433398247 72.642873 98.438251 -0.077397051 70.7177417397 99.0948080919 -0.403779400684 2.03401022224 -18.7003311444 0
39 2.81576395035 74.179887 98.27586 -0.078945335 77.9622250065 107.67380847 2.0620475846 10.1305239864 122.66985826 0
42 2.75342488289 75.689674 98.17429 -0.079512997 124.519144372 96.2754890009 1.67133529515 48.8663751674 100.316217708 0
45 2.75040793419 77.259307 98.055637 -0.072379503 89.2136974533 12.0656739419 -2.94938298534 86.8169407307 -164.840157183 0
48 2.7406129837 78.667542 97.976243 -0.066300397 98.6343870329 11.821290114 0.362225649776 88.4384012031 24.5527338917 0
51 2.72143888474 80.25432 97.827625 -0.077582567 77.2810485153 100.072674776 -0.0324675498614 3.72566662715 2.5849000747 0
54 2.73829603195 81.813353 97.68277 -0.074716444 79.5922941169 98.3156817119 0.0543328547989 2.30947608718 7.3939801703 0
57 2.76713705063 82.622729 97.654646 -0.085105116 81.0997164884 99.0434952056 -0.0242032895246 2.06118151221 3.48941762168 0
60 2.73870301247 81.436592 97.754867 -0.094486992 80.1443800858 99.5525722341 0.0929736227752 2.21394574003 10.7407020515 0
63 2.74504494667 79.890684 97.897701 -0.093381766 76.4716763763 98.2873208798 0.00312527596893 3.44113597252 5.52944619811 0
66 2.76364994049 78.411812 98.037468 -0.097953665 77.6120850485 99.8506709407 0.00631004243804 1.98173361006 5.97387039259 0
69 2.73698401451 76.931086 98.162597 -0.096433306 74.4832884528 99.0922221895 0.0505407691022 2.61838038209 8.4209942012 0
72 2.73898696899 75.443161 98.337547 -0.10164342 72.8574542731 98.4615892413 0.0420775321787 2.58868031152 8.23460398744 0
75 2.74049592018 73.912871 98.553041 -0.10292365 71.6092900246 99.2882460216 0.00633644480569 2.41805949757 6.26014230157 0
78 2.74026012421 72.413468 98.668417 -0.11145399 70.3865069761 100.18574071 -0.0306767052187 2.53196410564 4.6281974985 0
81 2.72784900665 70.926618 98.82512 -0.11572496 69.140576948 99.4378697845 0.0181647292895 1.88822798879 7.6713141166 0
84 2.74596095085 69.460294 99.048845 -0.12091472 67.1515441552 99.4190972068 -0.0417583075402 2.33824988883 4.53532835534 0
87 2.72553610802 67.984026 99.205817 -0.12024712 66.0664443783 98.5568136861 0.0139584080885 2.02443191468 7.6894103468 0
90 2.72388195992 66.409271 99.378533 -0.12589377 63.875160184 99.0799360591 0.0129769484506 2.55164216946 7.95670606517 0
93 2.74876284599 64.97003 99.579245 -0.12534264 62.5622547553 98.5582459669 0.00715767234473 2.61530507867 7.59170868152 0
96 2.75355100632 63.450289 99.830398 -0.13542326 60.766690314 98.4429968527 0.036124463817 3.0210236429 9.82896055979 0
99 2.71681904793 62.015499 100.01094 -0.13023941 59.9248660177 98.8511843599 0.0150185555685 2.39076962745 8.32266836773 0
102 2.8781671524 60.420275 100.24313 -0.1356293 58.0751859818 97.8769906677 0.0299065844392 3.33137476771 9.48450753633 0
105 2.76793503761 58.989222 100.44438 -0.14088208 56.0143096714 98.2896466561 0.0187666692456 3.67327907274 9.14719953631 0
108 2.88380098343 58.528509 100.58832 -0.24160345 56.183609461 99.3523013683 -0.113239688234 2.65071611188 7.35470179161 0
111 2.76875686646 58.390768 100.67023 -0.3827913 56.8408315941 99.7892563909 -0.219966138098 1.78281164524 9.32919457549 0
114 2.97904706001 58.26024 100.80046 -0.53685502 56.3499695469 100.66725663 -0.382226909558 1.91490896431 8.85953812242 0
117 2.7571439743 58.2435 100.85046 -0.70040996 56.5206440269 101.33918427 -0.486025197209 1.79083335792 12.2833420998 0
120 3.05039000511 58.129433 100.95873 -0.85888639 56.3437230001 101.601048209 -0.664798729952 1.89771780961 11.1204037763 0
123 2.78043484688 58.21235 101.09089 -1.0276822 55.97263907 101.551945165 -0.779535324731 2.28667376655 14.2177686523 0
126 2.73586702347 58.152327 101.12822 -1.1869287 55.0393858991 100.959739751 -1.00226439982 3.11749705568 10.5804850273 0
129 2.8145301342 58.049715 101.26081 -1.3398137 55.4207822815 101.550472452 -1.29952711568 2.64484244789 2.30825125273 0
132 2.74152588844 58.024835 101.49733 -1.4943786 56.3615769264 102.208195047 -1.47997558429 1.80879974965 0.825232012409 0
135 2.87353587151 58.064001 101.65215 -1.6522241 55.9106416042 102.470172112 -1.65180812661 2.30350100117 0.0238335196672 0
138 2.75384092331 58.104403 101.68885 -1.8037565 57.5052821818 104.171648486 -1.92742135073 2.55406226986 -7.08547402092 0
141 2.74445295334 58.177183 101.78616 -1.9584038 56.1805921273 103.04025831 -1.8972201683 2.35778236558 3.50556387186 0
144 2.75333309174 58.164815 101.89412 -2.1101089 57.2673815793 101.534161589 -2.07688771136 0.966931643094 1.90343389963 0
147 2.73246502876 58.333441 101.96561 -2.2758326 56.0215238817 101.58283026 -2.25468681585 2.34339093859 1.21156418637 0
150 2.73752307892 58.547547 101.97367 -2.4518694 55.6591496292 102.246468329 -2.27639695725 2.90125116113 10.0538303906 0
153 2.73835301399 58.609003 102.09152 -2.5989269 54.6884482346 102.268294298 -2.40387783201 3.92453803916 11.175488394 0
156 2.74655890465 58.561869 102.14088 -2.6173282 54.1138541556 102.263786227 -2.48426744778 4.44971257464 7.6238195208 0
159 2.72531414032 58.51155 102.01626 -2.5045701 53.80543242 102.979132043 -2.31123064727 4.80360960605 11.0775346548 0
162 2.72235298157 58.437648 101.90068 -2.3721379 55.4398072495 101.632632145 -2.32633940738 3.00980046145 2.62406033523 0
165 2.72489094734 58.147744 101.95537 -2.2082701 54.4990010045 102.292915049 -2.09557800752 3.66432287153 6.45678128382 0
168 2.7284450531 58.037351 101.82492 -2.0566813 50.0746691549 98.9895147435 -1.60406672524 8.45244492049 25.9329048798 0
171 2.72224521637 57.944091 101.71587 -1.9011295 52.1215210661 101.463663884 -1.62634616654 5.82802956069 15.7439252879 0
174 2.7388150692 57.908577 101.57431 -1.7585036 51.8411901011 99.5347119548 -1.46110633641 6.40102679004 17.0396080426 0
177 2.72133898735 57.841285 101.40683 -1.6171883 53.8652902113 101.15988298 -1.50392113538 3.9836562842 6.48973049036 0
180 2.74776101112 57.86028 101.30305 -1.4556073 54.3178370197 101.761438093 -1.33744165624 3.57197731134 6.77039267063 0
183 2.74204587936 57.788579 101.03213 -1.3093986 52.9787647713 101.258779512 -1.08205318191 4.81515139081 13.0259329479 0
186 2.74934196472 57.852229 100.87925 -1.1701135 50.7649110156 100.593099643 -0.823049245305 7.09309229026 19.8853170139 0
189 2.76563501358 57.956865 100.8248 -1.0236231 52.8461686849 100.687003961 -0.848701024375 5.11255362551 10.022296677 0
192 2.74192404747 57.906072 100.67156 -0.85835482 55.0465393056 101.471983718 -0.754425497861 2.96944529474 5.95471152619 0
195 2.73569202423 57.990597 100.53155 -0.72265365 53.0196964575 102.124055294 -0.405765526258 5.21976295582 18.1563520682 0
198 2.74499607086 58.042848 100.37669 -0.56279892 53.3286761023 100.757322544 -0.00530233547371 4.72951348603 31.9422013863 0
201 2.74172711372 58.157277 100.32166 -0.41301063 54.051195564 101.854651678 0.106933707561 4.38291777739 29.7906161239 0
204 2.74564814568 58.686264 100.08548 -0.29965148 54.940325294 101.678902546 0.0763027418193 4.07075572809 21.5405902004 0
207 2.74485301971 59.980629 99.666017 -0.30408986 55.2172127112 102.600734739 0.2086442527 5.59488185309 29.3775006701 0
210 2.74965000153 61.363687 99.173884 -0.32636207 57.5176657562 102.947742666 0.0326690309025 5.38831036936 20.5709667956 0
213 2.7322769165 62.885593 98.69498 -0.37512441 59.9721574549 100.054070549 -0.124408086902 3.21484584316 14.3649871685 0
216 2.75268697739 64.287236 98.118834 -0.4012694 61.2189198258 99.6021357359 -0.222277867061 3.40804169344 10.255459406 0
219 2.73899412155 66.572969 97.068508 -0.44319642 63.3481993988 98.7734390692 -0.324516990893 3.6477292843 6.79983040284 0
222 2.71851301193 67.896132 96.441291 -0.47211549 64.9965727767 97.4837620351 -0.341660338541 3.08126427764 7.47452959432 0
225 2.73914003372 69.150612 95.708615 -0.49267498 67.1308849393 98.0508963787 -0.452887881846 3.09282709778 2.27963280329 0
228 2.70506215096 70.465141 94.973778 -0.52461339 66.7448606594 96.1774951983 -0.451770066832 3.91016891022 4.17361498326 0
231 2.73497009277 71.675984 94.192345 -0.54871183 69.3853009003 95.8101131783 -0.487856327482 2.80435428258 3.48676345444 0
234 2.72005701065 72.999296 93.402727 -0.58180979 70.5326714151 94.9112355412 -0.475343371234 2.89133790162 6.10007645517 0
237 2.73836708069 74.284244 92.44261 -0.63095882 72.1550392294 94.1331199129 -0.54278702879 2.71870129308 5.05187150845 0
240 2.72463393211 75.447368 91.599491 -0.66374929 73.3991906563 93.0866615575 -0.548970816513 2.53114730872 6.57632210977 0
243 2.73359394073 76.572595 90.665594 -0.69142624 74.0173970064 91.6195664922 -0.592538664693 2.72747141188 5.66584071138 0
246 2.73509311676 77.783785 89.658033 -0.71509647 75.5106904065 91.6176829857 -0.664673642557 3.00119761059 2.88901520362 0
249 2.74572491646 78.874801 88.696028 -0.74032963 76.519442095 90.3176350555 -0.615341582472 2.8596022475 7.16128761296 0
252 2.73784708977 80.03236 87.613917 -0.7252394 78.2000033136 89.9171950681 -0.660280658928 2.94323306675 3.7218617059 0
255 2.7288839817 81.079285 86.604124 -0.70281223 79.4060917573 88.7774136547 -0.631710440037 2.7427656755 4.07383248071 0
258 2.73461294174 82.380517 85.593177 -0.66953842 79.6326832857 85.9729589948 -0.634397186012 2.77395466528 2.0134443944 0
261 2.73392009735 83.553536 84.670161 -0.64546431 80.2718241585 85.8385084839 -0.562776845496 3.48348510174 4.73764273469 0
264 2.72330498695 84.753159 83.736184 -0.60820056 82.5379289057 85.5067761337 -0.53983692234 2.83588449597 3.9169479101 0
267 2.71507906914 85.938286 82.919631 -0.58097683 84.7708371383 85.2983447431 -0.512807451332 2.64975770901 3.90581768971 0
270 2.73717808723 87.249998 82.030848 -0.55954063 85.0772460012 83.5745087235 -0.475116237306 2.66528416453 4.83716138931 0
273 2.72177600861 88.578333 81.141585 -0.52544337 85.1306664214 82.6317782011 -0.46352040922 3.75593937836 3.54792430763 0
276 2.74469804764 89.874585 80.458812 -0.49549775 87.9033969953 82.1436961258 -0.403602199886 2.59314802262 5.26522717758 0
279 2.75233697891 91.229191 79.664539 -0.46697991 88.6151793945 81.0918409022 -0.377883209519 2.97829605546 5.10486490613 0
282 2.75997400284 92.640842 79.007823 -0.44436504 89.8395963171 80.6063832089 -0.368652416218 3.22527085957 4.33801379855 0
285 2.7094578743 93.942666 78.269838 -0.40450827 91.2423101891 80.6145427387 -0.370906617713 3.57624968606 1.9252328607 0
288 2.72115302086 95.385584 77.620959 -0.38607018 93.4946655079 79.8302286525 -0.289970474287 2.90799675745 5.5061075498 0
291 2.73114585876 96.747733 77.074345 -0.36376533 94.7752366685 79.5142431891 -0.29505468361 3.13749023124 3.93683004576 0
294 2.72683596611 98.250871 76.540386 -0.33417824 96.3106886073 78.5487394268 -0.238978377805 2.79245254281 5.45455031401 0
297 2.72111797333 99.752933 76.027378 -0.30758365 96.1887084788 79.0279443061 -0.199308234274 4.6590873135 6.20372434615 0
300 2.7335858345 100.00981 75.897783 -0.33361957 98.0789392143 79.3675664061 -0.184985814532 3.97085115261 8.5160868815 0
303 2.72824215889 98.714105 76.429985 -0.36219797 96.041566826 79.1416400006 -0.2117696689 3.80729997949 8.61890677235 0
306 2.84870100021 97.284888 77.028291 -0.39087517 95.3483410646 79.2221730394 -0.255632438313 2.92631721378 7.74883773549 0
309 2.74171495438 95.817851 77.649213 -0.42317241 93.1631636583 77.9826925485 -0.285952150938 2.67555106315 7.86214170796 0
312 2.72243118286 94.571565 78.35291 -0.46228827 92.7294250584 79.2414057329 -0.303262051536 2.04521495982 9.11153114991 0
315 2.71258711815 93.13187 79.138887 -0.4938927 90.6951191698 80.4688722561 -0.342155396427 2.77607913965 8.69390708942 0
318 2.73291492462 91.836662 79.862922 -0.52529077 90.018524351 81.1405393254 -0.402552562426 2.22214548152 7.032381279 0
321 2.73890399933 90.529269 80.702102 -0.55721841 88.6843109893 81.8935401608 -0.442983354893 2.19622288309 6.54518653008 0
324 2.71616292 89.308886 81.573217 -0.59808232 87.9300332852 80.9300293326 -0.379470920412 1.52148781939 12.5255105498 0
327 2.73673701286 88.100372 82.484783 -0.6409076 85.6360452137 82.7653420184 -0.438694404301 2.48024592986 11.5859626754 0
330 2.75986909866 86.96204 83.432583 -0.67310863 83.8934918372 83.3355540377 -0.470101101377 3.0700818307 11.6314745995 0
333 2.72648906708 85.711036 84.448892 -0.70015711 84.2546796971 83.8749654217 -0.538640224097 1.5653643021 9.25423588235 0
336 2.73164701462 84.630521 85.38864 -0.74348817 81.2979625978 85.8379942731 -0.575778430384 3.36271687288 9.60906026326 0
339 2.84737706184 83.531548 86.470864 -0.76732045 80.1026243471 86.6805857316 -0.593361734415 3.43533122451 9.96710021255 0
342 2.7348921299 82.436303 87.632765 -0.79615086 79.6435809291 87.8445632587 -0.663166032623 2.8007418781 7.61946934798 0
345 2.7619509697 81.390428 88.717115 -0.83255466 78.4488837061 87.9272879095 -0.644672286755 3.04573630931 10.7648670318 0
348 2.73895907402 80.091493 90.270385 -0.85191671 78.1180531713 89.8856767904 -0.702436399428 2.01058826314 8.56459091607 0
351 2.74580001831 79.121061 91.3195 -0.83027867 77.880350501 90.5626039086 -0.662224731531 1.45335963734 9.62878140481 0
354 2.85103607178 78.091476 92.534394 -0.81038411 74.7853929605 92.064054136 -0.612224939786 3.3393718948 11.3536841251 0
357 2.70680785179 77.093441 93.512556 -0.78090008 74.2844668203 92.6640088153 -0.630650914406 2.93434290209 8.60864306392 0
360 2.87018895149 76.051262 94.597058 -0.76703211 73.8470184253 94.7008487286 -0.637563802274 2.20668580727 7.41798761341 0
363 2.83653998375 75.027276 95.58972 -0.75132884 72.7169200322 94.5055140613 -0.618223164391 2.55210642709 7.62639344163 0
366 2.72116684914 73.852657 96.593273 -0.72312741 70.4330434653 95.1337704263 -0.543585378219 3.71805116819 10.2870006663 0
369 2.71654891968 72.811015 97.559971 -0.70587276 69.3248634832 95.7967765883 -0.506288800255 3.90667466415 11.4353185519 0
372 2.73095798492 71.630899 98.505259 -0.68120937 68.7029334754 98.4551113628 -0.538038036316 2.92839493555 8.20311316735 0
375 2.74081707001 70.538887 99.423882 -0.66641532 67.1158364585 100.368520768 -0.537103803655 3.55100231088 7.40900412903 0
378 2.95553088188 69.331788 100.31013 -0.63648641 66.1978735604 99.3090195625 -0.475212134607 3.28993036744 9.24033532407 0
381 2.72394609451 68.205766 101.18772 -0.63190253 65.5925016974 101.731407473 -0.473351247021 2.669222056 9.08431935109 0
384 2.72829008102 66.997353 102.01418 -0.604237 64.3467605243 103.265337981 -0.488698190347 2.93104704234 6.61988616307 0
387 2.74946498871 65.749881 102.79371 -0.58263231 63.3112151859 102.604965401 -0.366811531785 2.4459590096 12.3656197229 0
390 2.71316695213 64.390622 103.72927 -0.540005 62.0839271646 104.880906921 -0.442171663522 2.57819872437 5.60543727587 0
393 2.72346496582 63.066948 104.49561 -0.5165186 60.9946281848 103.910209537 -0.336387859464 2.15341661511 10.3207311933 0
396 2.73155093193 62.072466 105.11862 -0.50368551 59.2484345668 105.30090477 -0.353135933712 2.82990835062 8.62585532878 0
399 2.76145005226 62.084059 105.11634 -0.50537083 58.544461341 105.438397552 -0.306590961937 3.5542189936 11.3892474922 0
402 2.73199605942 62.06969 105.12384 -0.50501376 58.6270556481 106.159996376 -0.367717446111 3.59518446217 7.86649932852 0
405 2.72163105011 62.088061 105.11683 -0.50531554 58.9834532256 106.465614346 -0.375744096151 3.38493849965 7.42389687794 0
408 2.72568106651 62.080145 105.11527 -0.50526072 58.2133659197 106.333715694 -0.335936969995 4.05420650267 9.70153624661 0
411 2.72506117821 62.084425 105.11388 -0.50526675 58.2144388962 105.975321085 -0.357169364122 3.96470341731 8.48535516774 0
414 2.75081396103 62.090561 105.10315 -0.50372534 58.8998669265 106.497573155 -0.310371978712 3.48208911501 11.0783315565 0
