3 11.1427471638 58.425211 99.52669 -0.076600623 90.3521696275 125.421928471 -1.79108165113 41.1083210882 -98.2325269671 0
6 11.2836849689 58.436309 99.5178 -0.082073852 6.4864054302 122.875661942 -1.10773426529 56.959478539 -58.766012895 0
9 11.3277029991 59.138497 99.506199 -0.079127672 40.3340157451 29.2887730511 0.568554075385 72.6917837321 37.1094305928 0
12 11.2599067688 60.588187 99.398001 -0.084356487 91.1053400011 86.3419327239 -0.291047844914 33.1927333331 -11.8425424703 0
15 11.2453870773 62.026729 99.268445 -0.080345137 143.694360669 16.4125412539 2.93986094003 116.338741819 173.045061473 0
18 11.2857518196 63.612811 99.142137 -0.077882356 85.2911524951 8.88237381546 -0.36871274456 92.8265874634 -16.6633538186 0
21 11.2979807854 65.109709 99.045111 -0.075303117 138.908644259 14.564159428 2.7034000616 112.175371735 159.207964654 0
24 11.2794811726 66.576646 98.887554 -0.079079542 138.497066009 13.9011115001 2.92037287049 111.333922158 171.855964086 0
27 11.3098168373 68.114632 98.811042 -0.080004433 60.2061275635 12.9617125504 -1.35669930933 86.2128285661 -73.1492281399 0
30 11.3734428883 69.601579 98.673025 -0.074381156 62.9694949036 11.9784474912 -1.39916211766 86.9478827166 -75.9043578826 0
33 11.3246250153 71.154315 98.514904 -0.080273853 104.164796292 53.6661500667 -0.0715055699919 55.6875444289 0.502385609938 0
36 11.3601448536 72.642873 98.438251 -0.077397051 36.6483509992 71.4504345485 -1.603518027 44.9883079354 -87.440290951 0
39 11.3420639038 74.179887 98.27586 -0.078945335 64.3903764797 22.7881340468 0.277193588122 76.1198481725 20.4052572152 0
42 11.3743917942 75.689674 98.17429 -0.079512997 119.360328539 131.357010972 -2.0197212495 54.847233649 -111.165744245 0
45 11.3725368977 77.259307 98.055637 -0.072379503 74.7210566501 99.0368344906 0.111619149033 2.72129810094 10.5423461976 0
48 11.2409720421 78.667542 97.976243 -0.066300397 76.5019800353 99.2286222665 0.00805709887493 2.50162196388 4.26037068879 0
51 11.2109611034 80.25432 97.827625 -0.077582567 77.0296491058 99.2934076483 -0.0203143052213 3.54217745853 3.28122969997 0
54 11.2074580193 81.813353 97.68277 -0.074716444 79.2237071377 99.2325837547 -0.0184275847841 3.01797752915 3.22511406668 0
57 11.2409799099 82.622729 97.654646 -0.085105116 80.4386710352 98.8217313161 0.0365311058283 2.47632738726 6.96924214668 0
60 11.2606191635 81.436592 97.754867 -0.094486992 79.2132602843 98.9365652004 0.0212733211079 2.51785912132 6.6325773762 0
63 11.3564949036 79.890684 97.897701 -0.093381766 77.7827911779 98.6174958355 0.0287541068373 2.22740134564 6.99787004072 0
66 11.3128540516 78.411812 98.037468 -0.097953665 75.986726272 99.2781921394 -0.00788350938747 2.72404793976 5.16063977668 0
69 11.3511829376 76.931086 98.162597 -0.096433306 74.9998552925 99.0843536503 0.0120238964864 2.1399269539 6.21413996027 0
72 11.3204350471 75.443161 98.337547 -0.10164342 73.1277644953 99.0634940393 -0.00221603906038 2.42653252143 5.69676929588 0
75 11.3789181709 73.912871 98.553041 -0.10292365 71.7279124421 98.9033048412 0.0307596227593 2.21285531794 7.6594873206 0
78 11.4300100803 72.413468 98.668417 -0.11145399 69.7895913638 98.7445101489 0.0105275193192 2.62497976553 6.98902566263 0
81 11.2719991207 70.926618 98.82512 -0.11572496 68.8504238859 99.3282760838 -0.0187113923357 2.13629306141 5.55846798267 0
84 11.2989830971 69.460294 99.048845 -0.12091472 66.9544378243 98.7953217378 0.0129109468087 2.51864829177 7.66764589866 0
87 11.2577259541 67.984026 99.205817 -0.12024712 65.685701561 99.3314001054 -0.00591350060388 2.30175288497 6.55083384785 0
90 11.287145853 66.409271 99.378533 -0.12589377 63.7682120543 99.1560175094 -0.008982859527 2.65041609911 6.69850174913 0
93 11.3320381641 64.97003 99.579245 -0.12534264 62.5963016274 98.7595642454 0.0114233303891 2.51126719532 7.8361128843 0
96 11.2841889858 63.450289 99.830398 -0.13542326 60.9023607386 98.7480998967 0.0128255232343 2.76826798008 8.49402959727 0
99 11.4121880531 62.015499 100.01094 -0.13023941 59.8027192681 98.9315889666 0.00218244446079 2.46198960099 7.5872133759 0
102 11.3229169846 60.420275 100.24313 -0.1356293 57.8712313005 98.6762326352 0.0118531610831 2.99212151051 8.45012257226 0
105 11.2502939701 58.989222 100.44438 -0.14088208 56.248612978 98.4586733058 0.0278718008017 3.38437126911 9.66888514639 0
108 11.3090629578 58.528509 100.58832 -0.24160345 56.3690078678 99.3656813999 -0.106689458743 2.48159027366 7.73000229628 0
111 11.333124876 58.390768 100.67023 -0.3827913 56.4284075885 99.8232923313 -0.230033211564 2.1373258524 8.75239375388 0
114 11.3307569027 58.26024 100.80046 -0.53685502 56.1857561543 100.812272685 -0.40860323407 2.07451747782 7.3482860488 0
117 11.3389968872 58.2435 100.85046 -0.70040996 56.413526481 101.224455678 -0.532048437214 1.8677997344 9.64640468803 0
120 11.33329916 58.129433 100.95873 -0.85888639 56.6898595576 101.290442288 -0.691764052954 1.47729642865 9.5754045751 0
123 11.2979609966 58.21235 101.09089 -1.0276822 56.3386621261 100.737724632 -0.736430031418 1.9066808925 16.6875200338 0
126 11.2194011211 58.152327 101.12822 -1.1869287 56.3739928851 100.373555607 -1.02006862889 1.93183606181 9.5603778441 0
129 11.3426220417 58.049715 101.26081 -1.3398137 56.042028356 100.983418938 -1.25302788253 2.0267588564 4.97246106242 0
132 11.390763998 58.024835 101.49733 -1.4943786 56.5414898577 101.43801945 -1.40076764722 1.48453041478 5.36351251029 0
135 11.7815220356 58.064001 101.65215 -1.6522241 55.5552969386 101.176915323 -1.52609776417 2.55332020432 7.22650672835 0
138 11.2777249813 58.104403 101.68885 -1.8037565 55.8166170617 102.194599719 -1.72410764384 2.34302097259 4.5635433012 0
141 11.3588979244 58.177183 101.78616 -1.9584038 57.0345117426 101.309970083 -1.88497215797 1.23792343852 4.20732317093 0
144 11.2975940704 58.164815 101.89412 -2.1101089 56.4450279136 101.859422443 -1.98346673548 1.72013707095 7.25606153524 0
147 11.1358220577 58.333441 101.96561 -2.2758326 55.6235611814 101.715674919 -2.15475440333 2.72138129924 6.93726966026 0
150 11.2416040897 58.547547 101.97367 -2.4518694 55.2509420999 101.735954036 -2.29362624115 3.30516455666 9.06666513913 0
153 11.6196510792 58.609003 102.09152 -2.5989269 54.8746603105 101.927704133 -2.43138896876 3.73793404987 9.5992163685 0
156 11.2509541512 58.561869 102.14088 -2.6173282 54.7352621396 102.646179993 -2.47880752963 3.85982488561 7.93664978739 0
159 11.3131070137 58.51155 102.01626 -2.5045701 54.7015148149 102.402657359 -2.37201282837 3.82957844029 7.59497220817 0
162 11.331332922 58.437648 101.90068 -2.3721379 54.7805335967 102.333827648 -2.22962421631 3.68267601674 8.16543259853 0
165 11.3811740875 58.147744 101.95537 -2.2082701 54.1283179821 102.97127257 -2.03473722865 4.14582242091 9.94270113514 0
168 11.4538779259 58.037351 101.82492 -2.0566813 55.0044821763 102.318486647 -1.91746158178 3.07276769969 7.976702279 0
171 11.4586949348 57.944091 101.71587 -1.9011295 54.9942763749 102.549742845 -1.7609231543 3.06541192085 8.03323186975 0
174 11.38149786 57.908577 101.57431 -1.7585036 55.0529860721 103.000346695 -1.57692823872 3.19186155764 10.4035018649 0
177 11.1843650341 57.841285 101.40683 -1.6171883 54.6724750557 101.648196153 -1.50946453285 3.17798899978 6.17211721094 0
180 11.1729278564 57.86028 101.30305 -1.4556073 54.6746305588 102.000345222 -1.35874895475 3.26107083455 5.54957439363 0
183 11.2792320251 57.788579 101.03213 -1.3093986 53.9117487919 102.050359 -1.15986655981 4.00831669901 8.56755480501 0
186 11.4498479366 57.852229 100.87925 -1.1701135 53.8394242484 101.869376122 -0.975717773466 4.1331527568 11.1380546858 0
189 11.166036129 57.956865 100.8248 -1.0236231 53.8597213567 102.065878167 -0.905521117764 4.28098832634 6.76674513423 0
192 11.3218829632 57.906072 100.67156 -0.85835482 55.0996074193 101.900181241 -0.793563151818 3.06361772998 3.71228913443 0
195 11.3494961262 57.990597 100.53155 -0.72265365 55.070504717 101.298211808 -0.633829257353 3.019057679 5.08926281649 0
198 11.4165420532 58.042848 100.37669 -0.56279892 55.0459452449 101.718910845 -0.308976788199 3.28374525811 14.5429368992 0
201 11.4188849926 58.157277 100.32166 -0.41301063 53.7653742205 102.35603435 0.00786540369636 4.8401951426 24.114420429 0
204 11.4567840099 58.686264 100.08548 -0.29965148 55.0281351997 102.482238487 0.0233138830861 4.3733691322 18.5045522337 0
207 11.162553072 59.980629 99.666017 -0.30408986 56.4665747675 102.081124069 -0.0265888092969 4.2639558283 15.8996390157 0
210 11.2067658901 61.363687 99.173884 -0.32636207 57.0284808339 102.230465741 -0.0274950224099 5.30440424939 17.1238204624 0
213 11.2059590816 62.885593 98.69498 -0.37512441 60.1939333852 100.890617586 -0.244299249831 3.47359408853 7.49572953179 0
216 11.2374539375 64.287236 98.118834 -0.4012694 60.8887231333 99.9873532298 -0.239080403049 3.87830553424 9.29274500875 0
219 11.4105000496 66.572969 97.068508 -0.44319642 63.6024465724 98.8473273707 -0.390441396759 3.46239827961 3.02264017982 0
222 11.2292101383 67.896132 96.441291 -0.47211549 65.4239774413 98.1139502427 -0.418796001519 2.98485127004 3.05498165575 0
225 11.3146719933 69.150612 95.708615 -0.49267498 66.6141915654 97.7861465567 -0.440883218683 3.27865307566 2.96744933699 0
228 11.3194980621 70.465141 94.973778 -0.52461339 67.5681795965 96.6341697275 -0.515771584062 3.33905466595 0.506598163526 0
231 11.2681529522 71.675984 94.192345 -0.54871183 69.0724425068 95.8673642033 -0.519623138295 3.09582261089 1.66665926623 0
234 11.0545728207 72.999296 93.402727 -0.58180979 70.3066978603 95.1961654709 -0.513239658237 3.23519802963 3.92877915068 0
237 11.6872420311 74.284244 92.44261 -0.63095882 71.6046139024 94.4166481393 -0.575171035474 3.328249395 3.19640460174 0
240 11.2598490715 75.447368 91.599491 -0.66374929 73.4656348125 93.3916260739 -0.608048876787 2.67189343903 3.19139859423 0
243 11.1772480011 76.572595 90.665594 -0.69142624 74.1171112127 92.068765344 -0.641394180801 2.82812490007 2.86662583243 0
246 11.248404026 77.783785 89.658033 -0.71509647 75.3037931302 91.8577835781 -0.664679407117 3.31500562296 2.88868491865 0
249 11.2130699158 78.874801 88.696028 -0.74032963 76.6836286915 89.9387841387 -0.696014364358 2.51906310082 2.5390776893 0
252 11.2594139576 80.03236 87.613917 -0.7252394 77.8026263425 89.2296785151 -0.690761296599 2.75361534292 1.9754498105 0
255 11.5825300217 81.079285 86.604124 -0.70281223 78.9352090051 88.5000667025 -0.663139002474 2.86210772036 2.27310849689 0
258 11.5055561066 82.380517 85.593177 -0.66953842 80.1203309392 88.0080736434 -0.620857769658 3.30759230072 2.78919580857 0
261 11.2576489449 83.553536 84.670161 -0.64546431 81.1221298444 87.2444792345 -0.586673828246 3.54102390081 3.36844648003 0
264 11.2975809574 84.753159 83.736184 -0.60820056 82.3219162357 85.5519033332 -0.577212670003 3.03443208459 1.77547531282 0
267 11.1711461544 85.938286 82.919631 -0.58097683 84.1164844392 84.3706101981 -0.541794207031 2.32901300136 2.2449989264 0
270 11.5239930153 87.249998 82.030848 -0.55954063 85.2037033052 83.483043093 -0.521071343363 2.50922150601 2.20412776519 0
273 11.1722459793 88.578333 81.141585 -0.52544337 86.0646327736 83.1361729621 -0.501693859141 3.20890479239 1.36074673773 0
276 11.1851358414 89.874585 80.458812 -0.49549775 87.7670105607 82.0845125735 -0.452820478346 2.66172357168 2.44522754693 0
279 11.2103490829 91.229191 79.664539 -0.46697991 88.5842200809 81.1736476364 -0.418588518396 3.04520607497 2.77262250365 0
282 11.2228629589 92.640842 79.007823 -0.44436504 90.0622030864 80.6914048879 -0.390965097341 3.07958221521 3.05959134061 0
285 11.2381081581 93.942666 78.269838 -0.40450827 91.3058150674 80.3859829823 -0.372091734137 3.38098394364 1.85733069141 0
288 11.1075758934 95.385584 77.620959 -0.38607018 93.1700178335 79.9209539276 -0.306813762142 3.19354193731 4.54105824258 0
291 11.268378973 96.747733 77.074345 -0.36376533 94.7894493334 79.3145915183 -0.283346925327 2.97549649329 4.60763518296 0
294 11.1856079102 98.250871 76.540386 -0.33417824 95.9052532357 79.3368407813 -0.268340108405 3.64994274478 3.77224707141 0
297 11.2325320244 99.752933 76.027378 -0.30758365 97.105203075 79.1633955412 -0.219569217911 4.1042757917 5.04285549495 0
300 11.1970191002 100.00981 75.897783 -0.33361957 98.1932598721 78.8069839847 -0.194511135462 3.42976744642 7.97032619372 0
303 11.2686500549 98.714105 76.429985 -0.36219797 96.6964178646 79.2936094328 -0.220019058873 3.50305670355 8.14625154333 0
306 11.4579081535 97.284888 77.028291 -0.39087517 95.4499165808 79.4476906932 -0.268084140572 3.03654655564 7.03540774828 0
309 11.324641943 95.817851 77.649213 -0.42317241 94.5763640368 79.4778772241 -0.303118473385 2.21027209287 6.87858388198 0
312 11.2068948746 94.571565 78.35291 -0.46228827 93.186094837 80.0016862697 -0.326099123185 2.15359948924 7.80306332798 0
315 11.1943781376 93.13187 79.138887 -0.4938927 91.2027702626 80.376688818 -0.338683133873 2.29206874628 8.89285307915 0
318 11.1302659512 91.836662 79.862922 -0.52529077 90.064036812 80.531723345 -0.371058383119 1.89459634126 8.83686483252 0
321 11.3079600334 90.529269 80.702102 -0.55721841 88.306509664 81.5522089064 -0.427365736378 2.37977747236 7.44001015705 0
324 11.2957708836 89.308886 81.573217 -0.59808232 87.2889640092 82.0056370971 -0.419855892543 2.06568922858 10.211622091 0
327 11.2513170242 88.100372 82.484783 -0.6409076 85.6609986834 82.8871908828 -0.469248776455 2.47234186186 9.83532610529 0
330 11.7955639362 86.96204 83.432583 -0.67310863 84.6381780564 83.2337124065 -0.489564659972 2.33235585748 10.5162948377 0
333 11.4014360905 85.711036 84.448892 -0.70015711 83.6988601167 84.2283285131 -0.540969248261 2.02422825712 9.12079262735 0
336 11.2916939259 84.630521 85.38864 -0.74348817 81.8958598321 85.4136825273 -0.568617650766 2.73477582833 10.0193427134 0
339 11.2085921764 83.531548 86.470864 -0.76732045 80.9085913813 86.6061209994 -0.614423735107 2.62644167636 8.76033646477 0
342 11.339220047 82.436303 87.632765 -0.79615086 79.0151707633 87.1762443104 -0.628942775346 3.451457217 9.58031755115 0
345 11.297563076 81.390428 88.717115 -0.83255466 78.2918104921 88.2756394374 -0.671298674067 3.12990912532 9.23928741521 0
348 11.2862970829 80.091493 90.270385 -0.85191671 76.5311673032 88.9822988951 -0.667583449852 3.78617021285 10.5615178304 0
351 11.3304450512 79.121061 91.3195 -0.83027867 77.894137931 91.7852134078 -0.738808068739 1.3123373025 5.24087940178 0
354 11.2481808662 78.091476 92.534394 -0.81038411 75.2699221426 91.3657868816 -0.629200435628 3.05398244386 10.3810598582 0
357 11.1868419647 77.093441 93.512556 -0.78090008 74.5970218728 94.1225970399 -0.663013189505 2.5698751972 6.7544212853 0
360 11.1602900028 76.051262 94.597058 -0.76703211 73.7095621102 93.5871983754 -0.609797126409 2.55017153059 9.00890095159 0
363 11.2400259972 75.027276 95.58972 -0.75132884 72.0955517831 94.3741696296 -0.578482704155 3.17373117752 9.90335408907 0
366 11.28215909 73.852657 96.593273 -0.72312741 70.7065764535 95.3620688134 -0.550012779275 3.37841479898 9.91873771251 0
369 11.2640678883 72.811015 97.559971 -0.70587276 69.1783500554 95.5883307634 -0.489363917963 4.13323357949 12.405042876 0
372 11.3179271221 71.630899 98.505259 -0.68120937 68.893513754 98.4837620198 -0.526331320687 2.73746965377 8.87385856483 0
375 11.321256876 70.538887 99.423882 -0.66641532 67.3381297448 99.3392347567 -0.505302443031 3.20187635027 9.23108787556 0
378 11.3248400688 69.331788 100.31013 -0.63648641 66.3140495137 99.8293957436 -0.475530105797 3.05578975015 9.22211691684 0
381 11.3361320496 68.205766 101.18772 -0.63190253 65.6285421439 101.483995228 -0.482228968945 2.5941977209 8.57566335312 0
384 11.2602639198 66.997353 102.01418 -0.604237 63.9908062162 102.240854091 -0.448618073319 3.01507955228 8.91630771117 0
387 11.1702849865 65.749881 102.79371 -0.58263231 63.270170261 102.643181422 -0.39817001912 2.48427538769 10.5689107467 0
390 11.0990440845 64.390622 103.72927 -0.540005 61.9608779363 104.136970836 -0.404330957763 2.4637118717 7.77355000967 0
393 11.2988328934 63.066948 104.49561 -0.5165186 60.9092252497 104.581825889 -0.367281059471 2.1594445227 8.55068121725 0
396 11.1693680286 62.072466 105.11862 -0.50368551 59.0494387976 105.064311495 -0.332975321252 3.02351498762 9.78097333514 0
399 11.3211860657 62.084059 105.11634 -0.50537083 58.6248396504 105.276080658 -0.319902225425 3.46290565657 10.6265682743 0
402 11.2589740753 62.06969 105.12384 -0.50501376 58.6283054216 105.293390444 -0.317613511974 3.44555876011 10.7372432916 0
405 11.3559100628 62.088061 105.11683 -0.50531554 58.4023570557 105.2665165 -0.326066200216 3.68874228068 10.2702306501 0
408 11.371833086 62.080145 105.11527 -0.50526072 58.5315587706 105.271918761 -0.300774261984 3.55204209738 11.7162110119 0
411 11.2527229786 62.084425 105.11388 -0.50526675 58.6476710787 105.58138231 -0.327826302606 3.46840538655 10.1665887506 0
414 11.2002751827 62.090561 105.10315 -0.50372534 58.7396927949 106.105084493 -0.343118833365 3.49745485409 9.20207499255 0
