3 11.1597528458 58.425211 99.52669 -0.076600623 38.8830859445 114.6012763 -1.48227161564 24.6807172465 -80.5390152623 0
6 11.0738580227 58.436309 99.5178 -0.082073852 91.363825558 88.4552032144 -1.43091175255 34.7361827828 -77.2827189486 0
9 11.2199101448 59.138497 99.506199 -0.079127672 64.1165546678 9.4585297347 -2.26737456361 90.1851639587 -125.377311422 0
12 11.1549248695 60.588187 99.398001 -0.084356487 26.5881119284 74.3793308094 1.53038728999 42.2130188802 92.5180034163 0
15 11.1381139755 62.026729 99.268445 -0.080345137 42.8213167084 42.7286496823 0.439050246401 59.712614378 29.7591633674 0
18 11.6735680103 63.612811 99.142137 -0.077882356 36.7306377366 80.0998444997 -1.31147034368 32.9432867672 -70.6793853522 0
21 11.2058019638 65.109709 99.045111 -0.075303117 9.26384544665 9.73209682225 1.08865828346 105.335535208 66.6900757624 0
24 11.2005200386 66.576646 98.887554 -0.079079542 122.396783043 141.576992254 1.83164772245 70.2728670108 109.476608053 0
27 11.2962629795 68.114632 98.811042 -0.080004433 108.936474443 26.9133882006 -1.24572424778 82.6782646304 -66.7908254817 0
30 11.2144050598 69.601579 98.673025 -0.074381156 75.5033313478 26.0311324991 -1.43392238401 72.8812405691 -77.8959744393 0
33 11.1836950779 71.154315 98.514904 -0.080273853 37.4033670301 72.4402228408 -1.49197812045 42.6499177774 -80.8846964454 0
36 11.1975889206 72.642873 98.438251 -0.077397051 95.3080267939 11.3679200001 3.10118347484 89.9719497228 -177.880751027 0
39 11.0922811031 74.179887 98.27586 -0.078945335 93.0589239405 11.8604706063 -3.11880260526 88.4535898642 -174.170991908 0
42 11.1764318943 75.689674 98.17429 -0.079512997 91.9348640116 12.1250430771 -3.06420241644 87.5692816832 -171.010106891 0
45 11.1340949535 77.259307 98.055637 -0.072379503 90.4030389875 12.6154589417 -3.04423465155 86.4452527164 -170.274757336 0
48 11.1671640873 78.667542 97.976243 -0.066300397 76.2337310635 98.8962367222 0.00931321829773 2.60188856865 4.33234103029 0
51 11.0970971584 80.25432 97.827625 -0.077582567 76.730000188 99.198710574 -0.0091920324892 3.7816273995 3.91848898611 0
54 11.1484959126 81.813353 97.68277 -0.074716444 78.6164048333 98.8133106523 0.0249394397191 3.39095852922 5.70986154075 0
57 11.1885302067 82.622729 97.654646 -0.085105116 80.1605364361 98.5488087131 0.035101598876 2.61952651819 6.88733743152 0
60 11.0697250366 81.436592 97.754867 -0.094486992 79.1777118487 98.7443817417 0.018615594589 2.46610603215 6.48030086356 0
63 11.27216506 79.890684 97.897701 -0.093381766 77.4217249846 98.5375599971 0.037324203267 2.55052507459 7.48890039616 0
66 11.2809231281 78.411812 98.037468 -0.097953665 76.3185896829 98.6292944019 0.0260078667772 2.1752788692 7.10247259281 0
69 11.0952088833 76.931086 98.162597 -0.096433306 74.73232906 99.198857257 -0.0109473983772 2.4307133524 4.89798171463 0
72 11.0885689259 75.443161 98.337547 -0.10164342 72.7298156599 98.925021661 0.0233538048775 2.77621494338 7.16181343633 0
75 11.1397399902 73.912871 98.553041 -0.10292365 71.7238897863 98.8351861547 0.0197204313984 2.20708963171 7.02698824639 0
78 11.1102068424 72.413468 98.668417 -0.11145399 69.9171921196 99.0024939173 0.00343374392853 2.51853144866 6.58258227193 0
81 11.10034585 70.926618 98.82512 -0.11572496 68.6997929939 98.6306321725 0.0236361882861 2.23530202046 7.98480562489 0
84 11.3296899796 69.460294 99.048845 -0.12091472 66.7561082981 98.4820546912 0.022202637205 2.76294617475 8.20002054291 0
87 10.8850049973 67.984026 99.205817 -0.12024712 65.6395458249 98.6239826677 0.0200690288132 2.41559899023 8.03952312453 0
90 11.0414059162 66.409271 99.378533 -0.12589377 63.8793124203 99.0118012642 0.00492930402086 2.55640031704 7.49561000432 0
93 11.5711688995 64.97003 99.579245 -0.12534264 62.7292613616 98.9556684005 0.0121689871396 2.32591742462 7.87883586907 0
96 11.2353448868 63.450289 99.830398 -0.13542326 60.9147366543 98.5663276129 0.028160210749 2.83317836386 9.37264247202 0
99 11.41406703 62.015499 100.01094 -0.13023941 59.779746445 98.8610716544 0.00840061644156 2.51411747924 7.94348838668 0
102 11.2791340351 60.420275 100.24313 -0.1356293 58.009347401 98.7113417187 0.0205410406763 2.85638709321 8.94790140587 0
105 11.0211629868 58.989222 100.44438 -0.14088208 56.3269607471 99.0358778688 0.00802389040977 3.01189528908 8.53168364878 0
108 10.9873189926 58.528509 100.58832 -0.24160345 56.3307951398 98.6509704826 -0.066160620523 2.92972172126 10.0521336749 0
111 11.3387238979 58.390768 100.67023 -0.3827913 56.2175945066 99.7650495906 -0.234691941784 2.35415263011 8.48546817437 0
114 11.3215279579 58.26024 100.80046 -0.53685502 56.6168841514 100.377086038 -0.381170983275 1.69701619214 8.92003824188 0
117 11.1822280884 58.2435 100.85046 -0.70040996 56.5011840666 101.210828073 -0.527396020058 1.77919362633 9.91296855559 0
120 11.1280078888 58.129433 100.95873 -0.85888639 56.9796033088 100.519278853 -0.734092046353 1.23094501489 7.15018919809 0
123 11.1258461475 58.21235 101.09089 -1.0276822 56.5730160855 101.252657476 -0.883058707484 1.64729608744 8.28631573959 0
126 11.1770658493 58.152327 101.12822 -1.1869287 56.8668392581 100.416340856 -1.14786439068 1.46943888961 2.23822005369 0
129 11.010766983 58.049715 101.26081 -1.3398137 55.992346456 100.600402372 -1.22472926628 2.16076457786 6.59385233969 0
132 11.1848490238 58.024835 101.49733 -1.4943786 56.3672806386 101.094979701 -1.40550974269 1.70568819675 5.09181045415 0
135 10.9654021263 58.064001 101.65215 -1.6522241 55.9600432299 101.787631536 -1.55829533532 2.10831533334 5.38172179114 0
138 11.1276049614 58.104403 101.68885 -1.8037565 55.8830577902 101.431760762 -1.69205341906 2.23617293998 6.40011509622 0
141 11.0323591232 58.177183 101.78616 -1.9584038 56.6902718773 101.985606231 -1.91761866159 1.50022781137 2.33681629758 0
144 11.0462219715 58.164815 101.89412 -2.1101089 57.016225682 102.268173136 -2.07897420844 1.20796240426 1.78388642307 0
147 10.9805369377 58.333441 101.96561 -2.2758326 55.907756551 102.082629933 -2.1850798725 2.42850544797 5.1997482649 0
150 10.9694771767 58.547547 101.97367 -2.4518694 56.0738502676 101.000609427 -2.39264772815 2.65819909015 3.3931518525 0
153 10.9836061001 58.609003 102.09152 -2.5989269 55.2363876791 101.758794465 -2.46166139061 3.3889881062 7.86473436048 0
156 11.1015861034 58.561869 102.14088 -2.6173282 55.1070584551 102.178635381 -2.53398254735 3.45501684074 4.77535413746 0
159 11.0426189899 58.51155 102.01626 -2.5045701 54.6776598137 102.565710153 -2.3608502305 3.87306202265 8.23454195478 0
162 11.0255100727 58.437648 101.90068 -2.3721379 54.9432991933 102.545300666 -2.20606634097 3.55330963824 9.51519942955 0
165 11.1106088161 58.147744 101.95537 -2.2082701 54.7194044099 102.329421104 -2.08828135462 3.44868475994 6.87484869927 0
168 11.0900518894 58.037351 101.82492 -2.0566813 54.731128242 102.699466071 -1.87936824069 3.4199327121 10.1592899513 0
171 11.2830839157 57.944091 101.71587 -1.9011295 54.7929155102 102.668538405 -1.74677327478 3.2920334227 8.84396024655 0
174 11.1345260143 57.908577 101.57431 -1.7585036 55.0117950546 102.171878347 -1.66430055027 2.95777510445 5.39743716683 0
177 11.0627360344 57.841285 101.40683 -1.6171883 54.4676504434 102.738025391 -1.41703750697 3.62677422673 11.4677957066 0
180 11.2254059315 57.86028 101.30305 -1.4556073 54.7290503142 101.451560956 -1.37412218053 3.13474956727 4.66875343851 0
183 11.2650818825 57.788579 101.03213 -1.3093986 54.7356434685 102.534252134 -1.16583642931 3.40246767293 8.2255064785 0
186 10.9698908329 57.852229 100.87925 -1.1701135 54.791346334 101.356007321 -1.10647255176 3.09778957286 3.64635773843 0
189 11.3695650101 57.956865 100.8248 -1.0236231 53.6410026042 101.357745668 -0.906839627473 4.34864338667 6.69120009269 0
192 10.9987418652 57.906072 100.67156 -0.85835482 54.5486312125 102.666006312 -0.776245614623 3.90515361184 4.70451092729 0
195 16.3214747906 57.990597 100.53155 -0.72265365 54.9534227186 101.4157245 -0.611571211679 3.16325657534 6.36455489384 0
198 11.0703308582 58.042848 100.37669 -0.56279892 54.4342814081 101.983985068 -0.218441308946 3.9503354647 19.7302377566 0
201 11.3338141441 58.157277 100.32166 -0.41301063 55.0472866206 102.153407402 -0.148261395262 3.60934048072 15.1690137798 0
204 11.3039209843 58.686264 100.08548 -0.29965148 55.3750077746 101.836200865 -0.0376898473695 3.7455895849 15.0092959441 0
207 11.1550788879 59.980629 99.666017 -0.30408986 56.8409853468 101.713749526 -0.0899640021828 3.74840909812 12.2685079375 0
210 11.081859827 61.363687 99.173884 -0.32636207 57.2705768351 101.560572306 -0.0994121006952 4.73812535641 13.0032754018 0
213 11.0245440006 62.885593 98.69498 -0.37512441 59.9413746637 100.140975588 -0.232918274689 3.28014098056 8.14781137419 0
216 11.001075983 64.287236 98.118834 -0.4012694 61.0660048853 99.5087256314 -0.268969951374 3.50829426375 7.58020003816 0
219 11.0547838211 66.572969 97.068508 -0.44319642 63.6525670761 98.7083340102 -0.364510361709 3.34929496172 4.50837904659 0
222 11.4037709236 67.896132 96.441291 -0.47211549 65.1987571934 98.0406807097 -0.396075464492 3.1359015117 4.35677253566 0
225 11.2180650234 69.150612 95.708615 -0.49267498 66.4926207068 97.5328453363 -0.455052055375 3.22377636237 2.15563479396 0
228 11.1698970795 70.465141 94.973778 -0.52461339 67.256811916 96.4791975825 -0.496582375469 3.54396157293 1.60605882809 0
231 11.3263440132 71.675984 94.192345 -0.54871183 68.8942534412 96.0304906458 -0.517933151735 3.33418720482 1.76348836355 0
234 11.3149549961 72.999296 93.402727 -0.58180979 70.2498328868 95.3174595464 -0.533225081987 3.35048476119 2.78369871801 0
237 11.1346950531 74.284244 92.44261 -0.63095882 71.8191657477 94.0881450081 -0.576274694703 2.9638482169 3.1331695859 0
240 11.0914850235 75.447368 91.599491 -0.66374929 73.1747113328 93.3002197628 -0.584432407619 2.83856418839 4.54452260456 0
243 11.0576050282 76.572595 90.665594 -0.69142624 73.9804699074 91.989411439 -0.631486877961 2.91060218988 3.43427247154 0
246 11.2199440002 77.783785 89.658033 -0.71509647 75.3358255337 91.418234879 -0.658549071551 3.01509804207 3.23992727357 0
249 12.0807650089 78.874801 88.696028 -0.74032963 76.7092582316 90.4311099669 -0.697365094908 2.77490268546 2.46168652954 0
252 11.2172160149 80.03236 87.613917 -0.7252394 77.8806147817 89.8512575296 -0.662958580458 3.10414241461 3.56842810436 0
255 11.6296651363 81.079285 86.604124 -0.70281223 79.1192726584 88.6596307116 -0.648093284642 2.84020355267 3.13516462844 0
258 11.2191050053 82.380517 85.593177 -0.66953842 80.3088235632 87.7852566961 -0.598818727336 3.01614440806 4.05193991813 0
261 10.9347939491 83.553536 84.670161 -0.64546431 81.0516390201 86.8719034153 -0.579076918795 3.33274033814 3.80371732892 0
264 10.9230139256 84.753159 83.736184 -0.60820056 82.8783905694 85.4436218469 -0.588425485027 2.53576431665 1.1330283355 0
267 10.9380979538 85.938286 82.919631 -0.58097683 84.1145787407 84.3891337692 -0.553569630814 2.34208167157 1.57031684166 0
270 10.9974470139 87.249998 82.030848 -0.55954063 85.1596475713 83.4299395924 -0.522466492734 2.51535727064 2.12419159446 0
273 10.9402010441 88.578333 81.141585 -0.52544337 86.0730426011 82.8277616313 -0.504541190728 3.01987940397 1.1976066549 0
276 10.997179985 89.874585 80.458812 -0.49549775 87.6427879186 82.1405580574 -0.454860343793 2.79449244303 2.32835186604 0
279 11.0518519878 91.229191 79.664539 -0.46697991 88.6262850682 81.7107021173 -0.432234084581 3.31087643876 1.99078915223 0
282 10.9758839607 92.640842 79.007823 -0.44436504 89.8823645427 81.0674967186 -0.404774188964 3.4425940379 2.26838867168 0
285 10.8905210495 93.942666 78.269838 -0.40450827 91.183827593 80.6007013492 -0.364466205692 3.61166350987 2.29424128786 0
288 10.9001619816 95.385584 77.620959 -0.38607018 93.1616144497 79.7947094367 -0.300808104643 3.1098603701 4.88515707048 0
291 10.8641388416 96.747733 77.074345 -0.36376533 94.6519212956 79.2539370873 -0.29691286013 3.02374740467 3.83036437358 0
294 10.9445140362 98.250871 76.540386 -0.33417824 95.8096639413 79.2270757495 -0.269822229354 3.63012309895 3.68732779633 0
297 10.9615399837 99.752933 76.027378 -0.30758365 96.9660942854 78.7270488509 -0.203738766602 3.88003772203 5.94987354273 0
300 10.8591589928 100.00981 75.897783 -0.33361957 98.1197440958 78.7009545359 -0.199920750209 3.38084601573 7.66037809989 0
303 11.1337609291 98.714105 76.429985 -0.36219797 96.5890913608 79.2887726432 -0.227557253191 3.56207099253 7.71434482378 0
306 11.0470061302 97.284888 77.028291 -0.39087517 95.5217386653 79.7392266786 -0.264634271983 3.23386267947 7.23307065832 0
309 10.9415869713 95.817851 77.649213 -0.42317241 94.3540970315 79.1942053703 -0.291017566896 2.12828031626 7.57191475205 0
312 10.9724810123 94.571565 78.35291 -0.46228827 93.047820316 80.0626081325 -0.308068210084 2.29016714806 8.83615854945 0
315 11.0986440182 93.13187 79.138887 -0.4938927 91.2241336957 79.9746332661 -0.326934771881 2.08276970121 9.56598463749 0
318 11.0976228714 91.836662 79.862922 -0.52529077 89.7733237802 80.8650669519 -0.378705142787 2.29383066372 8.39873777659 0
321 11.5464849472 90.529269 80.702102 -0.55721841 88.0961028993 81.5483811054 -0.429057831244 2.57613772878 7.34306026266 0
324 11.1161341667 89.308886 81.573217 -0.59808232 87.443939801 81.7662269514 -0.416990827124 1.87490724213 10.3757782475 0
327 11.0534949303 88.100372 82.484783 -0.6409076 85.7145822752 82.4030663166 -0.460535808949 2.38718877074 10.3345423704 0
330 11.0849251747 86.96204 83.432583 -0.67310863 84.6764696672 84.1359688296 -0.526683857065 2.39135596917 8.38952150532 0
333 11.129830122 85.711036 84.448892 -0.70015711 83.6873552859 83.6173142544 -0.518066626143 2.18787686568 10.4330162145 0
336 10.9892868996 84.630521 85.38864 -0.74348817 81.8511559709 85.7772978995 -0.590938209374 2.80640783351 8.74046890878 0
339 11.3458518982 83.531548 86.470864 -0.76732045 80.8715511639 86.4208797158 -0.618338600741 2.66046642469 8.53603118659 0
342 11.1784219742 82.436303 87.632765 -0.79615086 79.621696587 87.4002542788 -0.631728288985 2.82419377801 9.42071937588 0
345 11.126652956 81.390428 88.717115 -0.83255466 78.1517800768 88.7861624907 -0.671062168607 3.23938388069 9.25283817985 0
348 11.2509748936 80.091493 90.270385 -0.85191671 77.3005015278 89.8712889856 -0.707288317786 2.81938131983 8.28659647161 0
351 11.1579360962 79.121061 91.3195 -0.83027867 76.7397525028 90.4686402 -0.651830290476 2.52875316275 10.2243390077 0
354 11.1317248344 78.091476 92.534394 -0.81038411 75.2180879363 91.6307600433 -0.644818847511 3.01212770182 9.48619077459 0
357 11.1078538895 77.093441 93.512556 -0.78090008 74.6165202028 92.8758323334 -0.629301456323 2.55745061796 8.68596131667 0
360 11.2163059711 76.051262 94.597058 -0.76703211 73.714643782 94.3328479144 -0.624521332719 2.35150838102 8.16526607333 0
363 11.1111910343 75.027276 95.58972 -0.75132884 72.0483586679 93.583916587 -0.554961215729 3.59126660151 11.2510361037 0
366 11.506125927 73.852657 96.593273 -0.72312741 70.6203531594 95.8458562588 -0.550259884689 3.31759248596 9.90457961519 0
369 11.4891681671 72.811015 97.559971 -0.70587276 69.411682004 95.8502770602 -0.509432812428 3.80506480703 11.2551799237 0
372 11.550137043 71.630899 98.505259 -0.68120937 68.5777548822 98.3452584177 -0.516343604379 3.05733367337 9.44611255625 0
375 11.1808350086 70.538887 99.423882 -0.66641532 67.2697653577 99.0694720954 -0.498872266741 3.2882765536 9.59950983848 0
378 11.0393970013 69.331788 100.31013 -0.63648641 66.3644419149 100.066347044 -0.4855498034 2.9773432651 8.64803053218 0
381 11.0255181789 68.205766 101.18772 -0.63190253 65.5499610158 101.260591864 -0.465345573049 2.65680455109 9.54301068181 0
384 11.1797738075 66.997353 102.01418 -0.604237 64.1344755592 102.397898285 -0.444311173467 2.88847831276 9.16307489549 0
387 11.2786688805 65.749881 102.79371 -0.58263231 63.4184400909 102.757934456 -0.420972172137 2.33171537761 9.26244361506 0
390 11.1778290272 64.390622 103.72927 -0.540005 61.8790044124 103.947354241 -0.397198676933 2.52106795672 8.18219959952 0
393 11.5316009521 63.066948 104.49561 -0.5165186 60.7754896313 104.504986344 -0.365405502761 2.29147755198 8.65814270097 0
396 11.9658141136 62.072466 105.11862 -0.50368551 59.0447964752 104.942533886 -0.322840821377 3.03278569486 10.3616374055 0
399 11.2276079655 62.084059 105.11634 -0.50537083 59.060260979 105.621901659 -0.351062012158 3.06577022343 8.84124400402 0
402 11.170746088 62.06969 105.12384 -0.50501376 58.8167950983 105.604706451 -0.348598908509 3.28824539617 8.9619108436 0
405 11.6683599949 62.088061 105.11683 -0.50531554 58.412983393 105.614465822 -0.321874199715 3.70861656534 10.5104145865 0
408 11.5904648304 62.080145 105.11527 -0.50526072 58.2360865369 105.400888805 -0.322013563991 3.85465479251 10.4992886471 0
411 11.2433450222 62.084425 105.11388 -0.50526675 58.3941693684 104.908969921 -0.311376227786 3.69594030894 11.1091086104 0
414 11.0488908291 62.090561 105.10315 -0.50372534 58.0180812267 105.265875524 -0.288232370818 4.0757295175 12.3468376488 0
