3 6.11248588562 72.513547 45.80148 1.6808269 140.171282037 128.489950083 2.85351876452 106.840779644 67.1902945064 0 0.006
6 6.15229511261 72.505015 45.806851 1.6805552 24.398179822 102.561369019 1.56383259755 74.3998851233 -6.68771249414 0 0.006
9 6.14324402809 72.51553 45.801787 1.6811119 81.9149125098 13.1591736037 -0.985217501859 33.9689358224 -152.769421518 0 0.004
12 6.12265396118 72.511327 45.798497 1.6805172 62.1100590722 80.2061081709 2.19634386904 35.9453763507 29.5546910963 0 0.006
15 6.15620088577 72.518426 45.80176 1.6806948 104.995802923 66.7060526286 -1.06131506725 38.6234315165 -157.105592776 0 0.004
18 6.18435287476 72.509508 45.806599 1.6825332 59.0386669495 114.928260951 -1.84771779122 70.422068341 157.731517581 0 0.006
21 6.13988900185 72.510969 45.800989 1.6811293 67.798136691 111.175180801 -0.895976763827 65.5438459506 -147.657300815 0 0.004
24 6.21296906471 72.522343 45.818169 1.6838228 107.35423582 53.8939750895 -1.91170691833 35.7558303137 153.991322026 0 0.004
27 6.23547887802 72.508499 45.799812 1.6808804 116.549301198 73.551113303 3.12787857467 52.0550380106 82.9068883719 0 0.006
30 6.16938400269 72.523901 45.815543 1.6832165 113.016442229 66.6349860535 2.16732273887 45.5312541474 27.7372443234 0 0.004
33 6.17774891853 72.511009 45.802779 1.6808191 40.3060167314 96.9771777452 2.63851341033 60.4647055228 54.8718420454 0 0.008
36 6.18603110313 72.527172 45.853315 1.6851825 29.8643731144 94.1584193145 -0.139618172245 64.4476338711 -104.553376972 0 0.004
39 6.17497992516 72.188088 49.017093 1.6798669 79.4958533936 135.936976105 -1.75972048725 87.2265413398 162.926159444 0 0.008
42 6.14345312119 71.804616 53.279503 1.6643548 62.7771689154 104.310455157 2.2154603182 51.8232851037 31.5760202595 0 0.008
45 6.12608909607 71.568933 57.324136 1.642571 56.0051021354 101.697453193 -2.40222740071 47.0236547911 128.250122658 0 0.018
48 6.1869289875 71.37336 61.652431 1.6431927 135.345099841 58.3418948751 -0.392980970952 64.0573426531 -116.664157701 0 0.006
51 6.14998793602 71.165072 65.844712 1.6344026 46.3604151289 91.4453033879 0.082473425343 35.6463361638 -88.9189918111 0 0.006
54 6.15024399757 70.960331 70.343426 1.6128178 31.9704568804 58.6241801628 -1.54434537871 40.7130323957 179.107874626 0 0.006
57 6.14245605469 70.885213 74.631613 1.6236159 81.890518877 69.4348083253 2.10806612417 12.1706013111 27.7569532294 0 0.008
60 6.16352105141 70.832043 79.069602 1.6124517 89.0919157247 133.690839435 -3.08298999185 57.5925562104 90.9710081074 0 0.004
63 6.15026497841 70.841819 83.283634 1.5826474 123.364615266 112.247474291 0.898046560406 59.9795646199 -39.2247387598 0 0.01
66 6.17559504509 70.897044 87.066595 1.5142468 45.8991666698 133.43353754 2.6278747065 52.6762492162 63.8061789903 0 0.014
69 6.18518209457 70.898205 87.488163 1.2381173 47.2867664802 70.6735981444 -2.13015733159 28.9867145475 167.012079369 0 0.014
72 6.12496805191 70.648486 87.373684 0.94938085 50.912977188 71.4462440166 -2.14545561742 25.3608685279 -177.321067866 0 0.014
75 6.0906560421 70.490448 87.162959 0.64684814 57.1051560111 106.936855317 -3.02817841964 23.8782959439 149.436488534 0 0.016
78 6.15439414978 73.090524 88.460194 0.4660111 49.4269004791 69.4036808426 -1.86034895124 30.382853254 -133.290612564 0 0.01
81 6.12295603752 76.750616 90.291223 0.4640309 79.9026598167 13.5382670479 -1.76761954453 76.817651797 -127.86415182 0 0.008
84 6.09899306297 80.704264 92.172539 0.45240664 61.8796295707 99.8851272577 1.61498477319 20.3433251714 66.6108203862 0 0.018
87 6.1395509243 84.637734 93.972859 0.42386385 58.7627478969 106.255174266 1.67236958153 28.6421049177 71.5341091148 0 0.024
90 6.14541101456 88.678811 95.730817 0.41656148 108.76526973 98.5782762602 -1.30958354345 20.2872829266 -98.9008246714 0 0.006
93 6.12773084641 92.647535 97.41769 0.40779386 120.578389116 49.3969705256 2.78931065976 55.5528767075 136.450861466 0 0.006
96 6.13027596474 96.759828 99.128022 0.39320766 17.8376226267 74.9387156547 -2.91536828691 82.5459692684 170.432562044 0 0.012
99 6.10498905182 100.07577 100.58602 0.32958371 84.9665092859 139.060788926 2.15882808612 41.3351860187 104.80798245 0 0.036
102 6.16788911819 100.12714 100.52966 0.1390585 82.8012052946 140.722426423 1.796886998 43.7680989552 94.9865760917 0 0.024
105 6.14389204979 100.08551 100.52401 -0.14356162 83.3008039711 139.794612959 1.59642060732 42.7072196851 99.693638053 0 0.022
108 6.16136193275 99.772178 100.71077 -0.40700642 103.369113458 57.4248476654 -2.52260862613 43.4351127206 -121.21507754 0 0.02
111 6.15577292442 99.760338 100.7618 -0.66729138 80.5756369306 49.8379383193 -0.689811960749 54.4177585316 -1.29033422909 0 0.01
114 6.16548395157 99.638101 100.95548 -0.8821311 110.382627526 97.3887438612 -0.16142533274 11.3210625367 41.2933987348 0 0.01
117 6.16585016251 99.549051 101.11221 -1.1251977 102.291078236 57.5220816288 -2.31052326939 43.6762865269 -67.9141524751 0 0.01
120 6.22074699402 100.80276 98.46873 -1.1938854 75.5988381672 106.732714372 -2.46168165557 26.5241609378 -72.6393747268 0 0.012
123 6.16033816338 102.35582 94.496879 -1.1822805 99.8070942974 94.9512157383 -1.11193732905 2.58890412697 4.03036681281 0 0.016
126 6.16159510612 103.84912 90.431736 -1.1842505 55.4015766281 122.458923391 0.913319119023 58.076718149 120.181886405 0 0.012
129 6.14666891098 105.46668 86.336829 -1.1831903 102.92685589 88.7220041591 -1.07438284803 3.48421684841 6.23420777759 0 0.022
132 6.19615793228 106.96067 82.891423 -1.1821311 105.29610398 84.3091005703 -1.10197559667 2.18645597467 4.59257204582 0 0.024
135 6.1654689312 108.13488 79.987125 -1.1809983 106.561800549 80.4651088588 -1.13161744232 1.64409474437 2.82931473383 0 0.068
138 6.18486618996 109.11096 77.465416 -1.174964 107.833106225 78.7820784413 -1.1593750416 1.83480523636 0.89318152308 0 0.102
141 6.16872286797 110.00241 75.115832 -1.1797573 108.213627447 77.8524195363 -1.16020321909 3.26935075611 1.12036630821 0 0.136
144 6.177298069 110.9669 72.896666 -1.1819268 109.650470434 74.8965602678 -1.11943410429 2.39427731987 3.58056771483 0 0.22
147 6.1691339016 111.79529 70.750926 -1.1680053 108.573600803 74.3387247013 -1.13281817222 4.82198929972 2.01607391484 0 0.114
150 6.17746806145 112.62755 68.634671 -1.166408 109.413675061 71.746586993 -1.204434063 4.47359064612 -2.17873292132 0 0.212
153 6.15608692169 113.50263 66.493746 -1.1746568 111.338590274 69.0947420887 -1.15482280532 3.38352605873 1.13640418628 0 0.314
156 6.16359806061 114.39844 64.423702 -1.1690506 113.196949352 67.8680918725 -1.14134814238 3.64793110834 1.5872339038 0 0.346
159 6.23285388947 114.9392 62.935672 -1.1627449 114.130372797 65.5303973629 -1.14532949169 2.71786702277 0.997829394565 0 0.426
162 6.16423106194 115.58582 61.52951 -1.1720902 114.358202299 64.1144515059 -1.13839606972 2.8616372602 1.93053145942 0 0.44
165 6.12446022034 116.16312 60.165609 -1.1710096 114.628113333 63.4139867904 -1.15397774765 3.59279887233 0.975853256774 0 0.472
168 6.18575191498 116.71267 58.758483 -1.1690165 114.688577009 62.8928571443 -1.14095614023 4.60325993219 1.6077401862 0 0.48
171 6.16531300545 117.29804 57.404001 -1.1730259 115.103233234 61.5049736681 -1.1955675207 4.65136039923 -1.29153972966 0 0.442
174 6.20398807526 117.3062 57.346669 -1.1782941 115.129261708 59.5236324424 -1.21222217117 3.07867344114 -1.9439352848 0 0.444
177 6.22105097771 117.30973 57.394113 -1.1925087 114.396794941 60.101215757 -1.22209907972 3.97663123718 -1.69540387211 0 0.46
180 6.22186112404 117.3509 57.478875 -1.2542253 115.11109871 60.9289385047 -1.31088579067 4.11334997379 -3.24640698058 0 0.466
183 6.1912779808 117.31554 57.561663 -1.3141336 114.635599974 60.5358154335 -1.35690808033 4.00345616207 -2.45079719397 0 0.444
186 6.20771312714 117.31761 57.625945 -1.389572 114.7634088 61.1182406699 -1.39111437759 4.32666994525 -0.0883717264358 0 0.408
189 6.1761739254 117.34247 57.653648 -1.4539696 115.317558022 60.8892463576 -1.47607586086 3.81698378944 -1.26659544793 0 0.408
192 6.2270720005 117.36058 57.739095 -1.5147103 114.770414931 60.0581878054 -1.53002263993 3.47665737847 -0.877332452723 0 0.31
195 6.24036598206 117.34118 57.80351 -1.5718326 114.697759379 60.0509701799 -1.57469468526 3.46969016498 -0.163985406239 0 0.256
198 6.18302607536 117.32521 57.826191 -1.6475747 115.435207643 60.4967998134 -1.63197169189 3.27173659469 0.893986512322 0 0.292
201 6.18180084229 117.28663 57.948056 -1.7072698 115.716215002 59.9542643572 -1.66935865695 2.54775886586 2.17214849339 0 0.23
204 6.1531560421 117.37131 58.006137 -1.7818651 116.99458966 60.3273014892 -1.76387310889 2.3515362639 1.03086515551 0 0.252
207 6.1787648201 117.40314 57.989067 -1.8555926 116.041222571 60.3048627208 -1.79537482011 2.68658312783 3.45022463941 0 0.184
210 6.1992418766 117.02719 57.008887 -1.8977403 116.401502663 59.3144112958 -1.80860793873 2.38891752105 5.1069081188 0 0.176
213 6.19464421272 116.38504 55.250118 -1.9095407 115.83062857 56.4744668224 -1.83246768917 1.3440245804 4.41595823511 0 0.264
216 6.21283912659 115.67443 53.450651 -1.9075572 115.545314232 55.618985287 -1.79454632262 2.17217505319 6.47504631308 0 0.272
219 6.15839600563 115.02136 51.574537 -1.9165104 114.758645872 53.4130904804 -1.89549950954 1.85722847633 1.20383534719 0 0.356
222 6.15613603592 114.35753 49.684701 -1.9233127 114.280904168 51.428087425 -1.88259685645 1.74506955305 2.33284599485 0 0.334
225 6.1144990921 113.59486 47.870819 -1.9110101 113.458363608 49.9993488268 -1.88785141189 2.13290189381 1.32689508782 0 0.39
228 6.12943983078 112.87829 45.986656 -1.9118326 112.30130149 48.1685234043 -1.90593131342 2.25686975937 0.338118814988 0 0.274
231 6.16746401787 112.17059 44.128463 -1.9122248 114.070512174 44.2724984814 -1.78081403728 1.90537410692 7.5292820863 0 0.292
234 6.15730190277 111.43202 42.277019 -1.9027456 110.636385517 44.3966563301 -1.92710362187 2.26404431079 -1.39561185034 0 0.284
237 6.16175198555 110.82393 40.37458 -1.9174412 110.591586323 42.5255160213 -1.90959102644 2.16344848606 0.449781813434 0 0.272
240 6.12107396126 110.14399 38.567468 -1.912432 110.176465163 40.703868855 -1.91345637074 2.13664766616 -0.0586921203451 0 0.314
243 6.17279696465 109.42625 36.696167 -1.9074722 109.113689853 39.0243491624 -1.89149376664 2.3490691831 0.915496794674 0 0.402
246 6.15990900993 108.96452 35.308972 -1.917648 109.196308473 36.831236441 -1.9187714347 1.53981002872 -0.0643680667886 0 0.42
249 6.15809416771 108.91335 35.330429 -1.9171391 107.965221593 37.5610773547 -1.95117249931 2.42378620313 -1.94997014275 0 0.392
252 6.14389109612 108.9585 35.348205 -1.9450374 109.540395682 37.2715359624 -1.99824232545 2.00942891775 -3.04841767776 0 0.408
255 6.14408302307 108.97674 35.368834 -2.0165302 109.311492825 37.4627396194 -2.04097508075 2.12049527151 -1.40058849781 0 0.392
258 6.18024492264 108.99865 35.397074 -2.0803106 109.137167489 37.2303123697 -2.12803320223 1.83846403689 -2.73430369522 0 0.404
261 6.12025284767 109.05048 35.474836 -2.159245 109.937742576 37.4118276061 -2.14961959122 2.1305331165 0.55149529941 0 0.364
264 6.16082191467 109.09365 35.518169 -2.2238592 109.465739402 36.6911237418 -2.18374517061 1.2305581454 2.29836458328 0 0.324
267 6.18271303177 109.14301 35.568827 -2.2920109 108.095086764 38.5707074945 -2.25831751226 3.17953292364 1.93048891509 0 0.316
270 6.22073101997 109.24021 35.586114 -2.3597618 109.329446988 37.3404760024 -2.31980506198 1.75663009073 2.28935245185 0 0.348
273 6.21249818802 109.32691 35.57971 -2.4292889 110.223358353 37.9196618223 -2.38980229533 2.50579212629 2.26241579497 0 0.28
276 6.24994015694 109.34422 35.612178 -2.4970016 109.341131229 37.3581257103 -2.45568925513 1.74595044245 2.36702300281 0 0.32
279 6.23026394844 109.45255 35.562283 -2.5751384 108.739372666 37.44745801 -2.47111460743 2.01556610598 5.96012428311 0 0.332
282 6.2372751236 109.51035 35.610832 -2.6455993 109.679750077 37.513793655 -2.5139324379 1.91048670408 7.5439555003 0 0.296
285 6.19754600525 109.52669 35.619453 -2.7060079 108.468154211 37.3507145519 -2.58869657344 2.02922758178 6.72144390091 0 0.256
288 6.20759701729 109.56751 35.667144 -2.7779359 109.492773755 36.8893054318 -2.70981850474 1.22444439307 3.90283925996 0 0.27
291 6.19784092903 109.58407 35.725569 -2.8421247 109.780481562 36.0369375448 -2.7456659448 0.36814110375 5.52667956992 0 0.262
294 6.22066688538 109.62066 35.728072 -2.9074408 110.375217221 36.7961945821 -2.79000843882 1.30776238313 6.72837867368 0 0.248
297 6.2067360878 108.40689 35.538158 -2.9474042 108.447139887 37.6252493305 -2.85257876537 2.08747940712 5.4330971947 0 0.256
300 6.23919892311 106.63579 35.154474 -2.9731605 105.562655604 37.0648354339 -2.89117569724 2.19114085344 4.69738318245 0 0.298
303 6.18854403496 104.74277 34.838538 -2.9724974 104.25156443 36.8393909647 -2.92524862775 2.06026588036 2.7071552373 0 0.31
306 6.20038294792 102.71686 34.507066 -2.970186 101.575623349 35.7024524174 -2.86792394212 1.65268562686 5.85918432058 0 0.254
309 6.21099591255 100.87602 34.149296 -2.9774562 101.246073744 35.3721658722 -2.89368778019 1.2776347278 4.79957691152 0 0.238
312 6.18242406845 98.917573 33.856952 -2.9648121 98.0671645138 34.5092034566 -2.89949391371 1.07173996663 3.74245639998 0 0.342
315 6.18539404869 96.872255 33.519705 -2.9713846 96.6663139515 34.7527915089 -2.89409170136 1.25016561058 4.42855687857 0 0.396
318 6.19159889221 94.700759 33.157106 -2.9752463 93.7994363431 34.1183180182 -2.89833992298 1.31769157081 4.4064108211 0 0.356
321 6.16939520836 92.656194 32.878926 -2.9695623 92.0963764352 34.1929063985 -2.92359157248 1.42826474911 2.63392866809 0 0.296
324 6.2112288475 90.628889 32.525228 -2.9736018 90.3832311826 33.6769443305 -2.93019689482 1.17762399313 2.48691787713 0 0.426
327 6.19842886925 88.510396 32.191288 -2.9695852 86.8212946535 33.6322196391 -2.94301913964 2.22021335621 1.52212313703 0 0.412
330 6.22230505943 87.334812 32.006658 -2.9896435 86.5441396328 33.3385708998 -2.98205639778 1.548920516 0.43470893614 0 0.426
333 6.22322702408 87.328365 31.983283 -3.0015998 86.2440953273 34.0042976886 -3.01725754061 2.29349974814 -0.897122453817 0 0.382
336 6.24329686165 87.328448 32.00285 -3.0442403 86.3430087757 33.2729321777 -3.11238593314 1.60754446376 -3.90445717116 0 0.354
339 6.20679688454 87.480424 31.977098 -3.121648 86.3327670696 33.8453825611 -3.06613721657 2.1926248268 3.18053360779 0 0.356
342 6.24213290215 87.509332 32.088761 3.0972389 86.5780478196 34.0386478917 3.06837958886 2.16086767649 -1.65351672813 0 0.316
345 6.21143698692 87.537767 32.004513 3.0032565 86.3718322362 33.6790853337 3.05382970438 2.04048924876 2.8976311673 0 0.286
348 6.23705720901 87.588829 31.971963 2.902116 86.6783109431 33.6374703224 2.99018677689 1.89814587762 5.04608381407 0 0.192
351 6.20868802071 87.696053 31.883789 2.7788249 85.9222847549 34.1143363392 2.99688277303 2.84984126219 12.4937958144 0 0.166
354 6.22099590302 87.777704 31.698119 2.6376296 85.6666872168 32.7699012212 2.81261322823 2.36751113806 10.0258233812 0 0.098
357 6.24484491348 87.896098 31.65995 2.4917922 85.9259371565 34.3117931466 2.82088034905 3.30360497386 18.8553620286 0 0.092
360 6.11506795883 87.958395 31.594625 2.366513 87.0559937941 33.1692996995 2.58624608433 1.81491827523 12.5897783516 0 0.09
363 6.09621500969 87.964094 31.460561 2.2184109 86.2454173705 34.1392982224 2.4617153026 3.18268478863 13.9403154059 0 0.142
366 6.14494395256 87.708527 31.831987 2.1125682 86.5459817617 34.3646410766 2.27528224297 2.78672713102 9.32282792973 0 0.122
369 6.12177801132 86.721318 33.612273 2.0920166 84.9744902887 35.680282812 2.29651363409 2.7070411219 11.716816976 0 0.144
372 6.1368560791 85.724716 35.405361 2.0873093 84.4590199324 37.0788501093 2.13189625377 2.09822599698 2.55464427259 0 0.14
375 6.14798998833 84.755772 37.248267 2.0862059 84.0611140589 38.9019314565 2.08887664879 1.79364316127 0.153022633916 0 0.168
378 6.13039016724 83.690185 39.149374 2.0868314 81.8992960429 40.7069511556 2.12561245466 2.37346368256 2.22199075701 0 0.254
381 6.16080498695 82.666747 40.97523 2.090975 80.7044763818 41.9761048983 2.15365927267 2.20278381621 3.59154426599 0 0.264
384 6.13171601295 81.635815 42.877142 2.0910396 80.0168275898 43.5209214501 2.13231846482 1.74228936025 2.3651047373 0 0.256
387 6.14729404449 80.624097 44.699122 2.0805048 78.6895771426 45.8928040823 2.10954156234 2.27315727397 1.6636839327 0 0.328
390 6.09826397896 79.602515 46.546403 2.0762437 78.1272223529 47.1945381883 2.13303733259 1.61138686136 3.25403545042 0 0.35
393 6.12963795662 78.599692 48.40129 2.0808805 76.924188959 49.369278706 2.13061053546 1.93502262915 2.84932114669 0 0.384
396 6.12750983238 77.532669 50.298142 2.0919608 76.185322767 50.8345471952 2.12806586737 1.45019736762 2.0686679792 0 0.486
399 6.12507390976 76.53881 52.074716 2.0854653 75.7918518074 53.3584659337 2.10521775494 1.48524760013 1.13173230332 0 0.53
402 6.18964910507 75.533974 53.92833 2.0838411 74.3019448172 54.7232097906 2.10495958897 1.46619568569 1.21000028762 0 0.546
405 6.15479397774 74.451304 55.860797 2.0823704 72.9679352016 55.7305922149 2.09579012874 1.48907228773 0.76889381898 0 0.506
408 6.16771602631 73.464188 57.689364 2.0801622 71.0021143033 58.6096704841 2.11719804541 2.62845409174 2.12199763296 0 0.334
411 6.21376991272 72.461178 59.521835 2.0808323 70.2569969717 60.7217436761 2.14982233512 2.50962045666 3.9528378409 0 0.382
414 6.16804099083 71.469371 61.42577 2.0898858 68.9359488291 62.2659438725 2.08269769619 2.66910472477 -0.411848011275 0 0.422
417 6.1758620739 70.386885 63.322712 2.0827703 68.2910647159 63.3958097155 2.13776213518 2.09709464245 3.1508000634 0 0.494
420 6.16487884521 69.38246 65.186025 2.0922796 66.7312278206 65.4719682888 2.12995439106 2.66660751391 2.15860652186 0 0.442
423 6.13057899475 68.400253 67.014087 2.0893798 66.1122576399 67.4593740038 2.1176830246 2.33092326853 1.62165531626 0 0.572
426 6.12958598137 67.30799 68.901204 2.089526 64.4976717018 68.677793709 2.1357464777 2.81918447346 2.64823829922 0 0.522
429 6.13098192215 66.315197 70.741557 2.0869248 63.6246541445 70.5079137552 2.12011616826 2.70066844006 1.90172531774 0 0.55
432 6.16119790077 65.281228 72.464006 2.0745737 62.7316063607 72.3434736355 2.12160151855 2.5524691094 2.69449552289 0 0.58
435 6.1185438633 64.283593 74.421326 2.0918621 61.2197090854 74.7496161145 2.11317855341 3.08142159427 1.22134281457 0 0.64
438 6.12258887291 63.28447 76.191493 2.091939 60.0312490286 76.0920900192 2.12054379663 3.25473925859 1.63893412097 0 0.7
441 6.09931516647 62.204887 78.125252 2.0893553 59.168604378 77.5771385507 2.11553302 3.08535905751 1.49987287324 0 0.622
444 6.08047699928 61.273659 79.948227 2.0960183 58.3432298751 79.6280846042 2.12701002419 2.94786465253 1.77569499575 0 0.646
447 6.13266086578 60.19879 81.787566 2.089809 57.2585116806 81.2055379366 2.10268142992 2.99733102314 0.737535906318 0 0.664
450 6.07814693451 59.161438 83.629466 2.0974137 56.6655812799 83.3837387183 2.10052215771 2.50792397497 0.178101507495 0 0.638
453 6.04995799065 58.11891 85.485673 2.0964985 55.2741184382 86.1468677334 2.07080288789 2.92061937015 -1.47225012598 0 0.646
456 6.10992097855 57.036783 87.336936 2.0992423 54.8514413792 88.1300985231 2.09739903021 2.32482790499 -0.105611579591 0 0.64
459 6.06427001953 56.357629 88.602308 2.124456 54.693525746 88.3094696637 2.11924792024 1.68967272901 -0.298400989666 0 0.6
462 6.08819198608 56.200217 88.720884 2.2094598 55.0100732485 88.7482073892 2.18077445721 1.19045735614 -1.64354907591 0 0.5
465 6.07120895386 56.199637 89.07416 2.3631742 53.9887513816 88.8259764587 2.37230386408 2.22477196306 0.523091220133 0 0.416
468 6.09302997589 56.109511 89.161307 2.4869631 53.0591110132 88.4245474026 2.4658654116 3.13811325221 -1.20880850283 0 0.406
471 6.10413599014 56.023191 89.233423 2.608836 52.581540911 88.1653158806 2.57325414769 3.6035826831 -2.03868996488 0 0.386
474 6.17716479301 54.873312 89.789936 2.6823278 51.9856146503 89.3425576328 2.70863969302 2.92214705084 1.50756042125 0 0.366
477 6.1299290657 52.997249 90.667048 2.6986067 49.7718403204 89.9350331755 2.71802620874 3.30743206333 1.11265589107 0 0.466
480 6.13111591339 51.122563 91.609157 2.7018871 46.9868415512 90.8573257476 2.69628425765 4.20350355464 -0.321019220112 0 0.49
483 6.11040997505 49.137432 92.566213 2.7007601 46.8847884267 91.7931224428 2.71968481024 2.38161123563 1.08430602522 0 0.322
486 6.11026191711 47.308569 93.452781 2.7003868 44.746399473 92.7097718125 2.69294784038 2.66772849776 -0.426220990285 0 0.448
489 6.1132349968 45.360782 94.336008 2.7008969 42.0781922739 93.2337125455 2.69272462936 3.46272300061 -0.468236616449 0 0.526
492 6.14919495583 43.468079 95.251019 2.7064338 40.5445014996 94.0574391096 2.72667037313 3.15783760749 1.15947023212 0 0.514
495 6.20283794403 41.590918 96.131677 2.7064065 38.386372179 95.3528315507 2.72890023992 3.29783476736 1.28879636305 0 0.446
498 6.16301298141 39.606214 97.06058 2.704478 35.8385532768 96.330610224 2.71315839385 3.83772370021 0.497349932179 0 0.494
501 6.09739398956 37.718719 97.944153 2.696243 34.4897459044 96.2917741021 2.74152967623 3.62720598732 2.59473541609 0 0.518
504 6.10790801048 35.769603 98.891663 2.7044976 32.7888603939 96.646740499 2.73157983358 3.73155510739 1.55169768411 0 0.55
507 6.11399698257 33.862509 99.822852 2.7013631 31.123512 98.4157299125 2.72307672202 3.07930140375 1.24409889969 0 0.51
510 6.11271595955 31.979521 100.73965 2.7066945 29.13230418 99.6467537887 2.73513109955 3.04976486775 1.62929713795 0 0.396
513 6.09009194374 30.015598 101.64307 2.7044148 27.2985771826 100.601735046 2.69976720005 2.90973892428 -0.266287862064 0 0.384
516 6.19578814507 28.083667 102.5122 2.7038251 25.6685438966 101.737770212 2.70272554174 2.5362494163 -0.0630000477427 0 0.41
519 6.11604094505 26.231599 103.44351 2.6987262 23.4256983467 101.95086996 2.72300139601 3.17821534276 1.39086627841 0 0.492
522 6.08421492577 24.326425 104.3449 2.7056645 21.3833483709 103.051531545 2.70650975571 3.21473202698 0.0484295847851 0 0.408
525 6.11241912842 23.072168 104.95788 2.6888385 19.6409832702 104.383247476 2.68093727961 3.47896984577 -0.452706581514 0 0.578
528 6.13646697998 23.059574 104.94595 2.6093304 19.6820160447 104.147368615 2.59892149449 3.47068148499 -0.596386354931 0 0.51
531 6.16945099831 23.148655 105.02795 2.4881616 18.9715872335 104.532173517 2.47288490945 4.2063867448 -0.875289893354 0 0.524
534 6.10806298256 23.15609 104.97342 2.3614352 18.4550991286 104.187131917 2.33441956552 4.76629459031 -1.54788183639 0 0.472
537 6.12017607689 23.189116 104.80794 2.2179164 18.8143952881 104.254983764 2.17497044345 4.40952853554 -2.46062205759 0 0.414
540 6.1177740097 23.170444 104.45908 2.0515088 18.4255637495 104.249994771 2.06613691585 4.74948473251 0.838129300641 0 0.428
543 6.08151984215 23.203193 104.36781 1.9241471 18.9322769805 104.646207318 1.94102056989 4.27997998976 0.966778610456 0 0.378
546 6.08877897263 23.268475 104.40083 1.8086424 19.8506690898 103.653865464 1.80655360942 3.49847870625 -0.119678884524 0 0.4
549 6.09903907776 23.269141 104.3114 1.6661585 19.2852685282 104.072131507 1.71612697441 3.99105115023 2.86298269267 0 0.42
552 6.14116406441 23.273746 104.22596 1.531085 19.6395367738 104.616311901 1.52608486801 3.65511303614 -0.286486460092 0 0.388
555 6.17163181305 23.201513 103.9692 1.3630267 19.6752996453 103.935920087 1.41610355737 3.52637039681 3.04107991721 0 0.348
558 6.10884094238 23.573375 105.47089 1.3112874 19.5571835182 105.470384304 1.34251092584 4.01619151359 1.78897625241 0 0.41
561 6.13104701042 24.091257 107.45193 1.3021436 18.6827530146 106.106535454 1.32690134783 5.57332951159 1.41851446087 0 0.198
564 6.15358901024 24.69734 109.54228 1.2971878 20.5239179 108.482502436 1.27053612722 4.30587743775 -1.52702836719 0 0.306
567 6.1846010685 25.24514 111.62222 1.291934 21.606256602 111.352217347 1.33131233235 3.64888665449 2.25621224793 0 0.44
570 6.08620500565 25.838263 113.71051 1.2925571 21.8201691621 113.704907684 1.27812312173 4.01809774344 -0.827006036217 0 0.47
573 6.08423519135 26.485855 115.66064 1.2984976 22.1041093172 115.603175458 1.31869136007 4.38212247692 1.15701722452 0 0.558
576 6.10056495667 26.666562 116.70228 1.2516028 21.9379901099 116.468742442 1.23023818308 4.73433542438 -1.22410238058 0 0.468
579 6.09924697876 26.671044 116.66524 1.1445574 22.6000573931 116.74598591 1.1474135416 4.07178730476 0.163644859207 0 0.506
582 6.11123394966 26.68282 116.71548 1.0360889 22.8393067187 116.10276382 1.01029660032 3.8920451515 -1.47778991545 0 0.494
585 6.10352110863 26.598988 116.54426 0.86252405 23.0253317425 115.890328997 0.860066680991 3.63299391722 -0.1407968729 0 0.504
588 6.13379311562 26.490987 116.49462 0.72378221 21.8545794068 116.196833469 0.745570337085 4.64596084662 1.24836772549 0 0.48
591 6.11925697327 26.414554 116.44154 0.58967497 22.5208226271 115.848219217 0.643958099514 3.938676625 3.11019421992 0 0.442
594 6.10507106781 26.30131 116.37003 0.43724496 21.9468794478 116.322827197 0.495339537222 4.35468638806 3.32857408743 0 0.45
597 6.08527803421 26.176025 116.35464 0.31453037 21.4031112894 116.559014231 0.328888418769 4.77728731765 0.822655596488 0 0.368
600 6.11703491211 26.088883 116.46581 0.14702743 21.7597602361 116.254355649 0.221374032968 4.33428389096 4.25974657123 0 0.382
603 6.11577701569 25.977812 116.45377 0.019989929 22.0165684121 116.193134352 0.0832121166719 3.96980877424 3.62236452519 0 0.366
606 6.0896859169 25.890585 116.45549 -0.11586106 22.6989867723 116.309091142 -0.00683316007417 3.19495412689 6.24683851492 0 0.322
609 6.13448810577 27.617035 116.21759 -0.13548047 24.2357985766 115.949177204 -0.0634819844276 3.39187340273 4.12520935463 0 0.342
612 6.09123897552 29.732468 115.90829 -0.14344069 27.0069565248 115.589186511 -0.0961189544964 2.74412824736 2.71133572359 0 0.398
615 6.10532593727 31.744289 115.6014 -0.14068963 27.4629789648 115.195153854 -0.114189898776 4.30054084372 1.51832275738 0 0.44
618 6.11593079567 33.87565 115.27561 -0.13567301 30.642417158 114.779984291 -0.111014667927 3.27099976364 1.41281893059 0 0.408
621 6.11881899834 35.936054 114.9269 -0.14240112 33.0578604746 114.845594772 -0.0958210083161 2.87934167987 2.66884380873 0 0.524
624 6.13599205017 38.113735 114.67885 -0.14674677 34.9412370625 114.367519231 -0.137074124864 3.18773744382 0.554201742997 0 0.494
627 6.12023210526 40.163768 114.30534 -0.14012204 36.2543317168 114.489445117 -0.0837384975594 3.91376886726 3.23053901584 0 0.56
630 6.09640288353 42.346763 113.98058 -0.16006212 39.0402158863 114.202812717 -0.0659075089676 3.31400681882 5.39466183385 0 0.618
633 6.07844495773 44.341947 113.67079 -0.15507802 41.2754668283 113.951096158 -0.0969717805308 3.07926487754 3.32924228496 0 0.598
636 6.07794809341 46.544067 113.30502 -0.15009707 42.5970932421 114.019162933 -0.0439537328628 4.01105995637 6.0815652414 0 0.566
639 6.07764911652 48.557097 112.97025 -0.14631805 44.9386539383 114.348477295 -0.0717810916366 3.8720331441 4.27065313197 0 0.608
642 6.1135571003 50.586062 112.64729 -0.14866611 47.5704498111 113.767730192 -0.0787284183943 3.21703327572 4.0071345579 0 0.604
645 6.14568805695 52.747394 112.3225 -0.14488479 49.891707171 113.661073259 -0.0610643606642 3.15384299461 4.80255683792 0 0.65
648 6.18868589401 54.919709 111.95097 -0.14565598 51.3483524507 113.962798 -0.0502079634021 4.0990290926 5.46876851395 0 0.67
651 6.05132699013 56.9199 111.70562 -0.14317608 53.6365409467 113.848549166 -0.0722568699604 3.9207897268 4.06337142167 0 0.574
654 6.09413194656 58.963864 111.32719 -0.14485493 56.07140476 113.87018217 -0.0731550047636 3.85138022401 4.10810310745 0 0.538
657 6.0665769577 61.070196 111.0267 -0.15209978 57.6059864276 112.366485733 -0.13043866816 3.71426624963 1.24109028799 0 0.506
660 6.09756803513 63.25691 110.67843 -0.1447313 60.1390771509 112.229924171 -0.131374447821 3.48253009138 0.765291257458 0 0.582
663 6.11074709892 65.338645 110.4192 -0.14848438 61.0375646633 111.937613741 -0.129831585198 4.56123583603 1.06872641829 0 0.592
666 6.12446093559 67.412523 110.08404 -0.1445869 63.4877787983 111.38573981 -0.110078160355 4.1349775628 1.97720513796 0 0.656
669 6.07341909409 69.507235 109.73429 -0.15139682 66.0210247776 111.301774049 -0.122166988331 3.82239034609 1.67474599053 0 0.72
672 6.1231470108 71.647859 109.39116 -0.14906575 68.1014112064 111.051430148 -0.11344742258 3.91583821376 2.04077983446 0 0.712
675 6.05721306801 73.702975 109.06139 -0.1559357 69.9935884231 111.461836827 -0.0963339818018 4.41833608325 3.41492690449 0 0.68
678 6.12167191505 75.754203 108.72815 -0.15045699 72.3600287494 110.131032171 -0.135862646316 3.67266895189 0.836194297854 0 0.614
681 6.08803892136 77.860742 108.43703 -0.15243836 74.1826705698 110.078061073 -0.158541539552 4.02755414969 -0.349686429942 0 0.644
684 6.07544898987 79.97813 108.08555 -0.15170568 75.8204085938 108.421285816 -0.153304714042 4.17125470695 -0.0916179018801 0 0.614
687 6.06221795082 82.120618 107.73965 -0.14888428 78.2158577036 108.678835655 -0.134206809231 4.01612035024 0.840957128975 0 0.7
690 6.12143611908 84.192494 107.42985 -0.14593359 80.6879754997 108.000433003 -0.136215691154 3.5506640058 0.556794589591 0 0.666
693 6.07996702194 86.28045 107.15458 -0.15823172 82.2217230929 108.465685849 -0.150584361336 4.26523887432 0.438161375873 0 0.574
696 6.12012696266 88.385341 106.75858 -0.15035877 84.5218798366 108.825061938 -0.11292776649 4.38140157513 2.14463852406 0 0.59
699 6.05467891693 90.512184 106.42958 -0.15443508 86.9122853894 108.41744298 -0.101218675126 4.11228272789 3.04907540013 0 0.648
702 6.10037589073 92.541412 106.11165 -0.15857271 89.7405998955 108.597548377 -0.0956607960283 3.74489508336 3.60458715167 0 0.618
705 6.076141119 94.624435 105.7799 -0.14991569 91.0668666232 108.540743004 -0.106482012097 4.50317075478 2.48856643257 0 0.622
708 6.08389091492 96.812614 105.41142 -0.16008539 92.7584135963 107.501476945 -0.116448922889 4.56123655903 2.50018539833 0 0.614
711 6.07604718208 98.833392 105.05687 -0.15857643 94.8051626186 107.156855713 -0.139615547427 4.54274938149 1.08637854726 0 0.618
714 6.10213708878 100.9283 104.72764 -0.15390186 96.3164071373 106.65298858 -0.119202799186 4.99765174181 1.9881097377 0 0.43
717 6.11092686653 103.02648 104.38009 -0.15580909 98.9223575713 106.68487643 -0.142735228419 4.70700131681 0.749077090518 0 0.54
720 6.14680099487 103.56436 104.3046 -0.21764658 99.1915977123 106.635085578 -0.211571879192 4.955018976 0.348054718125 0 0.496
723 6.09744095802 103.46604 104.39779 -0.32798619 99.2801969753 106.748221169 -0.285604729407 4.8006050149 2.42827882156 0 0.45
726 6.14599895477 103.43166 104.43448 -0.46455789 99.2486212085 107.106342476 -0.415753817256 4.96353327973 2.79626739126 0 0.466
729 6.06985616684 103.35806 104.51276 -0.60050128 99.2537134353 107.198359253 -0.556807684204 4.9049061224 2.50345863084 0 0.406
732 6.12740182877 103.30537 104.5712 -0.75278089 100.779937734 106.680999537 -0.676039194632 3.29075404955 4.39697525724 0 0.238
735 6.14667201042 103.24477 104.73622 -0.88717849 99.6710514777 107.044760869 -0.807244545131 4.25450643679 4.57987768085 0 0.314
738 6.11993193626 103.11543 104.83266 -1.0218313 99.5619399849 105.55246836 -0.930531692742 3.62566067939 5.2310821671 0 0.26
741 6.10206079483 103.3336 104.43355 -1.1359167 99.0409298128 106.572614839 -1.04866632098 4.79610422333 4.99907847876 0 0.29
744 6.16377592087 104.18264 102.5184 -1.1499809 101.714119253 104.807686784 -1.10227328883 3.36666432236 2.73344477067 0 0.362
747 6.12148094177 105.02068 100.61649 -1.1544373 102.735985097 103.156278083 -1.0668213931 3.41619002767 5.02002168336 0 0.492
750 6.12846517563 105.97315 98.645528 -1.1675657 104.101565834 101.431264058 -1.06351765828 3.35606207806 5.96151365706 0 0.45
753 6.13770914078 106.66644 96.709247 -1.154133 104.932998014 98.8036967028 -1.09451620686 2.71873880241 3.41579063517 0 0.492
756 6.13884282112 107.65453 94.805864 -1.1707179 105.383408233 97.0498122576 -1.09819645246 3.19269445215 4.15517286835 0 0.484
759 6.09225893021 108.36584 92.821603 -1.1639211 106.443158587 95.3744766473 -1.12170245197 3.19591421572 2.41895034875 0 0.484
762 6.07462906837 109.18739 90.932737 -1.1605274 106.655420992 93.2675626038 -1.12067509841 3.4441657418 2.28336868489 0 0.422
765 6.08612895012 110.00551 88.971931 -1.1631703 108.309606385 90.0575574293 -1.1300705763 2.01362206388 1.89647447083 0 0.512
768 6.05670690536 110.83946 87.051439 -1.1600004 108.931529117 88.6045695343 -1.11386237544 2.46016558618 2.64351408234 0 0.568
771 6.11470794678 111.68317 85.129972 -1.1502451 110.150281449 87.462656502 -1.11571570347 2.79126571557 1.97838869006 0 0.592
774 6.09376692772 112.49307 83.177328 -1.1488654 110.771080752 86.1052955263 -1.10092197652 3.39679861126 2.74695582063 0 0.58
777 6.13678789139 113.40329 81.226755 -1.149046 112.153966693 83.7794048557 -1.12537738473 2.84197642687 1.35611176198 0 0.552
780 6.10931420326 114.20236 79.347389 -1.1522317 112.357556304 82.0904192135 -1.13869253887 3.30567926918 0.775736790639 0 0.474
783 6.08951187134 115.10134 77.33273 -1.146946 112.964511116 79.8947836453 -1.10799750265 3.33618892736 2.23158451668 0 0.402
786 6.10161614418 115.87569 75.433999 -1.1405871 113.883883047 78.3103057237 -1.11834230557 3.49863334828 1.27453283725 0 0.358
789 6.09414505959 116.74641 73.521868 -1.1514597 114.443283328 76.3315562406 -1.14187945809 3.63300708461 0.548907427925 0 0.43
792 6.06419491768 117.66191 71.592443 -1.1472421 115.480357018 74.3611349023 -1.12340017735 3.52488698616 1.3660415436 0 0.348
795 6.11142206192 118.47567 69.543126 -1.1411103 116.79144908 71.9278932948 -1.104137432 2.91954023033 2.11838929317 0 0.47
798 6.10395789146 119.32773 67.660396 -1.1493947 117.301290199 70.0477013994 -1.13294164836 3.13140309383 0.942690418992 0 0.49
801 6.14227700233 120.23613 65.736718 -1.1477983 118.96190403 68.7336437294 -1.12384191834 3.25656500787 1.37259956178 0 0.456
804 6.14360904694 121.05504 63.851108 -1.1435448 120.023039339 66.2696010873 -1.11992183298 2.62947412576 1.35349630999 0 0.564
807 6.11067605019 121.9387 61.889647 -1.1416966 120.451507771 64.2964032325 -1.14410933857 2.82917236807 -0.138239737004 0 0.594
810 6.12322187424 122.75206 59.947854 -1.134592 121.698612463 62.5524696977 -1.11661109926 2.80958620564 1.03022972453 0 0.544
813 6.07236409187 123.61313 58.017737 -1.1345099 122.04500219 61.4843906899 -1.07713586274 3.80482754334 3.2872901889 0 0.49
816 6.05542588234 124.50226 56.14403 -1.1250591 122.892260614 59.6193058651 -1.11510976733 3.83009665151 0.570054771138 0 0.534
819 6.09336709976 125.37031 54.195354 -1.1346431 123.977023594 58.0215604644 -1.14571929089 4.07199004391 -0.634618991131 0 0.474
822 6.11431288719 126.19009 52.293812 -1.120627 124.328246845 55.7168842969 -1.10119285606 3.89665034148 1.11349442638 0 0.478
825 6.14191007614 127.09539 50.434417 -1.1252352 126.111737034 54.0075978037 -1.10974515634 3.70610229407 0.887514125922 0 0.576
828 6.11119294167 127.94916 48.435924 -1.125081 126.515350695 51.3463009461 -1.09550977102 3.24439564345 1.69430661562 0 0.612
831 6.10610985756 128.83417 46.49897 -1.1135569 127.323849568 49.6819399142 -1.12292111565 3.5231186867 -0.536530035161 0 0.574
834 6.1698319912 129.69028 44.561049 -1.1141866 128.333808123 47.2059086923 -1.13795750629 2.97242304278 -1.36197260565 0 0.526
837 6.10779500008 130.6504 42.689185 -1.1179531 129.346966937 45.6439399245 -1.14200343496 3.22947587305 -1.3779826893 0 0.518
840 6.09885406494 131.56218 40.752166 -1.1133477 130.032740827 43.5054417155 -1.12131551497 3.14955732609 -0.456522169803 0 0.438
843 6.09802484512 131.80181 39.159633 -1.0655485 131.693975905 42.2215587941 -1.09109672342 3.06382404208 -1.46380537583 0 0.448
846 6.14711213112 89.526265 39.287264 -0.26055386 132.417692059 40.8881395753 -1.09486288413 42.9212921261 -47.8023858921 0 0.506
849 6.17486596107 49.129117 22.860079 0.57174269 133.782159458 40.147099801 -1.07744145201 86.4001081342 -94.4912909769 0 0.31
852 6.14284110069 45.693587 19.436118 1.0035584 134.269402907 39.8583752464 -1.04502562758 90.8996356137 -117.375218758 0 0.096
855 6.09739112854 46.841947 21.209275 1.0214136 39.0851223931 92.8194770027 -2.23528307409 72.0290868945 173.40502542 0 0.022
858 6.16321897507 48.00008 22.972907 1.0079248 35.7938819084 89.0101646868 1.63167407609 67.1558685049 35.7382009941 0 0.014
861 6.1112909317 49.170996 24.731115 1.014741 37.4772149776 86.5432670978 -0.675274970955 62.9085579358 -96.8307824454 0 0.012
864 6.12252807617 50.349541 26.532036 1.0144485 36.138581323 93.5341540683 2.19991364926 68.4925923044 67.9221498125 0 0.008
867 6.1355099678 51.518278 28.351001 1.0069992 41.3375395686 101.118615401 0.637041580398 73.4763440886 -21.1970102019 0 0.016
870 6.14436507225 52.642563 30.101924 1.0170679 28.7018520646 76.573622011 -2.72379141994 52.2759634643 145.664549215 0 0.024
873 6.12432694435 53.80357 31.912095 1.0183648 56.8848195317 109.960393621 2.31396813994 78.1090968855 74.2326033016 0 0.01
876 6.14941287041 54.946688 33.671099 1.0064723 35.8436915131 101.12772448 1.57890216342 70.1093488485 32.7978152413 0 0.036
879 6.13045096397 56.161659 35.476636 1.0152563 35.8623462469 104.166427997 1.67504686792 71.6264589575 37.8032149041 0 0.024
882 6.14169692993 57.333476 37.252395 1.017552 37.4179971747 105.94104822 1.49258909014 71.5175319623 27.2176203772 0 0.016
885 6.08273291588 58.434052 39.044555 1.0099164 37.3092417194 107.113948275 1.56552024055 71.2720135128 31.833755145 0 0.016
888 6.20200896263 59.558673 40.733157 1.0155176 103.94715556 104.496928596 1.57775905531 77.6927020522 32.2140624563 0 0.006
891 6.14862203598 60.829575 42.673596 1.0256616 34.7545067922 109.597420967 1.56980446421 71.8241430872 31.1770895711 0 0.01
894 6.15017008781 61.938983 44.298725 1.0235902 36.5220035732 113.929162448 1.66764050754 74.1243594399 36.901364416 0 0.024
897 6.12952303886 63.08776 46.123861 1.0214801 34.8316056715 116.773697025 1.63602083573 76.0907983122 35.2105904959 0 0.012
900 6.1499209404 64.233274 47.872937 1.026201 13.4765202561 139.435896733 -3.10625101897 104.690131558 123.227940273 0 0.006
903 6.14985203743 65.367062 49.701179 1.0288308 134.815818969 81.5012940161 1.53969455821 76.3830947235 29.2703372518 0 0.006
906 6.14847207069 66.47055 51.411163 1.0247772 125.346514505 112.55360248 2.35012355773 84.8809584177 75.9367526911 0 0.006
909 6.16291904449 67.601685 53.206336 1.0345375 26.6308587877 118.224007451 0.625957117102 76.8498939588 -23.4099315319 0 0.004
912 6.15312504768 68.713633 54.989386 1.0321621 33.907763203 131.838095088 1.5185870778 84.3633371843 27.8700982775 0 0.012
915 6.1465549469 69.889939 56.860516 1.0335194 49.6794925688 141.60511048 1.32598799481 87.1212284032 16.7572161226 0 0.016
918 6.13103985786 70.97178 58.665246 1.0279054 130.015235668 71.9201995826 -0.308972091458 60.5130023353 -76.5974379866 0 0.012
921 6.09507608414 72.083269 60.388926 1.0348295 91.3090910849 24.3779806114 -0.830241346927 40.8218130737 -106.860688022 0 0.006
924 6.16974496841 73.21006 62.180545 1.0389104 71.6404401634 63.00845505 1.68647615606 1.77458205851 37.1027847792 0 0.006
927 6.15527296066 74.211219 63.966291 1.0279221 71.7773424642 65.2044375773 1.05605563202 2.73070722309 1.61193264757 0 0.032
930 6.17281484604 75.394113 65.876292 1.0355825 73.7245226414 65.6378304682 1.1560952968 1.68653368409 6.90487463398 0 0.02
933 6.16774106026 76.475569 67.55587 1.0353462 74.7069228893 69.2108297389 1.04216024741 2.42218925816 0.390416158218 0 0.02
936 6.11643218994 77.652303 69.425792 1.0395167 73.8147791631 70.2113326954 0.939128878841 3.91709884774 -5.7517984669 0 0.038
939 6.10630393028 78.72098 71.209083 1.0347632 76.3192832126 72.0515639287 1.06175197774 2.54517613812 1.54634305898 0 0.08
942 6.1548500061 79.923618 73.070281 1.0406815 76.0321018125 75.3524397609 1.10593922481 4.51133537301 3.73899221208 0 0.102
945 6.13982391357 80.886825 74.813727 1.0240856 79.6089525462 76.7588851222 1.04048729706 2.32735861621 0.939748018148 0 0.154
948 6.1171848774 82.003807 76.66259 1.0354781 80.0095377514 77.9910599521 1.00813018891 2.39623501553 -1.56691988407 0 0.244
951 6.12204480171 83.149971 78.458347 1.0359732 81.7082494666 79.3442936813 0.961127087672 1.69217685303 -4.28836634934 0 0.31
954 6.08234000206 84.209192 80.07724 1.046865 82.4748825629 80.2475969063 0.983045737921 1.74265621945 -3.65657436874 0 0.328
957 6.09171891212 84.421821 80.346791 1.1291589 81.2780074223 80.9479705211 1.09039296069 3.20077812854 -2.2211247113 0 0.336
960 6.09114217758 84.549549 80.462185 1.2384433 82.1533124918 80.7056294813 1.2203836804 2.40857107404 -1.03473998267 0 0.348
963 6.09607386589 84.477315 80.645515 1.377415 82.3189884551 80.8608207456 1.34751083749 2.16903896654 -1.71338230148 0 0.336
966 6.11927986145 84.491575 80.745704 1.5042297 82.3286087764 81.3264621105 1.49110346378 2.23957649288 -0.75207793612 0 0.28
969 6.13515901566 84.58151 81.604236 1.6242617 81.0050963182 81.7519739884 1.59823636058 3.57946383371 -1.49114210923 0 0.308
972 6.07913208008 84.52138 83.606555 1.6450761 81.1767368564 82.1026090348 1.63366874658 3.66721845875 -0.653593206498 0 0.396
975 6.08225989342 84.450105 85.633891 1.6510189 81.1057744059 86.8116724582 1.63121087929 3.54566161473 -1.13491598707 0 0.472
978 6.08909678459 84.288283 87.799076 1.6553182 81.4376431784 88.3704802781 1.64177132396 2.90734419046 -0.776178822738 0 0.436
981 6.09882307053 84.219899 89.940013 1.6574582 81.1621108696 90.1208227112 1.60348393971 3.06312918469 -3.09249731703 0 0.43
984 6.09438896179 84.085061 91.960688 1.6559816 80.8874530819 93.0964622663 1.61314772372 3.39332868754 -2.45420033111 0 0.446
987 6.11873984337 83.972707 94.061302 1.6546883 80.0617251457 95.4109174327 1.66794080505 4.137298742 0.75931260733 0 0.356
990 6.06628108025 83.850194 96.236204 1.650278 80.346288471 96.4292465308 1.66879494503 3.50921919734 1.06094279993 0 0.25
993 6.06488800049 83.742141 98.372522 1.653672 80.4008916359 98.8677351747 1.66393943044 3.37774827385 0.588280430737 0 0.4
996 6.09208106995 83.558608 100.37046 1.6603574 79.6597020181 100.906978904 1.63632428826 3.93564739145 -1.37699587109 0 0.402
999 6.13428997993 83.448658 102.54165 1.6520527 79.6339696881 102.37055029 1.66608056457 3.81852354025 0.803737435575 0 0.388
1002 6.31918001175 83.308795 104.69204 1.6576029 79.2140541336 104.862288141 1.6587049464 4.09827856455 0.0631426073596 0 0.504
1005 6.12086009979 83.194681 106.76107 1.661421 78.7713625796 107.749135599 1.65326666447 4.53233046856 -0.467209010594 0 0.442
1008 6.12630081177 83.066158 108.84686 1.6653468 78.5388338489 109.211796636 1.66721477113 4.54200866551 0.107026862189 0 0.45
1011 6.06051707268 82.920912 111.09751 1.6564676 78.7814910271 111.374430554 1.68017174687 4.14867340058 1.35814757252 0 0.586
1014 6.09148597717 82.798446 113.12029 1.6519674 78.0831409609 114.147165275 1.65194468474 4.8258237061 -0.00130148867826 0 0.616
1017 6.08172917366 82.725101 115.25424 1.6521864 78.5522232434 116.410357975 1.6692807387 4.33007130935 0.97943346091 0 0.576
1020 6.07076907158 82.605874 115.888 1.7134215 79.0674815557 117.50814335 1.74085599567 3.89166873788 1.57188081506 0 0.594
1023 6.09490394592 82.650086 115.98425 1.8265292 78.6565152881 117.170920816 1.82873902677 4.16614865998 0.126613747284 0 0.516
1026 6.12863993645 82.697137 116.16336 1.9516157 78.2793006416 117.010011278 1.97923452659 4.49823259471 1.58244219882 0 0.478
1029 6.11047506332 82.611261 116.28116 2.0730733 78.8102414337 116.590114546 2.11342960295 3.81355512026 2.31224583603 0 0.534
1032 6.10507893562 82.517518 116.45008 2.1971216 79.1490180977 117.157568536 2.24883829815 3.4419952964 2.96314853444 0 0.462
1035 6.10789203644 82.418538 116.4581 2.3123831 78.747742366 116.972805927 2.38439172063 3.70670511071 4.12579005063 0 0.494
1038 6.09298086166 82.414024 116.83182 2.4679277 79.0962796583 117.004453014 2.51961080851 3.32223263398 2.96122398998 0 0.452
1041 6.08212709427 82.282962 116.94587 2.5874118 78.1077910506 116.843577683 2.57973313591 4.17642384998 -0.439955044518 0 0.324
1044 6.12385320663 82.208722 116.96752 2.707272 78.8042623836 116.66370828 2.7496732337 3.41798871286 2.42941173691 0 0.372
1047 6.1422059536 82.043289 117.20312 2.8493508 78.0563293164 117.215684062 2.86028001486 3.98697948002 0.626197885102 0 0.322
1050 6.1315009594 81.832352 117.28824 2.9891727 78.1615131138 116.896215741 3.02766671811 3.69171249538 2.20554477398 0 0.35
1053 6.15529990196 81.142386 117.29523 3.0875315 77.0826044892 116.318055767 3.11168580233 4.17572693048 1.3839395808 0 0.328
1056 6.16292881966 79.131234 117.37152 3.1037602 75.8537105894 116.552456763 -3.10324246857 3.37831678399 4.36494366435 0 0.444
1059 6.18334817886 77.094643 117.50841 3.1079346 74.4497779613 116.411206963 -3.11103424741 2.86341851246 3.67933212001 0 0.404
1062 6.14947104454 74.899205 117.59033 3.115912 71.6966350962 116.793524734 3.1353152149 3.30020493617 1.11172232293 0 0.524
1065 6.17021512985 72.824078 117.69503 3.116944 69.6583308146 117.010250872 -3.12654786212 3.23896244137 2.27426687624 0 0.564
1068 6.13835310936 70.711208 117.83017 3.1174699 68.1221567736 116.826477994 -3.13733352726 2.7767938158 1.62616193416 0 0.56
1071 6.17150688171 68.550781 117.88294 3.1169773 65.7573974328 116.983468427 -3.13534502438 2.93462789181 1.7683186574 0 0.572
1074 6.26409912109 66.454241 117.99143 3.11617 63.3473968286 117.16800588 -3.13227627558 3.21411076135 1.99039989486 0 0.574
1077 6.20279693604 64.352032 118.06903 3.1139299 60.4623588577 117.464773319 3.12747191184 3.93632865638 0.7759001245 0 0.574
1080 6.13842391968 62.204954 118.16997 3.1178991 59.773024805 117.807235965 3.11631264131 2.45883215965 -0.0908973871104 0 0.588
1083 6.1319000721 60.134729 118.2293 3.1166836 57.0049781463 117.547796763 3.10596771085 3.20309023739 -0.613975221958 0 0.654
1086 6.21425700188 58.034017 118.36643 3.1239361 55.0744540977 117.501737992 3.12086114008 3.08329447854 -0.176182225405 0 0.668
1089 6.19808006287 55.858025 118.47896 3.1251128 52.5922714514 117.022683047 -3.13981956621 3.57573612051 1.04581648134 0 0.64
1092 6.18065094948 53.766425 118.55 3.1243401 50.0375979899 116.74041734 3.13900814523 4.14472439087 0.840417085468 0 0.686
1095 6.17035698891 51.628528 118.603 3.1187628 48.2880403005 117.152793309 3.12925543847 3.6416970655 0.601183900119 0 0.686
1098 6.14279794693 49.494235 118.64783 3.1200968 47.3292033002 117.188083247 3.12188318377 2.611172695 0.10235225077 0 0.598
1101 6.11057901382 47.379245 118.80828 3.1260538 44.814211696 117.244829041 3.11893088231 3.00395984526 -0.408113121349 0 0.584
1104 6.15655899048 45.313934 118.87713 3.1250737 43.015815148 117.456498187 3.1080156858 2.7017670156 -0.977352220415 0 0.488
1107 6.10445404053 43.229975 118.9845 3.131291 41.1601020322 117.398937823 3.11315644158 2.60737061431 -1.03903366063 0 0.47
1110 6.18313598633 41.038059 119.03542 3.1300111 38.7540633007 116.780037992 3.13220699097 3.20988852685 0.125815284772 0 0.52
1113 6.13399410248 38.877743 119.09254 3.1262084 35.8623321537 117.951311503 3.10219586499 3.22414408101 -1.37581691175 0 0.478
1116 6.14442896843 36.866989 119.17866 3.1252668 33.4804687147 118.682158357 3.07083689493 3.42272311529 -3.11860383957 0 0.528
1119 6.1457798481 34.67231 119.25843 3.1314701 32.2356150826 119.010111583 3.09569273463 2.44931503828 -2.04989203756 0 0.506
1122 6.16001915932 32.567479 119.34722 3.1353596 30.4691539343 118.138620501 3.09287364695 2.42150383642 -2.43426579854 0 0.394
1125 6.1432158947 30.502201 119.36971 3.1349527 27.0620704403 117.611526871 3.12268244198 3.86338014988 -0.703033997838 0 0.344
1128 6.19525504112 29.15421 119.31018 -3.13185 26.554762602 117.692194534 -3.10937307899 3.06186278992 1.28783271023 0 0.384
1131 6.17861485481 28.938717 119.39146 -3.028318 26.3661984349 117.428641252 -3.01047487698 3.23581662135 1.02233564258 0 0.342
1134 6.142152071 28.80706 119.32785 -2.9089456 26.2699127226 118.194886452 -2.89483337597 2.778618849 0.80857087634 0 0.308
1137 6.14977312088 28.607415 119.34948 -2.7753086 26.4799045609 116.832098112 -2.78133110228 3.29598425906 -0.34506396262 0 0.336
1140 6.16025710106 28.309413 119.3977 -2.6319404 26.0907383107 117.226524547 -2.59455901454 3.10427450855 2.14179561924 0 0.288
1143 6.15815806389 28.176965 119.31562 -2.5155106 26.2613168324 117.473676056 -2.48596855391 2.65752994238 1.69263455895 0 0.312
1146 6.1063990593 28.13257 119.1422 -2.3876282 26.4138567352 117.893073154 -2.37221978793 2.12468660351 0.882836980342 0 0.238
1149 6.13980579376 28.071656 119.10664 -2.2643471 25.3518975346 118.970540678 -2.23357259043 2.72316160656 1.7632495147 0 0.196
1152 6.1567709446 27.847582 119.05477 -2.1225081 25.8252549973 118.642676167 -2.13129092117 2.06388658435 -0.503218585246 0 0.142
1155 6.11183691025 27.651134 118.95518 -2.0012288 24.6577788706 118.526689851 -2.00774056779 3.02386817485 -0.373096811539 0 0.114
1158 6.1070318222 27.585975 118.8068 -1.8653126 24.8782552866 119.439170474 -1.84089166198 2.78058239641 1.39921668012 0 0.128
1161 6.10566091537 27.545652 118.66047 -1.7395281 24.3710500779 119.371293766 -1.82299519188 3.25320884518 -4.78231209292 0 0.086
1164 6.11059594154 27.426878 118.54472 -1.6078392 24.5918897079 117.329840508 -1.60452870869 3.08432987802 0.189677180288 0 0.092
1167 6.09970712662 27.408113 118.27266 -1.4907581 26.8816178596 117.585550078 -1.58459472755 0.865631086322 -5.37644272252 0 0.056
1170 6.13470816612 27.619078 117.43976 -1.368489 27.0578503504 116.044424343 -1.39449565615 1.50397409263 -1.49007163643 0 0.082
1173 6.1381649971 28.00462 115.50954 -1.3464267 28.3786895567 114.52211809 -1.1944033094 1.05590248641 8.71029866866 0 0.054
1176 6.14819002151 28.352772 113.43776 -1.3439724 25.0689720839 113.72383261 -1.31001133367 3.29623716179 1.9458257683 0 0.07
1179 6.10060811043 28.777386 111.37552 -1.3470791 25.6821797233 111.039803439 -1.37797125172 3.1133595207 -1.76998991372 0 0.106
1182 6.10495591164 29.292879 109.18718 -1.3487141 27.0836540149 110.119485929 -1.39563148167 2.3978885252 -2.68816795573 0 0.074
1185 6.1922109127 29.664866 107.14961 -1.3582731 26.6761789051 107.350372219 -1.40084804374 2.99542251107 -2.43936458912 0 0.158
1188 6.12352180481 30.155372 105.1583 -1.3627181 27.1028605479 105.65628418 -1.42867304529 3.0928650809 -3.77894000326 0 0.246
1191 6.1125729084 30.584999 103.08809 -1.3538609 27.3524715076 103.333190647 -1.40156381846 3.24180633545 -2.73317589814 0 0.29
1194 6.14700579643 30.932942 101.04272 -1.3388863 28.1307242406 101.453156453 -1.38411050907 2.8321162499 -2.59115631151 0 0.24
1197 6.16568017006 31.46397 98.886394 -1.3633561 29.2998394634 98.3602269576 -1.37828413371 2.22717595536 -0.85531332797 0 0.326
1200 6.14172005653 31.761459 96.890841 -1.3338862 31.1648684993 96.5220029498 -1.33637835643 0.701399838049 -0.142790045294 0 0.208
1203 6.10531497002 32.148779 94.808879 -1.340085 30.3648308789 94.3865129356 -1.32670229378 1.83326593572 0.766772584665 0 0.298
1206 6.10570693016 32.63242 92.742465 -1.3409888 31.2584387457 92.4983698147 -1.33035907997 1.39549523343 0.609038095139 0 0.374
1209 6.09968280792 33.223163 90.635151 -1.3443959 31.8240495274 90.9403158047 -1.31145656574 1.43200700669 1.88728483333 0 0.312
1212 6.08426713943 33.480467 88.544154 -1.3400822 31.4692424166 88.8515338164 -1.31674294473 2.03457776365 1.33724082411 0 0.336
1215 6.10712194443 33.996344 86.523674 -1.3537744 32.4231988356 86.0530951065 -1.33698508464 1.64202015918 0.961956911306 0 0.444
1218 6.12285995483 34.391099 84.502242 -1.3500462 32.7341825442 84.8070967433 -1.32068370449 1.68472803617 1.68234706888 0 0.532
1221 6.12963199615 34.871654 82.311763 -1.3462417 33.1130506756 82.8658812767 -1.34850478337 1.84383641274 -0.129665125925 0 0.48
1224 6.11866497993 35.319079 80.358924 -1.358939 34.0942356775 80.4441748419 -1.329931164 1.2278065282 1.66202657576 0 0.62
1227 6.14144897461 35.776446 78.250756 -1.3606991 34.9730926842 78.2839831322 -1.31867293243 0.804040168323 2.40792203083 0 0.596
1230 6.1200530529 36.167733 76.160289 -1.3496683 34.7817956256 76.9576274246 -1.3357586232 1.59892806874 0.796965774991 0 0.514
1233 6.11355304718 36.593873 74.026216 -1.3452321 35.4238140207 74.5882065287 -1.34143938507 1.29802595094 0.217306558426 0 0.614
1236 6.14342212677 37.096668 72.068535 -1.358637 35.038672477 72.171421434 -1.37770736426 2.06056574534 -1.0926513858 0 0.65
1239 6.14492702484 37.456761 70.030489 -1.3570922 34.987335161 70.0417237468 -1.39428118389 2.46945139529 -2.13077182099 0 0.65
1242 6.1352648735 37.942935 67.912468 -1.3598503 35.5900023237 68.0341641582 -1.37225749418 2.35607770122 -0.710879862196 0 0.648
1245 6.12556695938 38.381728 65.750541 -1.3597279 37.0612763602 65.2043979615 -1.3338898548 1.42893833018 1.48041094069 0 0.646
1248 6.15017580986 38.78715 63.709446 -1.3638712 37.6303740761 63.2314987036 -1.35302145192 1.25162460675 0.621644773697 0 0.664
1251 6.13501906395 39.284372 61.704874 -1.358189 37.9925867202 61.4677796337 -1.34567032851 1.31336322003 0.717267041647 0 0.632
1254 6.11387300491 39.616785 59.610797 -1.3616912 37.9310825547 59.4884804447 -1.34052062799 1.69013433607 1.21298442605 0 0.682
1257 6.15428996086 40.0981 57.483375 -1.3627524 38.7892509557 58.0989105686 -1.35164371168 1.44636435833 0.636480956441 0 0.648
1260 6.10239696503 40.478176 55.366289 -1.371191 39.6560171682 56.5324450837 -1.31946944897 1.4268374666 2.96342658397 0 0.57
1263 6.12053084373 40.927924 53.368372 -1.3697355 40.2413350783 53.8381349863 -1.31222520796 0.831914425084 3.29509701258 0 0.604
1266 6.08720993996 41.311773 51.24524 -1.3687118 40.4481894155 51.2560681859 -1.34821870543 0.86365146733 1.17416782808 0 0.64
1269 6.12069702148 41.752813 49.127024 -1.3690442 40.9841478874 50.2212688947 -1.34411974336 1.33724266496 1.42806617235 0 0.636
1272 6.14455795288 42.124468 46.999249 -1.3746445 41.2592855147 47.7530328059 -1.32335393723 1.1474888927 2.93873277574 0 0.68
1275 6.13967490196 42.489069 45.000812 -1.3756167 41.7735862941 45.7569081927 -1.34516950509 1.04095963182 1.74449576637 0 0.678
1278 6.14391303062 42.919623 42.847052 -1.3693623 41.879637025 43.6332572029 -1.36312854711 1.30372138488 0.357167731145 0 0.608
1281 6.12689399719 43.26925 40.76156 -1.3849404 43.1311918639 41.5693033622 -1.33928317574 0.819456764022 2.61596625448 0 0.55
1284 6.12496399879 43.723057 38.666685 -1.382086 43.3604338333 38.8050298047 -1.34910841454 0.388117051912 1.88947646532 0 0.582
1287 6.08706283569 44.069109 36.638541 -1.3748634 44.2915993439 37.1882911854 -1.34741447494 0.593065948682 1.57270755831 0 0.568
1290 6.14710307121 44.48264 34.512889 -1.372972 43.9354802696 35.5916187124 -1.39180186027 1.20956255022 -1.07887152206 0 0.52
1293 6.17049098015 44.660959 33.544964 -1.3339999 44.0807386508 34.1660486422 -1.31074935593 0.849942225348 1.33215804678 0 0.602
1296 6.12211084366 44.654294 33.324157 -1.2074321 45.0406328308 34.2833956802 -1.19376947211 1.03411630764 0.782810915255 0 0.558
1299 6.1236538887 44.699557 33.107025 -1.0711259 43.6427533274 33.4164293064 -1.00563092087 1.10116530424 3.75258588338 0 0.526
1302 6.14026403427 44.829945 32.953901 -0.95914547 44.6042182425 33.1371022882 -1.08122078989 0.290715120107 -6.99440061226 0 0.506
1305 6.14218688011 44.914184 32.826307 -0.82117543 43.8943675099 33.0784357188 -0.885975364439 1.05052109177 -3.71276275609 0 0.476
1308 6.10180187225 44.932468 32.690373 -0.70238554 43.9443317651 33.0172173393 -0.814967412404 1.04078837463 -6.4504661384 0 0.424
1311 6.13969612122 45.019913 32.619075 -0.56167342 43.4138694402 33.0852130124 -0.635319851925 1.67232190755 -4.21962972551 0 0.398
1314 6.13565015793 45.164806 32.47066 -0.44585332 43.8940513432 34.4037133915 -0.692034948115 2.313333701 -14.1051682846 0 0.402
1317 6.13290715218 45.307079 32.373178 -0.30795343 43.2512353276 33.0451854051 -0.483928665799 2.16288861434 -10.0826383101 0 0.35
1320 6.15310406685 45.468859 32.25314 -0.19105128 43.9677286444 33.0248969589 -0.437224787721 1.68789844126 -14.1047030204 0 0.326
1323 6.15822815895 46.833289 32.057508 -0.10389315 44.787943567 33.4441738325 -0.23978817594 2.47108884328 -7.7862114432 0 0.318
1326 6.13481211662 48.863767 31.868312 -0.084237935 46.5244576832 31.4838754967 -0.317867937733 2.37068755947 -13.3860131242 0 0.352
1329 6.14239215851 51.033972 31.691587 -0.08198003 48.0736227799 28.8047587815 -0.504975274628 4.13490564203 -24.2358422713 0 0.214
1332 6.14111113548 53.111195 31.42619 -0.084122232 50.8481233023 33.4610786844 -0.0627216751999 3.04339702741 1.22616158387 0 0.226
1335 6.12742805481 55.206155 31.249451 -0.082409142 53.3892437536 32.9374734094 -0.0325000782906 2.48003752629 2.85957871 0 0.318
1338 6.12361097336 57.287235 31.07162 -0.080297126 56.3582636472 33.484541352 -0.0786993798892 2.58557096695 0.0915441088796 0 0.354
1341 6.13909912109 59.516372 30.847745 -0.092608556 58.8512703038 32.9908212404 -0.00594677072536 2.24391088026 4.96535454131 0 0.444
1344 6.13741517067 61.567611 30.670937 -0.091677002 60.2922077523 32.7807612802 -0.0286704969483 2.4653624353 3.61000682133 0 0.506
1347 6.13607287407 63.68279 30.502969 -0.089332225 63.3936276573 31.5808372532 -0.0637183369389 1.11598155524 1.46756768282 0 0.412
1350 6.05355095863 65.773678 30.270465 -0.081918863 65.9759915864 32.5308312505 -0.0981802889516 2.2694022062 -0.93171107589 0 0.448
1353 6.11760306358 67.870787 30.052005 -0.080757136 67.4581030558 31.5216707567 -0.0855956516091 1.52650760703 -0.27722652351 0 0.528
1356 6.09178185463 69.978421 29.855203 -0.080851998 69.1532275875 32.1133933219 -0.0813891436478 2.40423952589 -0.0307761786027 0 0.55
1359 6.10765099525 72.04312 29.748383 -0.089661546 70.2388355244 30.6042981147 -0.123976438933 1.99700604714 -1.96609853953 0 0.49
1362 6.08604001999 74.192216 29.503442 -0.097083695 72.3693770201 30.8772769532 -0.113424426783 2.28257845987 -0.936254965313 0 0.498
1365 6.10040998459 76.337484 29.313327 -0.092202589 75.0526541086 30.553931788 -0.093986086456 1.78602578083 -0.102186877003 0 0.552
1368 6.13989591599 78.469083 29.072242 -0.088851811 77.309352419 30.7441487414 -0.121462228584 2.03475973334 -1.86843929572 0 0.59
1371 6.10146689415 80.508884 28.860474 -0.08148585 79.240670629 29.9659892291 -0.0950132652941 1.68241762836 -0.775063804074 0 0.568
1374 6.10920596123 82.648681 28.706332 -0.092016755 81.0577053932 30.3087070377 -0.0795741410147 2.25805428257 0.71290926747 0 0.562
1377 6.11334609985 84.803463 28.469695 -0.089914919 83.1337503268 30.4579494787 -0.0675966823614 2.59636212479 1.27874076557 0 0.612
1380 6.14318799973 86.909059 28.274418 -0.095059786 84.7447643549 30.6453035845 -0.0776210810975 3.21018220135 0.999164191087 0 0.58
1383 6.14392209053 88.999768 28.069648 -0.093100738 86.7159392678 30.6417645665 -0.0704321947564 3.4397176206 1.29881185557 0 0.69
1386 6.12325501442 91.148907 27.8824 -0.087682683 89.9294731219 30.2523821256 -0.0574254200604 2.66530190759 1.73361346606 0 0.718
1389 6.08859491348 93.191686 27.680334 -0.085944106 91.3800492212 30.2083547076 -0.049972603106 3.11013126998 2.06101529857 0 0.616
1392 6.09472107887 94.597595 27.536443 -0.026113958 93.4709537322 30.2563874846 -0.0543136179296 2.94404798628 -1.61572149767 0 0.716
1395 6.09289503098 66.734672 23.138609 0.64678418 94.8231759253 30.6741430381 -0.0247968649171 29.0817524575 -38.4787594747 0 0.57
1398 6.11939501762 41.954155 8.6979942 1.5862633 98.0071938763 32.011385629 0.0124136552427 60.70796807 -90.1749422328 0 0.536
1401 6.09343504906 40.498777 7.6026468 1.6671323 100.395131747 31.1425612751 -0.00918879735933 64.3560477767 -96.0461239874 0 0.39
1404 6.10711312294 40.36551 9.5759073 1.6613912 100.412543307 30.9303546101 0.00768670750329 63.7311433205 -94.7502879819 0 0.47
1407 6.12733983994 40.15753 11.693798 1.6450717 102.395564026 30.9632950563 -0.0337415876046 65.1527926974 -96.1889159702 0 0.416
1410 6.11690211296 40.017928 13.779826 1.6578436 103.086656755 30.7159941268 -0.0212535204045 65.3031265533 -96.2051783917 0 0.346
1413 6.12593197823 39.937066 15.922073 1.6651068 106.813887383 32.272042137 0.0259724168569 68.8464285859 -93.9154822089 0 0.23
1416 6.10529398918 39.75755 17.953862 1.6630734 105.749593461 30.2487546285 -0.0213267219264 67.1275962989 -96.5090179977 0 0.166
1419 6.12750601768 39.645384 20.177858 1.663423 108.303629061 31.0556720543 -0.00800074057521 69.5146132363 -95.7655261129 0 0.134
1422 6.13752508163 39.526919 22.292671 1.6684735 110.850471551 32.7564376414 0.0368106555151 72.0870276879 -93.4873945773 0 0.176
1425 6.12177205086 39.303781 24.413998 1.6572417 112.423965699 32.4872366159 0.0435121787849 73.5645199276 -92.4598908413 0 0.126
1428 6.13025999069 39.21094 26.55624 1.6661167 115.613539696 34.0871087893 0.0932068347491 76.7728547402 -90.1210968334 0 0.116
1431 6.1387321949 39.049874 28.673026 1.6660737 118.335508239 35.046708965 0.118872657898 79.5414082803 -88.6480897707 0 0.106
1434 6.17063188553 38.816051 30.701859 1.6598041 120.330885418 34.6672085286 0.142331313538 81.6112261095 -86.9447861902 0 0.13
1437 6.1302690506 38.695572 32.853799 1.6647394 122.418585762 35.5335294359 0.106500446291 83.765887977 -89.2805155204 0 0.218
1440 6.14768409729 38.58982 35.008607 1.6723781 124.38681109 35.1343863659 0.104438795586 85.7970832873 -89.8363046756 0 0.142
1443 6.16284513474 38.393816 37.160762 1.6689022 126.790961979 35.8561339281 0.100398473029 88.4067727702 -89.868643706 0 0.3
1446 6.15544700623 38.314928 39.264936 1.6781402 128.937460837 36.6547762499 0.18336482532 90.6601146684 -85.6443202892 0 0.264
1449 6.15669107437 38.042909 41.445131 1.6601298 130.693862603 37.9855227645 0.187553625704 92.7155223934 -84.3723997987 0 0.162
1452 6.14313387871 37.893052 43.482766 1.6655679 135.671501973 27.151424545 -0.0700768045795 99.1329309198 -99.4451163066 0 0.086
1455 6.15173912048 37.737395 45.529248 1.6663309 137.632706952 26.6560742148 -0.0939586941609 101.662530161 -100.857164466 0 0.186
1458 6.13952803612 37.667375 47.706088 1.6735516 141.196077953 26.2504893552 -0.106555519694 105.728591442 -101.99262504 0 0.17
1461 6.10429120064 37.411337 49.793915 1.6717816 142.196270195 25.6780049318 -0.133201104803 107.524226773 -103.417891079 0 0.086
1464 6.12596893311 37.208006 51.943854 1.66906 26.5890432384 114.028397438 1.59645122548 62.986132633 -4.16017633583 0 0.032
1467 6.1347258091 37.03196 53.963531 1.6741645 140.614876852 38.9653787127 0.196668227671 104.663103506 -84.6543006508 0 0.036
1470 6.27102518082 36.983983 56.143126 1.6856298 26.8803868331 118.968683618 1.77169301145 63.6328008616 4.93105878748 0 0.026
1473 6.12798094749 36.720012 58.206076 1.6746777 33.2685062175 57.3895585886 1.61287086161 3.54677217336 -3.54127098498 0 0.032
1476 6.17727708817 36.536888 60.398002 1.6787317 34.2016888354 60.4961423346 1.77363576524 2.33726050399 5.4376023966 0 0.04
1479 6.12157487869 36.401835 62.417273 1.6766351 34.6884725552 61.3797459177 1.91193506755 2.00301605431 13.4816950601 0 0.038
1482 6.15545010567 36.239068 64.615141 1.6886647 33.7790981733 63.8254476276 1.70616102564 2.58361513596 1.00246561601 0 0.084
1485 6.1647810936 35.99676 66.655908 1.678851 33.7151230526 66.0052054234 1.70412871117 2.3726105881 1.44830616583 0 0.094
1488 6.15764713287 35.830181 68.859683 1.6854848 33.4451066918 68.9045933066 1.67551053283 2.38549709523 -0.571483412429 0 0.122
1491 6.12830495834 35.575227 70.898859 1.683738 32.9662865061 70.763829487 1.67402502485 2.61243248145 -0.55651248233 0 0.234
1494 6.14584803581 35.463169 73.006353 1.6935188 32.1949587082 72.7015397557 1.68232065504 3.28239388641 -0.641606444333 0 0.286
1497 6.14417886734 35.205801 75.07321 1.6913976 31.5956333954 74.9114252017 1.72417137328 3.6137908703 1.87779888767 0 0.278
1500 6.13695716858 34.978045 77.287591 1.6912075 30.3898230405 75.6547699284 1.74620497764 4.87010116954 3.15112335262 0 0.252
1503 6.1028239727 34.814043 79.320098 1.7000185 30.7533766018 78.2653187756 1.71358190554 4.19542260207 0.777125893044 0 0.386
1506 6.14675688744 34.580736 81.372215 1.6970036 31.2863616089 80.8179337246 1.72819094882 3.34067812896 1.78690346159 0 0.418
1509 6.13993000984 34.345965 83.441951 1.6955247 30.798501145 83.4370280232 1.72783659653 3.54746727093 1.85133529939 0 0.454
1512 6.13319587708 34.142398 85.698773 1.7034669 30.1097132265 84.6753149007 1.72925876936 4.16053037048 1.47776526012 0 0.534
1515 6.12434005737 33.910208 87.748137 1.7016389 30.4708351237 86.8228849587 1.67065746051 3.56165370612 -1.77510572585 0 0.55
1518 6.12848210335 33.670818 89.737713 1.6967853 30.0444202029 89.4938725085 1.68324962 3.63458651957 -0.775537337072 0 0.586
1521 6.0890250206 33.472926 91.900649 1.7056804 30.001573036 92.0312336664 1.70915243818 3.47380824967 0.19893313411 0 0.61
1524 6.23755908012 33.217902 94.036516 1.7078464 29.5862797768 93.0709000933 1.69844349518 3.75780441896 -0.538746761383 0 0.64
1527 6.12966704369 33.034075 96.178482 1.7177188 28.126128987 96.2160291562 1.71040380572 4.908089634 -0.419118299624 0 0.62
1530 6.21293997765 32.713254 98.174723 1.7080491 28.0738384986 97.2584772954 1.72658451227 4.72902552177 1.06200089479 0 0.438
1533 6.15719509125 32.45653 100.24821 1.7068362 27.745038026 99.4379441346 1.73707072395 4.7806576319 1.73231061798 0 0.616
1536 6.22712302208 32.217075 102.39435 1.7082962 27.7391045861 102.124086798 1.69840552257 4.48611872622 -0.566694073123 0 0.686
1539 6.10127401352 31.955228 104.48204 1.7110577 28.1208272446 104.039517096 1.67701382647 3.8598517683 -1.9505702718 0 0.61
1542 6.2134950161 31.741377 106.6002 1.7198575 27.5706144252 105.510863168 1.69321378269 4.31067456316 -1.52657255232 0 0.65
1545 6.12114191055 31.439656 108.68741 1.7105287 27.6666851412 107.669407986 1.68508053072 3.90789421568 -1.45807269606 0 0.732
1548 6.28308081627 31.216018 110.75498 1.7177022 27.0948098742 110.528995802 1.68967039503 4.12739933545 -1.60610411701 0 0.604
1551 6.27222394943 30.916985 112.90957 1.719675 27.5608630482 112.405039597 1.6895480698 3.39383344946 -1.72614595031 0 0.65
1554 6.15748095512 30.668641 114.94646 1.716506 27.3924627758 114.398641284 1.67680978147 3.32166360457 -2.27442578431 0 0.628
1557 6.09509301186 30.419865 117.12266 1.716223 26.6703791895 115.80304478 1.6651198621 3.97492492663 -2.92799412173 0 0.538
1560 6.12001204491 30.132888 119.21343 1.725557 26.0470927511 117.785562869 1.68729942668 4.32810898184 -2.1919974856 0 0.368
1563 6.18892598152 29.88258 121.34383 1.72867 26.321948996 120.098065621 1.71655941827 3.77227014332 -0.693885220316 0 0.482
1566 6.09527397156 29.981486 120.5055 1.7055843 25.9508956945 119.910718596 1.69456271822 4.07423896325 -0.631490119349 0 0.474
1569 6.17056488991 30.170653 118.4575 1.6900862 26.1192920177 117.494482635 1.68409431914 4.16424401963 -0.3433094845 0 0.436
1572 6.21413397789 30.502618 115.6086 1.6745202 27.4098150312 114.589851565 1.69306512615 3.25626758383 1.062546 0 0.416
1575 6.1523809433 30.699806 113.48782 1.6738205 28.505908043 112.399908 1.70305340874 2.44882436401 1.67492229378 0 0.438
1578 6.21963977814 30.8492 111.36091 1.6697397 27.9641839704 111.240267008 1.71767688103 2.88753739763 2.74659815477 0 0.442
1581 6.21216988564 30.973164 109.37107 1.6787837 27.666588638 108.926507704 1.67928885686 3.33632676152 0.0289433557993 0 0.448
1584 6.10740709305 31.204408 107.09871 1.665475 28.9443256898 107.412446942 1.72473144154 2.2817543509 3.39514400923 0 0.342
1587 6.10476994514 31.322843 104.96751 1.6587885 27.6844258277 105.134219186 1.66617203618 3.64223440656 0.423045460967 0 0.482
1590 6.10804605484 31.457099 102.91722 1.6541397 28.1314523241 102.673992119 1.68934600022 3.33452929444 2.01717241512 0 0.576
1593 6.06055521965 31.546684 101.34427 1.631357 27.8041321665 101.494666158 1.63609742593 3.74557248367 0.271606399048 0 0.464
1596 6.08754587173 31.536552 101.09899 1.5279681 28.9042895494 101.715990599 1.58404670192 2.70360783915 3.21306721088 0 0.494
1599 6.10803389549 31.522716 100.84711 1.3818466 28.4819800005 101.940646513 1.45948716091 3.23139250519 4.44847645911 0 0.442
1602 6.09828186035 31.33472 100.81397 1.2437751 28.2889271744 102.10520831 1.30882286199 3.30819441823 3.72696222852 0 0.452
1605 6.08785390854 31.335612 100.76499 1.1262837 29.2705314708 101.618876677 1.21193229711 2.23465434668 4.90730313551 0 0.362
1608 6.1007168293 30.238332 99.003137 0.9296569 28.776701904 99.9235880264 1.04620525971 1.72730791397 6.67772912057 0 0.364
1611 6.05054283142 28.772289 97.32743 0.78863198 26.4249208697 98.2808607478 0.860829821522 2.53360757227 4.13663160918 0 0.358
1614 6.1228120327 27.005154 95.945316 0.6582802 24.7364338893 96.687561391 0.765311406457 2.38705240013 6.13243640617 0 0.41
1617 6.09144282341 26.209553 95.323497 0.64585939 23.9953196062 95.80934051 0.681257058013 2.26690834361 2.02813698175 0 0.386
1620 6.18284797668 26.225548 95.299359 0.74214735 24.2851728226 94.7974005277 0.838210232722 2.00425001861 5.50399774784 0 0.368
1623 6.24349784851 26.287241 95.304851 0.87876564 24.9595009099 94.8826363693 0.943926922958 1.39325480126 3.73346650114 0 0.314
1626 6.10939598083 26.503119 95.525486 1.0159202 24.5973973354 94.0882428302 1.11815688781 2.38693171084 5.85773072298 0 0.304
1629 6.07614016533 26.584147 95.637624 1.1414331 22.0144417632 95.2950010513 1.09602232942 4.58253166231 -2.60184549861 0 0.252
1632 6.12597107887 26.62792 95.717086 1.2595284 24.9696619975 96.2826077237 1.28353809838 1.75203722075 1.37565438432 0 0.236
1635 6.16684818268 26.756174 95.797181 1.3910555 23.1806904522 96.4514814024 1.41898140862 3.63485785373 1.60003670294 0 0.19
1638 6.10414600372 26.381693 93.77201 1.3952992 23.1716490876 93.4861491684 1.4843220129 3.22274701683 5.10063145934 0 0.288
1641 6.09480905533 26.011804 91.856332 1.39866 23.1417813191 91.2817024406 1.52030114697 2.92698297217 6.96952433647 0 0.282
1644 6.10287213326 25.609249 89.727224 1.3968171 23.3739388637 89.8571279304 1.4750412687 2.23908160564 4.48191472268 0 0.312
1647 6.11781191826 25.2462 87.568251 1.3940659 23.5383927861 87.6476212861 1.50912125142 1.70965058484 6.59218604675 0 0.414
1650 6.10810494423 24.820481 85.505592 1.4017015 22.9503176494 85.4459844149 1.47875194508 1.87111304367 4.41466531255 0 0.378
1653 6.10857009888 24.493958 83.448062 1.398475 20.3227867005 83.809405254 1.3967272308 4.18679339791 -0.100139798489 0 0.318
1656 6.10775709152 24.080092 81.345956 1.3962744 20.6975200554 81.8082053455 1.4278890539 3.41401045957 1.81138623898 0 0.456
1659 6.12851905823 23.622432 79.208855 1.3888608 20.5171680901 79.0246412604 1.45013595168 3.11072317182 3.51080758038 0 0.518
1662 6.07712292671 23.236261 77.182266 1.3737053 19.6754411619 77.1332572432 1.39846801521 3.56115708409 1.41879907075 0 0.516
1665 6.08810997009 22.741503 75.111069 1.3685019 19.7042945212 75.3921026581 1.42923396175 3.05018282411 3.47969081943 0 0.534
1668 6.09132885933 22.23837 73.007777 1.3690406 18.1329081631 72.7674763125 1.39285296079 4.11248845765 1.36434777352 0 0.568
1671 6.11726903915 21.796618 70.8705 1.3677106 18.2474308768 71.5456066763 1.41788220802 3.61282413911 2.87462139101 0 0.42
1674 6.08665394783 21.306705 68.900927 1.3588762 20.1480710329 69.0999938004 1.48626889278 1.17561059059 7.29906363691 0 0.57
1677 6.09095311165 20.800373 66.796896 1.3509317 19.760358381 66.9891247692 1.47015291033 1.05763051557 6.8308721803 0 0.548
1680 6.13018298149 20.180988 64.758154 1.3339286 20.6809326739 65.8014005223 1.48078786306 1.15685261948 8.41441595586 0 0.46
1683 6.12660884857 19.716632 62.635567 1.3210663 17.5762371014 63.5298380053 1.40192322915 2.31970061705 4.63276078489 0 0.496
1686 6.11668586731 19.127208 60.642471 1.320188 17.1033825512 60.6312012422 1.40464981167 2.0238568266 4.8393053389 0 0.538
1689 6.11636400223 18.573484 58.538556 1.3117791 18.0346924713 58.1088029986 1.4524061306 0.689190796254 8.05733533898 0 0.38
1692 6.11970210075 18.03732 56.562177 1.3046299 16.7164073669 56.6180719295 1.40621910354 1.32209471195 5.82063260674 0 0.436
1695 6.11968708038 17.470308 54.449011 1.30616 16.2315088244 54.6008154994 1.42648174286 1.24806570478 6.89392804927 0 0.534
1698 6.10977506638 16.865167 52.414515 1.2995721 15.0504695395 52.4706499779 1.4005727409 1.81556547909 5.78691045147 0 0.418
1701 6.11191391945 16.322269 50.452679 1.2871313 15.5419714782 50.8676357732 1.39398893317 0.883772225223 6.12249138946 0 0.254
1704 6.1639020443 15.679585 48.421133 1.2791916 14.5758583788 48.8511489158 1.38505840971 1.18453625614 6.06572138698 0 0.366
1707 6.13046097755 15.049517 46.343459 1.2810584 14.037410788 46.4808068551 1.37684193101 1.02138309051 5.48799207362 0 0.472
1710 6.13284087181 14.370513 44.264129 1.2685694 13.3449868383 44.8130324032 1.36254139604 1.16318478943 5.38419876571 0 0.462
1713 6.15192294121 13.728985 42.398373 1.2622613 13.751063563 42.6549324797 1.41757559922 0.25750772719 8.89885384331 0 0.462
1716 6.13482809067 13.116178 40.310007 1.2578142 12.5108668781 39.7987633481 1.37530427468 0.792320406105 6.73168541387 0 0.548
1719 6.20931816101 12.482531 38.460523 1.239848 13.6840689356 38.6640108534 1.39280186394 1.21864708471 8.76361086374 0 0.456
1722 6.06659889221 12.331027 38.238303 1.1567887 11.491579178 38.2744360783 1.26760519602 0.840225115835 6.34931752217 0 0.322
1725 6.08653020859 12.263795 38.100898 1.043782 10.6448911551 38.0498735039 1.09299996608 1.61970773854 2.81998173288 0 0.286
1728 6.11015796661 12.231882 38.075858 0.90529637 11.4143143037 37.7855048572 1.00431056048 0.867595461969 5.67309522646 0 0.326
1731 6.08405184746 12.170047 37.918491 0.7605547 10.8990183852 38.552420215 0.851135202643 1.42034502472 5.18988050762 0 0.228
1734 6.12277412415 11.9457 37.868652 0.60051086 12.0858946184 37.9772497997 0.767882271263 0.177335876555 9.58967547653 0 0.272
1737 6.1702299118 11.861848 37.85602 0.47073445 11.7065608571 37.705577371 0.667981468624 0.216210733661 11.3014216887 0 0.324
1740 6.09473204613 11.68598 37.868337 0.32347919 11.6950211224 37.6309862614 0.484184389439 0.23752287261 9.20772967364 0 0.358
1743 6.11558508873 11.634663 37.834152 0.18688423 11.9746966654 37.5507031053 0.202624044379 0.442680663138 0.901824934208 0 0.358
1746 6.12602686882 11.546787 37.799316 0.059161186 12.4582676804 36.2976202551 0.0924778024783 1.75666933173 1.90890151186 0 0.336
1749 6.09469485283 11.461332 37.784444 -0.088384018 11.9752250544 37.8195204402 -0.0479679443761 0.51508875737 2.31567044314 0 0.366
1752 6.11542916298 11.353119 37.809133 -0.22428348 11.7939339574 38.1459828549 -0.208613073899 0.554784328743 0.897848132859 0 0.316
1755 6.13062620163 11.259101 37.929753 -0.36642208 12.8734224886 38.7321411286 -0.402581844794 1.80273696847 -2.07180191089 0 0.306
1758 6.16223096848 11.22919 38.083377 -0.50941267 12.7789815729 37.5374251849 -0.327153282164 1.64314250872 10.4426936996 0 0.336
1761 6.09831213951 11.185129 38.110347 -0.64618684 13.2153089793 37.2849039284 -0.454358735343 2.19157181326 10.9909407889 0 0.314
1764 6.14595603943 11.588805 37.741111 -0.76036767 12.8208452117 37.0866870695 -0.689805261744 1.39506048762 4.04292818535 0 0.234
1767 6.21522092819 13.063467 36.224873 -0.77289998 13.2406668406 36.1782564726 -0.744257287924 0.183229048259 1.64110536987 0 0.26
1770 6.12101387978 14.493375 34.807156 -0.77803694 14.1031335597 36.1619844563 -0.75654567438 1.40991082263 1.23135881644 0 0.206
1773 6.1332051754 15.892318 33.28564 -0.77023756 16.072520341 34.1008040096 -0.760698507964 0.834844444366 0.546547422191 0 0.256
1776 6.20173001289 17.405154 31.857105 -0.77891679 17.4186394447 32.6460278457 -0.773416805654 0.789038093972 0.315125890437 0 0.338
1779 6.16993904114 19.008966 30.381332 -0.78385491 18.6996586247 31.0479147272 -0.779247933091 0.734849361889 0.26396033319 0 0.344
1782 6.108700037 20.517371 28.856906 -0.78454873 20.2821572567 29.135833094 -0.776802472762 0.364864123763 0.443827846771 0 0.508
1785 6.10988211632 22.037399 27.308602 -0.78653789 22.1165263304 28.2361886696 -0.79803320118 0.930955511352 -0.658632814815 0 0.49
1788 6.14522504807 23.470866 25.802264 -0.78746834 24.1876331311 25.631931682 -0.767060305277 0.736728049406 1.16929425777 0 0.5
1791 6.11278915405 25.030138 24.239515 -0.79252133 24.950602969 24.7068598275 -0.767932815127 0.474064351078 1.40881812669 0 0.492
1794 6.08136796951 26.508975 22.80392 -0.79210599 26.2196640106 23.1802467935 -0.768061744924 0.474681687189 1.37763376441 0 0.44
1797 6.13790297508 27.961008 21.312251 -0.79564812 28.1191689215 21.6630604961 -0.789997934288 0.384814474367 0.323731794776 0 0.56
1800 6.1552271843 29.36401 19.750057 -0.78815021 28.9437522722 20.1671116125 -0.816402289907 0.59207356606 -1.61872494115 0 0.626
1803 6.17133998871 31.016391 18.179875 -0.79578372 31.1239804556 19.0680450303 -0.799214530963 0.894662782136 -0.196570988513 0 0.572
1806 6.12239980698 32.405165 16.663972 -0.79079715 32.6271772457 17.9811834695 -0.788559934218 1.33579021281 0.128183022142 0 0.616
1809 6.11052799225 33.875627 15.226881 -0.79213801 33.0966044925 15.6138934256 -0.792460175144 0.869859002849 -0.0184587030418 0 0.552
1812 6.13158798218 34.400964 14.714584 -0.72873329 33.5676069143 14.7758928869 -0.771485773074 0.835609245904 -2.44953684383 0 0.576
1815 6.14305305481 34.541831 14.529671 -0.59347242 32.8512840237 14.9340826749 -0.695715097862 1.73824563334 -5.85807392761 0 0.522
1818 6.10172200203 34.648846 14.435796 -0.47955783 33.4682959435 15.1576030012 -0.50771568325 1.38372821857 -1.61332615136 0 0.538
1821 6.12436914444 34.668797 14.324629 -0.34405458 34.1032704078 15.453715221 -0.404176294438 1.26279690409 -3.44472049439 0 0.518
1824 6.21710085869 34.864126 14.20779 -0.22615765 34.865856854 15.1751645928 -0.266302614514 0.967376141216 -2.30013703533 0 0.49
1827 6.15547299385 35.017605 14.088235 -0.094353638 35.4174022661 14.8013390313 -0.12380819683 0.817529946461 -1.68762190837 0 0.43
1830 6.15187621117 36.599142 14.0692 -0.022879679 36.6274128697 15.4997633909 -0.0864877711809 1.43084270886 -3.64447522485 0 0.43
1833 6.1592028141 38.63985 14.009333 -0.014813302 39.116180128 14.728881151 -0.0289609202816 0.862925218294 -0.8105988177 0 0.482
1836 6.17630386353 40.768535 13.925491 -0.0089087199 40.399288908 14.5545324082 -0.0539837668553 0.729407821248 -2.58260995189 0 0.524
1839 6.17095685005 42.905865 13.952369 -0.011506708 42.5183309068 14.7346954039 -0.0501213530033 0.873050557309 -2.21245618608 0 0.558
1842 6.13872504234 45.04117 13.838962 -0.010052037 44.9744554753 14.9147609827 -0.032042580776 1.07786561272 -1.25996534757 0 0.578
1845 6.16760396957 47.095509 13.764363 -0.008210261 46.2695750487 15.2190951095 -0.0145084102054 1.6728456003 -0.360857368215 0 0.468
1848 6.17286396027 49.256947 13.750747 -0.012245698 48.7021847911 15.5013422748 -0.0275329335661 1.83639454492 -0.87589407836 0 0.582
1851 6.18673396111 51.347189 13.680192 -0.017629817 51.0012010245 15.2091845319 -0.0419591425215 1.56764978287 -1.39396767078 0 0.668
1854 6.12179517746 53.510554 13.649042 -0.0075411209 52.4021761411 15.0201438304 -0.00658155538609 1.76307166827 0.0549790541135 0 0.588
1857 6.15379500389 55.608657 13.581194 -0.0077936973 54.7132901136 15.0062483639 0.0150958261016 1.68299191953 1.31147308598 0 0.642
1860 6.14535498619 57.666716 13.591636 -0.01411162 57.1225918018 15.1421844646 0.00502214225813 1.64325034126 1.0962838236 0 0.666
1863 6.15552091599 59.905766 13.533857 -0.012519778 58.7551208116 15.4324195555 -0.0147506127658 2.22002795628 -0.127817416873 0 0.644
1866 6.11915707588 62.027534 13.447994 -0.021676244 60.7260760561 14.3239539652 -0.0120944265744 1.56878890882 0.548997698551 0 0.594
1869 6.12991094589 64.181261 13.371995 -0.025327169 63.3103375141 15.031580233 -8.13836682558e-06 1.87422807145 1.45067359664 0 0.664
1872 6.19910001755 66.241252 13.310079 -0.024907545 65.3766997036 15.044772414 -0.0148195412848 1.93819811008 0.578000036594 0 0.706
1875 6.15686106682 68.444119 13.24669 -0.026304862 66.8237711805 14.8013079381 0.0118778925779 2.24552087271 2.1877106875 0 0.662
1878 6.15101194382 70.49734 13.123327 -0.017605166 68.9774986397 15.147999385 -0.000607912901949 2.53164295011 0.973870865834 0 0.748
1881 6.18944501877 72.634932 13.039101 -0.019360635 71.661684974 14.8779731786 0.010771478835 2.08054335761 1.72644295055 0 0.768
1884 6.16549110413 74.720419 12.994859 -0.019347658 73.583150098 14.8040618081 0.0121285517075 2.13695937174 1.80345397131 0 0.688
1887 6.15974807739 76.914825 12.90632 -0.036038761 75.6453980144 15.2210573202 -0.0133494647093 2.63997229781 1.30000091758 0 0.712
1890 6.1746969223 79.004774 12.78569 -0.032634565 77.4968411044 15.091674614 0.0103359494874 2.75525437263 2.46202912364 0 0.702
1893 6.15729689598 81.177999 12.691712 -0.029848436 80.7524949133 14.9547741389 0.0133254571637 2.30271665046 2.47368186343 0 0.714
1896 6.1445069313 83.222919 12.597068 -0.02122413 81.9009687357 14.4780173935 -0.00779142086868 2.29902655974 0.769637540652 0 0.588
1899 6.18454384804 85.390174 12.538762 -0.021700441 84.4747391018 14.9602249467 0.0136972474138 2.58872629977 2.02813815063 0 0.712
1902 6.16847610474 87.449986 12.512039 -0.030894579 86.6042544191 14.8142373014 0.00593496942531 2.45262694389 2.11017768614 0 0.674
1905 6.1572830677 89.572355 12.414566 -0.034322832 88.2156871794 14.6530619944 0.00261562771643 2.61752017993 2.11641784347 0 0.58
1908 6.20989990234 91.713838 12.339838 -0.030338307 90.2972426457 15.2673998169 -0.00731543590869 3.25228544093 1.31911334581 0 0.658
1911 6.20172095299 93.866625 12.234111 -0.027880568 93.0520778749 15.2561716045 -0.0085283016134 3.12991011312 1.10880318796 0 0.694
1914 6.16560506821 96.027017 12.118277 -0.016096141 95.0733395014 15.1162878749 0.0117681036769 3.1460403649 1.59650361931 0 0.642
1917 6.18079400063 98.003729 12.063433 -0.023465033 96.9656453245 15.0673616893 0.0196118710691 3.17823933771 2.46812479765 0 0.67
1920 6.18225121498 100.1865 11.996018 -0.023536261 99.2753442677 14.6971863707 0.0127158428679 2.85070435778 2.0770925501 0 0.68
1923 6.2042529583 102.26857 11.921444 -0.023061579 101.987702916 15.1270846211 0.010212858315 3.21792139596 1.90648482382 0 0.71
1926 6.16358089447 104.50291 11.810699 -0.022632517 104.374850635 15.1205207547 0.0206002915256 3.31229818232 2.47705746501 0 0.712
1929 6.15499591827 106.528 11.779433 -0.025937223 105.6731707 15.1683843111 0.0180620601265 3.49510001589 2.52097322475 0 0.686
1932 6.21349096298 108.61821 11.737233 -0.017267816 108.25989019 15.3730784697 -0.00752288456716 3.6534593697 0.558343442746 0 0.666
1935 6.19863891602 110.65428 11.638117 -0.015586443 109.509622179 15.2090992252 0.00890109372289 3.74995407699 1.40303250489 0 0.558
1938 6.16484093666 112.94226 11.558687 -0.011710616 111.576205511 15.0597160139 0.00182139723063 3.75809912372 0.77532724643 0 0.668
1941 6.20774793625 114.89636 11.528856 -0.01668203 113.729179038 14.9717119592 0.000767457266491 3.63532234523 0.999781975037 0 0.72
1944 6.1843111515 117.03777 11.494892 -0.018548407 116.624853217 14.5128331087 0.0067323252246 3.04605791226 1.44847925947 0 0.622
1947 6.9447658062 119.07747 11.406331 -0.016261061 118.510597158 15.7967120025 0.0103203623517 4.42682619564 1.5230033715 0 0.596
1950 6.37091398239 121.291 11.334615 -0.012126455 120.139417116 15.25722565 -0.0092943970438 4.08815575162 0.162264968227 0 0.678
1953 6.1929500103 123.43737 11.229443 0.0013807468 122.694738276 14.9661401421 0.0114992811641 3.80977786885 0.579749313922 0 0.672
1956 6.20999693871 125.58554 11.258252 -0.0049853053 124.30511154 14.6866356758 0.0134036221689 3.65968737333 1.05360793374 0 0.57
1959 6.19896602631 127.50849 11.183265 -0.012828209 126.682075291 15.2818620832 -0.00810859861512 4.18108351053 0.270413756 0 0.638
1962 6.19614505768 130.28779 11.390648 -0.01314096 128.887117727 15.0198722037 0.00327685020935 3.89013510516 0.940671233842 0 0.7
1965 6.18262290955 132.78769 11.256475 0.0084755214 131.438749566 14.9386181367 -0.0137210121235 3.92145615475 -1.27176769071 0 0.67
1968 6.19003415108 125.9239 10.596074 0.27888777 132.691551541 14.6930985668 -0.00817255086296 7.91117675664 -16.4473448511 0 0.702
1971 6.18453907967 93.936275 13.265891 0.84250578 133.427437997 13.8168360018 -0.0171251383133 39.4950059535 -49.2532235583 0 0.484
1974 6.14816093445 59.212281 6.4432491 1.3602712 133.123909846 14.6277580416 -0.0379619114792 74.3633986942 -80.1128560632 0 0.16
1977 6.18080592155 41.747696 3.5851691 1.5088422 138.110452171 13.5424444623 -0.0517987613319 96.8758386258 -89.4181404196 0 0.06
1980 6.10535502434 40.889782 2.6549702 1.6071612 65.1895698464 104.396929484 -2.67702518058 104.603565754 114.534201746 0 0.02
1983 6.13109707832 40.408125 3.8011614 1.6070032 37.2476759227 91.0782092851 0.915958856264 87.3342517339 -39.5939243525 0 0.016
1986 6.03939700127 40.388712 5.5337894 1.5172855 63.7260655854 101.794632669 -1.9997981158 99.0493918168 158.48595262 0 0.014
1989 6.11383605003 40.44034 7.6724587 1.5542124 118.963360061 63.6892398888 0.330986483267 96.455919747 -70.0856824198 0 0.006
1992 6.09409308434 40.554207 9.7439313 1.5604739 110.774127029 70.8405377673 -1.05641329094 93.0786360594 -149.936591503 0 0.022
1995 6.13960814476 40.580821 11.876658 1.5652859 112.065977479 69.0321928914 -1.16946231078 91.5253121578 -156.689530509 0 0.032
1998 6.24935913086 40.665042 14.024391 1.567666 114.387798304 68.0897797416 -1.17434669259 91.4227053679 -157.105754657 0 0.022
2001 6.25723600388 40.771617 16.174621 1.5548315 112.018183861 65.1627463846 -1.24644880268 86.4633432051 -160.501538577 0 0.018
2004 6.0858669281 40.847233 18.25792 1.5551713 138.973964112 136.51898979 -0.139521516014 153.670218281 -97.0987459287 0 0.014
2007 6.15132212639 40.88758 20.352438 1.5597309 49.7444585615 80.9432292731 -0.295114916144 61.234698374 -106.274836913 0 0.006
2010 6.05605697632 40.971014 22.508388 1.5678505 50.9670931563 81.5076275275 0.0983594514314 59.8400523339 -84.1956351152 0 0.01
2013 6.14526414871 41.044823 24.54743 1.5705547 106.73500056 124.86310944 0.184573673804 119.91011204 -79.4108632862 0 0.012
2016 6.10273385048 41.105608 26.696222 1.5717508 39.0481366262 27.3457991523 1.6157423549 2.1575770973 2.52053042973 0 0.01
2019 6.15748786926 41.160404 28.869777 1.5672714 93.9438488164 17.06253589 -0.156642896004 54.0879190699 -98.7730134033 0 0.008
2022 6.12724399567 41.204205 31.003136 1.5608691 84.2122973029 30.0162074269 -1.31634920693 43.0194145886 -164.852465725 0 0.01
2025 6.17455410957 41.244227 33.116661 1.5660557 128.989322139 58.3814746383 1.22333835037 91.3099804462 -19.6362576996 0 0.018
2028 6.21749901772 41.277887 35.228156 1.5643441 38.5129077132 35.2606381546 1.60203373937 2.76517007561 2.15945726722 0 0.02
2031 6.26537489891 41.31792 37.33529 1.5797774 39.1374571024 37.6181346616 1.52517020389 2.19873135019 -3.12876186787 0 0.026
2034 6.24944090843 41.419072 39.474789 1.5713492 39.6805128469 39.948089567 1.62684294495 1.80183277678 3.17955737522 0 0.062
2037 6.26337385178 41.429937 41.518923 1.5745722 39.0545419754 41.8375788171 1.57196004225 2.39667333038 -0.149665614345 0 0.092
2040 6.14434289932 41.494048 43.684079 1.5737379 39.282566356 43.5423578055 1.64683413853 2.21601804116 4.18810596632 0 0.096
2043 6.12976694107 41.508319 45.798644 1.5762653 39.4791719233 45.9165314894 1.649514024 2.03256865052 4.19684273991 0 0.12
2046 6.10653090477 41.512588 47.943477 1.5772604 39.2922385752 47.8358796754 1.63724797482 2.22295495966 3.43703486068 0 0.196
2049 6.16538596153 41.583607 50.107906 1.5744728 39.3461396176 50.5207960614 1.61454098827 2.27524470991 2.29573808053 0 0.262
2052 6.16218400002 41.632502 52.265699 1.5728612 39.3118780268 51.8090209573 1.62631667242 2.36513222883 3.06277296143 0 0.3
2055 6.18674993515 41.660201 54.305408 1.5732479 39.4916320475 54.0149395181 1.62674560899 2.18793584015 3.065192939 0 0.454
2058 6.14229106903 41.689009 56.508616 1.5685378 39.2524740119 56.569466926 1.60563068373 2.43729472643 2.12526568776 0 0.528
2061 6.14819788933 41.794127 58.57462 1.5657057 39.3933350821 58.2238600223 1.6187068158 2.4262799498 3.03674024463 0 0.53
2064 6.14167094231 41.856016 60.76704 1.5641567 39.3196768973 60.5888989559 1.61096665102 2.54258731917 2.68201263269 0 0.612
2067 6.26790499687 41.858156 62.785084 1.5639758 39.164568267 62.9058475134 1.60967049544 2.69629351178 2.6181131949 0 0.67
2070 6.10997200012 41.958088 65.023529 1.5767642 39.4464799879 64.3130958573 1.61139231804 2.61015134749 1.98404501615 0 0.564
2073 6.24655890465 41.99726 67.044355 1.5737097 39.4625150212 66.3875923914 1.60678246553 2.61844786686 1.8949298819 0 0.686
2076 6.23866891861 42.044947 69.102812 1.5759217 38.9481708984 68.9198991051 1.61528072523 3.10217332694 2.25510603144 0 0.748
2079 6.2191901207 42.097902 71.261122 1.5727544 37.9873248482 71.5916940032 1.62708762306 4.12384800523 3.11306436854 0 0.686
2082 6.1496899128 42.114798 73.459441 1.5684742 38.5721685446 73.0534255863 1.61015943782 3.56581995822 2.38838819531 0 0.686
2085 6.25039696693 42.172982 75.545483 1.5804547 39.1576665543 75.3570868817 1.58197017275 3.02119518315 0.0868301923946 0 0.612
2088 6.17496299744 42.213453 77.648417 1.5799022 38.8575877876 77.4745681957 1.60230991171 3.36036526745 1.28386730936 0 0.69
2091 6.23965811729 42.308345 79.80823 1.5843424 39.2162735601 79.9805565873 1.59811139126 3.09686974895 0.788905087463 0 0.676
2094 6.13527202606 42.259747 81.948131 1.5870316 38.4019828108 82.3370259427 1.61434485887 3.87731657413 1.5649344581 0 0.67
2097 6.11762309074 42.325886 84.065588 1.5841531 38.3001585678 83.6763505899 1.62284888128 4.04450084922 2.21710495209 0 0.588
2100 6.21024107933 42.338042 86.100283 1.5789413 38.2185933851 86.2572240922 1.60088276444 4.12243707018 1.25715330859 0 0.618
