3 5.40400385857 31.520043 41.394881 -0.0070850614 109.460804372 75.1095776648 2.2882654346 84.9202158172 131.513895924 0
6 5.39526700974 31.529937 41.402987 -0.0081764059 105.766387977 138.538423428 -1.68056550901 122.255239822 -95.8208373116 0
9 5.41719484329 31.522543 41.401068 -0.0068718684 59.7096621128 11.3036793651 -0.228259868996 41.2355003185 -12.684598069 0
12 5.47818183899 31.528168 41.375423 -0.0049451513 51.2376111583 17.2264487903 2.43229822114 31.1710619805 139.643758887 0
15 5.42904210091 31.523843 41.397689 -0.0081913964 46.3427291896 49.0020685447 0.374944439838 16.6561092744 21.9520663966 0
18 5.47481799126 31.52518 41.394772 -0.0077822512 72.5936784134 89.8719552475 -2.31881559784 63.5347059294 -132.412457076 0
21 5.44719195366 31.646202 41.400982 -0.0069641742 75.7126245623 78.5314207894 0.0102897771143 57.6239453884 0.988578590233 0
24 5.45200896263 32.968315 41.348607 -0.0066445448 136.427144245 136.588799136 2.2860150947 140.621561458 131.359721204 0
27 5.42246890068 34.520488 41.363888 -0.010157874 12.2880188135 125.025998458 2.92687485659 86.5657635117 168.279579755 0
30 5.48562693596 35.981317 41.339656 -0.012968194 99.9484094426 34.7528767977 -2.64008379306 64.3053230753 -150.522636119 0
33 5.42238306999 37.47125 41.3168 -0.01805047 108.271605262 26.4528851328 0.145769920219 72.343806027 9.38621695771 0
36 5.39248394966 39.051821 41.275587 -0.019803098 109.408045623 26.1994103746 0.0713282198364 71.9533838321 5.22143989349 0
39 5.4202439785 40.609584 41.247017 -0.013659721 91.6563172852 29.4427584953 -0.399193908984 52.3937925516 -22.0894818295 0
42 5.44633293152 42.081473 41.279186 -0.014178183 25.2637182921 83.971516782 -3.10671603849 45.8854223149 -177.189367104 0
45 5.41631293297 43.552295 41.213208 -0.0092852628 79.7590946771 27.9815242303 -0.0312495658676 38.5487976238 -1.25846186572 0
48 5.47605991364 45.079977 41.189892 -0.010404952 61.4916353888 109.068438091 -1.1605025808 69.8343722711 -65.8957401584 0
51 5.42847704887 46.640834 41.096545 -0.012029947 69.3539582158 103.004703657 1.28021072431 65.9432037434 74.0399365811 0
54 5.4651901722 48.21014 41.103056 -0.013219293 46.441137198 43.3143607465 -0.275790589583 2.83182619438 -15.0442271155 0
57 5.45967507362 49.69993 40.993437 -0.019411138 48.7117882067 42.1131191323 -0.020318173168 1.49335604632 -0.0519692869975 0
60 5.46875500679 51.221815 41.026894 -0.026800957 49.09673103 42.896880593 -0.0161831849798 2.8306945681 0.608353524592 0
63 5.46085906029 52.707826 40.957156 -0.02058299 50.4704057116 42.8570204894 -0.0330990393402 2.93522309627 -0.717116803373 0
66 5.64078712463 54.31159 40.951842 -0.027308534 53.1131148671 41.7671825893 0.0159352249687 1.44952506733 2.47768487919 0
69 5.4503800869 55.778879 40.909196 -0.015002614 54.1116808078 41.6565278019 -0.0279445564908 1.82703438234 -0.741518683425 0
72 5.46969103813 57.331901 40.836464 -0.018380323 56.0948286552 42.664232037 -0.0292780215376 2.20705323528 -0.624392132609 0
75 5.43053293228 58.848313 40.76075 -0.022921269 57.2536226413 42.1457190975 0.0119387233064 2.11214979142 1.99733043301 0
78 5.46791481972 60.388876 40.75568 -0.012358794 58.834476877 41.9268201633 -0.0485193712372 1.94620808641 -2.07184846045 0
81 5.40689182281 61.86858 40.735896 -0.015077049 60.1530798828 42.539868292 -0.0486813024812 2.48942898722 -1.92538189816 0
84 5.41935300827 63.333062 40.668539 -0.013920495 62.0917765807 41.7049124777 0.00377153159781 1.61705271326 1.01367845509 0
87 5.40742897987 64.876385 40.58717 -0.032109511 63.4604879441 41.5853305592 0.0022738591128 1.73236513896 1.9700219929 0
90 5.45953297615 66.44697 40.579857 -0.020157695 64.3667013665 42.1914277402 -0.00952223988911 2.63147826101 0.609366691055 0
93 5.46713399887 67.930314 40.55804 -0.02084507 66.0560798276 41.8368495419 0.00451556843922 2.26894415477 1.45305754832 0
96 5.40336918831 69.414343 40.447992 -0.021831497 68.3050020622 41.9617870216 -0.0121551327744 1.87675589348 0.554414831158 0
99 5.46034884453 70.999462 40.351868 -0.031419309 69.4783694907 42.2490497372 -0.0158171884405 2.43167040645 0.893935659513 0
102 5.4431989193 72.481812 40.325422 -0.028226015 71.5841761447 41.9069933157 -0.016202557426 1.81854830988 0.688893374145 0
105 5.44512701035 74.028193 40.279112 -0.026102315 72.354919268 42.3192107893 0.00526853986397 2.63853141967 1.79741758342 0
108 5.40788698196 75.500101 40.224463 -0.026983514 74.6688796357 41.9861835955 -0.011865350871 1.94797033169 0.866206941284 0
111 5.37057089806 77.104162 40.159206 -0.035689283 75.8781890416 41.9330846904 0.00418110166119 2.15630593909 2.28440476865 0
114 5.39825510979 78.584191 40.097894 -0.03659834 77.5023098302 41.7795534059 0.0111386428223 1.99961126795 2.73512764241 0
117 5.43688082695 80.1084 40.071744 -0.024096447 78.7279876815 41.846100444 -0.000763096059593 2.24808339692 1.33690253078 0
120 5.40087890625 80.881063 40.047709 -0.06972902 79.0009288055 41.6863366077 -0.0328620447135 2.49399379034 2.11232208733 0
123 5.39355397224 80.819811 40.085383 -0.20196514 79.5400593899 42.1583003066 -0.178143606024 2.43613430327 1.36487335836 0
126 5.42923903465 80.673305 40.189426 -0.34415967 79.050410576 41.7418912529 -0.323545662303 2.24587058245 1.18109563986 0
129 5.41451907158 80.559381 40.228255 -0.49611957 78.3751069284 42.003808476 -0.474641768565 2.81489668834 1.23058737542 0
132 5.44928002357 80.474435 40.358509 -0.64523249 79.0816894119 41.8913619368 -0.601595230699 2.07108145644 2.50023078746 0
135 5.42001795769 80.446897 40.445937 -0.81868337 79.0262622876 42.8038880552 -0.798219023046 2.75284147101 1.17252071095 0
138 5.44924497604 80.377523 40.602704 -0.97166139 79.3558214199 43.156655405 -0.918988385905 2.75073479233 3.01794082894 0
141 5.40796113014 80.303277 40.677658 -1.1291983 80.3274849083 43.8653060519 -1.0808847358 3.18773997146 2.76816332186 0
144 5.37733793259 80.24067 40.836497 -1.2914427 79.5716891142 43.6135975366 -1.18005618481 2.85654035781 6.38197721506 0
147 5.39929199219 80.334643 40.99259 -1.4510482 79.8920799202 43.7833462153 -1.36977752026 2.82562954631 4.65646694745 0
150 5.39799499512 80.305505 41.173119 -1.6076845 79.6316074483 43.1240860766 -1.5134668291 2.06407617204 5.39827489811 0
153 5.44294500351 80.260339 41.240273 -1.7630876 78.9845236672 41.0551964953 -1.64560907516 1.28916952958 6.73102365654 0
156 5.46570301056 80.351916 41.337649 -1.9138236 78.8556129671 41.593575373 -1.74218994384 1.51803197421 9.83388412057 0
159 5.44127583504 80.458888 41.424429 -2.0695544 78.4983905438 40.9803504178 -1.9148055123 2.01016319308 8.86645814976 0
162 5.45769715309 80.580246 41.530351 -2.2462491 78.6210723364 42.3006746369 -2.09828248539 2.10517456514 8.47786252594 0
165 5.42116904259 80.700832 41.575869 -2.3973477 79.3636227636 42.3519366167 -2.27814171142 1.54609491551 6.83000003856 0
168 5.45980906487 80.863789 41.557834 -2.56541 79.8083289348 42.789517574 -2.25270427169 1.62204820383 17.9167184615 0
171 5.44086909294 80.910142 41.637692 -2.7112414 79.0582361577 42.5387658026 -2.39971948081 2.05948761751 17.8488911954 0
174 5.4470911026 81.000304 41.730578 -2.863125 80.2137471946 42.3688820228 -2.67352783602 1.01296773576 10.8631173037 0
177 5.47409200668 81.313486 41.614906 -3.0334876 79.7204357503 42.6726225438 -2.85693144558 1.91221687714 10.1159224953 0
180 5.43036603928 81.419836 41.643078 3.1037871 79.1938649345 42.6924429933 -2.92035740202 2.46091732357 14.8419448572 0
183 5.42306900024 81.472606 41.653948 2.9566422 78.6597137398 42.479870215 3.12199153054 2.93163953664 9.47381878521 0
186 5.64273500443 81.600227 41.551467 2.7956666 78.7605297419 44.0229597713 3.09967657151 3.76459254584 17.4184882972 0
189 5.45357179642 81.705618 41.391179 2.6371497 79.6790166327 43.3714001952 2.81474200047 2.83344120886 10.1752892909 0
192 5.41540980339 81.817002 41.340993 2.4823985 79.416921005 43.132750307 2.60379032778 2.99512654648 6.9552393994 0
195 5.45759296417 81.903012 41.262396 2.332631 79.7381799712 43.9709133841 2.58438041127 3.46735693765 14.4241787609 0
198 5.44891190529 81.909487 41.089487 2.1583794 80.5748612767 43.2005598584 2.37646309148 2.49756970565 12.4952751022 0
201 5.43394708633 81.924053 40.998223 1.9975831 79.5791225256 43.2497514426 2.20796424151 3.250858234 12.0539514976 0
204 5.42263007164 81.960862 40.844259 1.8446809 79.9770181879 43.8267395791 2.02124040195 3.58201433208 10.1161142949 0
207 5.45490717888 81.927588 40.703608 1.6857979 81.133090537 44.3923030131 1.89652418005 3.77328730925 12.0737264795 0
210 5.40383291245 81.924928 40.686406 1.5459903 80.1693802013 44.6704494912 1.76980977255 4.35368241994 12.8239111501 0
213 5.41540694237 81.81851 40.588718 1.3660151 79.9866972713 43.6992891046 1.5208210494 3.6098740241 8.86972754411 0
216 5.42118096352 81.824065 40.431016 1.2110526 81.0329031539 44.8959490004 1.50065215083 4.53448605299 16.5928320114 0
219 5.45068502426 82.277545 41.390368 1.1504821 81.5577568639 46.0730871818 1.40900369021 4.73771610551 14.8121960318 0
222 5.41222405434 82.927041 42.739254 1.1137092 82.1223455518 48.2921260024 1.36106282889 5.61087535414 14.1723189827 0
225 5.46469092369 83.677797 44.09726 1.084748 81.7414959823 46.7315772145 1.24133918351 3.26938661179 8.97201392433 0
228 5.40790295601 84.372874 45.412874 1.0478677 81.4923124159 46.8675334417 1.20053607755 3.2270217122 8.74725369891 0
231 5.43659496307 85.159381 46.677356 1.0274995 82.9469682078 48.3503801225 1.1485200711 2.77376640649 6.93396795848 0
234 5.43148803711 85.928298 47.908079 0.99952116 83.8756412539 49.9998252746 1.11692795333 2.93066582786 6.72691374404 0
237 5.45104718208 86.76373 49.194484 0.95689161 84.6734370447 51.0728617607 1.03651410294 2.81027181091 4.56203280001 0
240 5.43185186386 87.649962 50.387631 0.93226665 85.7468532888 51.7716600219 1.01166200815 2.35315938686 4.54901893488 0
243 5.43089818954 88.570925 51.559268 0.90792052 86.8762172503 53.0543308365 0.932459691066 2.25992195483 1.40599093482 0
246 5.40492105484 89.47196 52.652014 0.8832857 86.6652515018 52.7792375654 0.891569393422 2.80959043806 0.474620671833 0
249 5.62294411659 90.492516 53.754021 0.83763364 88.5873624162 56.8741926369 0.900851935876 3.65582839064 3.62214154172 0
252 5.41947293282 91.498687 54.898001 0.81217592 88.6574360932 57.4227627043 0.888730489995 3.80093782887 4.38625376316 0
255 5.39988398552 92.568948 55.94073 0.78340538 89.4410902313 58.0508155857 0.853853419583 3.77305650634 4.03637534309 0
258 5.40071582794 93.547241 56.960456 0.75288469 91.0028542978 59.4917365665 0.859239890816 3.58905070969 6.09370413601 0
261 5.43907403946 94.620679 57.928363 0.72990952 91.4786741169 60.2478893889 0.824961926803 3.90543177566 5.44610174235 0
264 5.42993283272 95.770396 58.899507 0.6896339 92.7778454131 61.7580423307 0.776436710206 4.13842763043 4.97343467468 0
267 5.42639994621 96.962501 59.840194 0.66858365 94.0376145414 62.4920737188 0.750155321089 3.94809154388 4.67371248122 0
270 5.47009706497 98.232224 60.772339 0.64204005 95.5597152972 63.1269296385 0.699223703539 3.56179727684 3.27638200492 0
273 5.4420068264 99.416545 61.686454 0.60185601 98.0595763768 64.0723962001 0.637457731628 2.74482859695 2.03982839267 0
276 5.47847795486 100.66015 62.48684 0.57932353 98.7186902954 64.8831050319 0.60676436081 3.08404797101 1.57224379172 0
279 5.43235707283 101.84252 63.245661 0.55317695 100.027966759 65.4531447802 0.580064820909 2.85754931814 1.5405615232 0
282 5.41903185844 103.2489 64.041483 0.52149049 100.701270426 65.5021188348 0.518792906746 2.93664323436 -0.154560135321 0
285 5.42166399956 104.5021 64.838724 0.48902664 101.486400948 66.9904572824 0.52329103459 3.70464531254 1.96320519757 0
288 5.3720870018 105.89753 65.50297 0.45749312 103.249242912 67.867961499 0.516132498479 3.55057872619 3.3597889001 0
291 5.39039206505 107.23441 66.106065 0.425495 104.339260314 68.6890165539 0.48329841787 3.87988794063 3.31189188539 0
294 5.42500209808 108.62185 66.694881 0.38650919 106.068333888 69.0523310205 0.474981618104 3.47534388714 5.06909673363 0
297 5.43098688126 110.08086 67.251857 0.35533208 106.433761942 70.0503988782 0.425120412614 4.59708177998 3.99857691803 0
300 5.45173001289 111.50781 67.766864 0.33459052 108.913213467 69.6919871251 0.367277258694 3.23079405335 1.8728121732 0
303 5.43627810478 112.87691 68.182524 0.30685182 109.474459428 70.2632770864 0.325692440066 3.988258179 1.07948801316 0
306 5.392318964 114.36462 68.651393 0.28808498 111.261755398 71.3841705382 0.314779180615 4.13471181711 1.52946503274 0
309 5.41110706329 115.83449 69.001579 0.25083859 112.634075008 71.0281897585 0.271896768478 3.78811394841 1.20654475101 0
312 5.40956997871 117.19736 69.329841 0.23044123 114.824449261 71.8362062864 0.311800786406 3.45145944878 4.66155920513 0
315 5.35279393196 117.78731 69.484411 0.20147117 115.373964796 72.3260084947 0.278707540746 3.72812438049 4.42531806868 0
318 5.38814806938 116.42938 69.228806 0.13415298 114.263681029 72.3937875209 0.209270250098 3.8350176089 4.30390254518 0
321 5.39316415787 114.80773 69.128985 0.0979988 113.124370455 71.5173489076 0.187640987908 2.92198246286 5.13611903346 0
324 5.37878203392 113.35769 69.056433 0.067460522 111.230711155 70.8426730485 0.164607110494 2.7775335313 5.56608951482 0
327 5.38971805573 111.81488 68.96352 0.032275621 110.630650425 71.4741775757 0.101955029503 2.77593248275 3.99233602618 0
330 5.7655069828 110.29576 68.94659 -0.0039959963 109.067138653 71.156942337 0.088802971457 2.5288669139 5.31698919565 0
333 5.36209201813 108.74459 69.016615 -0.039899491 107.676420238 71.5946830791 0.0384627034789 2.79059521628 4.48982301703 0
336 5.40065288544 107.27384 69.125159 -0.081381225 106.11829586 71.4945118554 0.0136565653856 2.6361174507 5.44526428335 0
339 5.39067697525 105.77123 69.311189 -0.11875782 104.077299851 71.7674773974 -0.0398829055427 2.98374798532 4.51919970786 0
342 5.43416213989 104.23308 69.487176 -0.13593074 102.452718265 71.9482812689 -0.0389371172071 3.03755280635 5.55732522572 0
345 5.37455415726 102.67844 69.809947 -0.17996689 102.058940483 73.1973789355 -0.128123076493 3.44361362077 2.97043170782 0
348 5.40666484833 101.19539 70.111952 -0.20894349 99.5821158334 72.8063392339 -0.134042686726 3.14044202346 4.29149990972 0
351 5.36650300026 99.695937 70.47501 -0.24032587 98.560665849 73.1212829406 -0.174061069859 2.8795140323 3.79669337833 0
354 5.4241168499 98.200311 70.897104 -0.28344925 97.1133514486 73.3836009797 -0.196605242806 2.71369642672 4.9757950882 0
357 5.37312817574 96.614615 71.415819 -0.3144709 95.745000258 74.0193588139 -0.246705034497 2.74493157699 3.88269808839 0
360 5.41264104843 95.216051 71.909445 -0.34657274 94.0788535779 73.7328456452 -0.24378809505 2.14895506923 5.88912635439 0
363 5.40509986877 93.790761 72.497598 -0.38120404 91.9833394589 74.731462583 -0.312987616703 2.87348631498 3.90851314841 0
366 5.39967298508 92.417114 73.016357 -0.35870282 90.6292383756 74.6742962005 -0.253946833941 2.43829072117 6.00207587989 0
369 5.40903902054 91.055309 73.519772 -0.33819517 89.6416195094 74.6628897846 -0.228384670637 1.81803087031 6.29167815974 0
372 5.40302109718 89.614615 74.074076 -0.31837694 87.9526138385 75.8068142931 -0.219406566856 2.40096435897 5.67058467801 0
375 5.44390106201 88.314109 74.556366 -0.29979055 86.7526943765 75.9492872703 -0.194077920322 2.09242569566 6.0568875218 0
378 5.4293859005 86.88131 74.994533 -0.2764152 84.7650885477 75.9120682495 -0.139494616027 2.30656978416 7.84497159011 0
381 5.44187808037 85.443672 75.387112 -0.25727157 83.4009465147 75.6678139357 -0.0983224068026 2.0619216729 9.10711620835 0
384 5.46679210663 84.055287 75.832526 -0.23267107 81.692026321 76.0936539178 -0.081837851889 2.37764354483 8.64210680813 0
387 5.40725803375 82.664555 76.128737 -0.22389476 80.9461654227 75.1638637889 0.00324602329092 1.97074682615 13.0142082379 0
390 5.43192815781 81.173968 76.455415 -0.20673661 79.1441888639 77.2390354308 -0.0585562027412 2.17579050483 8.49011194246 0
393 5.43810009956 79.819657 76.754609 -0.1833313 77.4437877008 77.6928726816 -0.0316421404868 2.55442628844 8.69114863799 0
396 5.39386892319 78.325485 77.027059 -0.15611548 75.9465831127 77.7366149778 0.0156253293425 2.48246729585 9.84002354549 0
399 5.37059497833 76.892215 77.264525 -0.13798763 74.0963661293 78.064368046 0.0194353734573 2.90800959526 9.01967369638 0
402 5.51436090469 75.420868 77.548324 -0.12557438 72.7752617416 77.737896423 0.0598838489594 2.65238952233 10.6259737953 0
405 5.52623295784 73.926916 77.691819 -0.097717287 70.5462580358 77.4109853192 0.0939321168847 3.39230243742 10.9807019888 0
408 5.487429142 72.448195 77.857208 -0.08052134 69.7945418774 77.2962584286 0.122011752134 2.71229410591 11.604291391 0
411 5.4039170742 71.010734 77.97039 -0.05919809 69.1729031463 77.8888296722 0.11539810607 1.83963972935 10.0036251538 0
414 5.40287995338 70.665666 77.98114 -0.052809071 69.5370878896 78.9891365504 0.102146769702 1.51319053555 8.87831568314 0
417 5.4692800045 70.65903 77.973391 -0.052747867 69.6900126475 79.7510420158 0.0917776339644 2.02460805177 8.28070123727 0
420 5.43245410919 70.662549 77.975477 -0.051931253 69.9531224203 79.7539887663 0.113601368811 1.91478201763 9.48432060148 0
423 5.39740180969 70.657477 77.975804 -0.053730261 69.692370091 80.3826793499 0.087513900246 2.59316029118 8.09269432026 0
426 5.4883749485 70.657208 77.964864 -0.053397677 69.5854518799 80.1632826316 0.104022034584 2.44575257551 9.01948508593 0
