3 1.33975791931 31.520043 41.394881 -0.0070850614 18.3107377321 129.022572744 -1.82568834981 88.6177076328 -104.198293034 0
6 1.3348839283 31.529937 41.402987 -0.0081764059 17.6465739524 114.30424361 0.744263187841 74.2114612771 43.1116130599 0
9 1.34403705597 31.522543 41.401068 -0.0068718684 52.552563727 37.1739583298 -0.678218878875 21.4506463293 -38.4653502889 0
12 1.34902501106 31.528168 41.375423 -0.0049451513 115.243232556 65.3857840725 1.86756762468 87.0902375264 107.287079148 0
15 1.34429097176 31.523843 41.397689 -0.0081913964 70.6801833482 73.734395712 -2.03922245885 50.78268987 -116.369507938 0
18 1.35361599922 31.52518 41.394772 -0.0077822512 105.613075135 89.9094934292 -2.17188753939 88.5589882561 -123.994099435 0
21 1.36023402214 31.646202 41.400982 -0.0069641742 21.5101312223 119.027773136 0.226166224144 78.2857498715 13.3573879013 0
24 1.36113214493 32.968315 41.348607 -0.0066445448 73.2572421666 75.8957300485 -1.20457232538 53.0726046389 -68.6362059888 0
27 1.34451198578 34.520488 41.363888 -0.010157874 14.8575534261 100.959318406 0.827746908315 62.7554485388 48.0084076605 0
30 1.33988308907 35.981317 41.339656 -0.012968194 59.8336059321 119.096474435 2.37742646568 81.3329853164 136.95952537 0
33 1.347001791 37.47125 41.3168 -0.01805047 58.1521562889 63.091662843 -0.76076792674 30.030726544 -42.5545756419 0
36 1.35804200172 39.051821 41.275587 -0.019803098 54.8946570733 48.6255655491 -0.219137918552 17.4647542072 -11.4210439276 0
39 1.34466719627 40.609584 41.247017 -0.013659721 76.0564374601 38.6207601498 1.12832849397 35.5440099773 65.4311049713 0
42 1.35745596886 42.081473 41.279186 -0.014178183 35.433443009 59.5802108288 0.601088718954 19.4711019859 35.2521967561 0
45 1.34818005562 43.552295 41.213208 -0.0092852628 61.6553868284 123.422121281 1.89824251682 84.1785445147 109.293291076 0
48 1.34962201118 45.079977 41.189892 -0.010404952 80.3533342597 92.8494927612 2.90851339433 62.5533698787 167.241701988 0
51 1.35242199898 46.640834 41.096545 -0.012029947 50.1857420454 80.5576381683 -3.0730351867 39.6199980702 -175.382681302 0
54 1.36057209969 48.21014 41.103056 -0.013219293 63.8360135937 105.820975461 -1.35657456153 66.5776015255 -76.9685872731 0
57 1.35240793228 49.69993 40.993437 -0.019411138 31.6847025041 43.78723965 -1.98354559126 18.2305719871 -112.536614568 0
60 1.3460521698 51.221815 41.026894 -0.026800957 112.066332268 64.5147038388 1.56346387735 65.2206446811 91.1154633164 0
63 1.35565209389 52.707826 40.957156 -0.02058299 76.8089581221 135.320442769 -2.73582019808 97.3924764003 -155.5716324 0
66 1.3419649601 54.31159 40.951842 -0.027308534 74.2624268706 111.828296855 1.29314883281 73.6308885225 75.6566341453 0
69 1.35602092743 55.778879 40.909196 -0.015002614 31.0695892146 96.4825876606 1.79086936242 60.8190008333 103.46884259 0
72 1.34562897682 57.331901 40.836464 -0.018380323 115.854676518 68.0466217203 -0.282671019502 64.539196908 -15.1427414741 0
75 1.36442708969 58.848313 40.76075 -0.022921269 112.779999607 72.6951259759 1.62161315176 62.6771983196 94.2248815738 0
78 1.43923807144 60.388876 40.75568 -0.012358794 74.7918124205 31.2448428643 1.95223754657 17.2597972339 112.563078762 0
81 1.34981989861 61.86858 40.735896 -0.015077049 36.6238093008 83.9283345646 3.13576467113 50.0288436485 -179.470067523 0
84 1.34466004372 63.333062 40.668539 -0.013920495 127.916397065 67.6594290526 1.46290286303 69.9965378715 84.6157455017 0
87 1.37142395973 64.876385 40.58717 -0.032109511 130.430870679 70.0775240717 1.3702320776 71.8823453702 80.3482544623 0
90 1.36262607574 66.44697 40.579857 -0.020157695 81.4164697402 78.2039247477 -1.01191592051 40.4926708968 -56.8235606192 0
93 1.36145091057 67.930314 40.55804 -0.02084507 117.348263438 67.5461528597 2.45323506675 56.3071217733 141.754350013 0
96 1.34682393074 69.414343 40.447992 -0.021831497 128.841356106 71.4724998096 1.26726291963 67.0379741011 73.8596694668 0
99 1.36448097229 70.999462 40.351868 -0.031419309 104.59392619 101.174383276 0.960800678307 69.4835691999 56.8500176212 0
102 1.34520721436 72.481812 40.325422 -0.028226015 87.1357716561 110.074182583 -1.8341510514 71.271509991 -103.471882702 0
105 1.34775996208 74.028193 40.279112 -0.026102315 73.6269849133 31.0883369778 -1.95179860577 9.19952789213 -110.334270085 0
108 1.35546112061 75.500101 40.224463 -0.026983514 73.349558277 28.6455565538 -1.86517310278 11.776922709 -105.320505382 0
111 1.34853100777 77.104162 40.159206 -0.035689283 100.462442163 34.4674765879 3.11040640709 24.0417352927 -179.741995013 0
114 1.34585905075 78.584191 40.097894 -0.03659834 56.1840136112 135.567044306 2.78215278192 98.0618509266 161.502542784 0
117 1.35939908028 80.1084 40.071744 -0.024096447 55.4971744007 83.3719643083 -2.59323521459 49.8058380539 -147.200808366 0
120 1.36116194725 80.881063 40.047709 -0.06972902 73.5616696224 25.8659414736 -1.69476987677 15.9591995285 -93.1079826295 0
123 1.35059189796 80.819811 40.085383 -0.20196514 95.733546861 34.058689876 -2.65797242809 16.0854141179 -140.718852061 0
126 1.35176610947 80.673305 40.189426 -0.34415967 80.170078809 47.663392667 0.360776340131 7.49088875492 40.3898582073 0
129 1.3703660965 80.559381 40.228255 -0.49611957 121.775514945 63.8409919996 1.04045526918 47.500853108 88.0392531911 0
132 1.36592793465 80.474435 40.358509 -0.64523249 78.0703687218 40.276536311 -0.275559601876 2.40546340476 21.1806962899 0
135 1.35838294029 80.446897 40.445937 -0.81868337 111.241803375 67.136173486 1.61055912498 40.7516255176 139.185342376 0
138 1.35810804367 80.377523 40.602704 -0.97166139 106.955230859 53.5654511536 -1.89645166483 29.5703799231 -52.9865796826 0
141 1.37678313255 80.303277 40.677658 -1.1291983 104.405281076 55.003770566 -1.94526552111 28.038261389 -46.7572075687 0
144 1.35871601105 80.24067 40.836497 -1.2914427 104.303468205 55.634708704 -2.17400717655 28.2489880722 -50.5672196544 0
147 1.35145998001 80.334643 40.99259 -1.4510482 87.210005476 78.4433720912 1.47961376484 38.0766554259 167.914561765 0
150 1.36859703064 80.305505 41.173119 -1.6076845 118.222026832 66.9957538188 -3.02069316946 45.8745146764 -80.9594331752 0
153 1.34722185135 80.260339 41.240273 -1.7630876 73.8729097971 128.3112065 -0.456609919707 87.3049065772 74.8556571088 0
156 1.34403991699 80.351916 41.337649 -1.9138236 87.5949813131 73.4540166557 0.885571326196 32.9229869017 160.393514461 0
159 1.35069298744 80.458888 41.424429 -2.0695544 70.5913220033 128.161474228 -0.664277267322 87.2965284162 80.5164487487 0
162 1.34846806526 80.580246 41.530351 -2.2462491 69.4737509206 127.152747536 -0.645704563966 86.339730261 91.7044468375 0
165 1.33905506134 80.700832 41.575869 -2.3973477 78.7146992047 43.5567354867 -1.60509982133 2.80509456506 45.3924597759 0
168 1.34743595123 80.863789 41.557834 -2.56541 68.7215012584 125.428412929 -1.33425163277 84.7449654045 70.5401783546 0
171 1.34923195839 80.910142 41.637692 -2.7112414 103.632111092 103.693832565 -2.12176884299 66.0851909377 33.7742896552 0
174 1.35841703415 81.000304 41.730578 -2.863125 111.395015613 91.8943195215 -1.83499336597 58.6535545171 58.9076034135 0
177 1.35046291351 81.313486 41.614906 -3.0334876 132.216819436 14.8708838278 2.94011080189 57.5012354378 -17.7380230654 0
180 1.35370492935 81.419836 41.643078 3.1037871 76.2411578881 45.4696792565 -2.30497657207 6.43906702582 50.1006692068 0
183 1.36536693573 81.472606 41.653948 2.9566422 109.705463378 96.4201026648 -2.48040734072 61.6151436943 48.4800083134 0
186 1.35238409042 81.600227 41.551467 2.7956666 34.0688186031 68.7233277877 -1.33517152502 54.7498383821 123.320409584 0
189 1.35461091995 81.705618 41.391179 2.6371497 77.9300725793 45.6753287826 -3.11788900529 5.71040126293 30.2605712523 0
192 1.36605501175 81.817002 41.340993 2.4823985 61.6021704933 92.725498927 -1.8068464133 55.2178129068 114.24436917 0
195 1.3629090786 81.903012 41.262396 2.332631 109.841785955 59.7746860058 1.68763204538 33.5153691811 -36.9557178899 0
198 1.36778402328 81.909487 41.089487 2.1583794 79.3704715376 44.9109510555 2.78809247634 4.58804828285 36.0799015786 0
201 1.34618902206 81.924053 40.998223 1.9975831 81.894914168 48.655979151 2.95737026746 7.65781158943 54.9917539264 0
204 1.34211111069 81.960862 40.844259 1.8446809 81.1796546919 48.4068192217 2.49960141754 7.60280224428 37.5241815715 0
207 1.35293316841 81.927588 40.703608 1.6857979 82.8239757627 44.1097044531 2.03475208468 3.52207383069 19.9936020254 0
210 1.35113596916 81.924928 40.686406 1.5459903 80.0044695159 47.5114069653 2.07725978925 7.09004929216 30.4394995182 0
213 1.35598707199 81.81851 40.588718 1.3660151 80.0117222522 49.0746860035 1.97462216747 8.67618204753 34.8706163481 0
216 1.35648393631 81.824065 40.431016 1.2110526 82.010792166 46.4316353839 2.11499871372 6.00352396725 51.7922972234 0
219 1.34845685959 82.277545 41.390368 1.1504821 80.0866558324 47.6382028409 1.46460209517 6.62083344784 17.9977499841 0
222 1.35126399994 82.927041 42.739254 1.1137092 82.3100441225 48.7298938337 1.60158989122 6.02232934707 27.953504513 0
225 1.36288690567 83.677797 44.09726 1.084748 83.5697924262 50.9628435869 1.64118452782 6.8664330607 31.8814646109 0
228 1.34599304199 84.372874 45.412874 1.0478677 82.2452708658 55.1118371683 1.61169836271 9.92958114105 32.3051173332 0
231 1.34537410736 85.159381 46.677356 1.0274995 79.900081209 57.4429372169 1.65105113445 11.9815680622 35.7268769624 0
234 1.35481500626 85.928298 47.908079 0.99952116 106.799026594 68.8658039729 2.8544623487 29.5772471349 106.280301357 0
237 1.36021208763 86.76373 49.194484 0.95689161 104.123100434 67.9115720697 2.54885716587 25.5279675588 91.2129074814 0
240 1.35779094696 87.649962 50.387631 0.93226665 81.452567608 55.7921052781 1.50956856919 8.22289726756 33.0769634742 0
243 1.36201810837 88.570925 51.559268 0.90792052 81.5233699461 59.2550058796 1.56977132266 10.43515279 37.92125766 0
246 1.35428500175 89.47196 52.652014 0.8832857 80.6889813313 59.8707189309 1.48694559376 11.3688352602 34.587164174 0
249 1.33311700821 90.492516 53.754021 0.83763364 81.6747412038 57.3042283374 1.4066030089 9.50563645926 32.5995435101 0
252 1.34150195122 91.498687 54.898001 0.81217592 82.4483011884 59.9589018102 1.32027764921 10.3692912174 29.1120846468 0
255 1.35049796104 92.568948 55.94073 0.78340538 83.5108587072 59.6135977386 1.37530746499 9.77440223548 33.9134913548 0
258 1.3483440876 93.547241 56.960456 0.75288469 82.366300218 61.2998027399 1.47098904022 11.9934718452 41.1443485176 0
261 1.35585713387 94.620679 57.928363 0.72990952 81.2770170305 60.6247191455 1.30599390606 13.6133629651 33.0072039646 0
264 1.35486197472 95.770396 58.899507 0.6896339 83.9094907472 62.0613852037 1.15079205594 12.2751190296 26.4224160237 0
267 1.36045908928 96.962501 59.840194 0.66858365 93.4928462756 62.0555208798 0.865439117096 4.11657346477 11.2789874387 0
270 1.34381699562 98.232224 60.772339 0.64204005 96.312864171 63.5954828256 0.770363923115 3.41380772939 7.35241634028 0
273 1.35779595375 99.416545 61.686454 0.60185601 99.0105234121 65.9742171121 0.719039818668 4.30694393221 6.71413766397 0
276 1.35439300537 100.66015 62.48684 0.57932353 97.8798557679 67.2470655545 0.540187857786 5.51269293063 -2.24230884626 0
279 1.34365105629 101.84252 63.245661 0.55317695 98.5314752884 65.8805823027 0.484939222272 4.23152778012 -3.90973380236 0
282 1.34681415558 103.2489 64.041483 0.52149049 100.657700615 64.8836330297 0.511106923788 2.72461573947 -0.594934520262 0
285 1.34008908272 104.5021 64.838724 0.48902664 103.756827379 64.909440035 0.330646660268 0.748620089078 -9.07450439802 0
288 1.34519600868 105.89753 65.50297 0.45749312 103.005156733 69.9539561631 0.636016468937 5.30821070985 10.2286344386 0
291 1.34869885445 107.23441 66.106065 0.425495 106.829606634 68.8904344192 0.50229914675 2.81364155982 4.4005534579 0
294 1.35931897163 108.62185 66.694881 0.38650919 103.839063986 69.3884558064 0.509546106666 5.48911534693 7.04949604927 0
297 1.36185407639 110.08086 67.251857 0.35533208 106.467316657 70.7667846815 0.39345108548 5.0410725144 2.18405813322 0
300 1.35790801048 111.50781 67.766864 0.33459052 106.236318948 72.9747086267 0.471671039709 7.41014598803 7.85413523281 0
303 1.3452630043 112.87691 68.182524 0.30685182 106.486604903 76.2032201962 0.436446433098 10.2551239244 7.42522437813 0
306 1.48530507088 114.36462 68.651393 0.28808498 113.791046047 67.3445416974 0.233230296794 1.42718163052 -3.14294183422 0
309 1.35645198822 115.83449 69.001579 0.25083859 115.91409737 64.7055847292 -0.0317975013075 4.29673179382 -16.19385517 0
312 1.33312010765 117.19736 69.329841 0.23044123 117.517951196 64.166192118 0.0713310084431 5.17359145001 -9.1163441726 0
315 1.33682703972 117.78731 69.484411 0.20147117 113.141495309 75.800935693 0.29690824703 7.84105084389 5.46814172291 0
318 1.34830021858 116.42938 69.228806 0.13415298 111.180997231 74.8713257636 0.383053475589 7.70607234407 14.2609479159 0
321 1.34165287018 114.80773 69.128985 0.0979988 112.434875171 73.1114668519 0.31587834748 4.63579569645 12.4835785128 0
324 1.34897089005 113.35769 69.056433 0.067460522 112.289641357 71.6473402059 0.276552599069 2.80241468276 11.9800935457 0
327 1.36881804466 111.81488 68.96352 0.032275621 108.896475631 72.5349926717 0.280298602241 4.61221217046 14.2106700473 0
330 1.35209298134 110.29576 68.94659 -0.0039959963 107.760155086 72.7609462404 -0.0605177186312 4.58024080255 -3.23845614039 0
333 1.34170794487 108.74459 69.016615 -0.039899491 108.117476636 70.154344321 0.15812745638 1.29911476727 11.3461083147 0
336 1.35450100899 107.27384 69.125159 -0.081381225 105.154718069 72.6178660357 -0.0669535081147 4.08530050271 0.826647285539 0
339 1.34280514717 105.77123 69.311189 -0.11875782 106.153929292 71.421673125 -0.0367239737933 2.14490139411 4.70019316487 0
342 1.3411860466 104.23308 69.487176 -0.13593074 102.620656945 71.942265299 0.0420211087229 2.93723876717 10.1958898884 0
345 1.33651280403 102.67844 69.809947 -0.17996689 101.097390151 73.6357691521 -0.0280490249161 4.13964174351 8.70425250194 0
348 1.35176706314 101.19539 70.111952 -0.20894349 98.9214135303 73.2766210801 -0.0884640399495 3.89693461215 6.90296400595 0
351 1.35155701637 99.695937 70.47501 -0.24032587 98.019313358 72.1280124504 -0.0294843023301 2.35446043458 12.0803319734 0
354 1.36173009872 98.200311 70.897104 -0.28344925 98.5351836042 72.9253758069 -0.0436103027613 2.05573008533 13.7417594396 0
357 1.35951304436 96.614615 71.415819 -0.3144709 95.4122086249 71.4948745791 -0.0624650947547 1.20500243794 14.4388690534 0
360 1.34678387642 95.216051 71.909445 -0.34657274 92.9384654887 73.6217717235 -0.163031819765 2.84946636572 10.5161200974 0
363 1.33640599251 93.790761 72.497598 -0.38120404 90.4174701264 73.0707779681 -0.132420247983 3.42164092117 14.2542612938 0
366 1.34956502914 92.417114 73.016357 -0.35870282 90.5639523839 72.8722789654 -0.177491457206 1.85875400613 10.3826462879 0
369 1.35024785995 91.055309 73.519772 -0.33819517 89.465618167 74.2376062832 -0.219374214208 1.74424854953 6.8079392846 0
372 1.34857082367 89.614615 74.074076 -0.31837694 86.3604477657 73.7886825575 -0.119919659766 3.26665789548 11.3707645711 0
375 1.34326982498 88.314109 74.556366 -0.29979055 86.7427284808 75.0921153996 -0.180546417615 1.66020003475 6.83218551734 0
378 1.34687495232 86.88131 74.994533 -0.2764152 84.5596306426 77.5659366963 -0.256891308296 3.46443530868 1.11863659434 0
381 1.34613513947 85.443672 75.387112 -0.25727157 83.2127341143 76.8886568129 -0.123388964029 2.68918587588 7.67090827237 0
384 1.34656190872 84.055287 75.832526 -0.23267107 81.9573332015 74.5075534123 0.029508515998 2.48132273167 15.0217837522 0
387 1.33765816689 82.664555 76.128737 -0.22389476 81.3768873101 75.7924966194 -0.0347557878174 1.3308439703 10.8368648475 0
390 1.33849191666 81.173968 76.455415 -0.20673661 78.3276297278 76.1822661202 0.0275575954911 2.85941460275 13.424069139 0
393 1.33911395073 79.819657 76.754609 -0.1833313 76.0151392438 78.6289815378 -0.0222528419208 4.24118235497 9.22911581841 0
396 1.34951210022 78.325485 77.027059 -0.15611548 74.5085711612 77.9317846346 0.0450138964252 3.92267252352 11.5238644053 0
399 1.35454392433 76.892215 77.264525 -0.13798763 72.8841564571 78.1381104555 0.0287325995479 4.10215611987 9.55236551254 0
402 1.34331798553 75.420868 77.548324 -0.12557438 71.466363026 77.7807890076 0.115297470051 3.96133179232 13.8009404114 0
405 1.34525990486 73.926916 77.691819 -0.097717287 70.3503132313 76.9798383671 0.133220310834 3.64677992026 13.2317496868 0
408 1.35002589226 72.448195 77.857208 -0.08052134 69.4710512365 77.0027887088 0.155895852995 3.09732421834 13.545707363 0
411 1.35142993927 71.010734 77.97039 -0.05919809 70.56046434 77.1126252183 0.196452264446 0.968763741825 14.6476863408 0
414 1.33153700829 70.665666 77.98114 -0.052809071 70.2539531686 80.7160012105 0.000990853870737 2.76567772825 3.08250863321 0
417 1.34388184547 70.65903 77.973391 -0.052747867 71.333236882 81.0338675213 0.0588100462839 3.13385887643 6.39179760246 0
420 1.33714795113 70.662549 77.975477 -0.051931253 71.5719954094 81.2759068159 0.0378729812263 3.42343829228 5.14540360357 0
423 1.54456305504 70.657477 77.975804 -0.053730261 70.7521131962 79.9828913024 0.170362210706 2.00931715992 12.8395528494 0
426 1.38079190254 70.657208 77.964864 -0.053397677 72.3358416669 78.4945618077 0.230028618321 1.76022463207 16.2391305249 0
