3 1.37118291855 31.520043 41.394881 -0.0070850614 34.3651509581 22.543047947 2.4448173725 19.0653153331 140.48366124 0
6 1.35566687584 31.529937 41.402987 -0.0081764059 64.0205545281 67.6187217061 0.729956783974 41.7481134129 42.2919164983 0
9 1.36067700386 31.522543 41.401068 -0.0068718684 90.6432376865 10.6232281569 2.27725277207 66.6523215321 130.870701781 0
12 1.46117401123 31.528168 41.375423 -0.0049451513 15.876400025 63.5899174129 2.01182351483 27.1746500026 115.552332824 0
15 1.36349081993 31.523843 41.397689 -0.0081913964 130.541745411 79.08312061 0.0221179568947 105.946858158 1.73659802356 0
18 1.37019205093 31.52518 41.394772 -0.0077822512 85.901002786 109.937672488 -1.59271541434 87.4920528446 -90.8099810581 0
21 1.36946702003 31.646202 41.400982 -0.0069641742 91.3172138652 7.54666102529 1.71512627798 68.6057191907 98.6685148499 0
24 1.37227487564 32.968315 41.348607 -0.0066445448 31.5314276974 135.696566815 1.95036842212 94.3589008331 112.128583457 0
27 1.36311507225 34.520488 41.363888 -0.010157874 84.1770096985 71.0018732436 -0.700827273244 57.8288882522 -39.5724416155 0
30 1.37050390244 35.981317 41.339656 -0.012968194 62.7912631237 22.5164589194 0.907907006726 32.7579907731 52.7622624599 0
33 1.38390398026 37.47125 41.3168 -0.01805047 66.2359670778 27.6408782294 -1.52840044597 31.8502713465 -86.5366792107 0
36 1.37755680084 39.051821 41.275587 -0.019803098 131.982517596 135.70510517 0.463741691626 132.487917455 27.7050756511 0
39 1.37748789787 40.609584 41.247017 -0.013659721 72.018163871 6.92036566676 -1.81421147161 46.5276034335 -103.164016105 0
42 1.39352202415 42.081473 41.279186 -0.014178183 133.559552043 130.188564419 -0.871213925067 127.566126053 -49.1045309123 0
45 1.37886190414 43.552295 41.213208 -0.0092852628 136.42361011 144.999076199 -0.2502886847 139.27163246 -13.8084789231 0
48 1.37282919884 45.079977 41.189892 -0.010404952 85.2986935189 92.4669791327 -1.49882990951 65.1681273572 -85.2804681871 0
51 1.36140990257 46.640834 41.096545 -0.012029947 102.155287651 34.157764008 -0.259341129909 55.9464140571 -14.1698870071 0
54 1.36773300171 48.21014 41.103056 -0.013219293 107.777093613 75.7722464676 0.866231716095 68.9215113764 50.3888311096 0
57 1.36949491501 49.69993 40.993437 -0.019411138 36.7668588092 97.3453709524 -2.95427411883 57.8169939603 -168.155262251 0
60 1.3625690937 51.221815 41.026894 -0.026800957 33.4199791302 96.932552862 3.05055635827 58.6715267666 176.319586219 0
63 1.34903597832 52.707826 40.957156 -0.02058299 31.9501335547 99.2014306687 3.00067164788 61.8326558328 173.105139585 0
66 1.3579390049 54.31159 40.951842 -0.027308534 82.5895749823 25.1112562327 0.248939784248 32.4124758714 15.8278627332 0
69 1.3690700531 55.778879 40.909196 -0.015002614 123.400831989 68.3709341545 1.103764876 72.9854477856 64.1006554333 0
72 1.37138104439 57.331901 40.836464 -0.018380323 32.9691797942 95.7436474174 -2.95110747078 60.0694679133 -168.032888031 0
75 1.36462688446 58.848313 40.76075 -0.022921269 29.8318265523 95.113019065 -2.74659218527 61.6127067924 -156.054848285 0
78 1.3603079319 60.388876 40.75568 -0.012358794 28.0796005925 93.5186833526 -3.13662488352 61.8694092436 -179.007261006 0
81 1.37166309357 61.86858 40.735896 -0.015077049 25.8762385313 89.0235242658 3.09139205344 60.2257726221 177.987568758 0
84 1.34777784348 63.333062 40.668539 -0.013920495 26.4325754462 90.8182794718 -3.05077874601 62.2626884843 -173.999160763 0
87 1.36205387115 64.876385 40.58717 -0.032109511 134.550776045 58.5441059118 1.24309295861 71.9511800795 73.0637195333 0
90 1.36768698692 66.44697 40.579857 -0.020157695 129.442139586 71.8387077875 1.2898804538 70.3242998097 75.0596569272 0
93 1.36925315857 67.930314 40.55804 -0.02084507 58.9788886634 126.608137628 1.61767158176 86.5144341565 93.8800888076 0
96 1.36274814606 69.414343 40.447992 -0.021831497 91.2148072939 124.982346586 -0.783361727188 87.3001566366 -43.6324681614 0
99 1.36796998978 70.999462 40.351868 -0.031419309 131.779895333 78.5142889713 0.556993866154 71.7678998613 33.7135915462 0
102 1.3654820919 72.481812 40.325422 -0.028226015 12.8080642967 97.4521436253 2.96091675818 82.6100386673 171.265265265 0
105 1.35613179207 74.028193 40.279112 -0.026102315 12.3527364299 99.9707663309 2.94702088088 85.83097075 170.347411096 0
108 1.35658597946 75.500101 40.224463 -0.026983514 76.7964388005 45.4577936659 0.265480103211 5.39149715311 16.7569309273 0
111 1.35818791389 77.104162 40.159206 -0.035689283 75.8265124246 41.5738348311 0.174716775485 1.90619074785 12.0553791352 0
114 1.35921812057 78.584191 40.097894 -0.03659834 76.3258347519 40.7124410291 0.238316585305 2.34047879596 15.7514649452 0
117 1.37950801849 80.1084 40.071744 -0.024096447 77.7321673415 43.0308139441 0.1390617214 3.79507267148 9.34827444243 0
120 1.36284184456 80.881063 40.047709 -0.06972902 77.8674797206 41.1355842217 0.105123593631 3.20392832004 10.0183167979 0
123 1.37196207047 80.819811 40.085383 -0.20196514 109.528033171 54.8520295686 0.0948538154063 32.2833683358 17.0064734243 0
126 1.36966896057 80.673305 40.189426 -0.34415967 80.7195382878 43.1999921923 -0.213027453805 3.01092117385 7.51332254617 0
129 1.35179305077 80.559381 40.228255 -0.49611957 76.7169528161 41.0695323503 -0.364882551851 3.93344657122 7.5193272558 0
132 1.36178088188 80.474435 40.358509 -0.64523249 75.9433709373 41.3941471078 -0.563344397454 4.64791220129 4.69184209528 0
135 1.37225294113 80.446897 40.445937 -0.81868337 79.4704024984 42.9808766786 -0.634730993528 2.71651627745 10.5396948032 0
138 1.37357807159 80.377523 40.602704 -0.97166139 77.6798955603 43.6166409569 -0.799787346169 4.0448745078 9.84765731935 0
141 1.35671186447 80.303277 40.677658 -1.1291983 79.5080813233 44.9120619181 -0.974241456758 4.30842345942 8.87837312443 0
144 1.35801792145 80.24067 40.836497 -1.2914427 103.95007181 57.1265506244 -2.14902630292 28.766327212 -49.1359210267 0
147 1.37156009674 80.334643 40.99259 -1.4510482 80.3207996056 44.2135913654 -1.29435836921 3.22103111368 8.97766599665 0
150 1.37568116188 80.305505 41.173119 -1.6076845 78.2913422783 44.718924949 -1.31716898113 4.07793958967 16.6453131142 0
153 1.36527705193 80.260339 41.240273 -1.7630876 76.3449632332 40.3933143854 -0.964083248725 4.00593388487 45.7795771407 0
156 1.35783314705 80.351916 41.337649 -1.9138236 78.1842767914 40.8581943608 -1.5908320763 2.22003074071 18.5060511267 0
159 1.38478088379 80.458888 41.424429 -2.0695544 76.7577622094 42.2718156849 -1.67844211641 3.7968929813 22.4090831652 0
162 1.36721801758 80.580246 41.530351 -2.2462491 78.9356014712 42.3112480032 -2.036954643 1.8206196076 11.9916890614 0
165 1.36928081512 80.700832 41.575869 -2.3973477 144.614590787 20.2711388071 2.51835170894 67.3710627116 -78.3511705125 0
168 1.36638998985 80.863789 41.557834 -2.56541 80.9813478058 43.1415626964 -2.20284640668 1.58808584679 20.7733637022 0
171 1.37536787987 80.910142 41.637692 -2.7112414 145.546770568 20.388783182 2.44553765161 68.0397668906 -64.5383244615 0
174 1.38350296021 81.000304 41.730578 -2.863125 78.0194096327 42.517722936 -2.3122595065 3.08307125754 31.5622678569 0
177 1.3821079731 81.313486 41.614906 -3.0334876 147.170401563 20.8228972936 2.21830805416 69.0611392424 -59.0942741517 0
180 1.36970996857 81.419836 41.643078 3.1037871 78.2759958147 44.3945220937 -2.77647866039 4.17781949242 23.0855895141 0
183 1.35472202301 81.472606 41.653948 2.9566422 77.3894227306 46.3006621191 -2.60550039568 6.18581746543 41.3127042175 0
186 1.36668395996 81.600227 41.551467 2.7956666 77.3154784188 44.0286009057 -3.12394372834 4.94926891477 20.8313118241 0
189 1.3685438633 81.705618 41.391179 2.6371497 80.7720732296 45.2190603938 2.92723050992 3.94007383221 16.6204061262 0
192 1.37041711807 81.817002 41.340993 2.4823985 79.3202390212 44.0051922827 2.75821961295 3.65127144847 15.8033856726 0
195 1.37542700768 81.903012 41.262396 2.332631 78.9387600576 45.0360019264 2.82845759524 4.79863431256 28.4087712778 0
198 1.36728405952 81.909487 41.089487 2.1583794 78.6598618247 42.7037182599 2.39618090414 3.62847162601 13.625022549 0
201 1.38016605377 81.924053 40.998223 1.9975831 80.7967672584 45.8720071116 2.42294208918 5.00245386882 24.3712748577 0
204 1.38846492767 81.960862 40.844259 1.8446809 80.4452839958 42.9673234679 2.10436081628 2.60852054274 14.8785632269 0
207 1.36483192444 81.927588 40.703608 1.6857979 80.0808693554 42.8597568903 2.01938169792 2.8388990453 19.1129437345 0
210 1.36274218559 81.924928 40.686406 1.5459903 80.8134687734 46.0343606699 2.01516362046 5.46223038357 26.8816511225 0
213 1.36370778084 81.81851 40.588718 1.3660151 81.9230705751 43.6556295318 1.68100542595 3.06869341216 18.0476162644 0
216 1.36311793327 81.824065 40.431016 1.2110526 81.8192838397 44.042065787 1.72140307883 3.61105295219 29.2409285096 0
219 1.36631989479 82.277545 41.390368 1.1504821 81.229345707 47.8576435963 1.61715302 6.55166966481 26.7382741374 0
222 1.37992310524 82.927041 42.739254 1.1137092 84.0041998156 48.6577996759 1.49059204683 6.01576711913 21.5937964941 0
225 1.3735461235 83.677797 44.09726 1.084748 78.5117732563 54.2955155741 1.53252393281 11.4320697196 25.6556711174 0
228 1.37785196304 84.372874 45.412874 1.0478677 78.4141679004 54.5459060512 1.66158416823 10.9049737657 35.1633634475 0
231 1.37865209579 85.159381 46.677356 1.0274995 82.0981646026 48.9877366014 1.20931425031 3.83521894487 10.4172178463 0
234 1.3688659668 85.928298 47.908079 0.99952116 77.2566682337 59.0949010773 1.71025184907 14.1542273188 40.7218688542 0
237 1.35411190987 86.76373 49.194484 0.95689161 82.9559010998 52.9915050213 1.22188984789 5.37744637995 15.1832806095 0
240 1.36289906502 87.649962 50.387631 0.93226665 80.9993072676 55.9533876762 1.49990850996 8.67230394698 32.5234828505 0
243 1.36337208748 88.570925 51.559268 0.90792052 80.477338306 56.4246997054 1.40302698006 9.44344064698 28.3675105709 0
246 1.36928200722 89.47196 52.652014 0.8832857 82.2196827287 58.7080690066 1.49716617194 9.44835053658 35.1727601679 0
249 1.37565112114 90.492516 53.754021 0.83763364 81.5273313377 59.6217353287 1.3227642473 10.7146911982 27.795936311 0
252 1.37958908081 91.498687 54.898001 0.81217592 81.6234801382 60.2848177683 1.23708701212 11.2488890767 24.3456122465 0
255 1.36856794357 92.568948 55.94073 0.78340538 81.1367022496 59.2125609144 1.2274047917 11.8912203087 25.4392923966 0
258 1.35723805428 93.547241 56.960456 0.75288469 82.3362334261 60.3218008356 1.30017158771 11.7040732195 31.3572294217 0
261 1.37441396713 94.620679 57.928363 0.72990952 82.6811520926 60.3115333236 1.26439455113 12.1750484009 30.6237364964 0
264 1.36894083023 95.770396 58.899507 0.6896339 81.948910854 62.4711702084 1.20525379054 14.2755115395 29.542843561 0
267 1.36294984818 96.962501 59.840194 0.66858365 80.8549631212 65.3151866582 1.13771367289 17.0125930159 26.8791703542 0
270 1.37502002716 98.232224 60.772339 0.64204005 97.3457245262 63.9416523853 0.775909499377 3.29096166056 7.67015445507 0
273 1.36748981476 99.416545 61.686454 0.60185601 98.8653055706 64.1283922382 0.64904833526 2.50338316436 2.70392106279 0
276 1.36445999146 100.66015 62.48684 0.57932353 100.507450591 63.3544964611 0.69899724944 0.88099083071 6.85679904252 0
279 1.36037993431 101.84252 63.245661 0.55317695 100.804718963 65.7737605158 0.575176586146 2.73282237867 1.26048630199 0
282 1.3662610054 103.2489 64.041483 0.52149049 101.659589289 65.9447587426 0.56470676102 2.47959010498 2.47610993575 0
285 1.35973000526 104.5021 64.838724 0.48902664 103.000222563 65.2510007159 0.465854003493 1.55743633113 -1.32769427206 0
288 1.3625459671 105.89753 65.50297 0.45749312 101.798667105 68.9069993759 0.584101761145 5.32804776823 7.25414078749 0
291 1.36555099487 107.23441 66.106065 0.425495 105.511790015 68.3979492575 0.552527606372 2.86708093034 7.27843220568 0
294 1.36563396454 108.62185 66.694881 0.38650919 107.667500284 68.5199725795 0.528229970541 2.05954913836 8.12000259432 0
297 1.36300802231 110.08086 67.251857 0.35533208 106.440853413 70.6878719083 0.519736186217 5.00558152493 9.41966142088 0
300 1.35730099678 111.50781 67.766864 0.33459052 105.65784668 76.2876976679 0.440237583421 10.3356991658 6.05313085199 0
303 1.38413286209 112.87691 68.182524 0.30685182 107.819432747 74.7927104531 0.529575859769 8.32301874969 12.7611474749 0
306 1.38480091095 114.36462 68.651393 0.28808498 111.01256945 70.5902046197 0.417467734615 3.87236792982 7.41308578124 0
309 1.3703649044 115.83449 69.001579 0.25083859 112.988827907 70.5063817415 0.340076844206 3.21904085661 5.1129753371 0
312 1.37591218948 117.19736 69.329841 0.23044123 110.368178915 74.5165539701 0.422214920616 8.57552947224 10.9878230939 0
315 1.35603809357 117.78731 69.484411 0.20147117 116.183334572 73.447827744 0.314302888715 4.27567649166 6.46478127759 0
318 1.36889600754 116.42938 69.228806 0.13415298 113.306493567 72.2646700149 0.350834359993 4.35532891876 12.4149285727 0
321 1.35739898682 114.80773 69.128985 0.0979988 114.497384364 71.9966318823 0.298561572813 2.88439127984 11.4914004096 0
324 1.3636329174 113.35769 69.056433 0.067460522 110.307272607 72.604859363 0.148991519057 4.67935635802 4.67138203085 0
327 1.36645197868 111.81488 68.96352 0.032275621 107.389029684 72.2607074995 0.260592101792 5.51902132848 13.0815707427 0
330 1.36803603172 110.29576 68.94659 -0.0039959963 108.625454519 72.5146926205 0.0744489928281 3.93970515534 4.49456680099 0
333 1.36070990562 108.74459 69.016615 -0.039899491 106.593562251 70.4814558688 0.109109737415 2.6024371555 8.53759989668 0
336 1.36182498932 107.27384 69.125159 -0.081381225 104.926471896 71.1913420514 0.0920394269618 3.12717914667 9.93627143782 0
339 1.36083579063 105.77123 69.311189 -0.11875782 104.24089441 73.3491922485 -0.00577225760152 4.31826322195 6.47359587135 0
342 1.36353898048 104.23308 69.487176 -0.13593074 103.585660644 71.5908170128 0.0819860221958 2.20101279713 12.485710759 0
345 1.36362791061 102.67844 69.809947 -0.17996689 101.696368687 72.6466155881 -0.0631444218283 3.00185821508 6.69343437854 0
348 1.36461806297 101.19539 70.111952 -0.20894349 99.7742989652 72.8370890781 -0.099979565697 3.07341370847 6.24317298174 0
351 1.37248802185 99.695937 70.47501 -0.24032587 97.6375486438 73.1043989858 -0.0943086275467 3.3392587596 8.36617172871 0
354 1.36147880554 98.200311 70.897104 -0.28344925 96.8378569346 72.7497077488 -0.0879025829479 2.29965687234 11.2039987199 0
357 1.35882902145 96.614615 71.415819 -0.3144709 95.634707971 73.8078275226 -0.195608762711 2.58494149986 6.81029881059 0
360 1.36773490906 95.216051 71.909445 -0.34657274 93.2787284746 72.6591170279 -0.162607294777 2.07731237827 10.5404435875 0
363 1.3689968586 93.790761 72.497598 -0.38120404 92.8540877161 74.9982421296 -0.310613319227 2.67031419566 4.04455037309 0
366 1.36909008026 92.417114 73.016357 -0.35870282 91.5554727806 75.3800366869 -0.228843815689 2.51583132451 7.44037287877 0
369 1.36679387093 91.055309 73.519772 -0.33819517 91.3805095752 74.6539463751 -0.255358610551 1.17987581012 4.74618524579 0
372 1.36751699448 89.614615 74.074076 -0.31837694 88.1923891718 75.5898750494 -0.176802938311 2.07855071253 8.11159278556 0
375 1.36646699905 88.314109 74.556366 -0.29979055 87.0541256953 77.2570591697 -0.219218644297 2.98015125878 4.61643014413 0
378 1.36384797096 86.88131 74.994533 -0.2764152 85.2200291464 76.2703302056 -0.129378527732 2.09463901051 8.42458075458 0
381 1.35772800446 85.443672 75.387112 -0.25727157 83.1139324591 76.3818462988 -0.149574379066 2.53321587191 6.17059450592 0
384 1.35167002678 84.055287 75.832526 -0.23267107 80.7388671405 76.0242695078 -0.115451246564 3.32195819618 6.71620115813 0
387 1.35049700737 82.664555 76.128737 -0.22389476 80.5092162775 75.8580683381 -0.0800181602659 2.17226760169 8.24352193546 0
390 1.36110401154 81.173968 76.455415 -0.20673661 78.1898150935 77.678070289 -0.0881917442035 3.22491155302 6.79212049309 0
393 1.35902094841 79.819657 76.754609 -0.1833313 77.6091946629 77.0125355304 0.0344011573541 2.22545946686 12.4751508694 0
396 1.35162210464 78.325485 77.027059 -0.15611548 74.974017053 77.8390534674 0.0598693666618 3.44843042772 12.3750201525 0
399 1.3542971611 76.892215 77.264525 -0.13798763 73.1738919582 77.8422782987 0.0630436253783 3.76294101965 11.5182424834 0
402 1.3660531044 75.420868 77.548324 -0.12557438 72.6130779038 77.2739715291 0.0712624018905 2.82116190654 11.2779168553 0
405 1.36267709732 73.926916 77.691819 -0.097717287 70.799068495 78.0920767581 0.0314212746628 3.15335318149 7.39909455567 0
408 1.36294293404 72.448195 77.857208 -0.08052134 71.1656738677 77.4271176897 0.12579100251 1.35271509561 11.8208264873 0
411 1.35824298859 71.010734 77.97039 -0.05919809 69.4369232806 79.6132880902 0.0485017542427 2.27508116674 6.17074652932 0
414 1.37520599365 70.665666 77.98114 -0.052809071 70.4650812132 79.1084996119 0.186565600721 1.14506504239 13.7151584119 0
417 1.36207008362 70.65903 77.973391 -0.052747867 69.6067224052 80.1907308997 0.134350548064 2.45437313892 10.7199495367 0
420 1.35286593437 70.662549 77.975477 -0.051931253 71.501643715 80.753145159 0.089076866206 2.90164097402 8.07917010758 0
423 1.37374401093 70.657477 77.975804 -0.053730261 71.001069545 80.6995086873 0.0793223694754 2.74529107033 7.62335417935 0
426 1.34661602974 70.657208 77.964864 -0.053397677 70.892641617 80.3303435633 0.112765703579 2.37716691722 9.5204604168 0
