3 6.06954598427 72.513547 45.80148 1.6808269 132.918807165 116.508698986 2.00570196835 92.9962702065 18.6139702857 0 0.004
6 6.12794995308 72.505015 45.806851 1.6805552 135.099148897 11.6278693641 0.52428408945 71.3177985081 -66.2494546074 0 0.006
9 6.09774899483 72.51553 45.801787 1.6811119 9.42537623794 77.4950158244 -2.38071512541 70.6033161759 127.274454332 0 0.004
12 6.12273311615 72.511327 45.798497 1.6805172 12.0988182056 117.417741385 -2.26283672753 93.6962506458 134.062462826 0 0.004
15 6.13210678101 72.518426 45.80176 1.6806948 137.676125013 61.3267576888 3.08095458851 66.9817235808 80.2289761037 0 0.004
18 6.10570406914 72.509508 45.806599 1.6825332 74.2945364417 45.1025340047 1.78705671866 1.91886269839 5.98875647935 0 0.008
21 6.12869405746 72.510969 45.800989 1.6811293 83.1736031274 80.0348622971 1.24120557293 35.8559597202 -25.2057728686 0 0.004
24 6.11137509346 72.522343 45.818169 1.6838228 66.071204684 108.339950527 -2.23501545108 62.8537218542 135.467107619 0 0.008
27 6.14671397209 72.508499 45.799812 1.6808804 110.828176532 52.5257862604 0.807004774914 38.9054805385 -50.0693851368 0 0.004
30 6.07140421867 72.523901 45.815543 1.6832165 46.0387320948 89.938099281 -2.72104247808 51.461287826 107.654548673 0 0.004
33 6.13521003723 72.511009 45.802779 1.6808191 145.377730572 112.842773491 -2.77146110003 99.0147462448 104.903135329 0 0.004
36 6.10730314255 72.527172 45.853315 1.6851825 36.2986286165 95.1804390943 -2.86786195227 61.2018997018 99.1297689493 0 0.006
39 6.11360788345 72.188088 49.017093 1.6798669 70.7303971934 110.679079263 0.152634736471 61.6792137785 -87.5039573069 0 0.008
42 6.1164188385 71.804616 53.279503 1.6643548 81.7149032634 133.885491621 2.49679537955 81.2129250501 47.6953319036 0 0.012
45 6.12563705444 71.568933 57.324136 1.642571 60.0645850795 97.5282557113 -1.30520556009 41.8177147012 -168.895155841 0 0.006
48 6.12063598633 71.37336 61.652431 1.6431927 18.5092757635 91.684913257 3.00777941452 60.7993535548 78.1850595216 0 0.006
51 6.12922096252 71.165072 65.844712 1.6344026 74.531876387 90.7938169356 3.00768711642 25.1752499266 78.6834068613 0 0.01
54 6.09377598763 70.960331 70.343426 1.6128178 94.7063648859 67.5851355322 -1.7841884363 23.9056957986 165.36587968 0 0.016
57 6.15000796318 70.885213 74.631613 1.6236159 81.0775810119 62.7431211776 -1.6284183352 15.6595211773 173.672163491 0 0.008
60 6.14378714561 70.832043 79.069602 1.6124517 89.3671727902 8.39699720622 -0.213611014294 73.0627682522 -104.625686655 0 0.004
63 6.15271091461 70.841819 83.283634 1.5826474 125.859833116 62.7504378899 -0.424924869625 58.7247309043 -115.025418117 0 0.006
66 6.12980508804 70.897044 87.066595 1.5142468 112.675339144 21.6883494597 -1.67324911635 77.5869894704 177.369936778 0 0.008
69 6.10822105408 70.898205 87.488163 1.2381173 46.9923130148 72.1017616372 -2.21309154383 28.4294392929 162.26029903 0 0.012
72 6.14630794525 70.648486 87.373684 0.94938085 20.4282611751 52.4531356791 -2.7304941054 61.1679301309 149.15869592 0 0.016
75 6.1633169651 70.490448 87.162959 0.64684814 47.2896449386 69.9591905136 -2.51892985103 28.883332786 178.614282239 0 0.016
78 6.11885690689 73.090524 88.460194 0.4660111 17.9599646635 51.3086437918 3.10872036527 66.4801944614 151.41608738 0 0.01
81 6.16911911964 76.750616 90.291223 0.4640309 38.6544530024 76.8342181296 2.9902101663 40.4030768039 144.739410253 0 0.01
84 6.09209394455 80.704264 92.172539 0.45240664 85.6514079845 87.541288703 -2.20094121648 6.77662990851 -152.025633757 0 0.01
87 6.10528993607 84.637734 93.972859 0.42386385 83.2912976336 82.67594522 -2.11102703212 11.3768691582 -145.238549072 0 0.014
90 6.05329298973 88.678811 95.730817 0.41656148 65.4831653891 110.751291961 1.70406547956 27.6342657466 73.7685452809 0 0.012
93 6.07924509048 92.647535 97.41769 0.40779386 27.2322481271 70.6334470593 -2.96286897883 70.6863171099 166.875245173 0 0.03
96 6.10459709167 96.759828 99.128022 0.39320766 89.653809689 138.490978626 2.08707960742 39.9992231247 97.0517136227 0 0.024
99 6.04440712929 100.07577 100.58602 0.32958371 85.4156428606 140.707318555 2.35617989286 42.7157807542 116.115408055 0 0.02
102 6.07731103897 100.12714 100.52966 0.1390585 84.3018097854 139.707863941 1.92107508515 42.2536713253 102.102029351 0 0.026
105 6.0943801403 100.08551 100.52401 -0.14356162 14.8838959036 71.2497142321 2.76881402347 90.0905069213 166.866832727 0 0.01
108 6.14546918869 99.772178 100.71077 -0.40700642 75.1840708763 106.816882936 -1.26012556788 25.3349487291 -48.8801265952 0 0.012
111 6.25948905945 99.760338 100.7618 -0.66729138 75.2069357069 108.132645051 -1.62259317548 25.6358912647 -54.7347610421 0 0.022
114 6.09799718857 99.638101 100.95548 -0.8821311 75.0031505769 107.728387815 -1.88394107865 25.5490325182 -57.399483651 0 0.022
117 6.11299395561 99.549051 101.11221 -1.1251977 74.3575617604 107.847010018 -2.06667228036 26.0762087236 -53.9425199734 0 0.01
120 6.13026094437 100.80276 98.46873 -1.1938854 74.2652889865 105.696341823 -2.13117433562 27.5041040658 -53.7027001954 0 0.014
123 6.14925384521 102.35582 94.496879 -1.1822805 99.5927415192 96.3792737004 -1.23563137391 3.34335348105 -3.05677990822 0 0.028
126 6.1244199276 103.84912 90.431736 -1.1842505 101.893983307 92.2862948955 -1.14252187924 2.69480021273 2.39087385453 0 0.024
129 6.13204693794 105.46668 86.336829 -1.1831903 101.900589093 89.6046060621 -1.06571198779 4.83687619043 6.73101147375 0 0.02
132 6.08517503738 106.96067 82.891423 -1.1821311 104.309991951 84.4183992923 -1.13928500241 3.05904408512 2.45490056058 0 0.072
135 6.13820290565 108.13488 79.987125 -1.1809983 106.404603108 81.7914248331 -1.15053607698 2.49987119891 1.74535681378 0 0.102
138 6.16411304474 109.11096 77.465416 -1.174964 107.772672103 79.3969362711 -1.16450954764 2.34984787884 0.598995997122 0 0.152
141 6.10396504402 110.00241 75.115832 -1.1797573 108.161273279 77.7531080321 -1.16693523625 3.21636585191 0.734650137806 0 0.218
144 6.08495283127 110.9669 72.896666 -1.1819268 109.629573398 74.3250168276 -1.12275409438 1.95668815282 3.39034629461 0 0.242
147 6.12615680695 111.79529 70.750926 -1.1680053 109.139755502 73.9207617677 -1.18141089481 4.13518104371 -0.768084004425 0 0.168
150 6.13022685051 112.62755 68.634671 -1.166408 109.978527072 71.678073968 -1.1893576842 4.0348016185 -1.31492004607 0 0.27
153 6.12879490852 113.50263 66.493746 -1.1746568 111.325906519 69.456160555 -1.15379139124 3.67614269409 1.19549985955 0 0.374
156 6.09461402893 114.39844 64.423702 -1.1690506 112.466061978 67.1200665565 -1.15491530453 3.31729809361 0.809892772454 0 0.374
159 6.09490895271 114.9392 62.935672 -1.1627449 113.684117696 64.7695641955 -1.15166285181 2.22224935044 0.63495458955 0 0.376
162 6.08028793335 115.58582 61.52951 -1.1720902 114.112447426 64.5030062874 -1.13375056771 3.31850974283 2.19669911827 0 0.476
165 6.0909948349 116.16312 60.165609 -1.1710096 114.126864699 64.5277146301 -1.13153490681 4.81396937873 2.26173331732 0 0.452
168 6.12776589394 116.71267 58.758483 -1.1690165 114.740147268 61.2578366093 -1.15687560965 3.1839620589 0.695621776623 0 0.486
171 6.0470957756 117.29804 57.404001 -1.1730259 115.042292399 59.319098273 -1.19952649359 2.95905302517 -1.51837216737 0 0.388
174 6.09190011024 117.3062 57.346669 -1.1782941 114.876786704 59.822071517 -1.21520872001 3.46838097416 -2.11505192862 0 0.46
177 6.13960695267 117.30973 57.394113 -1.1925087 115.119359291 60.4026773004 -1.28031649224 3.72144904489 -5.03101590363 0 0.444
180 6.06506204605 117.3509 57.478875 -1.2542253 115.562962304 60.6216412535 -1.32956188473 3.61575731053 -4.31646834821 0 0.424
183 6.14626216888 117.31554 57.561663 -1.3141336 114.720045477 60.7918355788 -1.38030144019 4.14374307906 -3.79113798249 0 0.448
186 6.09193015099 117.31761 57.625945 -1.389572 114.811831621 60.538424718 -1.42447899635 3.84206499065 -2.00002356635 0 0.402
189 6.09155702591 117.34247 57.653648 -1.4539696 115.274189279 60.774084535 -1.46926060598 3.74364919681 -0.876110107205 0 0.388
192 6.10886502266 117.36058 57.739095 -1.5147103 115.062714415 60.5736247356 -1.54206724065 3.64893752586 -1.56743723973 0 0.366
195 6.1623442173 117.34118 57.80351 -1.5718326 115.610746554 60.2961649583 -1.60125763006 3.03442394083 -1.68593003476 0 0.36
198 6.16984796524 117.32521 57.826191 -1.6475747 115.180604991 59.782048485 -1.66703477376 2.90253495196 -1.11498009535 0 0.284
201 6.13259005547 117.28663 57.948056 -1.7072698 115.517988714 60.2232276413 -1.67019765005 2.88175259103 2.12407772983 0 0.288
204 6.07687401772 117.37131 58.006137 -1.7818651 115.700697359 59.4251570799 -1.75262406611 2.19193170142 1.67538783032 0 0.222
207 6.27984213829 117.40314 57.989067 -1.8555926 116.077341471 60.6132547224 -1.76289135135 2.94008553292 5.31139030334 0 0.2
210 6.10054898262 117.02719 57.008887 -1.8977403 116.642268312 59.1965210676 -1.88009081721 2.22124008591 1.01124087441 0 0.176
213 6.14132499695 116.38504 55.250118 -1.9095407 116.819373978 56.8117798812 -1.83674725894 1.62093609856 4.17075694897 0 0.27
216 6.11564397812 115.67443 53.450651 -1.9075572 116.074418905 55.1495757591 -1.82752448312 1.74537573649 4.58553690024 0 0.292
219 6.14219880104 115.02136 51.574537 -1.9165104 114.414748355 53.37639057 -1.89269646487 1.9012243361 1.36443797639 0 0.362
222 6.19957900047 114.35753 49.684701 -1.9233127 114.572917323 51.657338755 -1.89827929426 1.98436171383 1.43430849577 0 0.312
225 6.13439202309 113.59486 47.870819 -1.9110101 113.533078793 50.121738956 -1.90475333367 2.25176765363 0.358486304232 0 0.394
228 6.08028697968 112.87829 45.986656 -1.9118326 112.154736024 47.7099891539 -1.87920239424 1.86906594752 1.86957307474 0 0.294
231 6.13239097595 112.17059 44.128463 -1.9122248 114.176911239 44.5398699922 -1.83432789151 2.04806753469 4.46316409369 0 0.288
234 6.13687777519 111.43202 42.277019 -1.9027456 110.505952312 44.2309477308 -1.92274120167 2.16227631148 -1.14566358469 0 0.284
237 6.13057899475 110.82393 40.37458 -1.9174412 110.267089423 42.8804048989 -1.91340653675 2.56694952267 0.231169175976 0 0.286
240 6.11395907402 110.14399 38.567468 -1.912432 110.338624478 41.0448980622 -1.90068518309 2.4850638408 0.673043031652 0 0.228
243 6.10581207275 109.42625 36.696167 -1.9074722 109.740300405 38.6219450274 -1.88750937482 1.95121722732 1.14378562999 0 0.378
246 6.12407493591 108.96452 35.308972 -1.917648 109.279731278 37.5260287885 -1.90550716514 2.23935235132 0.695618597337 0 0.424
249 6.11048102379 108.91335 35.330429 -1.9171391 108.74975575 37.2451297322 -1.95346113704 1.92167686473 -2.08109942553 0 0.418
252 6.14360713959 108.9585 35.348205 -1.9450374 109.619570292 36.8033327416 -1.98211629357 1.59825238171 -2.12446411069 0 0.388
255 6.1411151886 108.97674 35.368834 -2.0165302 109.105782915 36.8457026725 -2.060739073 1.48249558166 -2.53298183978 0 0.394
258 6.06184196472 108.99865 35.397074 -2.0803106 110.048997224 36.9121759835 -2.09514480112 1.84357351685 -0.849937116754 0 0.39
261 6.08142018318 109.05048 35.474836 -2.159245 110.055089809 36.7794716621 -2.15893998418 1.64660714202 0.017476119035 0 0.352
264 6.07733082771 109.09365 35.518169 -2.2238592 108.497233807 37.688722735 -2.19362322772 2.25100328545 1.73239360087 0 0.356
267 6.13725590706 109.14301 35.568827 -2.2920109 108.133672466 37.3849930891 -2.32599018628 2.07779246318 -1.9468696948 0 0.35
270 6.1331319809 109.24021 35.586114 -2.3597618 108.87863225 38.596537712 -2.31467340462 3.03206025583 2.58337476051 0 0.322
273 6.10549116135 109.32691 35.57971 -2.4292889 111.000880567 37.1286672013 -2.39594469848 2.28066785593 1.91048201815 0 0.31
276 6.11583709717 109.34422 35.612178 -2.4970016 109.428604677 36.7777118826 -2.45576623173 1.16858461618 2.36261256881 0 0.346
279 6.21889901161 109.45255 35.562283 -2.5751384 108.835689706 37.2742324659 -2.49596288471 1.81969436899 4.53642286691 0 0.334
282 6.2411339283 109.51035 35.610832 -2.6455993 109.864373844 37.1961665854 -2.56848977721 1.6243825381 4.41805021633 0 0.28
285 6.16652011871 109.52669 35.619453 -2.7060079 110.608479266 36.1615730007 -2.64152560756 1.21002566518 3.69456320987 0 0.316
288 6.15641093254 109.56751 35.667144 -2.7779359 109.59260235 36.7480136109 -2.63588566528 1.08116083072 8.13887892818 0 0.302
291 6.13787722588 109.58407 35.725569 -2.8421247 109.306189753 35.8178568004 -2.76767873084 0.292804491008 4.26543983488 0 0.222
294 6.15687298775 109.62066 35.728072 -2.9074408 109.979490165 37.0439384705 -2.81573287529 1.36391482715 5.25447703402 0 0.254
297 6.37577390671 108.40689 35.538158 -2.9474042 108.176602054 37.1351902071 -2.89278722509 1.61355024975 3.1293221524 0 0.238
300 6.36392092705 106.63579 35.154474 -2.9731605 106.076636078 36.4700680086 -2.85621941467 1.42948966549 6.70023064122 0 0.278
303 6.17130899429 104.74277 34.838538 -2.9724974 103.844968115 36.8179968375 -2.84886690984 2.17354675904 7.08350530547 0 0.264
306 6.08086490631 102.71686 34.507066 -2.970186 101.266763965 35.0086858166 -2.88716885119 1.53440573211 4.7565322538 0 0.224
309 6.35792207718 100.87602 34.149296 -2.9774562 100.789304949 35.3499068744 -2.88938568505 1.20373833197 5.04606880609 0 0.29
312 6.16598701477 98.917573 33.856952 -2.9648121 98.8563722956 34.7522206127 -2.8948443894 0.897358019455 4.00885451941 0 0.322
315 6.10033202171 96.872255 33.519705 -2.9713846 96.5443292674 34.4093399941 -2.92555727679 0.948148568929 2.62571220641 0 0.44
318 6.13873100281 94.700759 33.157106 -2.9752463 94.2165077429 33.9766668277 -2.89088068828 0.951934467458 4.83379348777 0 0.358
321 6.17739295959 92.656194 32.878926 -2.9695623 92.2849398165 33.9266616394 -2.93419042624 1.11156629983 2.02665908014 0 0.362
324 6.17413496971 90.628889 32.525228 -2.9736018 90.1722806012 34.0663312371 -2.92298740938 1.60732399262 2.89999096519 0 0.41
327 6.15110206604 88.510396 32.191288 -2.9695852 87.2421989065 33.0957464701 -2.95989329858 1.55768064508 0.555305046876 0 0.452
330 6.08916902542 87.334812 32.006658 -2.9896435 86.2239184334 33.9554682852 -2.97891671861 2.24319995631 0.61459930126 0 0.438
333 6.10851883888 87.328365 31.983283 -3.0015998 86.8320076813 33.415531089 -3.01720560371 1.51581831896 -0.894146688746 0 0.364
336 6.14122796059 87.328448 32.00285 -3.0442403 86.331096707 33.594685501 -3.10703522024 1.878470086 -3.59788390488 0 0.408
339 6.1643819809 87.480424 31.977098 -3.121648 86.7083549216 33.7019402897 -3.00758312296 1.88975437186 6.53543604525 0 0.288
342 6.21737098694 87.509332 32.088761 3.0972389 86.2177714391 33.3186782432 3.13663632692 1.78348678368 2.25730628613 0 0.238
345 6.16396999359 87.537767 32.004513 3.0032565 86.2446882974 33.8573247813 3.07116542428 2.25941674506 3.89089475259 0 0.266
348 6.25145602226 87.588829 31.971963 2.902116 86.0806934581 34.2078643925 2.97813314511 2.69698495538 4.35546158542 0 0.204
351 6.236992836 87.696053 31.883789 2.7788249 85.6543477213 33.4386703437 2.8779823961 2.56636249154 5.68130603367 0 0.16
354 6.13872504234 87.777704 31.698119 2.6376296 86.5718720982 32.4013472733 2.85336116536 1.39590851412 12.3605082029 0 0.134
357 6.16701793671 87.896098 31.65995 2.4917922 86.3142918694 33.3422013231 2.74626973198 2.30912973844 14.5804885632 0 0.092
360 6.15865302086 87.958395 31.594625 2.366513 86.8226867997 33.3385540393 2.64631830188 2.08113469301 16.0316628833 0 0.126
363 6.14463305473 87.964094 31.460561 2.2184109 86.0510331506 32.9582623783 2.42864814815 2.42959075398 12.0457070152 0 0.1
366 6.08082509041 87.708527 31.831987 2.1125682 84.9369767916 35.0293583159 2.27995307941 4.23139148381 9.59044714466 0 0.106
369 6.14419078827 86.721318 33.612273 2.0920166 84.7365044685 35.6112086542 2.25170494085 2.8169537633 9.14946796789 0 0.142
372 6.11371994019 85.724716 35.405361 2.0873093 83.5173559581 36.1562961101 2.04770849627 2.33159642609 -2.26895891909 0 0.144
375 6.14811205864 84.755772 37.248267 2.0862059 83.7004101704 39.1069477138 2.09902409727 2.13740089533 0.734428604636 0 0.192
378 6.14139509201 83.690185 39.149374 2.0868314 81.7491426434 40.1238992975 2.12968429169 2.17194497756 2.45528983356 0 0.21
381 6.16893911362 82.666747 40.97523 2.090975 81.3039368653 41.8172658225 2.15376112825 1.60195998374 3.59738016059 0 0.268
384 6.14950919151 81.635815 42.877142 2.0910396 80.2643009941 44.1544209442 2.09916886416 1.87416439235 0.465772526867 0 0.274
387 6.12077617645 80.624097 44.699122 2.0805048 78.9783688793 45.3578887989 2.12195923595 1.77268010156 2.37516422185 0 0.322
390 6.08907103539 79.602515 46.546403 2.0762437 78.3644589408 47.1916702824 2.13065120755 1.3961205791 3.11732055643 0 0.35
393 6.11056995392 78.599692 48.40129 2.0808805 77.8355785136 48.6139913701 2.07940001132 0.793165362951 -0.0848257532667 0 0.364
396 6.13603901863 77.532669 50.298142 2.0919608 76.3098212207 50.9789326864 2.11990801245 1.39958302726 1.60125732278 0 0.466
399 6.14391589165 76.53881 52.074716 2.0854653 75.1991714328 52.9316341909 2.09388049225 1.59026421599 0.482154999686 0 0.552
402 6.25339603424 75.533974 53.92833 2.0838411 74.2598665869 54.8116109242 2.08143776722 1.55033379995 -0.137700825165 0 0.516
405 6.11141085625 74.451304 55.860797 2.0823704 73.7284231686 55.9684717599 2.09955562041 0.730856039388 0.984640599408 0 0.486
408 6.09256601334 73.464188 57.689364 2.0801622 71.2714175775 58.9950062298 2.16043249912 2.55204697414 4.59914935996 0 0.336
411 6.11126303673 72.461178 59.521835 2.0808323 70.3407273817 59.7406715687 2.1501433323 2.13171298923 3.97122962453 0 0.414
414 6.11092996597 71.469371 61.42577 2.0898858 69.2779829091 61.661305177 2.09685402121 2.20400966077 0.399249666106 0 0.394
417 6.13741207123 70.386885 63.322712 2.0827703 68.054868101 63.4449400723 2.12343755966 2.33521787392 2.33006234305 0 0.484
420 6.08967709541 69.38246 65.186025 2.0922796 67.1400599374 65.344986031 2.1288902364 2.2480272797 2.09763495129 0 0.464
423 6.11980199814 68.400253 67.014087 2.0893798 65.6608514662 67.1588107522 2.09535296034 2.74322177886 0.342236878049 0 0.558
426 6.0906920433 67.30799 68.901204 2.089526 64.305231661 68.4932685456 2.11746476972 3.03034139616 1.60077358947 0 0.538
429 6.09197306633 66.315197 70.741557 2.0869248 63.5967772732 70.3879361095 2.11396872104 2.74132332008 1.54950253703 0 0.518
432 6.08355903625 65.281228 72.464006 2.0745737 62.5842797708 72.3365398124 2.10605566665 2.69995877378 1.80378382007 0 0.622
435 6.10988402367 64.283593 74.421326 2.0918621 60.8197524565 74.5586511811 2.13149764132 3.46656162737 2.27094923639 0 0.642
438 6.10295295715 63.28447 76.191493 2.091939 60.2792850858 76.0959238917 2.12463364637 3.00670414619 1.87326524983 0 0.668
441 6.0821750164 62.204887 78.125252 2.0893553 58.9274432126 78.0889056615 2.12944785029 3.27764531876 2.29713392132 0 0.69
444 6.07876896858 61.273659 79.948227 2.0960183 57.5134170352 80.1387931222 2.12946204963 3.76506773918 1.91618570464 0 0.662
447 6.09968209267 60.19879 81.787566 2.089809 56.8455004002 81.7451460243 2.12675001474 3.35355790091 2.11656423543 0 0.67
450 6.08089494705 59.161438 83.629466 2.0974137 56.9840202279 84.1937465669 2.10370663174 2.24934673015 0.360558429553 0 0.626
453 6.10640096664 58.11891 85.485673 2.0964985 55.9505594613 86.2251822363 2.08330956386 2.29098624374 -0.755670377156 0 0.642
456 6.06631493568 57.036783 87.336936 2.0992423 54.7800363944 87.5164479857 2.08145448494 2.26387495129 -1.01916672982 0 0.634
459 6.08255386353 56.357629 88.602308 2.124456 54.9502224136 88.0034888842 2.10411713042 1.52950241349 -1.16533138727 0 0.594
462 6.10013103485 56.200217 88.720884 2.2094598 54.2433878704 88.9449159838 2.20151865598 1.96961178208 -0.454994036755 0 0.494
465 6.12755513191 56.199637 89.07416 2.3631742 53.2604650054 88.1093964344 2.35699015909 3.09346096651 -0.354319444642 0 0.444
468 6.12957501411 56.109511 89.161307 2.4869631 52.8910808252 88.4864797444 2.47016677126 3.28841673376 -0.962358748278 0 0.39
471 6.16738200188 56.023191 89.233423 2.608836 52.3153015183 88.4374223305 2.57741194718 3.79236884737 -1.8004656017 0 0.416
474 6.12560510635 54.873312 89.789936 2.6823278 52.0776695378 89.2826676145 2.67890383069 2.84129160615 -0.196178990382 0 0.372
477 6.15939307213 52.997249 90.667048 2.6986067 49.9098633061 90.1491477439 2.72702234342 3.130522496 1.62809643996 0 0.478
480 6.11463999748 51.122563 91.609157 2.7018871 47.449379411 91.0652224123 2.72878401847 3.71323881728 1.54107991003 0 0.474
483 6.14264202118 49.137432 92.566213 2.7007601 46.4661101467 91.2659412254 2.6987967146 2.97097073894 -0.112493697171 0 0.322
486 6.13438892365 47.308569 93.452781 2.7003868 44.6899444095 92.9836978099 2.72355294512 2.66030708472 1.32732234295 0 0.482
489 6.14336514473 45.360782 94.336008 2.7008969 42.6030486689 93.8728251456 2.73653560082 2.79636039915 2.04194714457 0 0.518
492 6.08346486092 43.468079 95.251019 2.7064338 40.7793922021 94.2379420325 2.7288876616 2.8732145133 1.28651150326 0 0.502
495 6.31785392761 41.590918 96.131677 2.7064065 38.3650459326 95.5904022868 2.73225202874 3.27096758017 1.48083971596 0 0.452
498 6.0979578495 39.606214 97.06058 2.704478 36.3740692934 95.4762632643 2.70699456034 3.59955815665 0.144188286611 0 0.478
501 6.12979412079 37.718719 97.944153 2.696243 33.0556966331 96.4738896354 2.75576106226 4.88932019364 3.41013377248 0 0.452
504 6.55912208557 35.769603 98.891663 2.7044976 31.9231264807 96.6316395319 2.73798577536 4.46128767175 1.91873111152 0 0.514
507 6.3261179924 33.862509 99.822852 2.7013631 30.4118797492 97.7615060359 2.77190655827 4.01945138171 4.04184243132 0 0.484
510 6.10068511963 31.979521 100.73965 2.7066945 29.2457537859 99.1650067149 2.73834028412 3.15483512344 1.81316986955 0 0.43
513 6.16057705879 30.015598 101.64307 2.7044148 27.6722552153 100.515128898 2.72256954104 2.60067424625 1.04019003983 0 0.27
516 6.1783118248 28.083667 102.5122 2.7038251 25.4382231536 101.543003283 2.69363507955 2.81739514797 -0.583845164754 0 0.464
519 6.15490603447 26.231599 103.44351 2.6987262 23.170221944 102.237569878 2.69836725248 3.29033752949 -0.0205661782102 0 0.492
522 6.51644492149 24.326425 104.3449 2.7056645 21.3351622832 104.187107655 2.69980233585 2.99542168405 -0.335877264828 0 0.444
525 6.14740300179 23.072168 104.95788 2.6888385 20.0329363749 104.073607109 2.68640654677 3.16525945488 -0.139340656234 0 0.556
528 6.14489793777 23.059574 104.94595 2.6093304 19.0295904082 105.124033143 2.5770046503 4.03391637936 -1.85212902741 0 0.54
531 6.09127783775 23.148655 105.02795 2.4881616 18.8790854842 104.745002162 2.47073168975 4.27893483578 -0.998660294372 0 0.51
534 6.1613509655 23.15609 104.97342 2.3614352 18.3807510876 103.363488497 2.34028324047 5.03941873356 -1.21191800969 0 0.396
537 6.09177184105 23.189116 104.80794 2.2179164 19.0223081128 104.673726044 2.23038787271 4.16896885988 0.714562750328 0 0.47
540 6.05512499809 23.170444 104.45908 2.0515088 19.104905442 103.535102209 2.0838915041 4.16921320215 1.8553922742 0 0.41
543 6.23893880844 23.203193 104.36781 1.9241471 19.1736595011 104.129144466 1.94995971931 4.0365952802 1.47895414468 0 0.368
546 6.05102109909 23.268475 104.40083 1.8086424 19.3925134051 105.007756409 1.79171689962 3.92319231627 -0.96975973797 0 0.442
549 6.11279201508 23.269141 104.3114 1.6661585 18.8976161009 104.92688246 1.67093279137 4.41464025728 0.273546745694 0 0.402
552 6.05203986168 23.273746 104.22596 1.531085 19.6540646155 105.507969801 1.53744838107 3.84000552813 0.364594878676 0 0.398
555 6.10917305946 23.201513 103.9692 1.3630267 19.319235704 104.683094548 1.39625701336 3.9473690514 1.90395670729 0 0.37
558 6.09435987473 23.573375 105.47089 1.3112874 19.3141048181 106.076878381 1.31593639162 4.30216275845 0.266367598553 0 0.396
561 6.16224503517 24.091257 107.45193 1.3021436 19.0896890766 106.71448201 1.34613989033 5.0556415252 2.52080175 0 0.286
564 6.21538519859 24.69734 109.54228 1.2971878 20.9107245048 108.798002402 1.30257764863 3.85906802883 0.308815578939 0 0.282
567 6.14253997803 25.24514 111.62222 1.291934 21.0412229421 111.443353201 1.29359502841 4.20772051844 0.0951699177185 0 0.408
570 6.12832403183 25.838263 113.71051 1.2925571 22.0975546305 113.698415387 1.32954953673 3.74072792186 2.11951049848 0 0.498
573 6.12715888023 26.485855 115.66064 1.2984976 22.3489987353 115.952423447 1.30304899981 4.14713362869 0.260775999998 0 0.57
576 6.08161497116 26.666562 116.70228 1.2516028 22.2140007536 116.415077498 1.29051833219 4.46181430918 2.22969575179 0 0.522
579 6.07283616066 26.671044 116.66524 1.1445574 22.4369698735 116.774332661 1.13182293496 4.23547930195 -0.729631101125 0 0.536
582 6.08614492416 26.68282 116.71548 1.0360889 22.8664685258 115.442961911 0.999689892964 4.02291447361 -2.08550948166 0 0.486
585 6.15224099159 26.598988 116.54426 0.86252405 22.9836843546 115.22536133 0.917012622538 3.8483651271 3.12196523812 0 0.426
588 6.12141609192 26.490987 116.49462 0.72378221 22.166512969 115.608336268 0.72902400538 4.41436003281 0.300332752319 0 0.518
591 6.08684515953 26.414554 116.44154 0.58967497 22.049978982 116.310850416 0.612802915133 4.36653121539 1.32513364491 0 0.456
594 6.03330087662 26.30131 116.37003 0.43724496 21.9148030508 116.093070927 0.501327257102 4.39524169341 3.67164516542 0 0.43
597 6.03280186653 26.176025 116.35464 0.31453037 21.8344305575 116.525742725 0.371642550694 4.34496472319 3.27228691256 0 0.362
600 6.04974293709 26.088883 116.46581 0.14702743 21.7411838264 115.467330559 0.266641717081 4.46087987934 6.8533938192 0 0.34
603 6.11000180244 25.977812 116.45377 0.019989929 20.488393994 116.22903836 0.0324886984329 5.49401623175 0.71612673761 0 0.334
606 6.05320906639 25.890585 116.45549 -0.11586106 20.2387672835 115.983226575 -0.10882395753 5.6715144577 0.403196271551 0 0.26
609 6.03451180458 27.617035 116.21759 -0.13548047 24.7189502352 116.295443731 -0.0758526248135 2.89913030189 3.41642387065 0 0.316
612 6.24236798286 29.732468 115.90829 -0.14344069 26.1740926073 115.394420317 -0.0963271673567 3.59528823408 2.69940600546 0 0.42
615 6.30529499054 31.744289 115.6014 -0.14068963 28.4839981088 114.982895488 -0.121049035872 3.31844007416 1.12532315067 0 0.394
618 6.38709306717 33.87565 115.27561 -0.13567301 30.1626883243 114.648547123 -0.0873918257237 3.76554010162 2.76630808893 0 0.464
621 6.0849339962 35.936054 114.9269 -0.14240112 33.2830995345 114.427389646 -0.0978927987342 2.69956996389 2.55013896174 0 0.524
624 6.26231789589 38.113735 114.67885 -0.14674677 34.2723623551 114.385886197 -0.0914513881466 3.85252794759 3.16819200676 0 0.51
627 6.0761961937 40.163768 114.30534 -0.14012204 36.5065659913 114.382554006 -0.0853538269614 3.65801702223 3.13798745859 0 0.592
630 6.23864984512 42.346763 113.98058 -0.16006212 38.9894525977 114.429511514 -0.0868197306852 3.38719244233 4.19647978919 0 0.646
633 6.18766498566 44.341947 113.67079 -0.15507802 40.9256722378 114.214931691 -0.0737133081593 3.45933858276 4.66185458977 0 0.642
636 6.15357518196 46.544067 113.30502 -0.15009707 43.497878031 114.273490317 -0.0758860867066 3.19643582585 4.25197613623 0 0.562
639 6.10198283195 48.557097 112.97025 -0.14631805 45.2028034862 114.033771924 -0.0915266385476 3.51885831756 3.13931662979 0 0.624
642 6.06126904488 50.586062 112.64729 -0.14866611 47.6142089521 114.342219392 -0.0820063394679 3.42121267693 3.8193235148 0 0.618
645 6.11277389526 52.747394 112.3225 -0.14488479 50.5689168827 114.29495557 -0.0720223636875 2.93876564695 4.17470951279 0 0.648
648 6.09370207787 54.919709 111.95097 -0.14565598 51.1020317823 113.661878094 -0.0625691401007 4.18352313802 4.76052525931 0 0.63
651 6.12730288506 56.9199 111.70562 -0.14317608 53.9221074189 113.737268463 -0.0647598910135 3.62137485423 4.49291667443 0 0.542
654 6.09685587883 58.963864 111.32719 -0.14485493 56.410115315 113.463118117 -0.0371475485603 3.32923734001 6.1711783789 0 0.54
657 6.11417198181 61.070196 111.0267 -0.15209978 57.5289920206 111.874000433 -0.121339709379 3.64115965687 1.76242222412 0 0.548
660 6.15563797951 63.25691 110.67843 -0.1447313 59.7191912768 111.869507103 -0.120423186235 3.73284320996 1.39275232668 0 0.59
663 6.10419011116 65.338645 110.4192 -0.14848438 61.3709887105 111.855441828 -0.127259322831 4.21960744859 1.21610619568 0 0.56
666 6.0434679985 67.412523 110.08404 -0.1445869 63.35153734 111.087786009 -0.0931235508333 4.18319382551 2.94863270686 0 0.626
669 6.09902191162 69.507235 109.73429 -0.15139682 66.3401651344 111.482575138 -0.0966157804988 3.61757273015 3.13872236076 0 0.646
672 6.07815599442 71.647859 109.39116 -0.14906575 68.4399016155 111.135313852 -0.112211418837 3.65144673229 2.11159763243 0 0.686
675 6.03661203384 73.702975 109.06139 -0.1559357 69.8717674099 111.456601104 -0.0863496792755 4.51831692437 3.98698530062 0 0.666
678 6.05073308945 75.754203 108.72815 -0.15045699 72.5490208231 110.482224511 -0.125045832 3.65376110023 1.45595210593 0 0.62
681 6.08044505119 77.860742 108.43703 -0.15243836 74.5438529294 110.082603435 -0.153549315219 3.70265648375 -0.063653045288 0 0.616
684 6.11261296272 79.97813 108.08555 -0.15170568 75.7937442261 109.445335549 -0.166930235816 4.3997842044 -0.872302793205 0 0.576
687 6.10315489769 82.120618 107.73965 -0.14888428 78.0274869148 109.131946534 -0.136911071687 4.32344905358 0.68601430356 0 0.64
690 6.07089495659 84.192494 107.42985 -0.14593359 81.2704933367 108.468338594 -0.135474209097 3.10105569712 0.599278382044 0 0.682
693 6.13691210747 86.28045 107.15458 -0.15823172 82.3439147532 108.930740959 -0.131289775105 4.31868701134 1.54365973438 0 0.602
696 6.15299296379 88.385341 106.75858 -0.15035877 84.5201492168 108.600907321 -0.116422637852 4.28180773499 1.94439714511 0 0.606
699 6.66607403755 90.512184 106.42958 -0.15443508 87.2536959659 108.51461803 -0.074936270078 3.86847875189 4.55494628484 0 0.666
702 6.04615616798 92.541412 106.11165 -0.15857271 89.25655265 108.267818183 -0.0932292974212 3.92929537994 3.74390175975 0 0.678
705 6.03753805161 94.624435 105.7799 -0.14991569 91.2170501047 108.029329949 -0.100130715724 4.08291647251 2.85246890921 0 0.67
708 6.0055539608 96.812614 105.41142 -0.16008539 93.6975154815 107.522570306 -0.132390252874 3.76308309706 1.58681447035 0 0.59
711 5.98388290405 98.833392 105.05687 -0.15857643 94.8276858742 106.931141169 -0.116934309834 4.42250765761 2.38591773551 0 0.53
714 6.03635215759 100.9283 104.72764 -0.15390186 96.2353075094 106.788345022 -0.129840528223 5.12549350855 1.37861276031 0 0.426
717 6.06740307808 103.02648 104.38009 -0.15580909 99.2323290752 106.587642381 -0.122649523158 4.38963196103 1.89990323052 0 0.518
720 6.10547399521 103.56436 104.3046 -0.21764658 99.1210417838 106.083354142 -0.195035933215 4.7861302812 1.29549463285 0 0.492
723 6.08630204201 103.46604 104.39779 -0.32798619 99.5413813766 106.376642618 -0.310797434301 4.39531602897 0.984843156654 0 0.522
726 6.29948711395 103.43166 104.43448 -0.46455789 99.2561990853 107.083629712 -0.421771459562 4.94494368475 2.45148188454 0 0.426
729 6.33893895149 103.35806 104.51276 -0.60050128 99.5120076293 106.839373929 -0.558935236927 4.49502516251 2.38155883911 0 0.404
732 6.1654920578 103.30537 104.5712 -0.75278089 100.803788751 106.60725998 -0.65684477136 3.22543779755 5.49673470093 0 0.262
735 6.14204692841 103.24477 104.73622 -0.88717849 100.684536757 106.868168043 -0.797407768726 3.33166575756 5.14348345286 0 0.25
738 6.31482720375 103.11543 104.83266 -1.0218313 100.930885751 106.597725729 -0.944307952038 2.80850326742 4.44176065196 0 0.228
741 6.32264900208 103.3336 104.43355 -1.1359167 100.142683477 107.273973389 -1.10299112757 4.27199640473 1.88649633802 0 0.25
744 6.18526387215 104.18264 102.5184 -1.1499809 101.364187963 104.702344719 -1.06506462776 3.56556957851 4.86534401108 0 0.344
747 6.0903429985 105.02068 100.61649 -1.1544373 103.432984934 103.083864627 -1.08699968414 2.9340608675 3.86389076949 0 0.384
750 6.0542178154 105.97315 98.645528 -1.1675657 104.067121321 101.135756998 -1.03821355198 3.13595053949 7.41133215263 0 0.482
753 6.09493899345 106.66644 96.709247 -1.154133 104.713651292 98.9464455157 -1.08049080384 2.96958598733 4.21938703409 0 0.472
756 6.0762488842 107.65453 94.805864 -1.1707179 104.741105286 97.5776497107 -1.11027895189 4.02129824711 3.46289664486 0 0.464
759 6.1247189045 108.36584 92.821603 -1.1639211 105.986399147 95.4961109416 -1.11856312982 3.57976696197 2.59882025883 0 0.452
762 6.17761182785 109.18739 90.932737 -1.1605274 107.304642568 92.2857235346 -1.12713554046 2.31847157769 1.91321262163 0 0.408
765 6.27276802063 110.00551 88.971931 -1.1631703 107.712084323 90.7351842684 -1.12812556519 2.89289879265 2.00791539879 0 0.54
768 6.10533499718 110.83946 87.051439 -1.1600004 108.964042689 89.3071368962 -1.14445796075 2.93348991648 0.890516172601 0 0.568
771 6.09819102287 111.68317 85.129972 -1.1502451 109.731300298 87.4792421651 -1.10112152431 3.05431917808 2.8145735615 0 0.548
774 6.04953980446 112.49307 83.177328 -1.1488654 111.763195062 86.0463775837 -1.09472395072 2.96043289732 3.10207654073 0 0.576
777 6.06800103188 113.40329 81.226755 -1.149046 111.935840406 83.5640486889 -1.12532837663 2.75977355943 1.35891971919 0 0.58
780 6.05475091934 114.20236 79.347389 -1.1522317 112.24257312 81.9081437747 -1.15809911523 3.22462860346 -0.336178129542 0 0.454
783 6.06145811081 115.10134 77.33273 -1.146946 113.437143218 80.4230920922 -1.14139883006 3.50996991295 0.317829425892 0 0.42
786 6.11159396172 115.87569 75.433999 -1.1405871 113.727131335 78.1691342732 -1.12661088358 3.47811289332 0.800778214601 0 0.398
789 6.12382793427 116.74641 73.521868 -1.1514597 114.536677257 76.55340613 -1.15850777819 3.75141869533 -0.403825133919 0 0.442
792 6.1131169796 117.66191 71.592443 -1.1472421 115.867553244 74.2612683269 -1.14748304694 3.21595161553 -0.013805242977 0 0.354
795 6.13037490845 118.47567 69.543126 -1.1411103 116.650954913 71.7051482332 -1.12332825952 2.8291209388 1.01883587045 0 0.446
798 6.08584403992 119.32773 67.660396 -1.1493947 117.435375706 70.6600540027 -1.12906224695 3.54668195769 1.16496374663 0 0.428
801 6.15287899971 120.23613 65.736718 -1.1477983 118.835445533 68.2952316728 -1.10563838736 2.9168320471 2.41558505906 0 0.46
804 6.12687683105 121.05504 63.851108 -1.1435448 119.61651364 65.8471664413 -1.10412720208 2.46040797213 2.25846199943 0 0.524
807 6.1426961422 121.9387 61.889647 -1.1416966 120.129132377 64.0987919965 -1.13088938497 2.85567095408 0.619207809297 0 0.598
810 6.14279198647 122.75206 59.947854 -1.134592 121.185848501 62.1998944893 -1.11640353922 2.74311954285 1.04212203848 0 0.558
813 6.07598590851 123.61313 58.017737 -1.1345099 122.761470267 61.7603364148 -1.10830585151 3.83827756691 1.50138138477 0 0.472
816 6.07563996315 124.50226 56.14403 -1.1250591 122.779987184 59.5151478884 -1.10446059173 3.7855857497 1.18020758824 0 0.528
819 6.29386591911 125.37031 54.195354 -1.1346431 123.963584888 57.7461228502 -1.10406154635 3.81927152334 1.75219395536 0 0.458
822 6.26618409157 126.19009 52.293812 -1.120627 124.892595979 55.4723965033 -1.12086177406 3.43320406908 -0.0134515628339 0 0.49
825 6.4779291153 127.09539 50.434417 -1.1252352 125.863858502 54.1857063047 -1.10022236948 3.94827066945 1.43312962249 0 0.594
828 6.51601600647 127.94916 48.435924 -1.125081 127.155317642 51.9992224473 -1.1173413885 3.65065494305 0.44344707376 0 0.614
831 6.11042785645 128.83417 46.49897 -1.1135569 127.409475479 49.032538725 -1.12900451739 2.9066690492 -0.885083279831 0 0.522
834 6.44932794571 129.69028 44.561049 -1.1141866 128.241756581 47.2800711491 -1.13410519497 3.0807956021 -1.14125142558 0 0.558
837 6.30424690247 130.6504 42.689185 -1.1179531 128.857364616 45.3874624061 -1.11940240414 3.2397032035 -0.0830390103905 0 0.476
840 6.31105589867 131.56218 40.752166 -1.1133477 130.162894165 43.0080237038 -1.09382939606 2.65459880714 1.11831643885 0 0.416
843 6.09474182129 131.80181 39.159633 -1.0655485 131.445933454 42.6431827406 -1.10537128621 3.5016805839 -2.28167757823 0 0.4
846 6.04737281799 89.526265 39.287264 -0.26055386 132.942937846 40.8497940306 -1.10693638352 43.4447808271 -48.4941464513 0 0.492
849 6.11943697929 49.129117 22.860079 0.57174269 134.014654701 40.489511308 -1.07413995076 86.6968937985 -94.3021288895 0 0.326
852 6.13501191139 45.693587 19.436118 1.0035584 134.590861891 40.3368223689 -1.0151208081 91.3212183786 -115.661798815 0 0.096
855 6.06914305687 46.841947 21.209275 1.0214136 34.0049031089 94.3404618048 2.39774316124 74.2493109688 78.8578750779 0 0.012
858 6.11597299576 48.00008 22.972907 1.0079248 39.7411645678 100.765818565 0.296195857125 78.2300886734 -40.779064584 0 0.014
861 6.10555291176 49.170996 24.731115 1.014741 28.3146150664 94.1876064865 1.32140756049 72.5202925757 17.5706996337 0 0.01
864 6.11938405037 50.349541 26.532036 1.0144485 60.1659768948 104.34501065 3.04964303481 78.4297229213 116.608057333 0 0.016
867 6.08452296257 51.518278 28.351001 1.0069992 58.4412279568 105.094095769 2.92338515761 77.0547197183 109.800827289 0 0.016
870 6.10029888153 52.642563 30.101924 1.0170679 36.3644056486 96.8184706178 1.5289641804 68.6736921926 29.3294964154 0 0.018
873 6.09219789505 53.80357 31.912095 1.0183648 15.5644204418 38.7417505297 2.93643230643 38.8442628144 109.89717294 0 0.014
876 6.11306405067 54.946688 33.671099 1.0064723 36.1803853119 102.355489384 1.69895192234 71.2019634486 39.6761597587 0 0.02
879 6.13374304771 56.161659 35.476636 1.0152563 35.967807448 104.366081191 1.57525916261 71.7882114227 32.0858005426 0 0.022
882 6.12160110474 57.333476 37.252395 1.017552 130.143256788 74.8718891931 1.31999688409 81.9541977063 17.3288153936 0 0.01
885 6.15561485291 58.434052 39.044555 1.0099164 89.0996734016 65.7674147754 2.42786451742 40.6754418602 81.2424426969 0 0.02
888 6.13081598282 59.558673 40.733157 1.0155176 57.1543732596 108.337728157 0.357355464347 67.6473110967 -37.7099126082 0 0.01
891 6.18618798256 60.829575 42.673596 1.0256616 89.0084507777 69.7502390909 2.28150502254 39.0793249835 71.9545278406 0 0.026
894 6.11988997459 61.938983 44.298725 1.0235902 71.7729485741 129.346241844 1.35511521965 85.6141752295 18.994984429 0 0.018
897 6.10333704948 63.08776 46.123861 1.0214801 139.430347469 84.4455529739 1.35135176355 85.4209736378 18.9002541025 0 0.01
900 6.11100888252 64.233274 47.872937 1.026201 89.5495057378 87.8782252262 0.860129182092 47.3427362481 -9.5152142622 0 0.006
903 6.16541409492 65.367062 49.701179 1.0288308 7.97391020819 62.2917088703 -2.48506453839 58.7579383148 158.66862746 0 0.006
906 6.08060002327 66.47055 51.411163 1.0247772 82.1021487286 75.4067964879 2.2185297549 28.6380394807 68.3969831786 0 0.012
909 6.11389780045 67.601685 53.206336 1.0345375 63.9063549187 54.4178802304 0.995217851276 3.88886922276 -2.25284992383 0 0.012
912 6.17125797272 68.713633 54.989386 1.0321621 112.207341326 110.807760135 1.97171668151 70.7629391352 53.832512143 0 0.008
915 6.11420893669 69.889939 56.860516 1.0335194 50.4205644954 140.792751685 1.97759504493 86.1607609687 54.0915499953 0 0.008
918 6.08729410172 70.97178 58.665246 1.0279054 69.4912632417 60.5083011967 1.10813169444 2.36406055966 4.59662807739 0 0.02
921 6.11982107162 72.083269 60.388926 1.0348295 68.173200306 62.4017722042 1.10146112196 4.39774795025 3.81771072069 0 0.02
924 6.11766600609 73.21006 62.180545 1.0389104 70.8058709365 64.0047821005 1.10723226819 3.01794069724 3.91455469574 0 0.026
927 6.15357708931 74.211219 63.966291 1.0279221 71.2229066651 66.2371201112 1.02609778244 3.7532220109 -0.104525696847 0 0.06
930 6.10988593102 75.394113 65.876292 1.0355825 72.4946855716 67.0725217833 1.03164308821 3.13650204963 -0.225711669572 0 0.092
933 6.10750484467 76.475569 67.55587 1.0353462 74.5327975842 68.645930787 1.02395003191 2.22768788057 -0.652952334007 0 0.066
936 6.13633799553 77.652303 69.425792 1.0395167 75.8402040996 71.0020517309 1.00036433517 2.40172795379 -2.24326526263 0 0.102
939 6.11633205414 78.72098 71.209083 1.0347632 75.908980438 72.1190195204 1.00653677418 2.9555584934 -1.61725507023 0 0.194
942 6.0825381279 79.923618 73.070281 1.0406815 76.6640416994 74.279322623 1.00596654892 3.47658155453 -1.98902018306 0 0.242
945 6.12459301949 80.886825 74.813727 1.0240856 78.3838161874 76.1693934676 1.02502985352 2.84655663694 0.0541017414336 0 0.318
948 6.08346414566 82.003807 76.66259 1.0354781 79.9381604986 77.733858478 1.01936552793 2.32691031648 -0.923182376875 0 0.386
951 6.09299492836 83.149971 78.458347 1.0359732 80.1038092923 79.7313572296 1.00180435546 3.30146273556 -1.95773058312 0 0.36
954 6.0976331234 84.209192 80.07724 1.046865 81.4257144479 81.050612334 1.02554478928 2.94876261903 -1.22155809284 0 0.48
957 6.1153459549 84.421821 80.346791 1.1291589 82.1665465355 80.5963158907 1.09572905058 2.26903626712 -1.91538928176 0 0.496
960 6.09477591515 84.549549 80.462185 1.2384433 81.6443237632 81.3023571595 1.20979605247 3.02427229832 -1.64136637791 0 0.432
963 6.10798406601 84.477315 80.645515 1.377415 82.0092088572 80.3750772288 1.33739151552 2.48287827336 -2.293176742 0 0.47
966 6.11076617241 84.491575 80.745704 1.5042297 82.1496989489 79.5850588888 1.45852328227 2.61371010493 -2.61878483287 0 0.404
969 6.1045320034 84.58151 81.604236 1.6242617 81.4934355227 81.4002398264 1.59859835971 3.09480506915 -1.47040108681 0 0.434
972 6.13536787033 84.52138 83.606555 1.6450761 81.3199342647 82.9002279232 1.6166830721 3.2784375449 -1.62680066608 0 0.558
975 6.14402103424 84.450105 85.633891 1.6510189 81.0373260741 86.6480373855 1.63589360178 3.56027427149 -0.866615751643 0 0.546
978 6.19222998619 84.288283 87.799076 1.6553182 81.692517431 88.2856218058 1.61537062233 2.64097060004 -2.28882760221 0 0.5
981 6.11026191711 84.219899 89.940013 1.6574582 81.1747156631 90.6303071815 1.60801902117 3.12244257153 -2.83265628934 0 0.536
984 6.06694602966 84.085061 91.960688 1.6559816 81.2146664496 93.0294103834 1.62763490975 3.06289608176 -1.62414571459 0 0.51
987 6.10505604744 83.972707 94.061302 1.6546883 80.0312377297 94.5323131081 1.66741562349 3.96951275006 0.729221920195 0 0.464
990 6.1214120388 83.850194 96.236204 1.650278 80.1147485575 96.7615594843 1.65854551246 3.77220771416 0.473693571185 0 0.28
993 6.13314294815 83.742141 98.372522 1.653672 80.1726769186 98.7098045866 1.66071484683 3.58536377113 0.403525399294 0 0.446
996 6.12037587166 83.558608 100.37046 1.6603574 79.5153071382 100.867835358 1.64280516191 4.07377762113 -1.00566916355 0 0.438
999 6.15362381935 83.448658 102.54165 1.6520527 79.8497066688 102.482061033 1.66505938583 3.59944461403 0.745228203305 0 0.438
1002 6.38189601898 83.308795 104.69204 1.6576029 79.465703344 105.049857816 1.6613209998 3.85971333987 0.213031426325 0 0.532
1005 6.1302511692 83.194681 106.76107 1.661421 79.143331032 107.276404129 1.66689887696 4.08399385739 0.313859230509 0 0.482
1008 6.16283583641 83.066158 108.84686 1.6653468 79.1600607123 108.851146262 1.69240246236 3.90609963946 1.55017526514 0 0.486
1011 6.12252187729 82.920912 111.09751 1.6564676 78.6528611516 111.604669512 1.67455145319 4.2980773394 1.03612846513 0 0.592
1014 6.16576004028 82.798446 113.12029 1.6519674 78.5693757214 113.912621175 1.66055275829 4.30265314801 0.49190479566 0 0.64
1017 6.12253785133 82.725101 115.25424 1.6521864 78.5981123529 116.407807316 1.66290703276 4.28517827484 0.61424701073 0 0.626
1020 6.09008002281 82.605874 115.888 1.7134215 78.4075078873 117.067789102 1.68313048614 4.36098387306 -1.73554725126 0 0.578
1023 6.10140180588 82.650086 115.98425 1.8265292 78.2866595032 117.434624497 1.80879681337 4.59816017277 -1.01599091449 0 0.48
1026 6.13531804085 82.697137 116.16336 1.9516157 78.3660141375 117.148350091 1.95370786046 4.44171484115 0.119871964411 0 0.482
1029 6.1610789299 82.611261 116.28116 2.0730733 78.731187291 116.489973463 2.09457616446 3.88568849103 1.23202338092 0 0.574
1032 6.10409593582 82.517518 116.45008 2.1971216 78.4133281412 116.488553607 2.22607805725 4.10437018495 1.65908279021 0 0.478
1035 6.15552997589 82.418538 116.4581 2.3123831 78.4681674424 116.372715668 2.35178947593 3.95129320934 2.25781902655 0 0.502
1038 6.14099788666 82.414024 116.83182 2.4679277 78.7439380404 116.167750683 2.52450833324 3.72968081865 3.24183148665 0 0.416
1041 6.16124606133 82.282962 116.94587 2.5874118 78.2950465656 118.144533374 2.59493160251 4.16416418927 0.430852946818 0 0.294
1044 6.14753890038 82.208722 116.96752 2.707272 78.7277949165 116.11740056 2.76621937759 3.58323267771 3.37743594932 0 0.356
1047 6.1419570446 82.043289 117.20312 2.8493508 78.3880557749 116.489121987 2.88907643154 3.72431511721 2.27611102551 0 0.33
1050 6.08001303673 81.832352 117.28824 2.9891727 77.4726452987 116.387180547 2.96445060648 4.45184800483 -1.41647161961 0 0.336
1053 6.16076993942 81.142386 117.29523 3.0875315 77.519417793 115.600265034 3.14096547591 3.99985060546 3.06154130224 0 0.342
1056 6.12746620178 79.131234 117.37152 3.1037602 75.4782282934 116.028708088 3.13497238495 3.8919910745 1.78832646717 0 0.428
1059 6.1160030365 77.094643 117.50841 3.1079346 74.0560610895 116.9905822 -3.12262525212 3.0823896018 3.01521647004 0 0.41
1062 6.1608979702 74.899205 117.59033 3.115912 71.9314467131 116.794727379 3.13722809956 3.07255150985 1.22132254039 0 0.53
1065 6.10000896454 72.824078 117.69503 3.116944 69.2857548593 116.645837566 -3.13411037023 3.69060095546 1.84096707889 0 0.588
1068 6.34567499161 70.711208 117.83017 3.1174699 68.1013148645 116.932371037 -3.12209963387 2.75999731096 2.49899973058 0 0.596
1071 6.49344921112 68.550781 117.88294 3.1169773 65.9924450407 117.170626393 3.13781690336 2.65564936607 1.1940213194 0 0.55
1074 6.21156096458 66.454241 117.99143 3.11617 63.5278781295 117.055386934 3.13666038193 3.07242189002 1.17401240517 0 0.624
1077 6.15002298355 64.352032 118.06903 3.1139299 60.6103983733 117.196328582 3.11994635322 3.84206064005 0.344717377383 0 0.566
1080 6.17688322067 62.204954 118.16997 3.1178991 59.3621456133 117.498245852 3.12254563949 2.92109103827 0.266227101839 0 0.602
1083 6.17509698868 60.134729 118.2293 3.1166836 57.3004825297 117.304679049 3.1232111116 2.98125425928 0.373998865615 0 0.664
1086 6.17314910889 58.034017 118.36643 3.1239361 54.7561838643 117.05088875 3.14088148483 3.53197378906 0.97089903279 0 0.648
1089 6.13051486015 55.858025 118.47896 3.1251128 52.6659938679 117.413342775 3.13706136178 3.36520472174 0.684602161253 0 0.636
1092 6.18969202042 53.766425 118.55 3.1243401 50.5502299217 116.588416935 -3.12609437395 3.76718978833 1.87648451944 0 0.646
1095 6.15835905075 51.628528 118.603 3.1187628 48.0145552444 116.795259928 3.13342938177 4.04088149376 0.840333235487 0 0.63
1098 6.16196799278 49.494235 118.64783 3.1200968 46.9441242364 117.134028074 3.13641905408 2.96557939984 0.935196270973 0 0.626
1101 6.14970397949 47.379245 118.80828 3.1260538 45.8117703775 117.44108609 3.12859927393 2.07995093233 0.14584491296 0 0.532
1104 6.12458109856 45.313934 118.87713 3.1250737 42.5619800601 117.309182747 3.11537468008 3.16728733721 -0.55571290661 0 0.49
1107 6.14244413376 43.229975 118.9845 3.131291 41.1428053899 117.699326722 3.11500220327 2.45111144883 -0.933279305977 0 0.442
1110 6.15281391144 41.038059 119.03542 3.1300111 38.6049133957 117.061677405 3.13859894987 3.13302686904 0.49204755264 0 0.488
1113 6.1219689846 38.877743 119.09254 3.1262084 36.0323743706 117.578321128 3.10573450176 3.22319428963 -1.17306795955 0 0.486
1116 6.11088299751 36.866989 119.17866 3.1252668 34.3516262319 118.770555341 3.10175075589 2.5482541607 -1.34737007857 0 0.516
1119 6.14892196655 34.67231 119.25843 3.1314701 32.4305271582 119.071295892 3.06479898884 2.24957984614 -3.81997328495 0 0.544
1122 6.11884999275 32.567479 119.34722 3.1353596 30.261735996 119.043324607 3.10443285572 2.32568338572 -1.77197192113 0 0.396
1125 6.10253500938 30.502201 119.36971 3.1349527 27.4020917596 117.720651032 3.1132450865 3.51142033706 -1.24375463689 0 0.378
1128 6.13841700554 29.15421 119.31018 -3.13185 26.555470046 117.622199052 -3.12011979155 3.09882704104 0.672091437177 0 0.378
1131 6.14959716797 28.938717 119.39146 -3.028318 26.4453055822 117.095627308 -3.03086489993 3.38938759175 -0.145926616965 0 0.3
1134 6.14363002777 28.80706 119.32785 -2.9089456 26.7183599252 117.758269703 -2.87580929491 2.61270938141 1.8985704305 0 0.36
1137 6.16076803207 28.607415 119.34948 -2.7753086 26.5405116338 117.893267893 -2.77133137757 2.52836769996 0.227878059182 0 0.274
1140 6.17127895355 28.309413 119.3977 -2.6319404 26.6024175405 117.023607129 -2.62076603737 2.92406403116 0.640243817318 0 0.268
1143 6.18192100525 28.176965 119.31562 -2.5155106 26.4066242238 116.98786145 -2.51217395344 2.92447710362 0.19117576546 0 0.204
1146 6.16807103157 28.13257 119.1422 -2.3876282 26.5442441157 117.279953301 -2.40626493608 2.44759920827 -1.06780632114 0 0.218
1149 6.15118503571 28.071656 119.10664 -2.2643471 25.6359493297 117.684199465 -2.29439716231 2.8206389451 -1.72174174442 0 0.222
1152 6.19381213188 27.847582 119.05477 -2.1225081 25.9285551048 117.824306033 -2.19370413775 2.27962843439 -4.07923248116 0 0.186
1155 6.14277291298 27.651134 118.95518 -2.0012288 25.8554362152 118.096711392 -2.05302676931 1.9903514478 -2.9678050287 0 0.134
1158 6.18107104301 27.585975 118.8068 -1.8653126 25.3199649642 119.058911544 -1.87812814443 2.27999160369 -0.734276608136 0 0.148
1161 6.14232301712 27.545652 118.66047 -1.7395281 24.5960449269 118.587883049 -1.76358019412 2.95050008491 -1.37808348151 0 0.094
1164 6.13031101227 27.426878 118.54472 -1.6078392 25.4442016756 117.419353493 -1.65288906936 2.27979279364 -2.5811673821 0 0.114
1167 6.15303397179 27.408113 118.27266 -1.4907581 26.8249202006 117.99204662 -1.52653451249 0.647192174117 -2.04983744159 0 0.078
1170 6.15481305122 27.619078 117.43976 -1.368489 26.22189148 116.91776926 -1.34785146254 1.49151081274 1.18244379601 0 0.084
1173 6.15805912018 28.00462 115.50954 -1.3464267 26.9128715441 116.282625601 -1.32237258085 1.3377503644 1.37819950698 0 0.068
1176 6.13975691795 28.352772 113.43776 -1.3439724 26.2138895658 113.394204923 -1.35673372284 2.13932585453 -0.731169939919 0 0.088
1179 6.18768405914 28.777386 111.37552 -1.3470791 27.2487476026 111.575871525 -1.40253979945 1.54171206246 -3.17766400728 0 0.122
1182 6.15652990341 29.292879 109.18718 -1.3487141 27.166227291 109.716153193 -1.41087770704 2.19145160348 -3.56171232294 0 0.09
1185 6.23298406601 29.664866 107.14961 -1.3582731 26.9117145995 107.687983329 -1.49077449698 2.80529650402 -7.59177082671 0 0.148
1188 6.12615013123 30.155372 105.1583 -1.3627181 27.3404948929 105.961614945 -1.37772665011 2.92725947404 -0.859926577748 0 0.238
1191 6.20459198952 30.584999 103.08809 -1.3538609 27.1605086329 103.409102406 -1.45551828932 3.4395033419 -5.82453936446 0 0.322
1194 6.17165207863 30.932942 101.04272 -1.3388863 28.8312454959 101.582249692 -1.40687946829 2.16984342395 -3.89572157864 0 0.31
1197 6.14696097374 31.46397 98.886394 -1.3633561 28.5291507396 98.6574394688 -1.40434694871 2.94373644691 -2.34860263002 0 0.392
1200 6.13297009468 31.761459 96.890841 -1.3338862 30.2630254748 96.856201227 -1.33487300664 1.4988338611 -0.0565398557936 0 0.288
1203 6.1277179718 32.148779 94.808879 -1.340085 30.7840880569 94.7129042913 -1.33867144819 1.36806159036 0.0809905530155 0 0.336
1206 6.14070105553 32.63242 92.742465 -1.3409888 31.5750813106 92.9268315718 -1.36000858772 1.07329219554 -1.08975356347 0 0.356
1209 6.16509795189 33.223163 90.635151 -1.3443959 31.577180999 91.3907514945 -1.3393218135 1.81112916574 0.290723741085 0 0.242
1212 6.13512802124 33.480467 88.544154 -1.3400822 31.916300995 89.2909340116 -1.36282284879 1.7332904191 -1.30294319901 0 0.29
1215 6.18237304688 33.996344 86.523674 -1.3537744 32.191201348 86.3453029618 -1.34098618786 1.81393390761 0.732710582862 0 0.438
1218 6.20324897766 34.391099 84.502242 -1.3500462 32.2947515744 84.0563277198 -1.36630385968 2.14324801972 -0.931495284443 0 0.526
1221 6.15997004509 34.871654 82.311763 -1.3462417 33.5687398738 82.9028445843 -1.34875331449 1.4307210279 -0.143904910136 0 0.49
1224 6.18781113625 35.319079 80.358924 -1.358939 34.9201164915 80.6446140307 -1.31713326408 0.490703450992 2.39529222759 0 0.564
1227 6.20814800262 35.776446 78.250756 -1.3606991 34.3491689429 78.0505780785 -1.32667068634 1.44124633491 1.94968448605 0 0.592
1230 6.21122908592 36.167733 76.160289 -1.3496683 34.2812597356 76.6958848408 -1.35072279604 1.96103143314 -0.0604181723998 0 0.492
1233 6.20038700104 36.593873 74.026216 -1.3452321 34.9004402135 74.6055200111 -1.36268410594 1.78977868458 -0.999926284647 0 0.638
1236 6.16069412231 37.096668 72.068535 -1.358637 34.8460794787 72.2901797357 -1.36925740084 2.2614763057 -0.608504144726 0 0.608
1239 6.13158392906 37.456761 70.030489 -1.3570922 35.502309245 69.6718327503 -1.38332770862 1.98708730765 -1.50318391729 0 0.638
1242 6.13642001152 37.942935 67.912468 -1.3598503 36.7085934311 67.8939506181 -1.39248589332 1.23448045838 -1.86988175896 0 0.594
1245 6.12491703033 38.381728 65.750541 -1.3597279 37.3899898643 65.6992300756 -1.37564133549 0.993064620684 -0.911772691371 0 0.626
1248 6.09824180603 38.78715 63.709446 -1.3638712 37.0753655657 63.3175850401 -1.3483140516 1.75606405389 0.891358944676 0 0.652
1251 6.11443090439 39.284372 61.704874 -1.358189 38.0748574401 61.5928590281 -1.37427477 1.21469042329 -0.921646731363 0 0.658
1254 6.09640312195 39.616785 59.610797 -1.3616912 38.393431769 59.843117893 -1.35861562275 1.24521730039 0.176217595836 0 0.714
1257 6.13658189774 40.0981 57.483375 -1.3627524 38.9464178251 57.9466672742 -1.35805439523 1.24137486812 0.269175845582 0 0.626
1260 6.31471800804 40.478176 55.366289 -1.371191 39.5296487486 56.6714875898 -1.32313246162 1.61345818214 2.75355141862 0 0.56
1263 6.1497631073 40.927924 53.368372 -1.3697355 40.3141128448 53.8301110676 -1.35187403913 0.768093158966 1.02338632356 0 0.638
1266 6.17560195923 41.311773 51.24524 -1.3687118 40.6096706431 52.0884397204 -1.33189433738 1.09723902958 2.1094852203 0 0.626
1269 6.12707209587 41.752813 49.127024 -1.3690442 41.075826559 50.5600419321 -1.37648565991 1.58488202555 -0.426364246488 0 0.616
1272 6.12243795395 42.124468 46.999249 -1.3746445 41.1856449177 47.5846892121 -1.33724953345 1.10640364325 2.14257375835 0 0.696
1275 6.14407706261 42.489069 45.000812 -1.3756167 41.4858406061 45.91779905 -1.36872409054 1.35916608998 0.394917431971 0 0.676
1278 6.17666912079 42.919623 42.847052 -1.3693623 41.5701216647 44.2705665954 -1.38068365954 1.96151667273 -0.648666120034 0 0.57
1281 6.37749791145 43.26925 40.76156 -1.3849404 42.9639092767 42.0395751283 -1.33455734266 1.3139846367 2.88673654478 0 0.55
1284 6.54856300354 43.723057 38.666685 -1.382086 44.0066431147 38.9136983872 -1.35037733573 0.376080706674 1.8167726367 0 0.534
1287 6.16363787651 44.069109 36.638541 -1.3748634 44.1390430413 36.2931984766 -1.3301628134 0.352352421012 2.56115495385 0 0.558
1290 6.48523902893 44.48264 34.512889 -1.372972 43.7759540131 35.2349137491 -1.3799041783 1.01030927071 -0.397184559566 0 0.574
1293 6.14218306541 44.660959 33.544964 -1.3339999 44.2030417403 34.0015314491 -1.31488087169 0.646639043317 1.09543963068 0 0.584
1296 6.15183091164 44.654294 33.324157 -1.2074321 44.3930920447 33.6233958541 -1.19887416971 0.39720316374 0.490333287015 0 0.56
1299 6.38522005081 44.699557 33.107025 -1.0711259 44.1222473268 33.8157828553 -0.959077738381 0.914124803419 6.41988676298 0 0.526
1302 6.07490086555 44.829945 32.953901 -0.95914547 44.1508915914 32.7431506143 -1.04064435508 0.711005806458 -4.66954215031 0 0.462
1305 6.08068585396 44.914184 32.826307 -0.82117543 43.4929714007 33.7893654378 -0.851797153195 1.71677803082 -1.75449550052 0 0.434
1308 6.07666802406 44.932468 32.690373 -0.70238554 43.831130233 32.8616307669 -0.783737906725 1.11457350573 -4.66114726673 0 0.452
1311 6.09162902832 45.019913 32.619075 -0.56167342 43.6891079563 33.845995559 -0.665694673023 1.81007627536 -5.95997877788 0 0.444
1314 6.07673501968 45.164806 32.47066 -0.44585332 43.9172078061 34.2808871914 -0.634478798846 2.19850488694 -10.8074438465 0 0.368
1317 6.1092247963 45.307079 32.373178 -0.30795343 43.5021704962 32.5354096819 -0.475064446565 1.81218482104 -9.57475595929 0 0.406
1320 6.04779696465 45.468859 32.25314 -0.19105128 43.2102225917 33.1485667471 -0.45198260553 2.42965583659 -14.9502636956 0 0.354
1323 6.05344510078 46.833289 32.057508 -0.10389315 44.1240606268 32.692284054 -0.213649696563 2.78259932743 -6.28858689198 0 0.31
1326 6.00650596619 48.863767 31.868312 -0.084237935 47.0625254069 32.0018762485 -0.233346288934 1.80618678028 -8.54327937057 0 0.324
1329 6.06612706184 51.033972 31.691587 -0.08198003 49.0723854475 29.747857983 -0.498109000235 2.76150399136 -23.8424337276 0 0.288
1332 6.0898399353 53.111195 31.42619 -0.084122232 51.0510483479 27.8044277807 -0.629179299968 4.16669722942 -31.2294695883 0 0.258
1335 6.08487486839 55.206155 31.249451 -0.082409142 54.0598269132 33.6709718779 -0.0689688838111 2.67914752199 0.77007006979 0 0.27
1338 6.10688495636 57.287235 31.07162 -0.080297126 56.4835711217 33.3005919888 -0.0557332100735 2.36942857167 1.4074087109 0 0.338
1341 6.17775702477 59.516372 30.847745 -0.092608556 58.3284840266 33.3231330519 -0.03406898528 2.74565544901 3.35407033676 0 0.406
1344 6.09374403954 61.567611 30.670937 -0.091677002 60.3869185658 32.670771193 -0.0182517488393 2.32236332726 4.20695711579 0 0.478
1347 6.32187700272 63.68279 30.502969 -0.089332225 63.0137549473 32.3731106404 -0.0841994421539 1.98621188617 0.294086794238 0 0.426
1350 6.27903985977 65.773678 30.270465 -0.081918863 65.3311867487 31.5900925072 -0.0756521355743 1.39183880722 0.35905703285 0 0.486
1353 6.32796502113 67.870787 30.052005 -0.080757136 67.6201998687 31.7167969967 -0.0716644105228 1.68354575304 0.520974794113 0 0.526
1356 6.28731894493 69.978421 29.855203 -0.080851998 69.2698838599 32.059292636 -0.0790567756299 2.31517515583 0.102858665095 0 0.51
1359 6.47113704681 72.04312 29.748383 -0.089661546 70.8458050887 30.3436736675 -0.120799371656 1.33713648356 -1.78406599333 0 0.426
1362 6.0573952198 74.192216 29.503442 -0.097083695 72.5518543477 31.1032175908 -0.107966174751 2.2913027498 -0.623520160376 0 0.492
1365 6.10446500778 76.337484 29.313327 -0.092202589 74.9004339425 30.6235043872 -0.0916169555489 1.94465360761 0.0335543250899 0 0.57
1368 6.10960698128 78.469083 29.072242 -0.088851811 77.6445648788 30.0545415147 -0.103174405226 1.28247513374 -0.820624200816 0 0.58
1371 6.11509609222 80.508884 28.860474 -0.08148585 79.6057695976 29.1499898944 -0.122926470132 0.948385510714 -2.37437263395 0 0.58
1374 6.04163908958 82.648681 28.706332 -0.092016755 81.6075786871 30.3480339991 -0.0654832771194 1.9439854628 1.52025629836 0 0.606
1377 6.03768777847 84.803463 28.469695 -0.089914919 83.6862313179 30.3860784153 -0.0591461668487 2.21827230654 1.76291963915 0 0.652
1380 6.01392912865 86.909059 28.274418 -0.095059786 84.6538349667 30.7687902079 -0.0735125730596 3.36272629747 1.23456436175 0 0.574
1383 6.03062582016 88.999768 28.069648 -0.093100738 86.8246325706 30.2992955495 -0.0452759600499 3.11489042045 2.74015793269 0 0.722
1386 6.31046390533 91.148907 27.8824 -0.087682683 89.8454796918 30.6670133328 -0.0674391664869 3.07457219154 1.1598680587 0 0.712
1389 6.09990501404 93.191686 27.680334 -0.085944106 91.5506854369 30.2233420419 -0.0553386477109 3.02651164694 1.75356359003 0 0.61
1392 6.29558801651 94.597595 27.536443 -0.026113958 93.6684152248 30.1510138167 -0.062508405499 2.77477127173 -2.0852482394 0 0.698
1395 6.04809999466 66.734672 23.138609 0.64678418 95.1610433857 31.2035220128 -0.00286497749054 29.5482894947 -37.2221548884 0 0.574
1398 6.06003308296 41.954155 8.6979942 1.5862633 97.5373376092 31.7434454238 0.0338279155077 60.1712806169 -88.9479954982 0 0.546
1401 6.06203198433 40.498777 7.6026468 1.6671323 100.285757614 31.169346037 0.000888103375492 64.2640830001 -95.4687601048 0 0.392
1404 6.08484601974 40.36551 9.5759073 1.6613912 100.618535365 30.7504737332 0.000774625369638 63.8654000951 -95.1463211158 0 0.446
1407 6.0983479023 40.15753 11.693798 1.6450717 102.492512655 30.6794886642 -0.0145848595282 65.1621555244 -95.0913163022 0 0.478
1410 6.11134791374 40.017928 13.779826 1.6578436 103.307922949 30.4335997414 -0.0199480924843 65.4444164195 -96.1303828815 0 0.282
1413 6.11304402351 39.937066 15.922073 1.6651068 105.496942136 31.4688566701 0.0217452750648 67.3780367887 -94.157679593 0 0.206
1416 6.09433484077 39.75755 17.953862 1.6630734 106.549817078 30.0756014673 -0.0162853309561 67.8833080307 -96.2201675722 0 0.21
1419 6.46778202057 39.645384 20.177858 1.663423 108.193004616 30.8786072959 0.0472218891574 69.3778230248 -92.6015024956 0 0.126
1422 6.11551618576 39.526919 22.292671 1.6684735 111.280605883 32.7919242032 0.0550886230733 72.5177626456 -92.4401441781 0 0.14
1425 6.10276198387 39.303781 24.413998 1.6572417 112.648787727 32.5388460686 0.0821931241797 73.793652626 -90.2436359226 0 0.116
1428 6.11191797256 39.21094 26.55624 1.6661167 116.051742272 34.3848704233 0.140531299979 77.2385677505 -87.409604708 0 0.1
1431 6.13462591171 39.049874 28.673026 1.6660737 117.98059986 34.7951364247 0.129606785318 79.1677947202 -88.0330695728 0 0.128
1434 6.12454509735 38.816051 30.701859 1.6598041 119.988911917 34.8506165054 0.131132975091 81.2788135883 -87.5864037208 0 0.166
1437 6.08147406578 38.695572 32.853799 1.6647394 122.886364002 35.3171172918 0.099103444648 84.2268211142 -89.7043324956 0 0.226
1440 6.10295009613 38.58982 35.008607 1.6723781 124.385277549 34.7683228831 0.102815390841 85.795794026 -89.9293189159 0 0.216
1443 6.12922406197 38.393816 37.160762 1.6689022 126.59556796 35.2464159826 0.117504373269 88.2225241614 -88.8885478174 0 0.298
1446 6.09331393242 38.314928 39.264936 1.6781402 128.815333461 37.4123288016 0.145615178515 90.5193655632 -87.8072157293 0 0.294
1449 6.11401891708 38.042909 41.445131 1.6601298 130.519763836 37.6415385483 0.152729705078 92.5550430605 -86.3676634767 0 0.172
1452 6.12645697594 37.893052 43.482766 1.6655679 135.816148758 27.2680553602 -0.0536516849792 99.2564845226 -98.5040262755 0 0.082
1455 6.13943815231 37.737395 45.529248 1.6663309 138.152993091 27.7253468829 -0.0827882288792 101.981720102 -100.21714395 0 0.162
1458 6.12208104134 37.667375 47.706088 1.6735516 140.780657625 26.2432047695 -0.102293778633 105.323332696 -101.748445264 0 0.172
1461 6.11830401421 37.411337 49.793915 1.6717816 142.196595762 25.546812386 -0.106150075717 107.554044271 -101.867981281 0 0.082
1464 6.10833621025 37.208006 51.943854 1.66906 137.925400645 36.3977128979 0.174712532989 101.910137313 -85.6198029858 0 0.016
1467 6.12830305099 37.03196 53.963531 1.6741645 140.431508222 38.340371361 0.12917157259 104.573178634 -88.5215741182 0 0.036
1470 6.11540389061 36.983983 56.143126 1.6856298 141.902475051 40.3823697086 0.433636179425 106.095671038 -71.7339504362 0 0.02
1473 6.08722400665 36.720012 58.206076 1.6746777 112.981097728 108.610204539 1.02793187707 91.4129606246 -37.0558060714 0 0.008
1476 6.07669687271 36.536888 60.398002 1.6787317 33.8248554168 60.7316938891 1.72653098029 2.73248440238 2.7386970244 0 0.016
1479 6.11617994308 36.401835 62.417273 1.6766351 32.0708503571 61.811057473 1.65291148635 4.3732053739 -1.35926293689 0 0.014
1482 6.1329498291 36.239068 64.615141 1.6886647 33.6809026028 63.7636066124 1.76278987422 2.69616783842 4.24705963834 0 0.014
1485 6.14351201057 35.99676 66.655908 1.678851 33.9420547728 66.0664485234 1.6868097854 2.13758650006 0.456004813208 0 0.012
1488 6.13383483887 35.830181 68.859683 1.6854848 33.6554203705 69.0564319322 1.71497425817 2.18364235579 1.68962149318 0 0.02
1491 6.12614798546 35.575227 70.898859 1.683738 34.0366301962 71.4535869409 1.62474271657 1.63554370567 -3.38018075154 0 0.044
1494 6.09725403786 35.463169 73.006353 1.6935188 33.5463828605 73.1832825459 1.72819698132 1.9249345882 1.98691343055 0 0.064
1497 6.12834906578 35.205801 75.07321 1.6913976 30.9700379307 75.6554151123 1.6956865567 4.27558786274 0.245739117259 0 0.07
1500 6.15225410461 34.978045 77.287591 1.6912075 31.2712201691 76.5542990958 1.77500235207 3.77865946386 4.80109136879 0 0.066
1503 6.16433000565 34.814043 79.320098 1.7000185 31.1878721498 78.5576449259 1.73109992082 3.70546214733 1.78083423437 0 0.136
1506 6.20572590828 34.580736 81.372215 1.6970036 31.0489967663 80.8399737399 1.72136683184 3.571619069 1.39591035975 0 0.18
1509 6.1248319149 34.345965 83.441951 1.6955247 30.6269144737 82.9500825223 1.71477989609 3.75143591397 1.10324146985 0 0.216
1512 6.11816596985 34.142398 85.698773 1.7034669 29.7632847477 85.3122752653 1.71279137025 4.39613618709 0.534252791773 0 0.258
1515 6.10762190819 33.910208 87.748137 1.7016389 30.503960321 87.1585537867 1.67856818694 3.45689624028 -1.32185448887 0 0.282
1518 6.10578918457 33.670818 89.737713 1.6967853 30.0406935971 89.3465196871 1.68454263528 3.6511416555 -0.701453018617 0 0.456
1521 6.09067296982 33.472926 91.900649 1.7056804 29.8966164537 92.0455195837 1.69388100818 3.57924258142 -0.676055352378 0 0.526
1524 6.11968708038 33.217902 94.036516 1.7078464 29.9805435233 93.7276981828 1.69157974806 3.2520544815 -0.932010502713 0 0.544
1527 6.08399820328 33.034075 96.178482 1.7177188 28.330039909 96.1394976586 1.71524961154 4.70419662819 -0.141474077865 0 0.546
1530 6.04431200027 32.713254 98.174723 1.7080491 27.9954599075 97.3408490853 1.70268788342 4.7909212898 -0.307175082914 0 0.392
1533 6.09302401543 32.45653 100.24821 1.7068362 27.6277928424 99.1251672167 1.70513591728 4.95761309813 -0.0974190239521 0 0.554
1536 6.12189793587 32.217075 102.39435 1.7082962 27.7904446753 102.123006902 1.71520348022 4.434938907 0.395758004691 0 0.638
1539 6.1081430912 31.955228 104.48204 1.7110577 27.5364430451 103.635810525 1.68553318077 4.49908488503 -1.46244722583 0 0.576
1542 6.12013506889 31.741377 106.6002 1.7198575 27.7753871141 105.767709171 1.66811640265 4.05242109791 -2.96454650567 0 0.652
1545 6.09340286255 31.439656 108.68741 1.7105287 27.4791687466 108.156380312 1.67102257069 3.99592940555 -2.26353447423 0 0.704
1548 6.10076785088 31.216018 110.75498 1.7177022 27.7006789103 110.200168383 1.68140156386 3.55885161896 -2.0798732444 0 0.558
1551 6.14192295074 30.916985 112.90957 1.719675 26.9776650186 112.252865114 1.70322466085 3.99368291465 -0.942535004767 0 0.606
1554 6.10868000984 30.668641 114.94646 1.716506 27.3405831354 114.508691066 1.66657581408 3.35672620117 -2.86078892331 0 0.622
1557 6.13253593445 30.419865 117.12266 1.716223 27.3117559509 115.553998804 1.69770432814 3.4815283723 -1.06104174 0 0.57
1560 6.08478116989 30.132888 119.21343 1.725557 26.3196336294 117.588361555 1.70671641506 4.14508821944 -1.07948600075 0 0.382
1563 6.11355400085 29.88258 121.34383 1.72867 26.003466833 120.199775078 1.69669044584 4.04430224215 -1.83229348404 0 0.522
1566 6.08182215691 29.981486 120.5055 1.7055843 25.8347723927 119.750007439 1.70173251404 4.21497363583 -0.220691079305 0 0.474
1569 6.07472300529 30.170653 118.4575 1.6900862 27.2222847602 117.97940621 1.69476283348 2.98687946681 0.267951360743 0 0.436
1572 6.08091616631 30.502618 115.6086 1.6745202 27.1931621232 114.288226601 1.69963425707 3.56312841664 1.43892947658 0 0.452
1575 6.13886785507 30.699806 113.48782 1.6738205 27.1362098309 112.578367748 1.67347861286 3.67781471184 -0.0195886902609 0 0.484
1578 6.08398890495 30.8492 111.36091 1.6697397 26.8941424339 111.10610062 1.64262174047 3.96325726783 -1.55374463001 0 0.454
1581 6.11549305916 30.973164 109.37107 1.6787837 28.1035672807 108.828074365 1.68268657185 2.92051871947 0.223618085051 0 0.452
1584 6.14125394821 31.204408 107.09871 1.665475 28.1370510509 107.329350097 1.71121577747 3.07601584967 2.6207535009 0 0.404
1587 6.11346101761 31.322843 104.96751 1.6587885 27.5628120301 105.153764444 1.65009443502 3.76464123287 -0.498133230103 0 0.498
1590 6.11061000824 31.457099 102.91722 1.6541397 27.692528788 102.874134947 1.67320750505 3.76481675553 1.09250475395 0 0.586
1593 6.10429000854 31.546684 101.34427 1.631357 28.5860057552 102.088038788 1.6806889281 3.05267221937 2.82651127529 0 0.47
1596 6.15436291695 31.536552 101.09899 1.5279681 28.3140533863 102.012723034 1.56891824519 3.34953808353 2.34627048959 0 0.468
1599 6.17561984062 31.522716 100.84711 1.3818466 28.3919114245 102.305259623 1.4565749892 3.45371359749 4.28162131119 0 0.462
1602 6.10583996773 31.33472 100.81397 1.2437751 28.6816538046 101.946314162 1.33953368502 2.88460803894 5.48656277357 0 0.486
1605 6.09202408791 31.335612 100.76499 1.1262837 27.6113364023 102.34743925 1.17902156929 4.04652620864 3.02165733083 0 0.428
1608 6.08423089981 30.238332 99.003137 0.9296569 27.6114854429 100.931054908 1.03180564471 3.25840302832 5.85269195456 0 0.374
1611 6.1092839241 28.772289 97.32743 0.78863198 26.6546663484 98.8282816986 0.896905682105 2.59555032999 6.20362616286 0 0.344
1614 6.11416316032 27.005154 95.945316 0.6582802 24.8800523759 97.1296049411 0.732701186009 2.43281672322 4.26400840554 0 0.384
1617 6.08218598366 26.209553 95.323497 0.64585939 23.9512937858 95.7201407687 0.706182863406 2.29282815711 3.45628043175 0 0.37
1620 6.09196400642 26.225548 95.299359 0.74214735 24.4261177588 94.9348729338 0.838392043232 1.83597366144 5.51441472271 0 0.368
1623 6.11807990074 26.287241 95.304851 0.87876564 24.0263185159 94.484622053 0.936825692301 2.4051083145 3.32659595518 0 0.36
1626 6.09778189659 26.503119 95.525486 1.0159202 26.2002967732 93.8722816111 1.15002164002 1.6807099847 7.68344653952 0 0.234
1629 7.08656406403 26.584147 95.637624 1.1414331 25.0662425434 95.3310000509 1.22250637753 1.54856455643 4.64515663359 0 0.266
1632 6.25680303574 26.62792 95.717086 1.2595284 24.4829976672 96.5782104407 1.25394173978 2.31132583509 -0.32009205245 0 0.236
1635 6.08188390732 26.756174 95.797181 1.3910555 20.8379870663 94.026932364 1.47758284193 6.17727422215 4.95765150495 0 0.16
1638 6.46322202682 26.381693 93.77201 1.3952992 23.0635092939 94.0091026249 1.4586460289 3.32664335638 3.62950594179 0 0.284
1641 6.29959797859 26.011804 91.856332 1.39866 22.0116571853 91.7280104091 1.42651218554 4.00220451375 1.59581268178 0 0.26
1644 6.17207694054 25.609249 89.727224 1.3968171 22.6355735599 90.183688031 1.44986870965 3.00850544868 3.03963332957 0 0.346
1647 6.11177396774 25.2462 87.568251 1.3940659 23.1909366701 87.3237563692 1.48729433972 2.06975481154 5.34159612641 0 0.41
1650 6.07056689262 24.820481 85.505592 1.4017015 21.3648020268 85.8552446149 1.41051901381 3.4733232094 0.50520632696 0 0.388
1653 6.07020711899 24.493958 83.448062 1.398475 21.1628434072 84.4889266852 1.43874766882 3.48994609174 2.30745395295 0 0.34
1656 6.42069888115 24.080092 81.345956 1.3962744 21.0110161869 81.5308353786 1.45720382837 3.07463928474 3.4909990935 0 0.452
1659 6.32217788696 23.622432 79.208855 1.3888608 20.3267778859 79.2122585467 1.43874709072 3.29565587157 2.8582739137 0 0.476
1662 6.29447007179 23.236261 77.182266 1.3737053 19.9425733713 77.2719525879 1.40538867336 3.29490847814 1.81532357413 0 0.492
1665 6.11023592949 22.741503 75.111069 1.3685019 19.5775062813 75.3834114746 1.42625239585 3.17569609054 3.3088596771 0 0.53
1668 6.20948910713 22.23837 73.007777 1.3690406 19.6856233747 72.5125552195 1.45695884461 2.60033842888 5.03734435853 0 0.576
1671 6.24152898788 21.796618 70.8705 1.3677106 18.9169719798 71.8457084049 1.42927322326 3.04029482695 3.52727848829 0 0.44
1674 6.22981715202 21.306705 68.900927 1.3588762 18.6388728982 69.0412548921 1.38941148411 2.67152017409 1.74954290549 0 0.526
1677 6.08415794373 20.800373 66.796896 1.3509317 19.809480832 67.1068436539 1.4783084952 1.03823640701 7.29815277269 0 0.56
1680 6.09501004219 20.180988 64.758154 1.3339286 20.6566141937 65.4350548506 1.52556900996 0.827293803713 10.9801866751 0 0.47
1683 6.09704899788 19.716632 62.635567 1.3210663 17.921838899 63.2986598109 1.43311149308 1.91336728079 6.41971667825 0 0.444
1686 6.14920401573 19.127208 60.642471 1.320188 16.7484300285 60.8962996823 1.37664317054 2.39228209826 3.23464300382 0 0.476
1689 6.13915300369 18.573484 58.538556 1.3117791 16.5337577655 58.9584215828 1.38366014319 2.08249134915 4.11848040168 0 0.37
1692 6.12689399719 18.03732 56.562177 1.3046299 16.48655426 56.8506533632 1.39717483872 1.57736900957 5.30243440416 0 0.45
1695 6.15173387527 17.470308 54.449011 1.30616 16.4721777856 54.4441503367 1.4026966268 0.998142049444 5.53114128411 0 0.57
1698 6.12975502014 16.865167 52.414515 1.2995721 15.2735305402 51.7148354406 1.40035401064 1.73863685285 5.77437813069 0 0.394
1701 6.07602381706 16.322269 50.452679 1.2871313 15.183803084 51.1044985397 1.38037280178 1.31185874024 5.34234452718 0 0.214
1704 6.05103206635 15.679585 48.421133 1.2791916 14.1368448899 49.0827458458 1.35403765722 1.67862402137 4.28836319218 0 0.406
1707 6.09663701057 15.049517 46.343459 1.2810584 14.1517535014 46.370279003 1.40112936331 0.898164022834 6.87955943959 0 0.506
1710 6.11083197594 14.370513 44.264129 1.2685694 13.9911806841 44.762713935 1.4067121756 0.626482197139 7.91499801228 0 0.424
1713 6.12767291069 13.728985 42.398373 1.2622613 12.9142412887 42.6815556425 1.37156555422 0.862554186172 6.26267244972 0 0.554
1716 6.08913707733 13.116178 40.310007 1.2578142 12.201550618 40.1362585246 1.35104734417 0.930984307358 5.34186567164 0 0.544
1719 6.07055592537 12.482531 38.460523 1.239848 12.7948573352 39.3981296198 1.36518307003 0.988258019568 7.18117053779 0 0.496
1722 6.09133410454 12.331027 38.238303 1.1567887 10.1954868881 38.0527939239 1.21394073685 2.14358232561 3.27457050233 0 0.296
1725 6.10919094086 12.263795 38.100898 1.043782 11.4324483969 37.4955865659 1.13010893255 1.02836720422 4.94616889317 0 0.336
1728 6.05128216743 12.231882 38.075858 0.90529637 11.203154621 37.5731970205 1.01890807699 1.14496641022 6.50947131368 0 0.306
1731 6.27518296242 12.170047 37.918491 0.7605547 10.9931356931 37.7967074544 0.906483238172 1.18319544299 8.36108934775 0 0.258
1734 6.08516788483 11.9457 37.868652 0.60051086 11.2961534258 37.2216594204 0.732275787768 0.916793406473 7.54957424895 0 0.316
1737 6.30150508881 11.861848 37.85602 0.47073445 12.0983518018 37.5382435899 0.670186111784 0.396126110086 11.4277384371 0 0.318
1740 6.08242797852 11.68598 37.868337 0.32347919 11.880454874 37.2460576238 0.500303941787 0.651960197117 10.1313119909 0 0.288
1743 6.14556717873 11.634663 37.834152 0.18688423 11.8910552904 36.7667133395 0.359019800018 1.09779884338 9.86264166612 0 0.274
1746 6.19912719727 11.546787 37.799316 0.059161186 11.8756615542 37.8963540222 0.0611458423908 0.342891892765 0.113712434979 0 0.352
1749 6.39803695679 11.461332 37.784444 -0.088384018 12.4096122463 37.7240528276 -0.0650682044998 0.950201304532 1.33589770948 0 0.354
1752 6.13284015656 11.353119 37.809133 -0.22428348 12.6121201821 37.6905831375 -0.164210016939 1.26457030106 3.44195589412 0 0.334
1755 6.5816628933 11.259101 37.929753 -0.36642208 11.722550192 38.5102258847 -0.309622874196 0.742787939733 3.25435477227 0 0.312
1758 6.3162651062 11.22919 38.083377 -0.50941267 13.7706977197 37.2611922691 -0.317433432694 2.67118872811 10.9996000518 0 0.294
1761 6.14134287834 11.185129 38.110347 -0.64618684 12.0594946243 38.8890983995 -0.514287019323 1.17088384867 7.55730304333 0 0.318
1764 6.08658790588 11.588805 37.741111 -0.76036767 12.1709060821 37.3675850503 -0.657467157365 0.691638131434 5.89576508372 0 0.288
1767 6.1079659462 13.063467 36.224873 -0.77289998 12.3737766903 36.7235798954 -0.721690892283 0.851105922194 2.93406459888 0 0.242
1770 6.10672402382 14.493375 34.807156 -0.77803694 14.4910178217 35.8780074155 -0.79370626496 1.07085400979 -0.897786188035 0 0.24
1773 6.13834619522 15.892318 33.28564 -0.77023756 16.115117902 34.4284120455 -0.773880612548 1.16428851423 -0.208731535569 0 0.266
1776 6.12805294991 17.405154 31.857105 -0.77891679 17.4095198292 31.7138404583 -0.735456231849 0.14333104817 2.49010655735 0 0.376
1779 6.37123894691 19.008966 30.381332 -0.78385491 18.6506632748 31.0858827627 -0.74799928868 0.790425594305 2.05437577348 0 0.354
1782 6.37453913689 20.517371 28.856906 -0.78454873 20.4952390565 29.6913064877 -0.772696811394 0.834693953933 0.679064915282 0 0.556
1785 6.15053606033 22.037399 27.308602 -0.78653789 22.3208047768 28.0777666098 -0.792460351231 0.819715213559 -0.339332032879 0 0.438
1788 6.30764293671 23.470866 25.802264 -0.78746834 23.5793148293 26.2933439478 -0.762160957929 0.502912182902 1.45000618321 0 0.444
1791 6.47562599182 25.030138 24.239515 -0.79252133 25.2822608931 24.2315400631 -0.766665581506 0.252248989793 1.48142526487 0 0.484
1794 6.12655496597 26.508975 22.80392 -0.79210599 26.3567769131 23.2767045791 -0.775857504254 0.496678483391 0.930969656703 0 0.436
1797 6.37192392349 27.961008 21.312251 -0.79564812 27.7652992326 21.8851325967 -0.781769223695 0.60538850787 0.795202182553 0 0.564
1800 6.15598297119 29.36401 19.750057 -0.78815021 29.432149626 20.265853113 -0.79449348174 0.520277463299 -0.363442699015 0 0.57
1803 6.13427114487 31.016391 18.179875 -0.79578372 31.0686082102 18.9143849198 -0.804646622972 0.736363673303 -0.507806934527 0 0.59
1806 6.18288397789 32.405165 16.663972 -0.79079715 32.3137891513 18.0633920607 -0.758110571828 1.40240010406 1.87280297597 0 0.558
1809 6.20676589012 33.875627 15.226881 -0.79213801 33.3546432472 15.5963942045 -0.815035403511 0.638720658 -1.31192401002 0 0.6
1812 6.15367007256 34.400964 14.714584 -0.72873329 33.7625218559 14.7956030141 -0.772302083226 0.643562313994 -2.49630797032 0 0.574
1815 6.16377401352 34.541831 14.529671 -0.59347242 33.0141090313 14.6279276364 -0.652291992133 1.5308784342 -3.37011323601 0 0.446
1818 6.13012886047 34.648846 14.435796 -0.47955783 33.9862154543 15.0849168735 -0.480834829735 0.927597514317 -0.0731666952617 0 0.484
1821 6.22286105156 34.668797 14.324629 -0.34405458 34.0211988704 15.2057014865 -0.392397836474 1.0934679071 -2.76986456387 0 0.532
1824 6.16592001915 34.864126 14.20779 -0.22615765 33.7223108206 14.7059755936 -0.222007531359 1.24576514217 0.237784282615 0 0.444
1827 6.16575407982 35.017605 14.088235 -0.094353638 35.0453060587 15.2943467573 -0.143584656645 1.20642982377 -2.82072958947 0 0.436
1830 6.19409203529 36.599142 14.0692 -0.022879679 36.9717408822 14.8600592417 -0.0346784378949 0.874235818961 -0.676019088169 0 0.494
1833 6.19253087044 38.63985 14.009333 -0.014813302 38.9085355501 14.7400489095 -0.0403120161985 0.778548434711 -1.46096870659 0 0.522
1836 6.20719480515 40.768535 13.925491 -0.0089087199 39.9266174904 14.411830245 -0.0498733681868 0.972291599309 -2.34710145607 0 0.516
1839 6.18693995476 42.905865 13.952369 -0.011506708 42.9222861197 14.6647631636 -0.0430517321511 0.712583396848 -1.8073967485 0 0.546
1842 6.25827717781 45.04117 13.838962 -0.010052037 45.3139101617 15.0366772738 -0.0135930593384 1.22837660064 -0.20288563515 0 0.502
1845 6.18762397766 47.095509 13.764363 -0.008210261 46.0355371852 14.8387650036 -0.0187873235121 1.50926469301 -0.606021041591 0 0.442
1848 6.14141607285 49.256947 13.750747 -0.012245698 48.4488395125 15.2302054367 -0.016315318042 1.68577429606 -0.233172052631 0 0.604
1851 6.15199899673 51.347189 13.680192 -0.017629817 50.9733167641 15.0064479893 -0.0095405958962 1.37794607951 0.463478228796 0 0.658
1854 6.23081803322 53.510554 13.649042 -0.0075411209 52.2693838221 14.8775362671 0.0163447657744 1.74633947871 1.36856049637 0 0.574
1857 6.21894979477 55.608657 13.581194 -0.0077936973 54.7028688854 15.3495203865 -0.00357971020292 1.98681411251 0.241443675585 0 0.574
1860 6.13452100754 57.666716 13.591636 -0.01411162 56.4658933006 15.1949961525 0.00422780795705 2.00318220189 1.05077182062 0 0.618
1863 6.19107508659 59.905766 13.533857 -0.012519778 59.0017863323 14.7959310826 -0.00847196562149 1.55242076439 0.23192256555 0 0.632
1866 6.13337087631 62.027534 13.447994 -0.021676244 60.4207721764 15.0864293043 0.00251271036323 2.29481018917 1.38592499585 0 0.584
1869 6.20603895187 64.181261 13.371995 -0.025327169 63.3139087879 14.842020101 0.0160796960267 1.7068314672 2.3724386089 0 0.69
1872 6.17628002167 66.241252 13.310079 -0.024907545 65.3369200571 14.698048883 0.00795007305579 1.65658584412 1.88260283945 0 0.728
1875 6.22922205925 68.444119 13.24669 -0.026304862 66.8328587074 14.8233582033 0.00692551825464 2.25433856241 1.90396054021 0 0.652
1878 6.18907809258 70.49734 13.123327 -0.017605166 69.1872170599 14.9248429911 0.0157615471165 2.22752822303 1.9117718378 0 0.73
1881 6.18059897423 72.634932 13.039101 -0.019360635 71.7026347646 15.0406799613 -0.00823268763993 2.20805264282 0.637584418376 0 0.738
1884 6.11735892296 74.720419 12.994859 -0.019347658 73.8472726151 15.2161948072 0.00384913031003 2.38677970865 1.32907806842 0 0.722
1887 6.10913681984 76.914825 12.90632 -0.036038761 75.9601872733 15.277530811 -0.00301452954371 2.55616390307 1.89214908411 0 0.746
1890 6.16039896011 79.004774 12.78569 -0.032634565 77.8477560133 14.8186799847 -0.00829497476613 2.33917483303 1.39455579548 0 0.7
1893 6.13164305687 81.177999 12.691712 -0.029848436 80.8498647042 14.5731955766 0.0122946243877 1.90988286687 2.41461949598 0 0.698
1896 6.1367650032 83.222919 12.597068 -0.02122413 82.2293879819 14.9570664764 -0.0157344840133 2.56060475137 0.314533546059 0 0.556
1899 6.14677000046 85.390174 12.538762 -0.021700441 84.276702891 14.6474005518 0.000880107736821 2.38457007717 1.29377014171 0 0.696
1902 6.15716385841 87.449986 12.512039 -0.030894579 87.1255456884 14.8503127567 0.00179256762969 2.36067483508 1.87283554621 0 0.654
1905 6.12692403793 89.572355 12.414566 -0.034322832 87.943993842 15.1162016279 -0.000647938521951 3.15442469029 1.92942927184 0 0.578
1908 6.19071483612 91.713838 12.339838 -0.030338307 90.2018463698 14.6464812606 0.0142728662723 2.75802861147 2.55603194763 0 0.67
1911 6.12440800667 93.866625 12.234111 -0.027880568 92.5073408916 14.9690165465 0.0107948155714 3.05407295848 2.21593624969 0 0.672
1914 6.16201305389 96.027017 12.118277 -0.016096141 95.2611851682 14.738916853 0.0013771415627 2.73024754072 1.00114534508 0 0.618
1917 6.15574502945 98.003729 12.063433 -0.023465033 97.0648132044 14.600683297 0.0206366406859 2.70540236205 2.52683977167 0 0.65
1920 6.16481494904 100.1865 11.996018 -0.023536261 99.1687223428 14.9432224796 0.00108814813266 3.11799384287 1.4108747163 0 0.712
1923 6.22646784782 102.26857 11.921444 -0.023061579 101.821228285 14.8392627824 0.0247813948698 2.95191142432 2.74120048209 0 0.736
1926 6.13227581978 104.50291 11.810699 -0.022632517 104.480759686 15.289377767 0.00219258102598 3.47874928677 1.42237334289 0 0.672
1929 6.14263892174 106.528 11.779433 -0.025937223 106.0925279 14.9673520753 0.0332092400415 3.21752451136 3.3888427054 0 0.632
1932 6.15548300743 108.61821 11.737233 -0.017267816 108.035143467 14.6445699592 0.0185993022727 2.96522760947 2.05503450032 0 0.714
1935 6.20006299019 110.65428 11.638117 -0.015586443 109.475701285 14.9828928469 0.0088777312388 3.54634646545 1.40169393316 0 0.572
1938 6.13654184341 112.94226 11.558687 -0.011710616 111.401469462 15.0096543214 -0.0046735130769 3.77931355337 0.403196297493 0 0.638
1941 6.13647198677 114.89636 11.528856 -0.01668203 114.162892606 14.9143465886 0.000863911542598 3.46403246867 1.00530839797 0 0.732
1944 6.09611105919 117.03777 11.494892 -0.018548407 116.894819117 15.147611602 0.00906455096173 3.65551575642 1.58210595108 0 0.59
1947 6.1522231102 119.07747 11.406331 -0.016261061 118.216287964 15.0471104553 0.0111600907237 3.74124438415 1.57111626316 0 0.584
1950 6.13344097137 121.291 11.334615 -0.012126455 120.220478932 14.9828055291 0.00574279484358 3.80201387346 1.0238325991 0 0.66
1953 6.16892004013 123.43737 11.229443 0.0013807468 122.850839194 15.033822437 0.0086677388161 3.84932738105 0.417513887868 0 0.704
1956 6.12013101578 125.58554 11.258252 -0.0049853053 124.394169928 15.6241443997 0.00337316047285 4.52552528372 0.478904811989 0 0.594
1959 6.14657688141 127.50849 11.183265 -0.012828209 126.279981672 14.8877366872 0.00825073640031 3.90286346077 1.20773460802 0 0.666
1962 6.17794585228 130.28779 11.390648 -0.01314096 128.951270252 15.455656809 0.00157853313707 4.27908654424 0.843364833326 0 0.682
1965 6.15562796593 132.78769 11.256475 0.0084755214 131.283053804 14.7716196427 0.016377040668 3.82363334282 0.4527237058 0 0.656
1968 6.14611387253 125.9239 10.596074 0.27888777 132.896585302 15.0659386204 -0.016112214637 8.28239277271 -16.9022540761 0 0.672
1971 6.17328882217 93.936275 13.265891 0.84250578 132.883982011 14.4614253211 -0.00047306989646 38.9660516826 -48.2991303179 0 0.482
1974 6.12581896782 59.212281 6.4432491 1.3602712 133.512115433 14.7011604944 0.0216808716444 74.7573307271 -76.6955763118 0 0.15
1977 6.09500408173 41.747696 3.5851691 1.5088422 137.832823531 12.5574568807 -0.0261134589138 96.5031278287 -87.9464809955 0 0.05
1980 6.12680196762 40.889782 2.6549702 1.6071612 138.276017941 13.5560277802 0.0208585793006 97.9944488588 -90.8884451966 0 0.026
1983 6.13260889053 40.408125 3.8011614 1.6070032 33.1184483745 97.2819696229 3.03548887019 93.7646036162 81.8461999965 0 0.022
1986 6.1539208889 40.388712 5.5337894 1.5172855 79.7177742414 134.229978331 1.62760344287 134.57148354 6.3207525311 0 0.006
1989 6.14525294304 40.44034 7.6724587 1.5542124 71.5589475913 105.160523425 -0.684992428348 102.334209833 -128.29698613 0 0.012
1992 6.11517810822 40.554207 9.7439313 1.5604739 79.2650267387 114.091233219 0.314625511335 111.296392496 -71.3818545837 0 0.006
1995 6.17027306557 40.580821 11.876658 1.5652859 32.2082410239 91.2739063952 2.68737369635 79.8374795956 64.290894974 0 0.024
1998 6.13508820534 40.665042 14.024391 1.567666 33.2268992663 85.5703031441 -1.99903599007 71.9315195993 155.643029188 0 0.032
2001 6.12439322472 40.771617 16.174621 1.5548315 30.5179878929 83.6238978103 -2.09285414078 68.2242028322 151.003007793 0 0.022
2004 6.11064100266 40.847233 18.25792 1.5551713 25.9273493378 95.9937340575 2.6811685605 79.1546569424 64.5148907698 0 0.016
2007 6.11240911484 40.88758 20.352438 1.5597309 44.7534633162 99.7530608516 1.01040275628 79.4946788348 -31.474184203 0 0.01
2010 6.10581588745 40.971014 22.508388 1.5678505 104.358269135 140.870992433 0.866240763614 134.267085474 -40.1992767602 0 0.008
2013 6.1035721302 41.044823 24.54743 1.5705547 107.466113984 124.876806451 0.290859481794 120.323612292 -73.3211350663 0 0.008
2016 6.09759616852 41.105608 26.696222 1.5717508 63.1400067561 76.2276417715 -0.444335623448 54.211403534 -115.513243197 0 0.014
2019 6.12449193001 41.160404 28.869777 1.5672714 39.2168684349 28.1770926441 1.30522267941 2.0632843017 -15.0142857168 0 0.014
2022 6.10561013222 41.204205 31.003136 1.5608691 38.2075858025 31.7012223238 1.60866303451 3.07685734649 2.73839073402 0 0.014
2025 6.07096385956 41.244227 33.116661 1.5660557 110.899069961 68.6653320432 -0.102105691734 78.2016953837 -95.578607293 0 0.004
2028 6.05982804298 41.277887 35.228156 1.5643441 39.4235905948 34.8066547686 1.5081286298 1.90159891836 -3.22090918567 0 0.014
2031 6.10915398598 41.31792 37.33529 1.5797774 39.2806936282 37.1674073529 1.56613598369 2.04413205867 -0.781595580927 0 0.036
2034 6.10834407806 41.419072 39.474789 1.5713492 38.0121596782 38.6058512576 1.5814761579 3.51597843691 0.580231947241 0 0.036
2037 6.11087703705 41.429937 41.518923 1.5745722 39.5607679851 41.3364589821 1.60776006895 1.8780537596 1.90152482169 0 0.05
2040 6.14883518219 41.494048 43.684079 1.5737379 38.7401656747 43.4108852124 1.5958360776 2.76739999043 1.26613231133 0 0.072
2043 6.13684391975 41.508319 45.798644 1.5762653 39.6016703444 44.9647722423 1.68563522418 2.08102167313 6.26643506113 0 0.116
2046 6.10205793381 41.512588 47.943477 1.5772604 38.8389735152 47.9652442796 1.58065913246 2.67370309268 0.194733025513 0 0.186
2049 6.13051319122 41.583607 50.107906 1.5744728 38.8692743643 50.1799467843 1.55946712046 2.71528848041 -0.859762106523 0 0.276
2052 6.3618888855 41.632502 52.265699 1.5728612 38.6268027811 52.2562770045 1.55786432503 3.00571398647 -0.859257641848 0 0.332
2055 6.11174106598 41.660201 54.305408 1.5732479 39.0181007184 54.3802065554 1.59723544142 2.64315885299 1.37438488431 0 0.444
2058 6.14902496338 41.689009 56.508616 1.5685378 39.2310815821 56.8494405633 1.57875741058 2.48144485626 0.585540554623 0 0.508
2061 6.08835816383 41.794127 58.57462 1.5657057 39.5891399085 58.0394757828 1.61805231109 2.26899700461 2.99923988741 0 0.468
2064 6.13421487808 41.856016 60.76704 1.5641567 39.1138715483 60.316369124 1.60031699175 2.77893152713 2.07183210334 0 0.634
2067 6.28912806511 41.858156 62.785084 1.5639758 39.0888909198 63.0376432184 1.58387296937 2.7807580339 1.14002382894 0 0.674
2070 6.07257199287 41.958088 65.023529 1.5767642 38.8654181304 64.4513900701 1.59213460631 3.14514703593 0.880659411218 0 0.558
2073 6.12104916573 41.99726 67.044355 1.5737097 38.861432961 66.8246203939 1.57869539836 3.14351626621 0.285659473709 0 0.666
2076 6.16253995895 42.044947 69.102812 1.5759217 39.1127245972 68.9943466736 1.60097243956 2.93422782793 1.43530165027 0 0.732
2079 6.10692811012 42.097902 71.261122 1.5727544 38.3803951932 71.1689911523 1.58425305474 3.71864826943 0.658824386739 0 0.69
2082 6.14008712769 42.114798 73.459441 1.5684742 38.7532557541 72.9934251006 1.59957731372 3.39369077689 1.78207714588 0 0.678
2085 6.1749560833 42.172982 75.545483 1.5804547 39.1075911075 74.9515617034 1.58402683772 3.1223971289 0.204668415339 0 0.648
2088 6.33001708984 42.213453 77.648417 1.5799022 39.1689567446 77.8408760152 1.58047317185 3.05057337588 0.0327142770039 0 0.694
2091 6.09842300415 42.308345 79.80823 1.5843424 38.8681289699 80.1682465514 1.59071975171 3.45900249364 0.365395337728 0 0.706
2094 6.03043794632 42.259747 81.948131 1.5870316 38.7947944782 81.5537028275 1.59039110746 3.48732986131 0.192485598601 0 0.66
2097 6.08594298363 42.325886 84.065588 1.5841531 38.4146843379 83.8553868088 1.60476738135 3.91684605041 1.18111131916 0 0.618
2100 6.07375979424 42.338042 86.100283 1.5789413 38.5506427678 86.234042009 1.60441059457 3.78976046955 1.45928308621 0 0.562
