3 11.1453020573 31.520043 41.394881 -0.0070850614 23.7856884934 137.364322366 -0.851376512392 96.2805998925 -48.3743368208 0
6 11.2195770741 31.529937 41.402987 -0.0081764059 139.717307849 49.0442049685 0.73397049382 108.456882785 42.5218851327 0
9 11.2343351841 31.522543 41.401068 -0.0068718684 124.456487279 99.2455134352 -2.59777096935 109.465509942 -148.447583629 0
12 11.2490160465 31.528168 41.375423 -0.0049451513 61.404194496 121.420193555 -3.1010966284 85.4385290857 -177.396412371 0
15 11.2059710026 31.523843 41.397689 -0.0081913964 82.0158257669 93.7344520052 -1.74038890862 72.7226036772 -99.2476067333 0
18 11.6922459602 31.52518 41.394772 -0.0077822512 99.9703607563 25.3085765069 0.269369728039 70.3100878552 15.8796386941 0
21 11.2766070366 31.646202 41.400982 -0.0069641742 70.0851672863 60.3011292968 -3.04513782043 42.8342108614 -174.074527357 0
24 11.2622568607 32.968315 41.348607 -0.0066445448 53.286284816 69.6194017889 1.37950178223 34.8146195648 79.4203343261 0
27 11.3057050705 34.520488 41.363888 -0.010157874 58.2544203541 37.6135409553 -1.635489347 24.0284133464 -93.1246337127 0
30 11.3526489735 35.981317 41.339656 -0.012968194 80.0246527525 23.5346810297 -1.55301451968 47.5061317926 -88.2381547163 0
33 11.7669830322 37.47125 41.3168 -0.01805047 114.50481827 27.3189758991 -3.0703989854 78.2950172104 -174.886687536 0
36 11.269288063 39.051821 41.275587 -0.019803098 112.967683551 25.591957009 3.00420112056 75.5614384877 173.262678953 0
39 11.2795419693 40.609584 41.247017 -0.013659721 56.9262082172 64.8617131643 -1.75782340358 28.7034161865 -99.9332177919 0
42 11.2663290501 42.081473 41.279186 -0.014178183 117.171113362 71.427668215 -1.64545879451 80.9159135739 -93.4654942408 0
45 11.147053957 43.552295 41.213208 -0.0092852628 106.871077125 53.8693392925 -1.63493888635 64.5712461479 -93.1430915796 0
48 11.2367520332 45.079977 41.189892 -0.010404952 43.4016449617 41.9272224498 0.0496489412549 1.83315428236 3.44083462683 0
51 11.300137043 46.640834 41.096545 -0.012029947 107.885437195 51.2188965908 -1.61536055544 62.075465542 -91.8640770278 0
54 11.3334219456 48.21014 41.103056 -0.013219293 45.9526165352 42.0168417419 0.0707093035901 2.43544997404 4.80875436507 0
57 11.495470047 49.69993 40.993437 -0.019411138 48.1350013764 41.6975888189 0.0747106349389 1.71605110096 5.39278034969 0
60 11.3957870007 51.221815 41.026894 -0.026800957 49.0415950545 41.5086578817 0.0497249489393 2.23281334833 4.38461143374 0
63 11.7812690735 52.707826 40.957156 -0.02058299 50.8623847146 42.1833998888 0.0146201506502 2.21570025335 2.01699138486 0
66 11.2974460125 54.31159 40.951842 -0.027308534 52.4404568241 41.5838692037 0.0302950357665 1.97499310081 3.30044143251 0
69 11.3393011093 55.778879 40.909196 -0.015002614 53.7320512909 42.0700850423 0.0388056565428 2.35311857738 3.082986805 0
72 11.1137161255 57.331901 40.836464 -0.018380323 55.5696094355 41.9676898672 0.050139061466 2.09412118108 3.92587154473 0
75 11.1048641205 58.848313 40.76075 -0.022921269 57.2841162782 41.6507033645 0.0274251562793 1.79964673635 2.88463768207 0
78 11.0915970802 60.388876 40.75568 -0.012358794 58.2453800811 41.9291772341 0.0265904910061 2.44370016833 2.2316296459 0
81 11.142621994 61.86858 40.735896 -0.015077049 60.092946544 41.9268341491 0.00827094661302 2.13803831703 1.33774160872 0
84 11.021184206 63.333062 40.668539 -0.013920495 61.5247991084 41.8502175043 0.0224459084636 2.16013397097 2.08364143454 0
87 11.1399140358 64.876385 40.58717 -0.032109511 63.0977797782 42.3521675234 0.00162554945254 2.50572400568 1.93287658555 0
90 11.1401181221 66.44697 40.579857 -0.020157695 64.699904142 42.0797053639 0.0028267647562 2.30256036332 1.31691253842 0
93 11.2105209827 67.930314 40.55804 -0.02084507 66.1449904276 42.0260076027 0.00604630637046 2.31134357912 1.54076237132 0
96 11.1215541363 69.414343 40.447992 -0.021831497 68.0274724339 41.8471549346 0.0425136237205 1.97004235609 3.68670384954 0
99 11.1233160496 70.999462 40.351868 -0.031419309 69.510511077 41.9634626809 0.0102497969555 2.19413132391 2.38746390733 0
102 11.0271399021 72.481812 40.325422 -0.028226015 71.4163066268 41.7717654373 0.0131746156736 1.79644399831 2.37208140678 0
105 11.0793991089 74.028193 40.279112 -0.026102315 72.7169564054 42.3567906734 0.0281033321106 2.45684555416 3.10575480521 0
108 11.0750741959 75.500101 40.224463 -0.026983514 74.303454015 41.6641630978 0.00283648957539 1.87208450086 1.70856034994 0
111 11.0341389179 77.104162 40.159206 -0.035689283 75.9836174858 41.808173791 0.0129945564577 1.99366867456 2.78937853142 0
114 11.1347360611 78.584191 40.097894 -0.03659834 77.3982642305 42.1254259984 -0.00131626620678 2.34889512472 2.02151392082 0
117 11.1223731041 80.1084 40.071744 -0.024096447 78.6445562945 41.7775731411 0.0107982660586 2.24781926603 1.99931978558 0
120 11.0917870998 80.881063 40.047709 -0.06972902 79.3040757906 41.8985826204 -0.0324556875505 2.43158833222 2.13560463775 0
123 11.1090898514 80.819811 40.085383 -0.20196514 79.1408445195 41.7187737394 -0.16485457183 2.34241195145 2.12627893145 0
126 11.0744850636 80.673305 40.189426 -0.34415967 79.6403616879 42.0778473126 -0.311555660554 2.15246531679 1.86807213644 0
129 11.1366531849 80.559381 40.228255 -0.49611957 78.5713079613 41.9458345648 -0.466708262955 2.62726358946 1.68514376362 0
132 11.2152199745 80.474435 40.358509 -0.64523249 78.9325428068 42.0617447536 -0.627957205176 2.29748635853 0.989800910288 0
135 11.213727951 80.446897 40.445937 -0.81868337 78.5846010457 42.1358581456 -0.768815852763 2.5147524132 2.85719827245 0
138 11.169711113 80.377523 40.602704 -0.97166139 78.926921654 42.2986838282 -0.905235998042 2.23172396206 3.80589461171 0
141 11.2683238983 80.303277 40.677658 -1.1291983 79.5552268024 42.76588804 -1.04046397425 2.21817127341 5.08410236322 0
144 11.2150261402 80.24067 40.836497 -1.2914427 79.8926501387 43.1355672144 -1.18601283634 2.32526163571 6.04068622216 0
147 11.1143250465 80.334643 40.99259 -1.4510482 79.3580415869 42.8538556707 -1.32217133545 2.1019182232 7.38410041571 0
150 11.0333509445 80.305505 41.173119 -1.6076845 79.3333592426 43.25374777 -1.49685783321 2.29653727424 6.34990026485 0
153 11.1272418499 80.260339 41.240273 -1.7630876 79.0053619929 42.3780713702 -1.64490406705 1.69397533023 6.77141764588 0
156 11.1850290298 80.351916 41.337649 -1.9138236 79.0156846165 41.500749025 -1.75702737756 1.3461485536 8.98376178968 0
159 11.1531898975 80.458888 41.424429 -2.0695544 78.3805318904 41.8592338398 -1.89901729855 2.12335097589 9.77105616374 0
162 11.2177450657 80.580246 41.530351 -2.2462491 78.6545251943 42.2522414982 -2.08746641508 2.05658126828 9.09757770544 0
165 11.123265028 80.700832 41.575869 -2.3973477 78.8402375074 42.6206248657 -2.24903748082 2.13385254519 8.49754961793 0
168 11.2699971199 80.863789 41.557834 -2.56541 78.9500036014 42.6216082646 -2.2161266822 2.18956393783 20.0124599643 0
171 11.2538659573 80.910142 41.637692 -2.7112414 79.4495048172 42.2054832115 -2.48883305134 1.56711449471 12.7430597069 0
174 11.2684831619 81.000304 41.730578 -2.863125 79.0555406449 42.4129813888 -2.56665884536 2.0610140447 16.9862594295 0
177 11.107033968 81.313486 41.614906 -3.0334876 79.2690110945 42.9738632388 -2.7495753399 2.45492207945 16.2669742556 0
180 11.1260740757 81.419836 41.643078 3.1037871 79.6887265364 43.3080720146 -3.01532432291 2.40186282781 9.40074109677 0
183 11.1136870384 81.472606 41.653948 2.9566422 78.7691275479 42.55212584 -3.08584694624 2.84877503031 13.7908741668 0
186 11.1722259521 81.600227 41.551467 2.7956666 78.5393817486 42.6593572968 2.92877694647 3.25517965136 7.626661062 0
189 11.1591939926 81.705618 41.391179 2.6371497 78.7293937062 43.6182745308 2.89724802144 3.71723896866 14.9025360767 0
192 11.2338290215 81.817002 41.340993 2.4823985 79.0631196174 43.6851144831 2.71996775082 3.61645872433 13.6117154142 0
195 11.095441103 81.903012 41.262396 2.332631 78.6949942119 43.3195770142 2.51039286637 3.81095419205 10.1850047012 0
198 11.1135718822 81.909487 41.089487 2.1583794 79.7914029986 43.0593318793 2.34107809299 2.8925021496 10.4678640311 0
201 11.2315068245 81.924053 40.998223 1.9975831 79.7487102834 43.2230586801 2.20533765494 3.11159279762 11.9034591728 0
204 11.2213950157 81.960862 40.844259 1.8446809 80.4594503651 43.2200519703 2.04059143862 2.81044998798 11.2248470252 0
207 11.1935050488 81.927588 40.703608 1.6857979 80.3087190135 43.3620747411 1.84194022794 3.11258449026 8.94629639441 0
210 11.2274129391 81.924928 40.686406 1.5459903 79.5821351276 43.142465699 1.69192669442 3.39424626217 8.36153947777 0
213 11.292222023 81.81851 40.588718 1.3660151 81.0883214566 43.7517772818 1.62880951199 3.2462469606 15.0570106864 0
216 11.2278661728 81.824065 40.431016 1.2110526 80.6202073856 43.2242854502 1.46668398493 3.04164879255 14.6465994677 0
219 11.2021620274 82.277545 41.390368 1.1504821 81.1542282064 45.4906120449 1.36317795592 4.25133412546 12.1865748642 0
222 11.2590191364 82.927041 42.739254 1.1137092 82.2765762965 47.654422883 1.38874691895 4.95802273888 15.7585005029 0
225 11.2741920948 83.677797 44.09726 1.084748 81.3945151555 46.3585986973 1.20571898205 3.21356946172 6.93112671499 0
228 11.1902990341 84.372874 45.412874 1.0478677 81.6708002445 46.734942597 1.17060744705 3.00816687621 7.03246948446 0
231 11.1852431297 85.159381 46.677356 1.0274995 82.7769310996 48.206776972 1.13209601821 2.83111215557 5.9929390454 0
234 11.2783858776 85.928298 47.908079 0.99952116 83.6967191388 49.719400653 1.09348596026 2.87416602589 5.3837864779 0
237 11.300246954 86.76373 49.194484 0.95689161 84.8007839181 51.1097980698 1.0423146658 2.74255087579 4.89438057071 0
240 11.7488350868 87.649962 50.387631 0.93226665 85.5186812189 52.0630312815 0.988677004145 2.71096364252 3.23207521333 0
243 11.2092499733 88.570925 51.559268 0.90792052 86.4709898728 53.1367933674 0.930386911982 2.62646412944 1.28722944145 0
246 11.2290520668 89.47196 52.652014 0.8832857 87.1026185665 54.1045681199 0.917251225159 2.77915316237 1.94608124058 0
249 11.2349569798 90.492516 53.754021 0.83763364 88.1661125031 55.801828639 0.895774946373 3.09930143045 3.33125147058 0
252 11.1691789627 91.498687 54.898001 0.81217592 89.4942359184 57.368015919 0.891949673607 3.18100579034 4.57069939762 0
255 11.0304789543 92.568948 55.94073 0.78340538 89.7637190299 58.5401308042 0.851588925535 3.82442075555 3.90662939138 0
258 11.1360530853 93.547241 56.960456 0.75288469 90.8168429851 60.0079423507 0.832716435771 4.09172902049 4.57402210382 0
261 11.1639299393 94.620679 57.928363 0.72990952 91.4148337475 59.809047809 0.829365584934 3.71677536766 5.69841276771 0
264 11.1108291149 95.770396 58.899507 0.6896339 92.7197830198 61.5441826735 0.774214019245 4.03739383428 4.84608386346 0
267 11.1031088829 96.962501 59.840194 0.66858365 94.3737126947 62.1047062409 0.707088680024 3.4394535291 2.2061757104 0
270 11.0633211136 98.232224 60.772339 0.64204005 95.2729423181 63.3045253945 0.689007047918 3.89478061118 2.69101075709 0
273 11.0834031105 99.416545 61.686454 0.60185601 97.4521419398 63.7871345738 0.635731747922 2.87606297845 1.94093681082 0
276 11.0461962223 100.66015 62.48684 0.57932353 99.3198232598 64.9485536298 0.5937643173 2.80294662196 0.827396165156 0
279 11.0712869167 101.84252 63.245661 0.55317695 100.036728383 65.6170249809 0.572169876709 2.98064598589 1.08821454105 0
282 11.1079649925 103.2489 64.041483 0.52149049 100.897819925 65.7798286733 0.543729860598 2.92393967123 1.27422207431 0
285 11.0595531464 104.5021 64.838724 0.48902664 101.990462738 66.7107244778 0.548252994354 3.13252414614 3.39342014041 0
288 11.0614891052 105.89753 65.50297 0.45749312 103.050346319 67.7113211802 0.506581021689 3.6032304738 2.81252959195 0
291 11.1371560097 107.23441 66.106065 0.425495 104.582017036 68.4566988661 0.482624964683 3.54410327272 3.27330586006 0
294 11.1406838894 108.62185 66.694881 0.38650919 106.030506424 69.2511725034 0.432246345469 3.6400120577 2.62054597533 0
297 11.1140270233 110.08086 67.251857 0.35533208 106.743349042 69.6610127586 0.414303288874 4.11618887622 3.37880138128 0
300 11.089910984 111.50781 67.766864 0.33459052 108.554626287 69.6504753043 0.365035413193 3.50275400097 1.7443638877 0
303 11.0445020199 112.87691 68.182524 0.30685182 109.657271467 70.2591472429 0.325559434653 3.83124475579 1.07186736437 0
306 11.1379220486 114.36462 68.651393 0.28808498 111.339939143 71.1749015474 0.310861003499 3.93913565057 1.3049700206 0
309 11.1104238033 115.83449 69.001579 0.25083859 112.647355408 71.0468912762 0.279022504819 3.78696834073 1.61481936927 0
312 11.1700820923 117.19736 69.329841 0.23044123 114.565969325 72.1562694685 0.253080785798 3.86172432599 1.29715099727 0
315 11.0980820656 117.78731 69.484411 0.20147117 115.161209345 72.5200019956 0.256301148734 4.01387809299 3.14152637227 0
318 11.0812439919 116.42938 69.228806 0.13415298 114.399205637 72.2012993963 0.210898964899 3.59962844422 4.39722102931 0
321 11.1472511292 114.80773 69.128985 0.0979988 113.340797594 71.5632179836 0.189057529365 2.84207334584 5.21728088043 0
324 11.1770792007 113.35769 69.056433 0.067460522 111.535500699 71.3048089818 0.137529807284 2.89405742927 4.01467432026 0
327 11.105214119 111.81488 68.96352 0.032275621 110.597042735 70.6882222035 0.12540512487 2.11133258751 5.3359275199 0
330 11.055629015 110.29576 68.94659 -0.0039959963 108.826470287 71.0120757621 0.0875546612384 2.53476699022 5.2454662886 0
333 11.0492999554 108.74459 69.016615 -0.039899491 107.497160514 71.3659455265 0.0341655041733 2.65996884282 4.24361163309 0
336 11.0984399319 107.27384 69.125159 -0.081381225 105.657452716 71.3441514841 0.00909463045926 2.74529333495 5.18388466565 0
339 10.9900398254 105.77123 69.311189 -0.11875782 104.24266228 71.8050122571 -0.0270700468558 2.92500832678 5.25332243412 0
342 11.0835719109 104.23308 69.487176 -0.13593074 102.917311262 71.897775104 -0.0660797716163 2.74631305784 4.00216568329 0
345 11.0770168304 102.67844 69.809947 -0.17996689 101.394956638 72.5283899327 -0.102183125204 3.00620383832 4.45668143743 0
348 11.155369997 101.19539 70.111952 -0.20894349 99.6653614346 72.4291538478 -0.116194824846 2.77676283003 5.31410706882 0
351 11.1192970276 99.695937 70.47501 -0.24032587 98.0633599968 72.9029722519 -0.15582179929 2.92580046623 4.84172660334 0
354 11.0628499985 98.200311 70.897104 -0.28344925 96.9955169968 73.5429307919 -0.208969457492 2.90721997842 4.26737776973 0
357 11.1336410046 96.614615 71.415819 -0.3144709 95.4402130995 73.9050909616 -0.243820754933 2.75239799502 4.04795513434 0
360 11.0903830528 95.216051 71.909445 -0.34657274 93.9297375122 73.9926967378 -0.262136848356 2.44837501045 4.83782023063 0
363 11.1785421371 93.790761 72.497598 -0.38120404 92.0125204241 74.6117272547 -0.310888808159 2.76254991836 4.02876601995 0
366 11.1817631721 92.417114 73.016357 -0.35870282 90.51823112 74.8009038776 -0.275240144731 2.6058326405 4.78205903981 0
369 11.2122950554 91.055309 73.519772 -0.33819517 89.3780249013 74.1581999612 -0.209547910437 1.79467885967 7.37094501888 0
372 11.2127931118 89.614615 74.074076 -0.31837694 88.2527614264 75.4720463582 -0.213199359995 1.95165731577 6.02623143368 0
375 11.175673008 88.314109 74.556366 -0.29979055 86.7637382731 76.0715536625 -0.208347707602 2.16781988261 5.23928893607 0
378 11.1998460293 86.88131 74.994533 -0.2764152 85.0000034244 76.1252216248 -0.157536118682 2.19494218546 6.81126963191 0
381 11.1586079597 85.443672 75.387112 -0.25727157 83.7417652881 76.2663447218 -0.134373400574 1.91560346495 7.04154641799 0
384 11.0986609459 84.055287 75.832526 -0.23267107 81.7738527607 76.1651632647 -0.0806917895587 2.30555627521 8.70777134272 0
387 11.2050609589 82.664555 76.128737 -0.22389476 80.6167103517 75.7576664091 -0.0399829161534 2.08119222734 10.5373724549 0
390 11.1206250191 81.173968 76.455415 -0.20673661 78.6708005116 76.8034124056 -0.020920692417 2.52724151384 10.6464678439 0
393 11.1103889942 79.819657 76.754609 -0.1833313 77.2723108595 77.8290573571 -0.030670326561 2.76467206587 8.74682947442 0
396 11.1871891022 78.325485 77.027059 -0.15611548 76.3670149635 77.7674392 0.00838462857229 2.09374490436 9.42516195064 0
399 11.1635420322 76.892215 77.264525 -0.13798763 74.822594645 77.9475673681 0.0293359299238 2.17942086121 9.58693379674 0
402 11.1391680241 75.420868 77.548324 -0.12557438 72.9382167946 77.5346865568 0.0774093570919 2.48268866099 11.6301114452 0
405 11.1768829823 73.926916 77.691819 -0.097717287 71.4429460343 77.2702747476 0.0925467186473 2.51948533378 10.9013245168 0
408 11.2046689987 72.448195 77.857208 -0.08052134 70.3799679423 77.1728059131 0.130572874295 2.17852458757 12.0948075588 0
411 11.1683108807 71.010734 77.97039 -0.05919809 69.2979423676 77.7056953617 0.137718680561 1.73312389271 11.2824998685 0
414 11.2009081841 70.665666 77.98114 -0.052809071 69.2611603547 78.8712747609 0.109072066163 1.66282169829 9.27510594222 0
417 11.139966011 70.65903 77.973391 -0.052747867 69.3991174988 78.940756354 0.138885876788 1.588450578 10.9798047314 0
420 11.1592400074 70.662549 77.975477 -0.051931253 69.3360732845 79.5660084294 0.117435808627 2.07106930149 9.70401781977 0
423 11.1701610088 70.657477 77.975804 -0.053730261 69.7445939607 79.6067395496 0.113433354528 1.8690388467 9.57776965788 0
426 11.1643438339 70.657208 77.964864 -0.053397677 69.60791157 79.9484208455 0.115423973157 2.24399660371 9.67276804442 0
