3 2.69105577469 31.520043 41.394881 -0.0070850614 131.661198008 105.517276468 2.96558761935 118.911448259 170.321598481 0
6 2.72019290924 31.529937 41.402987 -0.0081764059 110.600113966 34.2647395991 2.77453669506 79.3917342128 159.437716281 0
9 2.73846197128 31.522543 41.401068 -0.0068718684 61.7642412778 149.155366496 -0.414957612105 111.917599863 -23.3815907937 0
12 2.77413702011 31.528168 41.375423 -0.0049451513 61.5980140237 36.265060382 1.2446843067 30.5010072945 71.5984938987 0
15 2.73799610138 31.523843 41.397689 -0.0081913964 32.5289268321 13.6030716086 2.51833393272 27.8127839211 144.759238192 0
18 2.73215293884 31.52518 41.394772 -0.0077822512 126.363289061 91.3836570669 2.3996722944 107.206135834 137.936984832 0
21 2.72989487648 31.646202 41.400982 -0.0069641742 46.0749937516 50.847513995 2.42996637984 17.2460719627 139.625835713 0
24 2.71680903435 32.968315 41.348607 -0.0066445448 67.040759852 71.2569465763 -2.41618423693 45.3369636654 -138.056454929 0
27 2.76060795784 34.520488 41.363888 -0.010157874 59.2468498837 36.5014704613 -0.523367495505 25.1999221492 -29.4047453177 0
30 2.81640315056 35.981317 41.339656 -0.012968194 57.2913358634 17.7050849002 -1.66569171128 31.8231025363 -94.6940822423 0
33 2.74405694008 37.47125 41.3168 -0.01805047 90.4252823242 27.0987993283 -0.04513858476 54.8295639458 -1.55203465071 0
36 2.69469714165 39.051821 41.275587 -0.019803098 59.2890639712 63.1026392392 1.85644925087 29.7651845707 107.501340892 0
39 2.7148270607 40.609584 41.247017 -0.013659721 64.6989715391 50.9144762716 1.65757558888 25.9568557568 95.7547298296 0
42 2.73540997505 42.081473 41.279186 -0.014178183 135.911147435 139.921961778 -3.07960111116 136.1411217 -175.635796206 0
45 2.72504782677 43.552295 41.213208 -0.0092852628 80.0339938136 26.4498747213 3.11569261292 39.3556902852 179.04804335 0
48 2.75155997276 45.079977 41.189892 -0.010404952 46.0116467498 34.365149535 1.45561537848 6.88804168372 83.9967776167 0
51 2.76254200935 46.640834 41.096545 -0.012029947 41.0695590219 33.6396699613 1.42486425391 9.3082807341 82.3279733187 0
54 2.78538894653 48.21014 41.103056 -0.013219293 42.8353073387 37.693113989 1.32576893678 6.36525966915 76.7183743838 0
57 2.74949908257 49.69993 40.993437 -0.019411138 126.056477896 60.1655773917 1.68360923288 78.7267005134 97.5758796763 0
60 2.72104215622 51.221815 41.026894 -0.026800957 47.9961561369 42.4915299453 0.0477256883599 3.54260265248 4.27006224039 0
63 2.7503631115 52.707826 40.957156 -0.02058299 51.3359144853 41.9405980853 0.000277879386008 1.68798683033 1.19523977279 0
66 2.72306895256 54.31159 40.951842 -0.027308534 52.5837292473 42.2225359903 -0.0309674329145 2.14479975704 -0.209639465467 0
69 2.72257900238 55.778879 40.909196 -0.015002614 54.2546951872 42.1208670552 0.0719072681819 1.94712173257 4.979569447 0
72 2.72815895081 57.331901 40.836464 -0.018380323 53.6920908965 42.9691374381 0.0213034462873 4.21859142168 2.27371249534 0
75 2.73973298073 58.848313 40.76075 -0.022921269 57.3021010327 42.5588877427 -0.031111093128 2.37151234231 -0.46924235749 0
78 2.73375916481 60.388876 40.75568 -0.012358794 58.5942425771 43.0465534666 -0.0389063886044 2.91012205281 -1.52106512706 0
81 2.69637203217 61.86858 40.735896 -0.015077049 59.6832550413 41.8682963198 0.0345206180711 2.46129552455 2.84173699687 0
84 2.72100114822 63.333062 40.668539 -0.013920495 61.1275342258 41.1351503487 0.0194545606078 2.25434667106 1.91224982734 0
87 2.73328280449 64.876385 40.58717 -0.032109511 63.8876416422 42.1223217838 -0.0201960580521 1.82600778394 0.682590573343 0
90 2.72451591492 66.44697 40.579857 -0.020157695 65.2703536293 41.6416989971 0.0103312006573 1.58490836029 1.74688504318 0
93 2.70426297188 67.930314 40.55804 -0.02084507 65.7813932194 41.9290897639 0.0260744871736 2.54904648376 2.68829260267 0
96 2.75188922882 69.414343 40.447992 -0.021831497 67.8281913863 41.4735577882 -0.0230862849906 1.88882559476 -0.0718940560433 0
99 2.78520393372 70.999462 40.351868 -0.031419309 68.9381299162 42.0139331915 -0.0321963614889 2.64793328095 -0.0445218280743 0
102 2.74015498161 72.481812 40.325422 -0.028226015 71.7537163281 42.6046421921 -0.0312030172528 2.39269053397 -0.170569664689 0
105 2.73843216896 74.028193 40.279112 -0.026102315 72.8810490885 43.0757152947 0.0236006106115 3.02273537402 2.84776786699 0
108 2.67616915703 75.500101 40.224463 -0.026983514 74.2990342468 41.9945754483 0.0127326951025 2.13912585542 2.27557115983 0
111 2.74808001518 77.104162 40.159206 -0.035689283 75.9300770779 41.9819456278 0.00103613838806 2.16814555673 2.10421164638 0
114 2.75816988945 78.584191 40.097894 -0.03659834 77.4422511296 42.0392260262 0.00917694724493 2.25228699405 2.62273076513 0
117 2.73527097702 80.1084 40.071744 -0.024096447 78.5598928741 42.4899405835 -0.0239544411127 2.87150640529 0.00813633800797 0
120 2.77502393723 80.881063 40.047709 -0.06972902 78.6181297959 42.0708293156 -0.0527367260244 3.03543777688 0.973586729045 0
123 2.74578905106 80.819811 40.085383 -0.20196514 79.1060717053 41.5223693824 -0.179109605757 2.2364776398 1.30952565065 0
126 2.84752511978 80.673305 40.189426 -0.34415967 78.8599018737 41.6882705858 -0.3293556977 2.35265084336 0.848205132793 0
129 2.78715109825 80.559381 40.228255 -0.49611957 77.7104548082 41.4271243911 -0.481462628908 3.09090088213 0.839780865156 0
132 2.79974508286 80.474435 40.358509 -0.64523249 78.5904920585 42.6990607545 -0.644516629623 3.00456711063 0.0410157783046 0
135 2.75030899048 80.446897 40.445937 -0.81868337 78.7316425977 43.0643903403 -0.774370573478 3.13023889821 2.53893621912 0
138 2.82445883751 80.377523 40.602704 -0.97166139 79.4773931025 43.3673219558 -0.89759746319 2.90746389037 4.24355042039 0
141 2.80971097946 80.303277 40.677658 -1.1291983 79.9016889552 43.2915439293 -1.0364165076 2.64455527628 5.31600512034 0
144 2.80135893822 80.24067 40.836497 -1.2914427 81.179962032 44.3608778236 -1.2289006932 3.64740040454 3.583393032 0
147 2.7961909771 80.334643 40.99259 -1.4510482 79.1617691508 43.3870882139 -1.30772663611 2.66631857856 8.21172072416 0
150 2.8052918911 80.305505 41.173119 -1.6076845 78.394411128 44.0739551454 -1.45163274722 3.47377750152 8.94110681963 0
153 2.83715391159 80.260339 41.240273 -1.7630876 79.0093679911 41.8636547884 -1.61970775092 1.39768856305 8.21506021937 0
156 2.73821902275 80.351916 41.337649 -1.9138236 78.0431513701 41.340530822 -1.67556675264 2.3087664285 13.6511117939 0
159 2.83355903625 80.458888 41.424429 -2.0695544 78.4039384344 40.1435849701 -1.88920801634 2.42144154297 10.3330866343 0
162 2.73950195312 80.580246 41.530351 -2.2462491 78.6367886857 41.4362037934 -2.14018329077 1.94573637195 6.07712321973 0
165 2.7933678627 80.700832 41.575869 -2.3973477 79.6921608062 42.188663781 -2.30123384213 1.18022668197 5.50691840841 0
168 2.86223697662 80.863789 41.557834 -2.56541 78.981616056 43.0077884528 -2.02632465762 2.37590885906 30.8873149157 0
171 2.88253712654 80.910142 41.637692 -2.7112414 80.0449819006 42.6160761915 -2.45644646197 1.30603890586 14.5986745906 0
174 2.86430096626 81.000304 41.730578 -2.863125 79.6721305196 42.7709586714 -2.68793225988 1.68713862369 10.0378046103 0
177 2.81345891953 81.313486 41.614906 -3.0334876 79.8429476618 42.5126821446 -2.87073376111 1.72292919472 9.32510806771 0
180 2.88220500946 81.419836 41.643078 3.1037871 78.5589773483 42.0540887601 -2.92034731275 2.89023218271 14.8425229296 0
183 2.80999398232 81.472606 41.653948 2.9566422 79.8014110792 43.1798508948 -3.11869653436 2.26302278109 11.9087314086 0
186 2.7382838726 81.600227 41.551467 2.7956666 79.4629107638 44.6739804409 -3.12790638361 3.78394118377 20.6042684017 0
189 2.75590205193 81.705618 41.391179 2.6371497 79.1086772115 43.3072187132 2.89003530048 3.22727588557 14.4892776069 0
192 2.80433821678 81.817002 41.340993 2.4823985 78.5650278506 44.0855257359 2.78816193361 4.2553255818 17.518954275 0
195 2.749573946 81.903012 41.262396 2.332631 79.4395607721 44.9371518557 2.73214321163 4.42407307254 22.8903635902 0
198 2.82314515114 81.909487 41.089487 2.1583794 80.3176709225 42.9083193219 2.33903370765 2.41702905234 10.3507293794 0
201 2.77929806709 81.924053 40.998223 1.9975831 81.2095541443 43.7159712571 2.13957278044 2.81010039035 8.13540942341 0
204 2.86429691315 81.960862 40.844259 1.8446809 79.8519196837 44.043423973 1.954730688 3.83174819343 6.30538838899 0
207 2.732391119 81.927588 40.703608 1.6857979 80.8148850068 44.938891337 1.86209498837 4.37901049276 10.1010791042 0
210 2.71853113174 81.924928 40.686406 1.5459903 80.3425034183 44.1677512194 1.7915498278 3.82411193524 14.069524562 0
213 2.79577088356 81.81851 40.588718 1.3660151 81.6429279559 43.7660478795 1.68654184029 3.18217759046 18.3648294399 0
216 2.71797513962 81.824065 40.431016 1.2110526 81.3178547207 45.3187824564 1.55642609383 4.9139098261 19.788443552 0
219 2.73432993889 82.277545 41.390368 1.1504821 81.2028365782 47.0578111156 1.42740335192 5.76844083444 15.8664189927 0
222 2.69319009781 82.927041 42.739254 1.1137092 81.9069850827 48.4092260057 1.37165494345 5.76099788402 14.7792024433 0
225 2.70339107513 83.677797 44.09726 1.084748 81.9559199428 46.5997511374 1.25659052645 3.03765081819 9.84585150634 0
228 2.73205900192 84.372874 45.412874 1.0478677 80.3367303361 54.2214502358 1.54901315223 9.68924511908 28.713519335 0
231 2.76128005981 85.159381 46.677356 1.0274995 82.5366252917 49.4234421248 1.1741836472 3.79734598242 8.40438255599 0
234 2.81970906258 85.928298 47.908079 0.99952116 84.0054732078 50.5894430101 1.12890601585 3.29954059469 7.41320617321 0
237 2.79199886322 86.76373 49.194484 0.95689161 85.4566484908 51.7379483028 1.09592291467 2.85966304506 7.96590697775 0
240 2.77339291573 87.649962 50.387631 0.93226665 86.2939484235 52.3782675007 0.990437581662 2.40861090622 3.33294887459 0
243 2.74839282036 88.570925 51.559268 0.90792052 86.9964605452 52.4719661053 0.936535151178 1.8198780593 1.63949759882 0
246 2.77752399445 89.47196 52.652014 0.8832857 82.0066033638 58.5803653318 1.34912112321 9.53293759649 26.6904036977 0
249 2.74481391907 90.492516 53.754021 0.83763364 80.6259451295 58.5291863572 1.27686553564 10.961360542 25.1661338479 0
252 2.7400560379 91.498687 54.898001 0.81217592 82.5856381964 59.8844631145 1.31094669175 10.2130917648 28.577460166 0
255 2.71654701233 92.568948 55.94073 0.78340538 81.9127314207 60.7330646077 1.225474488 11.6842382198 25.3286941413 0
258 2.7175078392 93.547241 56.960456 0.75288469 90.8135112348 59.7244384758 0.875827484551 3.8875284637 7.04410324934 0
261 2.73730802536 94.620679 57.928363 0.72990952 91.0302352678 60.404026108 0.822993878074 4.36121474113 5.33334085633 0
264 2.72771596909 95.770396 58.899507 0.6896339 93.7954405675 61.5303382735 0.787256486053 3.28963860477 5.593362166 0
267 2.74592208862 96.962501 59.840194 0.66858365 92.9028724871 62.4138936663 0.748959839774 4.8067154727 4.60521644737 0
270 2.70104289055 98.232224 60.772339 0.64204005 95.5679328818 63.5053628199 0.713290252231 3.81678744006 4.0823358773 0
273 2.68939995766 99.416545 61.686454 0.60185601 97.6116198287 64.0938278543 0.643812553902 3.00885422517 2.40393288854 0
276 2.72011399269 100.66015 62.48684 0.57932353 100.484020954 65.4600780993 0.577670396752 2.97845030783 -0.0947175580571 0
279 2.70089697838 101.84252 63.245661 0.55317695 100.988428942 65.4237797459 0.588666315146 2.33958817036 2.03339084046 0
282 2.81082510948 103.2489 64.041483 0.52149049 100.573184243 65.6128184596 0.530796947055 3.10299048345 0.533220711448 0
285 2.7669301033 104.5021 64.838724 0.48902664 101.637787951 66.0498297622 0.51911164004 3.1098329024 1.72374352897 0
288 2.80055403709 105.89753 65.50297 0.45749312 103.869351736 67.3881333667 0.547133241479 2.76899765089 5.13600063579 0
291 2.72677016258 107.23441 66.106065 0.425495 105.294255352 68.7952208075 0.518836862364 3.31598537625 5.34809476532 0
294 2.73262310028 108.62185 66.694881 0.38650919 105.812058024 69.5661571241 0.483968285967 4.01735703275 5.58399487407 0
297 2.75230407715 110.08086 67.251857 0.35533208 105.769439432 69.9952599985 0.463160592986 5.11024532918 6.17811870529 0
300 2.75175619125 111.50781 67.766864 0.33459052 109.076739385 69.1453216918 0.419302916493 2.79468244028 4.85366279149 0
303 2.77345895767 112.87691 68.182524 0.30685182 109.109953007 70.5152918707 0.31681888787 4.43077543188 0.571070923045 0
306 2.83918404579 114.36462 68.651393 0.28808498 111.143643839 71.5449260409 0.345684194163 4.32980610307 3.30019187484 0
309 2.77776813507 115.83449 69.001579 0.25083859 113.542063599 72.3332436603 0.280008006754 4.0441572934 1.67128447085 0
312 2.74239897728 117.19736 69.329841 0.23044123 114.661263463 72.0959558823 0.293538764199 3.75275594566 3.61522240727 0
315 2.73580288887 117.78731 69.484411 0.20147117 116.172181947 72.620612834 0.246525561691 3.52766219618 2.58142649244 0
318 2.72712182999 116.42938 69.228806 0.13415298 115.269418676 71.8411257643 0.233237574159 2.85827304906 5.6771290601 0
321 2.72422814369 114.80773 69.128985 0.0979988 113.936942686 71.332421751 0.211518465664 2.36926234544 6.50419773426 0
324 2.68254709244 113.35769 69.056433 0.067460522 111.045352911 71.3804359268 0.186000395723 3.27839784273 6.79183446832 0
327 2.78421187401 111.81488 68.96352 0.032275621 110.574989721 70.7238464202 0.21151175572 2.1531551293 10.2694740557 0
330 2.70122385025 110.29576 68.94659 -0.0039959963 108.97208738 71.2122819728 0.0972953614289 2.62401778217 5.80356729901 0
333 2.69406604767 108.74459 69.016615 -0.039899491 107.298813914 71.6428529234 0.0338396689066 2.99789828426 4.22494264749 0
336 2.68696498871 107.27384 69.125159 -0.081381225 105.68990015 71.3087830139 0.0483203849074 2.69760621358 7.43135484374 0
339 2.6954228878 105.77123 69.311189 -0.11875782 104.212202001 71.3659264871 0.00650837647433 2.57924687522 7.17722437364 0
342 2.75001096725 104.23308 69.487176 -0.13593074 102.92758527 72.3774631736 -0.0495171618729 3.17144705689 4.95113331931 0
345 2.71240091324 102.67844 69.809947 -0.17996689 102.616609227 72.5201969489 -0.0706561459219 2.71095515084 6.26304429111 0
348 2.8513469696 101.19539 70.111952 -0.20894349 99.2965375905 73.1212988599 -0.134980823568 3.55834357481 4.2377486281 0
351 2.81621098518 99.695937 70.47501 -0.24032587 97.5778034954 73.0277135554 -0.135424805016 3.31704461609 6.01038828999 0
354 2.80208396912 98.200311 70.897104 -0.28344925 97.7741524795 73.1689381527 -0.171584043691 2.31145873896 6.40940419587 0
357 2.76419520378 96.614615 71.415819 -0.3144709 95.8882323486 73.8594047387 -0.223004843252 2.54926323059 5.24061902037 0
360 2.70644903183 95.216051 71.909445 -0.34657274 94.0494939635 73.2480553266 -0.188324607074 1.77559368263 9.06695013249 0
363 2.72980594635 93.790761 72.497598 -0.38120404 91.8392686794 75.2336860505 -0.295672742211 3.3607291021 4.9005823796 0
366 2.7752199173 92.417114 73.016357 -0.35870282 90.8075551848 74.1025775484 -0.23251700345 1.94179161072 7.22991472275 0
369 2.81060099602 91.055309 73.519772 -0.33819517 90.232117996 74.1129218173 -0.20551108914 1.01462807708 7.60223784185 0
372 2.88007712364 89.614615 74.074076 -0.31837694 88.3093474109 75.6144316679 -0.197122122428 2.01901437906 6.94738929248 0
375 2.74440002441 88.314109 74.556366 -0.29979055 86.9319878987 76.5125966992 -0.231076660759 2.39522384904 3.93701584742 0
378 2.78181004524 86.88131 74.994533 -0.2764152 85.0750567639 76.4908745105 -0.186634127788 2.34554656081 5.14407651788 0
381 2.78330898285 85.443672 75.387112 -0.25727157 83.8525603587 75.3224291692 -0.0650551368089 1.59242586133 11.0131903749 0
384 2.79632592201 84.055287 75.832526 -0.23267107 81.4315018067 74.9580606584 -0.00385729848541 2.76567141476 13.1100634023 0
387 2.73512601852 82.664555 76.128737 -0.22389476 81.1754416402 75.5311826661 -0.0154169847541 1.60453413183 11.9448966439 0
390 2.73002290726 81.173968 76.455415 -0.20673661 78.1518474585 77.3444535328 -0.0484419789782 3.15017492853 9.06961427713 0
393 2.79275584221 79.819657 76.754609 -0.1833313 76.8165704916 77.3943366659 0.0257194861774 3.07046902987 11.9777277519 0
396 2.71397781372 78.325485 77.027059 -0.15611548 75.7471294193 77.8540983968 0.0384077549953 2.7077502958 11.1453603825 0
399 2.7253921032 76.892215 77.264525 -0.13798763 73.8272553255 77.6773385091 0.058733696816 3.09263525164 11.2713017668 0
402 2.95734906197 75.420868 77.548324 -0.12557438 71.7267165641 77.400460601 0.093732999792 3.69710946771 12.5653872782 0
405 2.8356719017 73.926916 77.691819 -0.097717287 71.4585252371 77.1703841129 0.0898329576852 2.52286489924 10.7458374671 0
408 2.86621308327 72.448195 77.857208 -0.08052134 71.1369041009 76.9137266391 0.154805991851 1.61543829979 13.4832629192 0
411 2.69540405273 71.010734 77.97039 -0.05919809 69.8665380184 78.0826883451 0.109693089109 1.14969359511 9.67675175994 0
414 2.70182108879 70.665666 77.98114 -0.052809071 69.8204739515 79.0618606574 0.155708450567 1.3719718431 11.9471739403 0
417 2.77176094055 70.65903 77.973391 -0.052747867 70.5069131753 79.2157512477 0.155726711575 1.25163833168 11.9447134881 0
420 2.78162813187 70.662549 77.975477 -0.051931253 69.5641702055 81.0617197119 0.0453463561797 3.27587088469 5.57359644712 0
423 2.77781105042 70.657477 77.975804 -0.053730261 69.818109569 80.0253966176 0.138859924636 2.21480644355 11.0346048126 0
426 2.74115514755 70.657208 77.964864 -0.053397677 70.0462006076 80.8137136447 0.0593792951346 2.91363592987 6.46164452958 0
