3 6.20449495316 72.513547 45.80148 1.6808269 31.323359162 94.9389560199 2.47814066388 64.1180405482 45.6827136178 0 0.002
6 6.34332609177 72.505015 45.806851 1.6805552 102.098161962 87.7658618343 -2.23186695192 51.3450380981 135.834723022 0 0.002
9 6.4105629921 72.51553 45.801787 1.6811119 130.113445479 10.7888258192 1.27618092646 67.40495025 -23.2008357781 0 0.006
12 6.26044917107 72.511327 45.798497 1.6805172 116.941371489 54.4316384175 1.45847082266 45.2610205809 -12.7223202776 0 0.004
15 6.26625919342 72.518426 45.80176 1.6806948 45.7487250289 74.6014537636 2.55323666484 39.3197056316 49.992966304 0 0.006
18 6.27032113075 72.509508 45.806599 1.6825332 77.7791420704 36.3735897042 -1.37414954916 10.8051241367 -175.135020837 0 0.004
21 6.28746294975 72.510969 45.800989 1.6811293 42.9043060098 90.4682546139 -2.62342790502 53.5884232912 113.367039479 0 0.008
24 6.25062513351 72.522343 45.818169 1.6838228 11.1824185693 98.6994086886 -0.63048603473 80.9877264785 -132.60012872 0 0.006
27 6.24083805084 72.508499 45.799812 1.6808804 102.973174006 51.4909074548 -0.788244648554 30.991692285 -141.470444372 0 0.008
30 6.27735614777 72.523901 45.815543 1.6832165 84.2590745559 135.921890681 -2.31527659948 90.8673109031 130.903220988 0 0.004
33 6.24016904831 72.511009 45.802779 1.6808191 83.5297097526 115.377747663 0.0314467665488 70.4420899086 -94.5020735524 0 0.004
36 6.39345192909 72.527172 45.853315 1.6851825 122.028539655 59.9673823113 1.11032320461 51.4741905791 -32.9370114398 0 0.01
39 6.27029395103 72.188088 49.017093 1.6798669 81.4180132358 128.958747501 2.27262756684 80.4727260888 33.9626844713 0 0.008
42 6.26669001579 71.804616 53.279503 1.6643548 126.420038273 141.51609148 0.250876506961 103.771575572 -80.9863406245 0 0.01
45 6.22766304016 71.568933 57.324136 1.642571 112.134706528 77.7633025063 1.36110509276 45.4240190801 -16.1268085618 0 0.01
48 6.25977087021 71.37336 61.652431 1.6431927 103.342956211 82.5831744501 -2.81717641478 38.2119235744 104.439674653 0 0.006
51 6.22256803513 71.165072 65.844712 1.6344026 48.686023752 95.4487517141 -0.999450251516 37.1713165967 -150.90865225 0 0.014
54 6.26227498055 70.960331 70.343426 1.6128178 101.640889346 72.2242150057 -2.85711880107 30.7381526393 103.891498068 0 0.008
57 6.27738499641 70.885213 74.631613 1.6236159 69.5616517105 40.2829574595 0.371191938109 34.3741465629 -71.7586071774 0 0.004
60 6.24619293213 70.832043 79.069602 1.6124517 93.5076751686 77.8331592937 -2.96525238313 22.7093171366 97.7168761769 0 0.008
63 6.25127196312 70.841819 83.283634 1.5826474 14.0821975345 124.819402749 1.80628053503 70.3340224534 12.8132347968 0 0.01
66 6.20976209641 70.897044 87.066595 1.5142468 28.3954033334 61.2698786115 1.34854647598 49.7178040121 -9.49392923006 0 0.006
69 6.21609115601 70.898205 87.488163 1.2381173 126.885765886 117.420210306 0.828999818714 63.4864901371 -23.4407050027 0 0.006
72 6.23313784599 70.648486 87.373684 0.94938085 47.0327058184 129.780139736 2.17640470046 48.5387737965 70.303287993 0 0.012
75 6.21347689629 70.490448 87.162959 0.64684814 48.1784375691 71.5609205107 -2.26343369658 27.2258960273 -166.74686643 0 0.018
78 6.27088809013 73.090524 88.460194 0.4660111 77.9062987747 101.528950152 -0.432946329542 13.9278165572 -51.5064666747 0 0.008
81 6.32214593887 76.750616 90.291223 0.4640309 47.1455121387 109.424384414 3.08379962851 35.2496814217 150.101691444 0 0.01
84 6.3114259243 80.704264 92.172539 0.45240664 86.826281685 90.1159865275 -2.07783315438 6.45821249319 -144.972061374 0 0.012
87 6.16118407249 84.637734 93.972859 0.42386385 56.7194648357 107.170842731 2.5488016151 30.880682112 121.749965668 0 0.026
90 6.1985809803 88.678811 95.730817 0.41656148 55.7999785104 108.091421224 2.1588993191 35.1255201054 99.8286046663 0 0.014
93 6.21778988838 92.647535 97.41769 0.40779386 85.856841629 114.578286911 2.1364284923 18.4553407665 99.0434687507 0 0.016
96 6.23779892921 96.759828 99.128022 0.39320766 88.1619151644 136.986530219 2.07209827666 38.8225546518 96.1933465986 0 0.026
99 6.23095607758 100.07577 100.58602 0.32958371 84.6156502454 138.304638824 2.32129577202 40.7640712986 114.116695159 0 0.012
102 6.28976106644 100.12714 100.52966 0.1390585 82.8233994837 141.097166191 1.62824192374 44.1037639487 85.3239251013 0 0.028
105 6.48833012581 100.08551 100.52401 -0.14356162 96.828300412 103.684109738 -0.156762412195 4.53824246306 -0.756349678994 0 0.032
108 6.30249094963 99.772178 100.71077 -0.40700642 96.0883179897 103.200143292 -0.225917065729 4.44609985976 10.3756557145 0 0.022
111 6.26342082024 99.760338 100.7618 -0.66729138 81.7712160684 122.601624238 0.928557679517 28.2946360753 91.4354158502 0 0.026
114 6.2713971138 99.638101 100.95548 -0.8821311 12.814615055 69.1348121684 1.92454154344 92.4709284742 160.810496944 0 0.04
117 6.45961499214 99.549051 101.11221 -1.1251977 97.7646090148 104.440659854 -1.24983431188 3.77661377803 -7.14115183349 0 0.022
120 6.24561905861 100.80276 98.46873 -1.1938854 98.8757046017 98.936659853 -1.05416508269 1.98305341718 8.00538449431 0 0.018
123 6.35485386848 102.35582 94.496879 -1.1822805 99.291888985 96.5066039361 -1.08279578132 3.66424174744 5.70005450656 0 0.076
126 6.3096511364 103.84912 90.431736 -1.1842505 101.494496642 92.3819163156 -1.14153107037 3.05736069558 2.44764302089 0 0.094
129 6.23385286331 105.46668 86.336829 -1.1831903 103.745399121 88.2369749631 -1.1852515526 2.5638569668 -0.118101074755 0 0.11
132 6.26703500748 106.96067 82.891423 -1.1821311 105.250473138 84.2496676213 -1.15381433323 2.18394179388 1.62243122525 0 0.174
135 6.27043509483 108.13488 79.987125 -1.1809983 106.69597945 81.017997871 -1.11795830016 1.77006600663 3.61192593138 0 0.266
138 6.25701904297 109.11096 77.465416 -1.174964 107.72091547 79.1119779753 -1.12447059837 2.15485269427 2.89305880638 0 0.358
141 6.2411699295 110.00241 75.115832 -1.1797573 108.703369053 77.232623255 -1.15041834289 2.4836087856 1.6809984176 0 0.408
144 6.23749303818 110.9669 72.896666 -1.1819268 110.290928058 75.0138693438 -1.12347039296 2.22249590883 3.34930540908 0 0.386
147 6.22167301178 111.79529 70.750926 -1.1680053 109.497074275 73.7611423463 -1.16230928248 3.78724147209 0.326357764123 0 0.34
150 6.23171806335 112.62755 68.634671 -1.166408 110.001635489 71.5423679923 -1.16644719528 3.91792404426 -0.00224572425482 0 0.41
153 6.25470399857 113.50263 66.493746 -1.1746568 111.382468584 69.2363640659 -1.16876978999 3.46656000738 0.337300827463 0 0.512
156 6.36773896217 114.39844 64.423702 -1.1690506 111.828460506 67.7261536259 -1.14019249357 4.18461244785 1.65344770336 0 0.47
159 6.5858540535 114.9392 62.935672 -1.1627449 113.920652304 65.2810118291 -1.14429669204 2.5569627143 1.0570044558 0 0.538
162 6.4004099369 115.58582 61.52951 -1.1720902 114.303908607 64.3975874644 -1.1445146933 3.1415227458 1.57996015207 0 0.528
165 6.30776500702 116.16312 60.165609 -1.1710096 114.681556009 63.9991782081 -1.12664552195 4.10990081795 2.54187443429 0 0.506
168 6.25407099724 116.71267 58.758483 -1.1690165 114.350446925 61.6726346215 -1.14086239445 3.75131677301 1.61311142375 0 0.542
171 6.35467720032 117.29804 57.404001 -1.1730259 114.949558871 59.9520653967 -1.17445856266 3.46525551451 -0.0820855240018 0 0.506
174 6.24889993668 117.3062 57.346669 -1.1782941 114.779788061 60.4848213338 -1.17283539998 4.02874141058 0.3127604729 0 0.492
177 6.36697292328 117.30973 57.394113 -1.1925087 114.734823301 60.7938910927 -1.25114274517 4.26481366388 -3.35948332384 0 0.434
180 6.32922196388 117.3509 57.478875 -1.2542253 115.111142197 60.7878959085 -1.2980203546 3.99576455605 -2.50927179191 0 0.518
183 6.28896188736 117.31554 57.561663 -1.3141336 115.091307374 60.4577920637 -1.37175506698 3.65168102758 -3.30146686716 0 0.462
186 6.39480996132 117.31761 57.625945 -1.389572 115.087947315 60.1412980432 -1.42682566523 3.36130876596 -2.13447778905 0 0.446
189 6.34733700752 117.34247 57.653648 -1.4539696 113.660453613 60.0307399605 -1.45815855834 4.38267165798 -0.240009633709 0 0.354
192 6.29259181023 117.36058 57.739095 -1.5147103 116.345592179 61.1634517671 -1.54093755267 3.57161301726 -1.50271088601 0 0.394
195 6.32125687599 117.34118 57.80351 -1.5718326 115.947717656 59.8190291262 -1.60125404396 2.45031725542 -1.68572456603 0 0.328
198 6.38700485229 117.32521 57.826191 -1.6475747 115.008320278 59.8106534262 -1.66629661609 3.05058504297 -1.07268677664 0 0.318
201 6.3357129097 117.28663 57.948056 -1.7072698 116.118253857 60.1478932859 -1.68364796355 2.4908606735 1.35343153286 0 0.344
204 6.24718403816 117.37131 58.006137 -1.7818651 116.214329539 59.9518231733 -1.73628113024 2.26369133758 2.61176908045 0 0.292
207 6.29002904892 117.40314 57.989067 -1.8555926 116.230259985 59.9855907457 -1.79854231264 2.31554628476 3.26874068549 0 0.252
210 6.28575491905 117.02719 57.008887 -1.8977403 117.04880506 59.8600474962 -1.83077523771 2.8512424285 3.83681544423 0 0.234
213 6.36720013618 116.38504 55.250118 -1.9095407 116.089766516 57.2482284176 -1.8333791932 2.0198098107 4.36373290096 0 0.314
216 6.28824901581 115.67443 53.450651 -1.9075572 115.994350565 55.3377687444 -1.80960846176 1.91404350762 5.61204930996 0 0.322
219 6.24172186852 115.02136 51.574537 -1.9165104 114.682164705 53.2596092069 -1.88801603951 1.71887224393 1.63260659596 0 0.37
222 6.35764217377 114.35753 49.684701 -1.9233127 114.371448465 51.3768537874 -1.8959464178 1.69221002817 1.56797247092 0 0.38
225 6.38329696655 113.59486 47.870819 -1.9110101 113.536006907 49.9224303075 -1.89229951957 2.05245527201 1.07203729116 0 0.422
228 6.26358008385 112.87829 45.986656 -1.9118326 112.003773455 48.1607625002 -1.86858926505 2.34339886939 2.47766058468 0 0.274
231 6.2823741436 112.17059 44.128463 -1.9122248 110.911910599 46.3525190396 -1.9317547291 2.55552325385 -1.11898251168 0 0.244
234 6.34190511703 111.43202 42.277019 -1.9027456 112.629556286 41.746418267 -1.80831041836 1.30982071031 5.41073734545 0 0.304
237 6.30464792252 110.82393 40.37458 -1.9174412 110.223824039 42.3196838028 -1.93350493201 2.03557263889 -0.920384047267 0 0.302
240 6.29898691177 110.14399 38.567468 -1.912432 110.282179312 40.5845553758 -1.90060384904 2.0218154633 0.677703129565 0 0.292
243 6.24803781509 109.42625 36.696167 -1.9074722 109.171351618 38.5809739001 -1.88503583512 1.90196483557 1.28550901529 0 0.43
246 6.30286216736 108.96452 35.308972 -1.917648 108.325207865 37.9445360912 -1.90983278122 2.71199522211 0.447779051974 0 0.424
249 6.36602902412 108.91335 35.330429 -1.9171391 108.041814957 37.8235203963 -1.9490711523 2.64103730403 -1.82957182826 0 0.412
252 6.37470984459 108.9585 35.348205 -1.9450374 109.285875314 37.4034107685 -1.96547126619 2.08111637032 -1.17077429197 0 0.374
255 6.29430985451 108.97674 35.368834 -2.0165302 110.318824292 36.7052043718 -2.00997185251 1.89395776548 0.375765631491 0 0.344
258 6.37445497513 108.99865 35.397074 -2.0803106 108.738565975 38.3840186072 -2.11473114639 2.99824645195 -1.97215203688 0 0.396
261 6.56630802155 109.05048 35.474836 -2.159245 108.918300457 37.6016409558 -2.16988421791 2.13090843342 -0.609582283641 0 0.42
264 6.25778102875 109.09365 35.518169 -2.2238592 108.92981997 38.2986736547 -2.23423962248 2.78532698504 -0.594754397628 0 0.342
267 6.25859189034 109.14301 35.568827 -2.2920109 107.819662151 38.0521616283 -2.29958036058 2.81392970863 -0.433698144587 0 0.372
270 6.27909398079 109.24021 35.586114 -2.3597618 109.329083833 37.4450598708 -2.33329120885 1.86106913056 1.51665315389 0 0.356
273 6.31049489975 109.32691 35.57971 -2.4292889 109.775044412 37.7497415736 -2.40391669793 2.21582072416 1.45372009532 0 0.328
276 6.3180038929 109.34422 35.612178 -2.4970016 109.085963137 37.5107448789 -2.44423811777 1.91605135654 3.02312484429 0 0.326
279 6.255671978 109.45255 35.562283 -2.5751384 108.600738325 37.1945626 -2.50566370354 1.84117349036 3.98060688994 0 0.338
282 6.36863493919 109.51035 35.610832 -2.6455993 109.635278546 37.7851770737 -2.5276503273 2.17793104601 6.75797833333 0 0.308
285 6.30196499825 109.52669 35.619453 -2.7060079 110.153020923 36.9836867728 -2.61027860707 1.50114097002 5.48488446053 0 0.326
288 6.31009411812 109.56751 35.667144 -2.7779359 109.752767053 36.5974692729 -2.66820520556 0.94859121294 6.28710567422 0 0.294
291 6.32157802582 109.58407 35.725569 -2.8421247 111.147150239 35.6981029324 -2.72372463741 1.56332153404 6.78382388039 0 0.288
294 6.25505900383 109.62066 35.728072 -2.9074408 109.484600609 37.0591571651 -2.81533990183 1.33802087972 5.27699275456 0 0.246
297 6.30265188217 108.40689 35.538158 -2.9474042 108.82625231 37.9641482664 -2.81981133722 2.46196943913 7.31053253314 0 0.292
300 6.35078001022 106.63579 35.154474 -2.9731605 106.284637009 36.278793757 -2.89589046253 1.17788086794 4.42724703 0 0.322
303 6.22762799263 104.74277 34.838538 -2.9724974 104.204225249 36.9021012317 -2.91704205107 2.13267992454 3.17735744529 0 0.306
306 6.29518294334 102.71686 34.507066 -2.970186 101.874337719 35.7565703925 -2.87925336579 1.50701858691 5.21005616046 0 0.268
309 6.24495983124 100.87602 34.149296 -2.9774562 100.689527672 35.3425202378 -2.88765616165 1.20771001083 5.14516319768 0 0.308
312 6.38141298294 98.917573 33.856952 -2.9648121 98.6780891572 34.9663438913 -2.86446763573 1.13494620116 5.74931430036 0 0.316
315 6.37241315842 96.872255 33.519705 -2.9713846 96.1254191334 34.3617146669 -2.9196685963 1.12549726378 2.96310874529 0 0.42
318 6.36198306084 94.700759 33.157106 -2.9752463 93.9265722215 34.4633572642 -2.89597790722 1.5184391767 4.54174435501 0 0.34
321 6.29785919189 92.656194 32.878926 -2.9695623 91.9053573573 34.1554937917 -2.9252998056 1.48100674908 2.53605411978 0 0.314
324 6.30087280273 90.628889 32.525228 -2.9736018 90.6946304764 34.0955330172 -2.90342227157 1.57168056195 4.02099078724 0 0.418
327 6.26457285881 88.510396 32.191288 -2.9695852 87.5340553956 32.7993535772 -2.93657687626 1.15021072933 1.89123763916 0 0.4
330 6.2977039814 87.334812 32.006658 -2.9896435 86.1756918891 33.7200486327 -2.95446509468 2.06863889838 2.01557415483 0 0.464
333 6.28990602493 87.328365 31.983283 -3.0015998 86.1616415318 33.843699196 -3.04585682878 2.19599455226 -2.53574096289 0 0.392
336 6.30342197418 87.328448 32.00285 -3.0442403 86.7776989014 34.3292810552 -3.05837714781 2.39073336538 -0.809981715407 0 0.386
339 6.36164093018 87.480424 31.977098 -3.121648 86.5336243044 33.6717093348 -3.08413731398 1.94116903943 2.14920399537 0 0.278
342 6.40068697929 87.509332 32.088761 3.0972389 86.706395811 33.2635656869 3.12653319364 1.42298017413 1.67843938956 0 0.266
345 6.31229996681 87.537767 32.004513 3.0032565 86.5125217777 34.1013645659 3.03480575816 2.33407674577 1.80763933953 0 0.256
348 6.35424900055 87.588829 31.971963 2.902116 85.9661943267 34.0398180177 2.95859045217 2.62849151747 3.23574775987 0 0.218
351 6.34712314606 87.696053 31.883789 2.7788249 86.6690592943 33.587089873 2.90779393784 1.9889569969 7.38938155633 0 0.178
354 6.26011705399 87.777704 31.698119 2.6376296 86.4684634363 33.8726194922 2.9126929135 2.53822048767 15.7599669627 0 0.152
357 6.42144799232 87.896098 31.65995 2.4917922 86.2653742403 32.9200134704 2.74728412235 2.06082991292 14.6386088501 0 0.106
360 6.43920111656 87.958395 31.594625 2.366513 85.7243491054 35.4841726185 2.64913754476 4.4854812156 16.1931936018 0 0.096
363 6.28845596313 87.964094 31.460561 2.2184109 86.3191164838 35.1480918679 2.55797571653 4.03780075415 19.4556308583 0 0.12
366 6.3398039341 87.708527 31.831987 2.1125682 85.148636839 35.5154064015 2.33120275803 4.48560097692 12.5268374306 0 0.12
369 6.33570289612 86.721318 33.612273 2.0920166 84.6211431783 35.1244738591 2.17521101237 2.58795010001 4.76668870808 0 0.162
372 6.30640292168 85.724716 35.405361 2.0873093 84.5007423074 36.4861687725 2.06487010418 1.63286773542 -1.28567121644 0 0.132
375 6.37123298645 84.755772 37.248267 2.0862059 83.2091104217 38.5788132358 2.10542616033 2.04022433166 1.10123979806 0 0.202
378 6.3006169796 83.690185 39.149374 2.0868314 82.0069940481 40.5398174692 2.14342697459 2.18322349329 3.24268756314 0 0.222
381 6.39640307426 82.666747 40.97523 2.090975 81.1363816731 41.6173056745 2.12988131919 1.65960212272 2.22916788585 0 0.29
384 6.26235795021 81.635815 42.877142 2.0910396 80.4442011196 43.1505204771 2.07626974699 1.22257082895 -0.846250241495 0 0.284
387 6.2890150547 80.624097 44.699122 2.0805048 79.3207038398 45.3478606776 2.14837059049 1.45591744336 3.88842336839 0 0.31
390 6.36075901985 79.602515 46.546403 2.0762437 77.9484379687 46.8016594478 2.14251682369 1.67365667916 3.79717028256 0 0.364
393 6.2978758812 78.599692 48.40129 2.0808805 77.4316752557 48.0501449746 2.06265718979 1.21965812582 -1.04411876353 0 0.37
396 6.27588105202 77.532669 50.298142 2.0919608 76.1045798644 50.8942450201 2.10726498922 1.5475068303 0.87686545107 0 0.454
399 6.24776101112 76.53881 52.074716 2.0854653 75.4449037218 53.3859605644 2.12602014807 1.70762796096 2.32362163339 0 0.55
402 6.29481911659 75.533974 53.92833 2.0838411 73.5380378318 54.7783103718 2.09491523387 2.16938420296 0.634501132726 0 0.502
405 6.30250501633 74.451304 55.860797 2.0823704 72.8093469045 56.2845710015 2.13113117644 1.69576163057 2.79378669557 0 0.488
408 6.25841903687 73.464188 57.689364 2.0801622 71.4785992418 57.7006037545 2.12977193889 1.98562057019 2.84242866128 0 0.348
411 6.24991893768 72.461178 59.521835 2.0808323 69.9779578669 59.8368093974 2.12022002032 2.50311627788 2.25675013877 0 0.416
414 6.27391695976 71.469371 61.42577 2.0898858 68.9647100667 61.1770872661 2.08315577572 2.51697625986 -0.385601987393 0 0.402
417 6.51130700111 70.386885 63.322712 2.0827703 68.0017890595 63.87071598 2.11547022176 2.44724150987 1.87356750743 0 0.484
420 6.28139805794 69.38246 65.186025 2.0922796 66.8040583618 65.1961862323 2.14567094849 2.57842166029 3.05909893102 0 0.456
423 6.26004314423 68.400253 67.014087 2.0893798 65.5848067856 67.8624390382 2.1226932274 2.94048270982 1.90871879105 0 0.57
426 6.26829409599 67.30799 68.901204 2.089526 64.4485276294 68.9480375849 2.12331841 2.85984587579 1.93616247284 0 0.54
429 6.40207576752 66.315197 70.741557 2.0869248 63.9570176878 70.4883141332 2.12413970741 2.37173810067 2.13225712982 0 0.512
432 6.42505502701 65.281228 72.464006 2.0745737 62.8499367943 72.3613016974 2.13188043962 2.43345949232 3.28343431764 0 0.662
435 6.31084609032 64.283593 74.421326 2.0918621 61.1790684579 74.5640497465 2.10598433867 3.10780351704 0.80914467335 0 0.648
438 6.41085290909 63.28447 76.191493 2.091939 60.2242398664 75.7519530659 2.12493402101 3.09163449069 1.89047544874 0 0.66
441 6.40153622627 62.204887 78.125252 2.0893553 58.9959671098 77.9314017403 2.12049720171 3.21476978728 1.78429953409 0 0.64
444 6.32090902328 61.273659 79.948227 2.0960183 58.0087209158 80.2883371564 2.1189995616 3.28260500399 1.31672929759 0 0.678
447 6.3286819458 60.19879 81.787566 2.089809 57.1979278756 81.519474476 2.10845876141 3.01281372725 1.06855261758 0 0.688
450 6.2929558754 59.161438 83.629466 2.0974137 56.9883695735 83.2314083496 2.07639595039 2.20922526671 -1.20422834744 0 0.624
453 6.27880311012 58.11891 85.485673 2.0964985 56.0130141537 85.4059463252 2.08630498534 2.10740448373 -0.584045368316 0 0.61
456 6.31898999214 57.036783 87.336936 2.0992423 54.845731724 88.3312593235 2.07691953959 2.40611399686 -1.27899995849 0 0.58
459 6.2672700882 56.357629 88.602308 2.124456 54.6356293453 88.3930374739 2.11886875809 1.73466912226 -0.320125380456 0 0.636
462 6.32397198677 56.200217 88.720884 2.2094598 53.947221249 88.3435716546 2.22524688168 2.28437178668 0.904533150913 0 0.544
465 6.50922703743 56.199637 89.07416 2.3631742 53.3497116918 88.1976588926 2.35519171071 2.98166538258 -0.457362946253 0 0.404
468 6.26381897926 56.109511 89.161307 2.4869631 53.2834357139 87.6314893188 2.4795247894 3.21357179169 -0.426183804362 0 0.372
471 6.41648101807 56.023191 89.233423 2.608836 53.016669052 89.2472784055 2.61892210316 3.0065538738 0.577891142571 0 0.398
474 6.29464292526 54.873312 89.789936 2.6823278 52.0718476472 89.4485967152 2.69931615812 2.82218267078 0.973361220849 0 0.4
477 6.25387501717 52.997249 90.667048 2.6986067 49.7923418302 90.1078021564 2.72534384799 3.25333457867 1.53192573577 0 0.494
480 6.38733196259 51.122563 91.609157 2.7018871 47.3618731022 90.6643461256 2.7114536065 3.87755800674 0.548120446858 0 0.506
483 6.49915790558 49.137432 92.566213 2.7007601 46.7279953908 91.6665659242 2.70043219799 2.57191555745 -0.0187874012685 0 0.34
486 6.32688808441 47.308569 93.452781 2.7003868 44.9282935044 92.3557099937 2.70120158291 2.62093041261 0.0466836220481 0 0.464
489 6.34291696548 45.360782 94.336008 2.7008969 42.8202649657 93.7426894605 2.70807177083 2.60887977697 0.4110898173 0 0.568
492 6.26965785027 43.468079 95.251019 2.7064338 41.2375579027 93.709642532 2.70386863274 2.71128489498 -0.146973257579 0 0.49
495 6.36885714531 41.590918 96.131677 2.7064065 38.3028766735 95.051940215 2.72287646797 3.46078709103 0.943659653525 0 0.446
498 6.29262208939 39.606214 97.06058 2.704478 35.8330960438 95.9576129495 2.73444013268 3.93102472979 1.71670374798 0 0.536
501 6.32049798965 37.718719 97.944153 2.696243 33.7664207197 96.2372966089 2.71912449118 4.30511561238 1.31101287337 0 0.51
504 6.34447789192 35.769603 98.891663 2.7044976 32.9110276044 96.784814051 2.74246878454 3.55109360428 2.17558861709 0 0.538
507 6.56928801537 33.862509 99.822852 2.7013631 30.4121047205 97.3716903745 2.76838176653 4.2324322802 3.8398867408 0 0.45
510 6.25275397301 31.979521 100.73965 2.7066945 28.5402151888 98.5584945232 2.74798876821 4.07262368463 2.36598728666 0 0.47
513 6.37805509567 30.015598 101.64307 2.7044148 27.347869975 100.393038833 2.70753069008 2.94607378261 0.178527351034 0 0.342
516 6.60091090202 28.083667 102.5122 2.7038251 25.7694868453 101.327025126 2.71539877035 2.6000133211 0.66312246444 0 0.39
519 6.27641105652 26.231599 103.44351 2.6987262 23.193359637 102.132278185 2.70255909029 3.30911276606 0.21960843667 0 0.484
522 6.31804394722 24.326425 104.3449 2.7056645 21.6957448939 103.814930182 2.70501845218 2.68353234168 -0.0370158131735 0 0.442
525 6.30231595039 23.072168 104.95788 2.6888385 19.7350377413 104.433057387 2.69128164502 3.37814699779 0.139981898484 0 0.532
528 6.33725500107 23.059574 104.94595 2.6093304 19.1881184296 104.198575941 2.56196356994 3.94293497512 -2.71391945146 0 0.524
531 6.39693903923 23.148655 105.02795 2.4881616 19.2834268152 104.4937811 2.51182973992 3.90196429173 1.35608452608 0 0.48
534 6.28214001656 23.15609 104.97342 2.3614352 18.6917503533 103.839064688 2.34262685647 4.60620130424 -1.07763870366 0 0.456
537 6.25381803513 23.189116 104.80794 2.2179164 19.0595835808 104.179452624 2.20333163452 4.17708443579 -0.835645507239 0 0.51
540 6.56671690941 23.170444 104.45908 2.0515088 18.972515032 104.023560337 2.07713467648 4.22046028269 1.46825456847 0 0.444
543 6.64226293564 23.203193 104.36781 1.9241471 19.204764024 103.180860319 1.94265043063 4.17088525631 1.06016275188 0 0.354
546 6.38626694679 23.268475 104.40083 1.8086424 19.7114542881 103.93561904 1.83973441768 3.58731342124 1.78144138985 0 0.466
549 6.35339903831 23.269141 104.3114 1.6661585 19.4230944616 104.917264984 1.73143454153 3.8934748431 3.74004168281 0 0.406
552 6.33930182457 23.273746 104.22596 1.531085 19.6883631007 104.937090278 1.58113761484 3.65522595844 2.86780358404 0 0.408
555 6.21250200272 23.201513 103.9692 1.3630267 19.444050017 104.997389204 1.37304896619 3.89560022422 0.574233553589 0 0.396
558 6.3476729393 23.573375 105.47089 1.3112874 19.7548838898 105.948925715 1.34468264655 3.84829735124 1.91340668297 0 0.436
561 6.25744986534 24.091257 107.45193 1.3021436 19.3415669786 106.705660695 1.33072276209 4.80795935661 1.63746537002 0 0.26
564 6.39160203934 24.69734 109.54228 1.2971878 21.2883627848 108.590363324 1.31072876589 3.53938850814 0.775840196075 0 0.284
567 6.4451110363 25.24514 111.62222 1.291934 21.3497516706 111.398979592 1.30613813419 3.9017799165 0.813836940711 0 0.478
570 6.33631706238 25.838263 113.71051 1.2925571 22.2140570298 113.685221059 1.32747895724 3.62429419952 2.00087503253 0 0.498
573 6.35127401352 26.485855 115.66064 1.2984976 22.3877978015 115.862403374 1.33808324634 4.10302099206 2.26809046437 0 0.556
576 6.32593393326 26.666562 116.70228 1.2516028 22.2770903859 116.746374543 1.28655576274 4.38969308492 2.00265724625 0 0.576
579 6.42712402344 26.671044 116.66524 1.1445574 22.620692452 116.718218141 1.14896845879 4.05069800727 0.252735051888 0 0.512
582 6.30425000191 26.68282 116.71548 1.0360889 22.8627824885 115.800254435 1.00981572024 3.92814516325 -1.50534231471 0 0.488
585 6.39495110512 26.598988 116.54426 0.86252405 22.4938450159 116.126449435 0.867483610793 4.12635003225 0.284161901687 0 0.522
588 6.39350509644 26.490987 116.49462 0.72378221 22.6673951208 115.623956575 0.754693616594 3.9214677939 1.77109313667 0 0.518
591 6.449395895 26.414554 116.44154 0.58967497 21.8304274827 116.178459061 0.625156512658 4.59166935947 2.0329426449 0 0.444
594 6.46317505836 26.30131 116.37003 0.43724496 21.6947927716 116.40337679 0.496634650273 4.60663792633 3.40277859924 0 0.412
597 6.33215999603 26.176025 116.35464 0.31453037 21.4998844853 116.471251026 0.346044881104 4.67759427965 1.80564847965 0 0.434
600 6.30943894386 26.088883 116.46581 0.14702743 21.5338192493 115.594354305 0.252914949896 4.63767622867 6.06690799317 0 0.394
603 6.3207449913 25.977812 116.45377 0.019989929 22.0783765246 115.663522077 0.121526748047 3.9787044132 5.8176311966 0 0.39
606 6.27711796761 25.890585 116.45549 -0.11586106 21.8463504319 116.320761857 -0.0469637954868 4.04647808775 3.9475224766 0 0.344
609 6.27598786354 27.617035 116.21759 -0.13548047 24.7017673651 115.711708703 -0.0344966029958 2.95883444442 5.78594937825 0 0.372
612 6.23691511154 29.732468 115.90829 -0.14344069 25.8292299343 115.979809847 -0.102050529067 3.90389324724 2.37148153485 0 0.344
615 6.35308885574 31.744289 115.6014 -0.14068963 27.7167966593 115.109774802 -0.0806469406665 4.05738707669 3.44019268943 0 0.458
618 6.28908586502 33.87565 115.27561 -0.13567301 30.1658925994 115.04749799 -0.130109206784 3.71676405765 0.318782442319 0 0.482
621 6.25730800629 35.936054 114.9269 -0.14240112 33.0249674255 114.61564532 -0.0928855098665 2.92767903293 2.83703548066 0 0.528
624 6.23946499825 38.113735 114.67885 -0.14674677 34.4234848434 115.099408933 -0.132508302151 3.71413732044 0.8158041145 0 0.502
627 6.25672197342 40.163768 114.30534 -0.14012204 36.7204215239 114.756711449 -0.0955444414159 3.47280450641 2.5541082597 0 0.604
630 6.263463974 42.346763 113.98058 -0.16006212 39.2156782749 114.677882794 -0.0956202423206 3.20779094417 3.69224761493 0 0.604
633 6.29282784462 44.341947 113.67079 -0.15507802 41.4870293431 113.919328235 -0.0700573725678 2.86571563167 4.87132426933 0 0.566
636 6.41720294952 46.544067 113.30502 -0.15009707 42.9708379618 114.394753986 -0.0686865761916 3.73570420673 4.6644777033 0 0.622
639 6.39432787895 48.557097 112.97025 -0.14631805 45.0133512086 114.072741433 -0.0699835643565 3.71128301178 4.37364385867 0 0.62
642 6.37167215347 50.586062 112.64729 -0.14866611 47.5961682572 114.216588085 -0.0696694639484 3.37670861549 4.52617441445 0 0.61
645 6.34942579269 52.747394 112.3225 -0.14488479 49.8483836178 113.96860219 -0.0341211089543 3.33375368264 6.34629144725 0 0.62
648 6.39097094536 54.919709 111.95097 -0.14565598 51.2651279393 113.9494606 -0.0499107878578 4.16532440598 5.48579541842 0 0.604
651 6.30195116997 56.9199 111.70562 -0.14317608 53.777586905 113.946913719 -0.079237751834 3.85973174196 3.66339635304 0 0.556
654 6.30555295944 58.963864 111.32719 -0.14485493 56.4647285659 113.903410686 -0.0350249726975 3.58923263977 6.29279301753 0 0.526
657 6.30996894836 61.070196 111.0267 -0.15209978 58.1642416027 112.276514534 -0.132664145524 3.16332219796 1.11357982765 0 0.554
660 6.34267783165 63.25691 110.67843 -0.1447313 59.6919647475 111.89929854 -0.116703070019 3.76820310545 1.60589928513 0 0.632
663 6.26615786552 65.338645 110.4192 -0.14848438 61.6154083161 111.639366224 -0.122682426597 3.91807312559 1.47834303321 0 0.56
666 6.33637499809 67.412523 110.08404 -0.1445869 63.2324602223 111.487518843 -0.118356018733 4.40938518269 1.50291878948 0 0.692
669 6.16623497009 69.507235 109.73429 -0.15139682 65.9846005601 111.958553085 -0.0959110654171 4.1660892537 3.1790995607 0 0.688
672 6.3006310463 71.647859 109.39116 -0.14906575 67.9277659893 110.954037095 -0.0978797511933 4.03505598759 2.93274170178 0 0.704
675 6.31998491287 73.702975 109.06139 -0.1559357 69.7746799815 111.629670795 -0.108289231309 4.69335359803 2.72994156472 0 0.626
678 6.2191400528 75.754203 108.72815 -0.15045699 72.100605168 110.322127837 -0.12797638597 3.98616889543 1.28804373184 0 0.644
681 6.32277488708 77.860742 108.43703 -0.15243836 74.4148960804 109.651681649 -0.154461935096 3.65366018251 -0.115942312549 0 0.638
684 6.23363614082 79.97813 108.08555 -0.15170568 76.2357155781 108.718915321 -0.160200014167 3.79563134865 -0.486689497558 0 0.634
687 6.23395490646 82.120618 107.73965 -0.14888428 78.3065426296 108.945781675 -0.142204291522 4.00024056139 0.382735146986 0 0.652
690 6.35450696945 84.192494 107.42985 -0.14593359 80.9446656742 108.518063569 -0.143501419231 3.4252879594 0.139353120113 0 0.666
693 6.28628277779 86.28045 107.15458 -0.15823172 82.2378762783 108.203419209 -0.146469364935 4.17641784099 0.673933302372 0 0.598
696 6.31062984467 88.385341 106.75858 -0.15035877 84.5089764609 108.726413954 -0.102661695889 4.34724884393 2.7328410417 0 0.64
699 6.25266909599 90.512184 106.42958 -0.15443508 86.8985937568 108.531064366 -0.0989527321251 4.18022379628 3.17890437071 0 0.688
702 6.23847413063 92.541412 106.11165 -0.15857271 89.630258514 108.158511924 -0.0985932294369 3.55871582966 3.43657109365 0 0.672
705 6.30943489075 94.624435 105.7799 -0.14991569 91.0083503168 107.644580953 -0.0960255049359 4.06855053971 3.08768016135 0 0.624
708 6.27881789207 96.812614 105.41142 -0.16008539 93.3190331125 107.281000845 -0.128305808864 3.96237806815 1.82083587378 0 0.61
711 6.36512088776 98.833392 105.05687 -0.15857643 94.8240684993 106.902668121 -0.141119625816 4.41380172164 1.00020120354 0 0.574
714 6.2316839695 100.9283 104.72764 -0.15390186 96.074939561 107.074674553 -0.124889551465 5.39107398787 1.66228283297 0 0.418
717 6.27878522873 103.02648 104.38009 -0.15580909 99.0401637659 106.921599876 -0.123967154133 4.72757755834 1.82440853669 0 0.494
720 6.24457383156 103.56436 104.3046 -0.21764658 99.3825210184 106.497557586 -0.184418489583 4.72195301135 1.90382934218 0 0.464
723 6.28321695328 103.46604 104.39779 -0.32798619 99.7484615082 107.112281296 -0.305991161657 4.60313510965 1.26022229431 0 0.45
726 6.26705884933 103.43166 104.43448 -0.46455789 99.2357781208 107.02189333 -0.401701120268 4.92951645569 3.60142761948 0 0.444
729 6.28113889694 103.35806 104.51276 -0.60050128 99.0416324633 107.119374355 -0.546150154959 5.04241857374 3.11409007661 0 0.414
732 6.23220396042 103.30537 104.5712 -0.75278089 100.937821797 106.401899094 -0.667458100383 2.99278192785 4.88863574136 0 0.26
735 6.25994896889 103.24477 104.73622 -0.88717849 99.9920207651 107.15240944 -0.807544912626 4.0519561934 4.56266789106 0 0.266
738 6.32798218727 103.11543 104.83266 -1.0218313 100.184654019 106.23868566 -0.91371771809 3.25059317832 6.1944519515 0 0.304
741 6.23105096817 103.3336 104.43355 -1.1359167 100.008648179 106.636423874 -1.06885079875 3.98847814588 3.84259309113 0 0.322
744 6.22436499596 104.18264 102.5184 -1.1499809 101.043628755 104.534306649 -1.08181746118 3.73058590737 3.90547736159 0 0.34
747 6.37094593048 105.02068 100.61649 -1.1544373 103.050771079 102.789121448 -1.07702759638 2.93272374574 4.43524931074 0 0.374
750 6.46582484245 105.97315 98.645528 -1.1675657 104.227928895 101.32857109 -1.05612814932 3.20070569198 6.38490133345 0 0.478
753 6.25044512749 106.66644 96.709247 -1.154133 104.400657572 98.8063735831 -1.06324927483 3.08734674396 5.2072538789 0 0.474
756 6.23511505127 107.65453 94.805864 -1.1707179 105.371877081 97.414415454 -1.12254200243 3.46627249897 2.76027560481 0 0.49
759 6.19415903091 108.36584 92.821603 -1.1639211 105.49606441 94.4857583113 -1.09092362768 3.31738222656 4.18244707897 0 0.432
762 6.33577203751 109.18739 90.932737 -1.1605274 107.473211605 91.9026848348 -1.15380926263 1.96957009868 0.384920917366 0 0.458
765 6.31400918961 110.00551 88.971931 -1.1631703 107.647927093 90.6725671445 -1.10827698635 2.90695037101 3.14515519559 0 0.512
768 6.24309492111 110.83946 87.051439 -1.1600004 109.480582589 88.338991143 -1.11571279872 1.87198780448 2.53749263791 0 0.528
771 6.45940494537 111.68317 85.129972 -1.1502451 110.046573455 87.0756856445 -1.10712599539 2.54248890614 2.47054271032 0 0.614
774 6.21092700958 112.49307 83.177328 -1.1488654 110.805238534 86.397652127 -1.10633902565 3.63583037861 2.43658176807 0 0.568
777 6.24894595146 113.40329 81.226755 -1.149046 112.258198293 83.2470147119 -1.09563478987 2.32221539092 3.0602369192 0 0.59
780 6.21844696999 114.20236 79.347389 -1.1522317 111.726359471 82.3483812983 -1.13224110882 3.89056980344 1.14537650447 0 0.39
783 6.2550098896 115.10134 77.33273 -1.146946 113.052956992 80.1798118334 -1.12036092013 3.50738476821 1.52321287441 0 0.408
786 6.23326396942 115.87569 75.433999 -1.1405871 113.62123807 78.6424513514 -1.1185354653 3.92131610519 1.26346559972 0 0.384
789 6.22155284882 116.74641 73.521868 -1.1514597 114.652373123 76.3575519358 -1.12370240562 3.52506649925 1.59037581859 0 0.448
792 6.27392411232 117.66191 71.592443 -1.1472421 115.618626699 74.5636973141 -1.13614728313 3.60601703387 0.635686180948 0 0.324
795 6.32959198952 118.47567 69.543126 -1.1411103 116.884052442 71.9888831381 -1.1208605493 2.91804291063 1.16022525119 0 0.47
798 6.37578606606 119.32773 67.660396 -1.1493947 117.094118543 70.1685601237 -1.13763895833 3.35855734105 0.673554382465 0 0.462
801 6.25724697113 120.23613 65.736718 -1.1477983 118.843400375 68.4885580163 -1.1115418721 3.08420480556 2.07734029917 0 0.43
804 6.22243905067 121.05504 63.851108 -1.1435448 119.702198246 65.8762203484 -1.12286114372 2.43541800019 1.18508620956 0 0.576
807 6.2560942173 121.9387 61.889647 -1.1416966 120.333544883 64.4570692452 -1.13032962933 3.02790025153 0.651279445062 0 0.568
810 6.30620002747 122.75206 59.947854 -1.134592 121.202222626 63.0130091623 -1.109544486 3.43470115968 1.43511683936 0 0.58
813 6.22257304192 123.61313 58.017737 -1.1345099 122.764398718 61.6119484344 -1.10227652021 3.69306114532 1.84683662125 0 0.548
816 6.33344197273 124.50226 56.14403 -1.1250591 122.974398685 59.1156000429 -1.11699039379 3.34134534532 0.462302811779 0 0.568
819 6.25680184364 125.37031 54.195354 -1.1346431 123.714488315 58.0204087969 -1.11306706292 4.16806785594 1.2362158633 0 0.444
822 6.33339905739 126.19009 52.293812 -1.120627 124.640731543 56.2679082133 -1.08791765689 4.26543694609 1.87410731079 0 0.488
825 6.40476894379 127.09539 50.434417 -1.1252352 125.620687945 53.8797711347 -1.09405364153 3.74769412618 1.78657169899 0 0.586
828 6.34185886383 127.94916 48.435924 -1.125081 127.003402574 51.5252143639 -1.09167844668 3.23081600544 1.91382533028 0 0.602
831 6.26443195343 128.83417 46.49897 -1.1135569 127.371589144 49.6940678116 -1.11810438222 3.51394262719 -0.260551538792 0 0.546
834 6.27972197533 129.69028 44.561049 -1.1141866 127.614705479 47.6840914894 -1.13599729084 3.74985386174 -1.24966053335 0 0.508
837 6.345952034 130.6504 42.689185 -1.1179531 129.016268121 45.6505596334 -1.13663541598 3.3823256374 -1.07041785709 0 0.536
840 6.28593301773 131.56218 40.752166 -1.1133477 130.351409014 42.5697951651 -1.12328390292 2.1839739379 -0.569302491625 0 0.416
843 6.24266290665 131.80181 39.159633 -1.0655485 131.459755014 42.7342036317 -1.09707316645 3.59089916514 -1.80623033816 0 0.436
846 6.31828904152 89.526265 39.287264 -0.26055386 132.654831358 40.526990819 -1.08336700934 43.1463805977 -47.1437207849 0 0.486
849 6.29919791222 49.129117 22.860079 0.57174269 133.793966737 40.2089944611 -1.07626814057 86.4240802591 -94.4240651836 0 0.356
852 6.29137802124 45.693587 19.436118 1.0035584 133.867835415 39.270581743 -1.00476825479 90.3775637839 -115.068641203 0 0.118
855 6.28592395782 46.841947 21.209275 1.0214136 136.114090412 29.3478110085 -1.18835578573 89.6423524774 -126.6104595 0 0.024
858 6.3078289032 48.00008 22.972907 1.0079248 138.582612583 34.8449285971 -1.01869880916 91.3572115704 -116.116979467 0 0.008
861 6.32585811615 49.170996 24.731115 1.014741 40.9337574305 99.6252356205 -0.83983743511 75.345745751 -106.259517108 0 0.012
864 6.31391620636 50.349541 26.532036 1.0144485 42.9307284416 84.0895490406 -0.527914879563 58.0336633963 -88.3709121245 0 0.012
867 6.3622879982 51.518278 28.351001 1.0069992 107.131986179 50.9689087353 2.08453378404 60.0371075895 61.7381839446 0 0.01
870 6.35677480698 52.642563 30.101924 1.0170679 59.362346992 101.468237352 -2.66394691565 71.6819794535 149.093386738 0 0.032
873 6.30208206177 53.80357 31.912095 1.0183648 100.41957053 100.355460475 1.90360909476 82.8102999807 50.7207619277 0 0.01
876 6.29512190819 54.946688 33.671099 1.0064723 78.9894389034 106.626238672 0.799915239845 76.8147529816 -11.8348477755 0 0.012
879 6.26923394203 56.161659 35.476636 1.0152563 35.264777387 104.483490399 1.60366047075 72.1014952357 33.7130756321 0 0.018
882 6.37318897247 57.333476 37.252395 1.017552 122.014431162 47.1917099836 -1.10440677902 65.4401707137 -121.579282339 0 0.01
885 6.39691901207 58.434052 39.044555 1.0099164 55.4473096115 108.223825114 1.11149621269 69.2437148309 5.8200945509 0 0.01
888 6.24412798882 59.558673 40.733157 1.0155176 76.9295675551 89.5095541404 0.201016499401 51.7772623421 -46.6674754731 0 0.012
891 6.26451206207 60.829575 42.673596 1.0256616 81.3529993994 50.771333386 3.07682444711 22.0631887961 117.522974233 0 0.012
894 6.38408398628 61.938983 44.298725 1.0235902 36.2951580312 114.615811805 1.54107387684 74.84716732 29.6496306498 0 0.008
897 6.31353807449 63.08776 46.123861 1.0214801 80.8621585073 93.7652478232 -3.07672227901 50.8491000976 125.190300092 0 0.018
900 6.34445214272 64.233274 47.872937 1.026201 77.9256207075 94.2979402452 3.03685531433 48.4020793425 115.202006271 0 0.012
903 6.33972001076 65.367062 49.701179 1.0288308 62.4458442954 50.1121833343 0.98463105007 2.94998939664 -2.53245912651 0 0.014
906 6.26385998726 66.47055 51.411163 1.0247772 63.8489284723 53.0726847185 1.018989462 3.10379668404 -0.331612960462 0 0.026
909 6.28161716461 67.601685 53.206336 1.0345375 65.4742348089 54.7847787825 0.979889898387 2.64906133058 -3.13107693294 0 0.044
912 6.38685393333 68.713633 54.989386 1.0321621 65.7981014059 56.036438884 1.01545580575 3.09784509262 -0.957200152112 0 0.092
915 6.27875614166 69.889939 56.860516 1.0335194 66.777661274 59.0739945374 1.039445271 3.8191307754 0.33952739808 0 0.036
918 6.28696703911 70.97178 58.665246 1.0279054 69.0176887367 60.526636438 0.993749994266 2.6987491599 -1.95696059613 0 0.092
921 6.33787298203 72.083269 60.388926 1.0348295 69.260391066 61.7708326707 1.0360463943 3.14297723131 0.0697229074048 0 0.106
924 6.47558403015 73.21006 62.180545 1.0389104 70.1645108226 63.5731600995 1.03196390454 3.34884257724 -0.398004872054 0 0.14
927 6.3829460144 74.211219 63.966291 1.0279221 71.2372142091 65.4263502963 1.0377647024 3.31307676416 0.56393957719 0 0.186
930 6.29012107849 75.394113 65.876292 1.0355825 73.045690875 67.0424507115 1.03480953177 2.62202452651 -0.0442878174102 0 0.222
933 6.25703215599 76.475569 67.55587 1.0353462 73.5952761285 69.0946063631 0.987255621793 3.26554690987 -2.75538716559 0 0.272
936 6.27163505554 77.652303 69.425792 1.0395167 74.9394052015 70.4204201905 1.01184167552 2.88948087074 -1.58566210072 0 0.356
939 6.38473010063 78.72098 71.209083 1.0347632 75.786043699 72.3925117445 1.01141084353 3.1645465211 -1.3379914675 0 0.438
942 6.24831199646 79.923618 73.070281 1.0406815 77.4632721786 74.4307919771 0.994102908736 2.8114572164 -2.66875669506 0 0.482
945 6.39729404449 80.886825 74.813727 1.0240856 78.5921706075 76.2956526232 1.00524497453 2.73158238641 -1.0794883227 0 0.534
948 6.33953285217 82.003807 76.66259 1.0354781 80.1806558776 78.1601992573 0.995416953796 2.35938837476 -2.29533459996 0 0.502
951 6.37770199776 83.149971 78.458347 1.0359732 80.6349287632 79.3868751912 1.00785289688 2.68097035691 -1.6111746876 0 0.528
954 6.28316092491 84.209192 80.07724 1.046865 81.4626808283 81.3166566827 1.01501315954 3.0132171063 -1.82497602794 0 0.528
957 6.3150229454 84.421821 80.346791 1.1291589 81.6365392384 81.3320110814 1.13816776392 2.95439555584 0.516169881091 0 0.506
960 6.30041790009 84.549549 80.462185 1.2384433 82.325384898 80.9157878911 1.21720543267 2.26994747412 -1.21684016373 0 0.522
963 6.24262404442 84.477315 80.645515 1.377415 82.2282408124 81.0785534307 1.3405601593 2.2903835888 -2.11162682663 0 0.458
966 6.34590196609 84.491575 80.745704 1.5042297 82.2096373366 80.3690868482 1.47834647136 2.31280781273 -1.48299976145 0 0.458
969 6.2717590332 84.58151 81.604236 1.6242617 81.2682835759 82.2886580214 1.5757099275 3.38317939829 -2.7818116519 0 0.438
972 6.27253007889 84.52138 83.606555 1.6450761 81.0056103821 82.8260220835 1.61107831676 3.60137024476 -1.9479294925 0 0.532
975 6.23831486702 84.450105 85.633891 1.6510189 81.5064586236 86.6180440066 1.61883555737 3.10380591042 -1.84396970316 0 0.476
978 6.28814101219 84.288283 87.799076 1.6553182 81.1498912546 87.9261787341 1.61165695896 3.14096447805 -2.5016048397 0 0.538
981 6.31771993637 84.219899 89.940013 1.6574582 80.7163728857 90.4368798451 1.59134220084 3.53858331758 -3.78816771033 0 0.56
984 6.22158503532 84.085061 91.960688 1.6559816 80.9787706584 92.8937596387 1.63188024962 3.24340289966 -1.38090565762 0 0.504
987 6.34701180458 83.972707 94.061302 1.6546883 80.2232034823 94.9040414175 1.65107671057 3.84304389192 -0.206928831786 0 0.424
990 6.3822350502 83.850194 96.236204 1.650278 80.0045862654 96.6637714581 1.66182999592 3.86930391413 0.661880611177 0 0.298
993 6.27577590942 83.742141 98.372522 1.653672 79.6861211584 98.9120462449 1.65115152913 4.09174576018 -0.144412343166 0 0.456
996 6.40493893623 83.558608 100.37046 1.6603574 80.0828375381 101.052508432 1.64960751103 3.5420573637 -0.615923267978 0 0.482
999 6.3901219368 83.448658 102.54165 1.6520527 79.9069326404 102.670015079 1.62330410306 3.54405080615 -1.64717327162 0 0.44
1002 6.37343502045 83.308795 104.69204 1.6576029 79.4368548239 105.045644556 1.63543701258 3.88805310014 -1.27001179843 0 0.544
1005 6.28708696365 83.194681 106.76107 1.661421 78.8699148888 107.615533145 1.65363613129 4.40836808612 -0.446040121152 0 0.468
1008 6.33617806435 83.066158 108.84686 1.6653468 78.6162514477 109.45075289 1.6702755231 4.49069648793 0.282395032286 0 0.49
1011 6.30652093887 82.920912 111.09751 1.6564676 78.5076290476 111.740443326 1.67422823779 4.45986879619 1.01760958693 0 0.608
1014 6.44384288788 82.798446 113.12029 1.6519674 77.9596808662 113.688310581 1.63612357793 4.87199090729 -0.90778413608 0 0.602
1017 6.27463889122 82.725101 115.25424 1.6521864 78.4286103667 116.361583548 1.64647459611 4.43689547955 -0.327262256338 0 0.584
1020 6.26624703407 82.605874 115.888 1.7134215 78.6721165529 117.266752752 1.71877570497 4.16838179668 0.306773347548 0 0.64
1023 6.3458480835 82.650086 115.98425 1.8265292 78.8202339857 117.211563846 1.84713327435 4.02169935834 1.18052650109 0 0.544
1026 6.38950800896 82.697137 116.16336 1.9516157 77.97522274 116.604390267 1.95750466176 4.7424658117 0.337412654817 0 0.466
1029 6.25360703468 82.611261 116.28116 2.0730733 78.5352645341 117.035448655 2.09889953426 4.14520187256 1.47973422397 0 0.574
1032 6.20217394829 82.517518 116.45008 2.1971216 78.9955668725 116.977965139 2.24960034925 3.56129224639 3.00681084622 0 0.484
1035 6.27737307549 82.418538 116.4581 2.3123831 78.6660240685 116.161110045 2.36898136947 3.76424811071 3.24284196826 0 0.488
1038 6.35526704788 82.414024 116.83182 2.4679277 79.1243431405 116.135019485 2.53591305966 3.36266726207 3.89527417731 0 0.462
1041 6.41136193275 82.282962 116.94587 2.5874118 78.6040527053 116.760756571 2.62156414545 3.68356357078 1.95678525492 0 0.32
1044 6.41447401047 82.208722 116.96752 2.707272 78.7101082995 116.693631171 2.78429557865 3.50931801294 4.41312597938 0 0.374
1047 6.29648995399 82.043289 117.20312 2.8493508 77.9945193839 116.997029608 2.875607416 4.05401142751 1.50439328134 0 0.338
1050 6.2603020668 81.832352 117.28824 2.9891727 78.3247909961 117.339523509 3.01720914337 3.50793588797 1.60636987757 0 0.324
1053 6.27526712418 81.142386 117.29523 3.0875315 77.0001990929 115.485734122 3.10218549579 4.52017562771 0.839612111652 0 0.358
1056 6.23344302177 79.131234 117.37152 3.1037602 75.1323567583 115.843509543 -3.11826902529 4.28086850417 3.50398538382 0 0.454
1059 6.20252585411 77.094643 117.50841 3.1079346 74.5502388371 116.463183484 -3.09033588316 2.75072554295 4.86526103442 0 0.452
1062 6.26636004448 74.899205 117.59033 3.115912 71.8038072117 116.951457129 -3.10788122924 3.16064012721 3.40291540255 0 0.534
1065 6.28669190407 72.824078 117.69503 3.116944 69.6193663971 116.60797992 -3.13095590394 3.38405885504 2.02170468424 0 0.586
1068 6.34969687462 70.711208 117.83017 3.1174699 68.0463630396 116.735121249 -3.12632472361 2.88106411403 2.25691992081 0 0.58
1071 6.43371009827 68.550781 117.88294 3.1169773 65.9893600023 117.203508972 -3.13171623266 2.65000076416 1.97623310791 0 0.622
1074 6.34673881531 66.454241 117.99143 3.11617 63.3727167679 117.042336346 3.1297955242 3.2243713118 0.780685030345 0 0.554
1077 6.25190591812 64.352032 118.06903 3.1139299 60.7300995245 117.981648762 -3.13571478087 3.62298638391 1.92173632975 0 0.546
1080 6.24920797348 62.204954 118.16997 3.1178991 59.4909598598 117.452255314 3.12866531422 2.80729025274 0.616858636118 0 0.584
1083 6.30012607574 60.134729 118.2293 3.1166836 56.9069406102 116.737806147 3.12791111886 3.55572380846 0.643289444997 0 0.628
1086 6.39427113533 58.034017 118.36643 3.1239361 54.7711219238 117.140383088 3.12150153174 3.48563843619 -0.139490486063 0 0.658
1089 6.31200385094 55.858025 118.47896 3.1251128 52.4996304704 116.736498815 3.13698197277 3.78351487358 0.680053505864 0 0.654
1092 6.30360889435 53.766425 118.55 3.1243401 50.1683430663 116.920122014 3.12644075532 3.95002479116 0.120358683846 0 0.628
1095 6.24532985687 51.628528 118.603 3.1187628 47.9482868072 116.669388217 -3.12931819767 4.15728634649 2.01132877751 0 0.64
1098 6.30204200745 49.494235 118.64783 3.1200968 47.1637070308 117.087286452 3.1262974549 2.80475609975 0.355271356161 0 0.608
1101 6.31169199944 47.379245 118.80828 3.1260538 45.4706980138 117.197466791 3.13599130551 2.49745286074 0.569377124806 0 0.552
1104 6.33161401749 45.313934 118.87713 3.1250737 42.431329805 117.642993158 3.13058517244 3.13568185395 0.315784109452 0 0.504
1107 6.30318307877 43.229975 118.9845 3.131291 40.8092913026 117.7955907 3.13653842747 2.69688985435 0.300655447325 0 0.45
1110 6.44379901886 41.038059 119.03542 3.1300111 38.6149615828 116.757588015 -3.13660624562 3.3256457483 0.949274272313 0 0.518
1113 6.21207094193 38.877743 119.09254 3.1262084 35.722323964 117.744146393 3.09973660439 3.43144788853 -1.51672216445 0 0.508
1116 6.29590892792 36.866989 119.17866 3.1252668 33.8476841303 118.509310146 3.06553862285 3.09260911257 -3.42217246889 0 0.508
1119 6.2507481575 34.67231 119.25843 3.1314701 31.7286369539 118.631551806 3.08059202459 3.00968225435 -2.91509899075 0 0.49
1122 6.28045797348 32.567479 119.34722 3.1353596 30.2265550836 118.334693053 3.08522205332 2.55051673199 -2.87266981964 0 0.392
1125 6.25369977951 30.502201 119.36971 3.1349527 27.0495996063 117.733752096 3.1296269896 3.82057778964 -0.305140729096 0 0.382
1128 6.2368118763 29.15421 119.31018 -3.13185 26.4768913289 117.888330779 -3.10446778077 3.03145022627 1.56888559572 0 0.356
1131 6.24600505829 28.938717 119.39146 -3.028318 26.4923022258 117.098050191 -3.03767315797 3.35330788917 -0.536011068475 0 0.328
1134 6.27829504013 28.80706 119.32785 -2.9089456 26.5280455565 117.577139911 -2.90189024238 2.87382891797 0.40424221467 0 0.332
1137 6.27272295952 28.607415 119.34948 -2.7753086 26.3594479168 117.51667928 -2.76796700534 2.90043349993 0.420642388642 0 0.29
1140 6.27695012093 28.309413 119.3977 -2.6319404 26.2661260083 117.187932107 -2.65331119252 3.00966707019 -1.22445621638 0 0.276
1143 6.19160795212 28.176965 119.31562 -2.5155106 26.4449723312 118.080760314 -2.50085404623 2.12712882772 0.839758673232 0 0.266
1146 6.28498411179 28.13257 119.1422 -2.3876282 25.9605123698 117.644100114 -2.37069791251 2.63858629164 0.970034019015 0 0.266
1149 6.32617688179 28.071656 119.10664 -2.2643471 25.308534761 118.530598044 -2.25599043882 2.82252782391 0.478801416351 0 0.192
1152 6.33246088028 27.847582 119.05477 -2.1225081 25.9229353274 118.989193229 -2.11111508585 1.92576351798 0.652771626667 0 0.148
1155 6.32950210571 27.651134 118.95518 -2.0012288 24.3994593271 118.44381679 -2.01220256044 3.29163796776 -0.628750158742 0 0.118
1158 6.34205412865 27.585975 118.8068 -1.8653126 25.1385835747 119.576322588 -1.81813010909 2.56551940203 2.70335759585 0 0.106
1161 6.53421592712 27.545652 118.66047 -1.7395281 24.5813028842 119.521542464 -1.81250912137 3.08687730059 -4.18150450897 0 0.064
1164 6.25527000427 27.426878 118.54472 -1.6078392 25.8630073835 118.333505777 -1.61156053627 1.57806931188 -0.213216862648 0 0.096
1167 6.20461392403 27.408113 118.27266 -1.4907581 25.9950500193 116.954086212 -1.47597864677 1.93271410746 0.846800293667 0 0.076
1170 6.26501703262 27.619078 117.43976 -1.368489 25.5847209176 117.040099505 -1.38730059193 2.07324317181 -1.07782482371 0 0.066
1173 6.27341890335 28.00462 115.50954 -1.3464267 28.2215957569 115.994614154 -1.33244089905 0.53139007691 0.801327367706 0 0.056
1176 6.2369658947 28.352772 113.43776 -1.3439724 27.3508747889 113.525359027 -1.40148439816 1.00571944948 -3.29519476566 0 0.08
1179 6.22660398483 28.777386 111.37552 -1.3470791 27.1991383238 110.884129441 -1.39769307981 1.65297622763 -2.89996742752 0 0.128
1182 6.18939399719 29.292879 109.18718 -1.3487141 26.8238064028 110.133727315 -1.44464403723 2.64429032247 -5.49638053216 0 0.07
1185 6.19837093353 29.664866 107.14961 -1.3582731 27.3190801132 107.949069357 -1.46566589866 2.47827494249 -6.15315411307 0 0.148
1188 6.21859097481 30.155372 105.1583 -1.3627181 27.5184906866 105.844828753 -1.39501702921 2.72478710896 -1.85059232674 0 0.228
1191 6.23963618279 30.584999 103.08809 -1.3538609 26.6709464233 103.399453775 -1.4472203699 3.926417575 -5.34910360296 0 0.296
1194 6.25895190239 30.932942 101.04272 -1.3388863 28.2445259088 101.113827382 -1.36912794524 2.68935630568 -1.73271863783 0 0.296
1197 6.3156311512 31.46397 98.886394 -1.3633561 28.8398501387 99.1019144876 -1.38706193966 2.63295539785 -1.35824456255 0 0.348
1200 6.21932005882 31.761459 96.890841 -1.3338862 30.4241771456 96.5492479421 -1.30906025915 1.38022048071 1.42242163322 0 0.28
1203 6.20020914078 32.148779 94.808879 -1.340085 30.3858927357 94.3205473738 -1.31407329226 1.82927192018 1.49036107169 0 0.328
1206 6.26025605202 32.63242 92.742465 -1.3409888 31.5373269622 92.9356976994 -1.36176608234 1.11201062837 -1.1904505879 0 0.39
1209 6.31958699226 33.223163 90.635151 -1.3443959 31.3431895551 90.8052492603 -1.2908393842 1.88765292672 3.0685623206 0 0.288
1212 6.24233984947 33.480467 88.544154 -1.3400822 31.5415390182 88.9242334332 -1.32973919908 1.97582946991 0.592610300304 0 0.362
1215 6.23165011406 33.996344 86.523674 -1.3537744 31.6612338289 86.5889234786 -1.348037811 2.33602161925 0.328682338434 0 0.442
1218 6.34200501442 34.391099 84.502242 -1.3500462 33.710352281 84.5563025376 -1.33632800958 0.682889915813 0.785994413712 0 0.48
1221 6.2383711338 34.871654 82.311763 -1.3462417 32.1227429788 83.0533015963 -1.34838862605 2.84717250835 -0.123009801346 0 0.482
1224 6.31198310852 35.319079 80.358924 -1.358939 34.0301394673 80.8302046359 -1.3395017096 1.37239591837 1.11367470518 0 0.566
1227 6.29845881462 35.776446 78.250756 -1.3606991 34.1912258256 78.0586804757 -1.32551652085 1.59681433123 2.01581329777 0 0.552
1230 6.28016591072 36.167733 76.160289 -1.3496683 34.827013401 76.6502777246 -1.35163183492 1.42745157309 -0.112502264056 0 0.524
1233 6.29089307785 36.593873 74.026216 -1.3452321 35.5293946642 74.7953034812 -1.34234489373 1.31324395334 0.16542473395 0 0.644
1236 6.5323009491 37.096668 72.068535 -1.358637 35.0543581315 72.2900162343 -1.38595451896 2.05428419073 -1.56517854342 0 0.626
1239 6.46787309647 37.456761 70.030489 -1.3570922 35.8196769198 69.466201107 -1.38329497588 1.73160766685 -1.50130846951 0 0.658
1242 6.35268807411 37.942935 67.912468 -1.3598503 35.2830069175 67.5773618759 -1.35562351869 2.68095384494 0.242176729782 0 0.628
1245 6.34328317642 38.381728 65.750541 -1.3597279 37.1508249212 65.2314566872 -1.35062164248 1.33587833021 0.521750122846 0 0.634
1248 6.29611110687 38.78715 63.709446 -1.3638712 37.4404346628 63.1273473453 -1.35434015016 1.46713361472 0.546088930394 0 0.666
1251 6.28525996208 39.284372 61.704874 -1.358189 37.5690350988 61.8082702005 -1.36278245302 1.7184503074 -0.26318547164 0 0.62
1254 6.28403186798 39.616785 59.610797 -1.3616912 38.1744851986 59.9961819553 -1.36277252209 1.49289995677 -0.0619551922873 0 0.69
1257 6.2654800415 40.0981 57.483375 -1.3627524 38.8948496409 57.7040746016 -1.33605184674 1.22332323648 1.52982901263 0 0.664
1260 6.40469384193 40.478176 55.366289 -1.371191 39.5414528313 56.2746768369 -1.3079532268 1.30484434204 3.62325751001 0 0.516
1263 6.29821801186 40.927924 53.368372 -1.3697355 40.4819533479 54.0413087001 -1.34534279789 0.807300207461 1.3975988821 0 0.626
1266 6.2605369091 41.311773 51.24524 -1.3687118 40.4165694846 51.9111341372 -1.35686243132 1.11570799757 0.678918815514 0 0.688
1269 6.27850985527 41.752813 49.127024 -1.3690442 40.9412251995 50.2716189983 -1.34394923129 1.40312952648 1.43783579425 0 0.616
1272 6.27102994919 42.124468 46.999249 -1.3746445 41.2719466989 47.7670153426 -1.36468963141 1.14728275746 0.570371955601 0 0.672
1275 6.39561581612 42.489069 45.000812 -1.3756167 41.8084749695 45.6423259365 -1.3622945528 0.935279832512 0.763302808723 0 0.642
1278 6.43025016785 42.919623 42.847052 -1.3693623 41.6415106805 44.0407335853 -1.38103394971 1.74884156752 -0.668736268318 0 0.628
1281 6.27120709419 43.26925 40.76156 -1.3849404 42.777106888 42.1463728182 -1.31464192341 1.46966369766 4.02780601498 0 0.54
1284 6.29585289955 43.723057 38.666685 -1.382086 43.4119834831 38.7880412727 -1.3567448153 0.333907289306 1.45194293103 0 0.55
1287 6.23926401138 44.069109 36.638541 -1.3748634 44.2485249195 37.1760675656 -1.33725987706 0.566678816375 2.15452315937 0 0.56
1290 6.26681685448 44.48264 34.512889 -1.372972 43.8145517007 35.9889714049 -1.3679341931 1.62023493413 0.288645073187 0 0.542
1293 6.22522306442 44.660959 33.544964 -1.3339999 44.1086224029 33.8017020641 -1.30589240022 0.609089607568 1.61044111008 0 0.596
1296 6.21421909332 44.654294 33.324157 -1.2074321 44.2877695555 33.9140440407 -1.20316008053 0.694483181351 0.244768685594 0 0.568
1299 6.21690011024 44.699557 33.107025 -1.0711259 43.4718069153 33.487516824 -1.08525053324 1.28535765399 -0.809281871546 0 0.53
1302 6.24495697021 44.829945 32.953901 -0.95914547 43.7941233295 33.3394727598 -0.983820678337 1.10525658334 -1.41378529634 0 0.508
1305 6.25697898865 44.914184 32.826307 -0.82117543 44.3726766875 33.489194648 -0.859834286716 0.855949883661 -2.21498933065 0 0.51
1308 6.35150504112 44.932468 32.690373 -0.70238554 44.0553452148 32.9585188305 -0.77632922676 0.91719494476 -4.23666117297 0 0.44
1311 6.28811192513 45.019913 32.619075 -0.56167342 43.868374159 33.281517938 -0.633795530858 1.32848498242 -4.13229256174 0 0.412
1314 6.28466105461 45.164806 32.47066 -0.44585332 43.4958409314 32.8900662978 -0.611592561653 1.72085619469 -9.49615904643 0 0.442
1317 6.27483487129 45.307079 32.373178 -0.30795343 44.1311004693 33.3771380181 -0.565837654014 1.54624099764 -14.775677639 0 0.364
1320 6.31858110428 45.468859 32.25314 -0.19105128 42.3639584588 32.0347727577 -0.454008366924 3.11256993873 -15.0663312738 0 0.352
1323 6.29628896713 46.833289 32.057508 -0.10389315 44.2758997396 32.324362337 -0.17516172725 2.57127421069 -4.08338868835 0 0.322
1326 6.34862112999 48.863767 31.868312 -0.084237935 47.3249510277 33.1766326631 -0.183340532931 2.01981621786 -5.67816060026 0 0.288
1329 6.18975114822 51.033972 31.691587 -0.08198003 48.8959713897 33.3039624187 0.0135488664487 2.67783515185 5.47340258805 0 0.256
1332 6.20730900764 53.111195 31.42619 -0.084122232 51.35463915 33.423326202 -0.0535409409609 2.65970702585 1.7521789086 0 0.242
1335 6.29426503181 55.206155 31.249451 -0.082409142 53.9580762555 33.0709664059 -0.0628098616035 2.20808037142 1.12295604821 0 0.306
1338 6.27138209343 57.287235 31.07162 -0.080297126 56.6291829082 32.7440238251 -0.0430009675586 1.79721092518 2.13691247074 0 0.348
1341 6.50286197662 59.516372 30.847745 -0.092608556 58.3128004761 32.8110238539 -0.0316453878276 2.30283483372 3.49293224202 0 0.444
1344 6.2941968441 61.567611 30.670937 -0.091677002 60.2303572962 33.1524374629 -0.0449522773869 2.81888134118 2.67712951924 0 0.522
1347 6.25494599342 63.68279 30.502969 -0.089332225 63.476887803 32.007192287 -0.0668290755647 1.5182501151 1.2893354884 0 0.4
1350 6.36306715012 65.773678 30.270465 -0.081918863 65.5395314606 32.0846385197 -0.0954918651696 1.82922118986 -0.777675739638 0 0.482
1353 6.33149600029 67.870787 30.052005 -0.080757136 67.7769844964 31.0915921283 -0.0794317239469 1.04381047464 0.0759405167608 0 0.506
1356 6.25071597099 69.978421 29.855203 -0.080851998 68.9656377271 30.9792819319 -0.094994408261 1.51303780624 -0.810300420098 0 0.534
1359 6.17953896523 72.04312 29.748383 -0.089661546 70.5243409399 31.3967224429 -0.104957011761 2.24136403831 -0.876365633795 0 0.522
1362 6.44598484039 74.192216 29.503442 -0.097083695 72.1798498484 30.7973118713 -0.129295450288 2.39242905262 -1.84559762869 0 0.494
1365 6.23944497108 76.337484 29.313327 -0.092202589 75.1991912677 30.2643969586 -0.0997709093075 1.48332208595 -0.43363281162 0 0.596
1368 6.18724989891 78.469083 29.072242 -0.088851811 77.1427308224 30.3125866098 -0.0903370537698 1.81594736987 -0.0850981422644 0 0.59
1371 6.18841004372 80.508884 28.860474 -0.08148585 79.216023816 29.5682029018 -0.0919053923947 1.47389540125 -0.596995803676 0 0.568
1374 6.18186903 82.648681 28.706332 -0.092016755 82.0074843935 30.4436699146 -0.0826342979131 1.85188447743 0.537575192544 0 0.574
1377 6.30392980576 84.803463 28.469695 -0.089914919 83.7973654192 30.1286867166 -0.0501273418361 1.94022830041 2.27966024854 0 0.632
1380 6.2327029705 86.909059 28.274418 -0.095059786 84.6184606573 30.2518508853 -0.0646714246589 3.02606701573 1.74112485117 0 0.592
1383 6.18761706352 88.999768 28.069648 -0.093100738 87.471555495 30.1895391661 -0.0493866713152 2.61330672069 2.50463152639 0 0.7
1386 6.29829907417 91.148907 27.8824 -0.087682683 89.8258950099 30.52058133 -0.0756047150609 2.95133214936 0.692016588006 0 0.74
1389 6.22941994667 93.191686 27.680334 -0.085944106 91.1573619858 30.0876958525 -0.0604120155855 3.15180349697 1.4628810229 0 0.642
1392 6.38270306587 94.597595 27.536443 -0.026113958 93.3902792931 30.3197763462 -0.0534755763482 3.03390107486 -1.567705252 0 0.688
1395 6.21311903 66.734672 23.138609 0.64678418 94.4241086363 30.8546019063 -0.0214207914019 28.7444159406 -38.285324711 0 0.542
1398 6.3591530323 41.954155 8.6979942 1.5862633 98.229820944 31.6324258968 0.022840442656 60.7695543401 -89.5775313201 0 0.576
1401 6.22373795509 40.498777 7.6026468 1.6671323 100.116625429 31.6098269247 0.00348543826707 64.2699972684 -95.3199437775 0 0.47
1404 6.28420805931 40.36551 9.5759073 1.6613912 100.932831387 31.0250095146 -0.0120796243899 64.253127596 -95.8828153758 0 0.5
1407 6.35489487648 40.15753 11.693798 1.6450717 102.266347157 30.7512659378 -0.0178236260554 64.9668550325 -95.276883955 0 0.476
1410 6.25063586235 40.017928 13.779826 1.6578436 103.170172298 30.3699546954 -0.0340011887697 65.2950099927 -96.9355659877 0 0.322
1413 6.26366901398 39.937066 15.922073 1.6651068 105.95309089 31.7324039753 -0.00704214537 67.882855772 -95.807077287 0 0.194
1416 6.25572991371 39.75755 17.953862 1.6630734 105.710621828 30.2797258729 -0.0486438202765 67.0949670527 -98.0741724417 0 0.21
1419 6.21580886841 39.645384 20.177858 1.663423 108.851247561 29.8689396255 -0.030970346836 69.8811034133 -97.0815876087 0 0.138
1422 6.2482881546 39.526919 22.292671 1.6684735 110.985821143 32.2996058983 0.0281833786245 72.1561739665 -93.9817011318 0 0.184
1425 6.27758288383 39.303781 24.413998 1.6572417 112.821412302 32.8782344257 0.0813884695408 74.0032797283 -90.2897392374 0 0.146
1428 6.24172711372 39.21094 26.55624 1.6661167 117.203306214 33.8408227959 0.0605680716009 78.3318219762 -91.9911602103 0 0.128
1431 6.17438101768 39.049874 28.673026 1.6660737 118.304466621 34.8020746963 0.0961520213512 79.4912302674 -89.9498863527 0 0.108
1434 6.29382205009 38.816051 30.701859 1.6598041 119.571361182 35.2391596964 0.115594759355 80.8826756495 -88.4766779036 0 0.142
1437 6.34394407272 38.695572 32.853799 1.6647394 122.870965736 34.9978312002 0.12837310767 84.2026946403 -88.0273043366 0 0.252
1440 6.23493885994 38.58982 35.008607 1.6723781 124.195411704 35.1274041202 0.128720168069 85.6056741328 -88.4450845115 0 0.172
1443 6.22198820114 38.393816 37.160762 1.6689022 126.299922622 35.0841263296 0.111963333853 87.9306317342 -89.2060259901 0 0.268
1446 6.22267818451 38.314928 39.264936 1.6781402 129.016553979 37.0400295101 0.147735389351 90.7289102996 -87.6857365967 0 0.272
1449 6.33979701996 38.042909 41.445131 1.6601298 130.385376884 37.8037269459 0.167166024733 92.4142369902 -85.5405232887 0 0.188
1452 6.29077792168 37.893052 43.482766 1.6655679 135.398283365 27.1603768667 -0.0590107781894 98.8619771734 -98.8110796985 0 0.098
1455 6.27252197266 37.737395 45.529248 1.6663309 138.335193083 28.0934155265 -0.093782880839 102.097625992 -100.847091105 0 0.176
1458 6.29046106339 37.667375 47.706088 1.6735516 140.767529398 26.5193172703 -0.103100094113 105.254553778 -101.794643737 0 0.19
1461 6.25047397614 37.411337 49.793915 1.6717816 141.587297307 25.4817541119 -0.117808549319 106.975286272 -102.535962614 0 0.102
1464 6.23562502861 37.208006 51.943854 1.66906 139.565608302 36.9380906174 0.192785805103 103.45168768 -84.5842807717 0 0.018
1467 6.23923301697 37.03196 53.963531 1.6741645 141.368737906 39.2754042689 0.16718547148 105.365574504 -86.3435381489 0 0.032
1470 6.22984910011 36.983983 56.143126 1.6856298 142.12232303 39.0849024051 0.223975553957 106.51316133 -83.7466194056 0 0.014
1473 6.26431798935 36.720012 58.206076 1.6746777 33.8833054407 57.786417505 2.49713564766 2.867580401 47.123369228 0 0.016
1476 6.42680883408 36.536888 60.398002 1.6787317 34.4709798296 60.0533311423 1.72849339006 2.09446283537 2.8511348221 0 0.02
1479 6.20141506195 36.401835 62.417273 1.6766351 33.5755772049 62.3928773464 2.04444572142 2.82636308216 21.0739962675 0 0.024
1482 6.26454401016 36.239068 64.615141 1.6886647 76.6897162501 69.6471340493 2.71766582869 40.7624324336 58.9574217879 0 0.008
1485 6.38318014145 35.99676 66.655908 1.678851 34.240848505 67.1740718426 1.68100958388 1.83077004178 0.123677745849 0 0.026
1488 6.29766201973 35.830181 68.859683 1.6854848 34.0795830926 68.5330141925 1.74058548398 1.78081597679 3.15703664044 0 0.054
1491 6.30559206009 35.575227 70.898859 1.683738 34.1484433139 70.2815277387 1.75519097731 1.55460913835 4.09395403349 0 0.08
1494 6.25799107552 35.463169 73.006353 1.6935188 32.2010795102 72.4460769284 1.73216747001 3.30985454607 2.21440567533 0 0.118
1497 6.36076998711 35.205801 75.07321 1.6913976 31.4602110508 74.8191541581 1.70340360423 3.7541961108 0.687893371128 0 0.118
1500 6.2513821125 34.978045 77.287591 1.6912075 31.2168080781 76.1837688282 1.75185313649 3.9198630805 3.47473901669 0 0.104
1503 6.47684597969 34.814043 79.320098 1.7000185 30.8367941707 78.4644698466 1.72134569624 4.06824382103 1.22195833323 0 0.218
1506 6.30453586578 34.580736 81.372215 1.6970036 30.5379629947 80.6987185731 1.67649868076 4.09848886902 -1.17484533177 0 0.226
1509 6.38275098801 34.345965 83.441951 1.6955247 30.2454222568 83.0644672718 1.69669214977 4.11788109997 0.0668899444395 0 0.25
1512 6.39415597916 34.142398 85.698773 1.7034669 30.1848512543 84.6942502392 1.73472756858 4.08304325489 1.79110437413 0 0.374
1515 6.29705286026 33.910208 87.748137 1.7016389 30.6902682214 87.4238863873 1.68051855613 3.23622475078 -1.21010656562 0 0.398
1518 6.38212895393 33.670818 89.737713 1.6967853 30.3425605862 89.9595828997 1.69675477407 3.3356444152 -0.00174900696388 0 0.51
1521 6.47400188446 33.472926 91.900649 1.7056804 29.9205921899 91.8884407624 1.69109154845 3.55235478798 -0.835879621951 0 0.564
1524 6.27372717857 33.217902 94.036516 1.7078464 29.6040091074 93.857578347 1.69753648205 3.61832012439 -0.590714785863 0 0.556
1527 6.48900103569 33.034075 96.178482 1.7177188 28.6362875294 95.8983343968 1.72091974621 4.40670140992 0.183400708144 0 0.564
1530 6.19981718063 32.713254 98.174723 1.7080491 28.284385943 97.0298789471 1.71062712279 4.57444424732 0.147709825256 0 0.388
1533 6.36514687538 32.45653 100.24821 1.7068362 27.5785708946 99.1899396855 1.7386704969 4.99143477293 1.82397085615 0 0.59
1536 6.3506629467 32.217075 102.39435 1.7082962 27.9261189807 102.119917354 1.70601306738 4.29972287902 -0.130813863402 0 0.656
1539 6.2372879982 31.955228 104.48204 1.7110577 28.2476493605 103.605026172 1.69995021666 3.80989404352 -0.636411916113 0 0.592
1542 6.27491617203 31.741377 106.6002 1.7198575 27.6873000471 105.509482623 1.67322023618 4.19823824192 -2.67211838514 0 0.644
1545 6.22213292122 31.439656 108.68741 1.7105287 27.9073347854 108.011666573 1.67989439493 3.59637627926 -1.75521638879 0 0.686
1548 6.25010704994 31.216018 110.75498 1.7177022 27.1527528052 110.344837572 1.68891130469 4.08391244457 -1.64959678966 0 0.572
1551 6.29839706421 30.916985 112.90957 1.719675 27.0252140723 112.404865196 1.7039814321 3.92436082602 -0.899175206205 0 0.648
1554 6.31236386299 30.668641 114.94646 1.716506 27.0402275134 114.017703205 1.68318493809 3.74539365278 -1.90915621619 0 0.636
1557 6.27154397964 30.419865 117.12266 1.716223 27.1516698802 114.996825927 1.66124506378 3.89875234482 -3.15000371155 0 0.51
1560 6.25708198547 30.132888 119.21343 1.725557 25.9191150713 117.525699507 1.6861516709 4.53919778278 -2.25775904802 0 0.382
1563 6.22489786148 29.88258 121.34383 1.72867 26.2333000284 120.005963575 1.71309841838 3.88678927686 -0.892185907232 0 0.528
1566 6.27994513512 29.981486 120.5055 1.7055843 26.1652544214 119.95606275 1.71103862024 3.85558098775 0.312509530129 0 0.52
1569 6.22699594498 30.170653 118.4575 1.6900862 27.2341003257 118.155419418 1.68030397359 2.95204916746 -0.560480287489 0 0.428
1572 6.28691887856 30.502618 115.6086 1.6745202 27.1299375184 114.40451658 1.67353427902 3.5811716678 -0.0564891111885 0 0.468
1575 6.28098011017 30.699806 113.48782 1.6738205 27.5560439833 112.66982036 1.67811644127 3.24844009164 0.246139303705 0 0.52
1578 6.26636099815 30.8492 111.36091 1.6697397 27.4173694843 111.127403929 1.66220372138 3.43976536609 -0.431779769373 0 0.476
1581 6.35077095032 30.973164 109.37107 1.6787837 27.5561723133 108.735053408 1.68045758398 3.47567968776 0.0959064877065 0 0.444
1584 6.25223398209 31.204408 107.09871 1.665475 28.541092458 107.435530432 1.70807828351 2.68452932182 2.44098833843 0 0.392
1587 6.24614810944 31.322843 104.96751 1.6587885 27.4896134556 105.12877362 1.67005299894 3.83662021777 0.645408247327 0 0.52
1590 6.56379890442 31.457099 102.91722 1.6541397 28.0213650482 102.817598673 1.68190594118 3.43717794078 1.59088843234 0 0.566
1593 6.33173322678 31.546684 101.34427 1.631357 28.6055351842 101.971260704 1.67145827208 3.0072368879 2.29763364323 0 0.504
1596 6.27264404297 31.536552 101.09899 1.5279681 28.9831844881 101.601892777 1.60031750309 2.60242134445 4.14531544763 0 0.44
1599 6.21945118904 31.522716 100.84711 1.3818466 28.8013664131 102.274344282 1.46516153339 3.07290437058 4.77359405382 0 0.48
1602 6.27749705315 31.33472 100.81397 1.2437751 28.9050117299 102.295923985 1.35135593049 2.84599189928 6.16392754361 0 0.466
1605 6.24749302864 31.335612 100.76499 1.1262837 28.3249977916 102.249637748 1.18380706051 3.35678072685 3.29584578088 0 0.402
1608 6.22120499611 30.238332 99.003137 0.9296569 28.5800060721 100.682162866 1.05695885819 2.35990947728 7.29386492825 0 0.372
1611 6.18731093407 28.772289 97.32743 0.78863198 26.5466155781 98.4126947575 0.849246403046 2.47617078869 3.47295061813 0 0.352
1614 6.27584290504 27.005154 95.945316 0.6582802 24.4730055419 97.2401910805 0.730749542304 2.84402483953 4.1521874581 0 0.394
1617 6.2816259861 26.209553 95.323497 0.64585939 23.8370676242 95.5097161851 0.717997756505 2.37978243616 4.1332239417 0 0.41
1620 6.27594900131 26.225548 95.299359 0.74214735 23.9774212686 95.0378420939 0.811059683547 2.26328630371 3.94838586862 0 0.396
1623 6.24977302551 26.287241 95.304851 0.87876564 24.2852284881 93.832015985 0.975498540971 2.48541688242 5.54238696572 0 0.37
1626 6.24509882927 26.503119 95.525486 1.0159202 24.383533393 94.2599073371 1.1044679611 2.46867018808 5.07341299634 0 0.33
1629 6.34727597237 26.584147 95.637624 1.1414331 24.5090093604 94.7340202343 1.22112745457 2.2633373563 4.56615016796 0 0.274
1632 6.33327817917 26.62792 95.717086 1.2595284 25.2220172563 96.2469803725 1.29648199693 1.50244819235 2.11728514218 0 0.21
1635 6.27537298203 26.756174 95.797181 1.3910555 23.0421109162 96.6368282943 1.38038264965 3.80779098292 -0.611509280417 0 0.19
1638 6.32441496849 26.381693 93.77201 1.3952992 23.5834325609 93.1990902671 1.55641822799 2.85630854519 9.23144030321 0 0.256
1641 6.22294211388 26.011804 91.856332 1.39866 22.700503141 92.5464514802 1.44467786696 3.38245151857 2.63662955923 0 0.28
1644 6.49509215355 25.609249 89.727224 1.3968171 23.5981804335 90.2129266666 1.50387632796 2.06888952332 6.13404192032 0 0.334
1647 6.37068581581 25.2462 87.568251 1.3940659 23.7007630549 87.2143364053 1.52511105811 1.5854434369 7.50833448512 0 0.452
1650 6.24654483795 24.820481 85.505592 1.4017015 22.787586414 85.7872999372 1.49264129724 2.05232057916 5.21046657145 0 0.412
1653 6.3103530407 24.493958 83.448062 1.398475 21.231483649 83.6688696531 1.4558421786 3.26993805916 3.28689721662 0 0.326
1656 6.29974007607 24.080092 81.345956 1.3962744 20.3129691661 81.890471709 1.41071982778 3.80627269166 0.827662045128 0 0.448
1659 6.21329212189 23.622432 79.208855 1.3888608 19.1644491497 79.2520359108 1.36253146225 4.45819197482 -1.50855993073 0 0.42
1662 6.22827911377 23.236261 77.182266 1.3737053 19.5946562007 77.65877085 1.39886195122 3.67264787123 1.44136994138 0 0.484
1665 6.22239518166 22.741503 75.111069 1.3685019 19.4578012221 75.6235114949 1.40965940656 3.32344620491 2.35815142107 0 0.564
1668 6.30694293976 22.23837 73.007777 1.3690406 19.7146196895 72.8192156364 1.44919383527 2.53078466439 4.59244209521 0 0.592
1671 6.17254114151 21.796618 70.8705 1.3677106 18.2129270019 71.4767035733 1.40747138844 3.63460093302 2.27812536767 0 0.434
1674 6.23679590225 21.306705 68.900927 1.3588762 19.251367607 69.5000398179 1.43241011721 2.1408755143 4.21318310716 0 0.568
1677 6.18878102303 20.800373 66.796896 1.3509317 19.5053382313 67.0925791096 1.45886622744 1.32836122849 6.18419288602 0 0.536
1680 6.18888115883 20.180988 64.758154 1.3339286 19.3312244127 65.8867289285 1.45168052173 1.41272061057 6.74668814476 0 0.41
1683 6.27556395531 19.716632 62.635567 1.3210663 18.8686027118 63.220003746 1.45784138265 1.02991260972 7.83663497861 0 0.446
1686 6.28871321678 19.127208 60.642471 1.320188 17.5151619222 60.4245818237 1.44473908362 1.62670472125 7.13625142513 0 0.496
1689 6.36744713783 18.573484 58.538556 1.3117791 15.562096358 58.8780795255 1.33554690017 3.03046725022 1.36179463831 0 0.33
1692 6.23425483704 18.03732 56.562177 1.3046299 17.1650475279 56.7311196816 1.45547390991 0.888482355101 8.64272513255 0 0.462
1695 6.35981893539 17.470308 54.449011 1.30616 16.9595324156 54.0249192113 1.43528181328 0.663886694316 7.39813494385 0 0.494
1698 6.31869602203 16.865167 52.414515 1.2995721 14.8269468618 52.1717659937 1.36534480429 2.05262476159 3.76849836287 0 0.368
1701 6.36231613159 16.322269 50.452679 1.2871313 15.4239535379 50.5738004579 1.40260460912 0.906444194119 6.61613325891 0 0.248
1704 6.22305393219 15.679585 48.421133 1.2791916 14.5031203149 48.8835939636 1.38854517531 1.26409623774 6.26549833974 0 0.41
1707 6.19874310493 15.049517 46.343459 1.2810584 13.9663095449 46.4565674711 1.36261069855 1.08909683551 4.67260251673 0 0.5
1710 6.24702787399 14.370513 44.264129 1.2685694 13.6840525737 44.8153878753 1.37950614636 0.880405738571 6.35620735948 0 0.474
1713 6.2488079071 13.728985 42.398373 1.2622613 13.6715182577 42.0075779501 1.40857466426 0.394997718352 8.38313825844 0 0.548
1716 6.30370497704 13.116178 40.310007 1.2578142 13.6107069995 40.3178822475 1.3908819461 0.494591701188 7.62422024058 0 0.532
1719 6.49810600281 12.482531 38.460523 1.239848 11.9074728324 39.154753208 1.33533330035 0.901469621178 5.47090471579 0 0.418
1722 6.46232295036 12.331027 38.238303 1.1567887 11.7604362429 38.7890863774 1.26127558159 0.793054941904 5.98665732981 0 0.37
1725 6.27093219757 12.263795 38.100898 1.043782 10.900667554 37.9405907259 1.10900965221 1.37252134997 3.73726917937 0 0.288
1728 6.20795702934 12.231882 38.075858 0.90529637 11.3722769073 37.6879792889 1.00820549802 0.94306458415 5.89625870914 0 0.334
1731 6.15239214897 12.170047 37.918491 0.7605547 10.6907010562 37.6762287978 0.900181936007 1.49905149879 8.00005132826 0 0.224
1734 6.23065900803 11.9457 37.868652 0.60051086 11.2170785294 37.5364595783 0.722116359175 0.800775282136 6.96748186833 0 0.268
1737 6.21470999718 11.861848 37.85602 0.47073445 11.7820305816 37.3600518514 0.686064581997 0.502349703563 12.3375077654 0 0.254
1740 6.2359790802 11.68598 37.868337 0.32347919 11.9955383157 36.6619459769 0.527741979965 1.24547406698 11.7033957766 0 0.316
1743 6.32147288322 11.634663 37.834152 0.18688423 13.0469405526 36.138064484 0.235225633048 2.20708874936 2.7697583704 0 0.29
1746 6.32223010063 11.546787 37.799316 0.059161186 12.6397811967 37.6231908697 0.0166110619363 1.10709366159 -2.43794252661 0 0.298
1749 6.50893688202 11.461332 37.784444 -0.088384018 12.0264918473 36.8918026044 0.00671196669671 1.056510442 5.44859857176 0 0.316
1752 6.26174092293 11.353119 37.809133 -0.22428348 12.6467328198 38.5074166916 -0.235478978881 1.47004653968 -0.641454835425 0 0.308
1755 6.25171399117 11.259101 37.929753 -0.36642208 11.8000501812 37.4603468715 -0.184388774509 0.716217934762 10.4297401355 0 0.326
1758 6.29728507996 11.22919 38.083377 -0.50941267 12.5473494443 38.4331522485 -0.361586193644 1.36377675777 8.46983319549 0 0.294
1761 6.33157801628 11.185129 38.110347 -0.64618684 11.9271179933 38.5983537422 -0.418343164971 0.888086846291 13.0544809679 0 0.28
1764 6.25618600845 11.588805 37.741111 -0.76036767 12.1677835298 37.3238990125 -0.690621157584 0.71363995154 3.99618079722 0 0.242
1767 6.27623414993 13.063467 36.224873 -0.77289998 12.1883086019 37.200550505 -0.791047318799 1.31066731687 -1.03976592257 0 0.218
1770 6.25325798988 14.493375 34.807156 -0.77803694 13.7190325002 35.1994182191 -0.730593202135 0.868029927817 2.718325944 0 0.238
1773 6.38050794601 15.892318 33.28564 -0.77023756 15.564745614 33.5026879479 -0.693711599596 0.392954806222 4.38461455436 0 0.274
1776 6.32550096512 17.405154 31.857105 -0.77891679 17.8554066967 32.2307465836 -0.786344003896 0.585094457236 -0.425548009755 0 0.376
1779 6.25277495384 19.008966 30.381332 -0.78385491 18.2116864925 30.4197517464 -0.744497735088 0.798204666733 2.25500001599 0 0.38
1782 6.24489092827 20.517371 28.856906 -0.78454873 20.258754209 29.296708002 -0.758292772794 0.510204317517 1.50435553495 0 0.504
1785 6.25714087486 22.037399 27.308602 -0.78653789 21.9278580435 27.4532133843 -0.793459546575 0.181415747991 -0.396581709014 0 0.43
1788 6.35313606262 23.470866 25.802264 -0.78746834 23.7813220247 26.2610859499 -0.792086335993 0.55398603318 -0.264591680233 0 0.442
1791 6.24102807045 25.030138 24.239515 -0.79252133 24.6317453729 25.2509587464 -0.791036501389 1.08707641747 0.0850744127225 0 0.42
1794 6.27566599846 26.508975 22.80392 -0.79210599 26.6242991043 23.1002262755 -0.782874852412 0.31795763549 0.528905223888 0 0.456
1797 6.24639296532 27.961008 21.312251 -0.79564812 28.1216862917 21.3707709628 -0.776178053935 0.171003214807 1.11555261234 0 0.57
1800 6.21037220955 29.36401 19.750057 -0.78815021 29.1311738995 19.8331295906 -0.77402701571 0.247211862619 0.809199426078 0 0.578
1803 6.29126906395 31.016391 18.179875 -0.79578372 30.8003578106 19.2365706251 -0.793030480041 1.07855272614 0.157749029657 0 0.62
1806 6.19475793839 32.405165 16.663972 -0.79079715 32.2021668755 17.4971163351 -0.768217754167 0.857518350667 1.29370408517 0 0.6
1809 6.19984388351 33.875627 15.226881 -0.79213801 33.6420202126 15.4550493081 -0.813543109997 0.326546945986 -1.22642188987 0 0.612
1812 6.16939210892 34.400964 14.714584 -0.72873329 34.1838853842 14.7432016556 -0.762655457 0.218956835152 -1.94359700102 0 0.524
1815 6.17230296135 34.541831 14.529671 -0.59347242 32.9931052991 14.8447444521 -0.676528935453 1.58045011846 -4.75878779651 0 0.502
1818 6.25526690483 34.648846 14.435796 -0.47955783 33.4429080378 15.3178173283 -0.512992946104 1.49407094618 -1.91569104032 0 0.498
1821 6.32449889183 34.668797 14.324629 -0.34405458 33.7803659878 14.9415778603 -0.407225061426 1.08163559471 -3.61940197551 0 0.56
1824 6.2655570507 34.864126 14.20779 -0.22615765 34.2426447463 15.2791738037 -0.257823651458 1.23858879515 -1.81432823758 0 0.502
1827 6.24964094162 35.017605 14.088235 -0.094353638 34.4719905474 15.422984113 -0.13343874554 1.44196058389 -2.23941170383 0 0.418
1830 6.23717403412 36.599142 14.0692 -0.022879679 36.820635455 14.3633185474 -0.0398630552942 0.368191622054 -0.973075783537 0 0.434
1833 6.25116300583 38.63985 14.009333 -0.014813302 39.2393082151 15.019879981 -0.0589785958467 1.1749703624 -2.53048493837 0 0.538
1836 6.27704882622 40.768535 13.925491 -0.0089087199 40.7573088089 13.9770147711 -0.0682977401789 0.0527325929486 -3.4027402114 0 0.494
1839 6.32686710358 42.905865 13.952369 -0.011506708 41.9412682206 15.0937870485 -0.0297255744093 1.4944169794 -1.04386415277 0 0.494
1842 6.22369909286 45.04117 13.838962 -0.010052037 44.8473130354 15.1261252295 -0.0263292411709 1.30167956969 -0.932615101266 0 0.56
1845 6.23855400085 47.095509 13.764363 -0.008210261 46.2484960353 14.8085246261 0.00493513968895 1.34450900471 0.753175979485 0 0.464
1848 6.28854203224 49.256947 13.750747 -0.012245698 48.4055171285 15.0723852263 -0.000427783933008 1.57215152811 0.677116598687 0 0.596
1851 6.20663809776 51.347189 13.680192 -0.017629817 51.2008006187 15.4384866871 -0.00956327951545 1.76437801078 0.462178553149 0 0.652
1854 6.22528195381 53.510554 13.649042 -0.0075411209 52.309964967 14.9967088202 -0.0118378045489 1.80488777614 -0.246181838987 0 0.536
1857 6.25380587578 55.608657 13.581194 -0.0077936973 54.4352508281 14.8711739392 0.0037768947036 1.74382633539 0.662946088274 0 0.64
1860 6.20357203484 57.666716 13.591636 -0.01411162 57.0666277202 15.2132270037 0.0165835552261 1.72906429227 1.75870399187 0 0.658
1863 6.26932382584 59.905766 13.533857 -0.012519778 59.1524796562 15.0678489779 -0.0109352758137 1.70896802307 0.0907852879064 0 0.634
1866 6.27779817581 62.027534 13.447994 -0.021676244 60.6792099402 15.0339806305 0.00507644580217 2.08166552605 1.53281621629 0 0.622
1869 6.25157403946 64.181261 13.371995 -0.025327169 63.1363125442 14.6649995332 0.00227043504742 1.66246142756 1.58122623659 0 0.626
1872 6.26196813583 66.241252 13.310079 -0.024907545 65.3467995396 14.9200710529 -0.0122657157712 1.84177078225 0.724323460137 0 0.69
1875 6.26025700569 68.444119 13.24669 -0.026304862 67.1074813774 14.998940799 0.00412342881874 2.20385639201 1.74341264171 0 0.672
1878 6.34983801842 70.49734 13.123327 -0.017605166 69.1887442634 15.2377915672 0.000504547235025 2.48664094869 1.03761013656 0 0.73
1881 6.31294798851 72.634932 13.039101 -0.019360635 71.7617813034 14.8198502982 0.00665022215585 1.98329528863 1.49031233655 0 0.766
1884 6.1811568737 74.720419 12.994859 -0.019347658 73.8878749881 14.9380598124 -0.00424583362748 2.11403853537 0.865270799493 0 0.718
1887 6.24569392204 76.914825 12.90632 -0.036038761 75.7266446044 15.1903735644 -0.00545106984769 2.57462100855 1.75254560808 0 0.702
1890 6.27020287514 79.004774 12.78569 -0.032634565 77.9241429336 15.2606757926 0.00439731749493 2.70061440698 2.12177057438 0 0.73
1893 6.33593297005 81.177999 12.691712 -0.029848436 80.8839081083 15.2083920814 0.00107630200166 2.53380506047 1.77185697004 0 0.666
1896 6.23717308044 83.222919 12.597068 -0.02122413 82.0941341236 14.7273536931 0.000133259278235 2.41086549428 1.22368826706 0 0.572
1899 6.30124902725 85.390174 12.538762 -0.021700441 84.2469477372 14.6965591605 -0.00427294526262 2.44193670551 0.998521953234 0 0.678
1902 6.28175902367 87.449986 12.512039 -0.030894579 86.7370471654 14.9269869309 0.00851066790719 2.5179863564 2.25775433845 0 0.676
1905 6.32251095772 89.572355 12.414566 -0.034322832 88.2289419747 14.9610914848 0.0145403530815 2.87915796742 2.79965427873 0 0.586
1908 6.18660593033 91.713838 12.339838 -0.030338307 89.9067461414 14.7994258884 0.0152599502392 3.05207365021 2.61258769296 0 0.664
1911 6.26514911652 93.866625 12.234111 -0.027880568 92.9983153249 14.6817061199 0.011579766355 2.59705286103 2.26091061672 0 0.706
1914 6.25426888466 96.027017 12.118277 -0.016096141 94.5404931605 14.8472759218 0.00455597784409 3.10760168632 1.18327924777 0 0.66
1917 6.3003411293 98.003729 12.063433 -0.023465033 97.0633025649 14.961728563 0.0122451373247 3.04705087755 2.0460420453 0 0.62
1920 6.2644598484 100.1865 11.996018 -0.023536261 99.2253240827 15.2025280302 -0.000507171279277 3.34747154096 1.31946964703 0 0.666
1923 6.22907304764 102.26857 11.921444 -0.023061579 102.021239874 14.7566679159 0.0145995760189 2.84599136413 2.15782523417 0 0.67
1926 6.21725392342 104.50291 11.810699 -0.022632517 103.542947265 15.5761141256 0.0380866545027 3.88585634333 3.47895226264 0 0.678
1929 6.23456501961 106.528 11.779433 -0.025937223 105.655076436 15.4947839302 0.0274871319203 3.81652041564 3.06099006014 0 0.658
1932 6.20628595352 108.61821 11.737233 -0.017267816 107.96091465 15.3488787456 -0.0035427207628 3.67097019442 0.786390030507 0 0.69
1935 6.19856405258 110.65428 11.638117 -0.015586443 109.470496234 15.0111535301 0.0128377541486 3.57473347802 1.62858653266 0 0.588
1938 6.31433701515 112.94226 11.558687 -0.011710616 111.499422893 15.4305292351 -0.0102151058236 4.13194157883 0.0856864213254 0 0.664
1941 6.23932409286 114.89636 11.528856 -0.01668203 113.778129258 15.1150036859 0.00529975911653 3.75644715347 1.25946374252 0 0.686
1944 6.19168591499 117.03777 11.494892 -0.018548407 116.169302146 15.2851020817 0.00279999391683 3.88843527362 1.22317327189 0 0.58
1947 6.21427989006 119.07747 11.406331 -0.016261061 117.828138794 15.057737206 0.00609501153906 3.85922216818 1.28090860298 0 0.586
1950 6.25660991669 121.291 11.334615 -0.012126455 120.127435622 14.6587227125 0.0129966761749 3.52187083046 1.43944938447 0 0.634
1953 6.19527196884 123.43737 11.229443 0.0013807468 122.73509695 15.1322544768 -0.00519413629419 3.9654917552 -0.376713052089 0 0.68
1956 6.23610687256 125.58554 11.258252 -0.0049853053 124.640994974 15.1332387952 0.0120140953902 3.98844430428 0.973993913802 0 0.594
1959 6.21088504791 127.50849 11.183265 -0.012828209 126.155554446 15.1279478201 -0.00450279444138 4.17024665497 0.477011116906 0 0.656
1962 6.24034714699 130.28779 11.390648 -0.01314096 128.793213431 15.1655393277 0.00107703004693 4.05999552428 0.814630822848 0 0.686
1965 6.25036597252 132.78769 11.256475 0.0084755214 131.209389452 14.9282758357 -0.00641478429964 3.99664284083 -0.853151672249 0 0.66
1968 6.30842709541 125.9239 10.596074 0.27888777 132.440884524 14.3905104503 -0.0102310756486 7.54114283548 -16.5652896334 0 0.692
1971 6.2773680687 93.936275 13.265891 0.84250578 133.226387753 14.4031318356 -0.00552197907478 39.3065678589 -48.5884115049 0 0.47
1974 6.2015080452 59.212281 6.4432491 1.3602712 133.068988572 15.3382530268 -0.0173296448342 74.3904183899 -78.9307142627 0 0.136
1977 6.20347285271 41.747696 3.5851691 1.5088422 138.480599086 12.8821332137 -0.0449116737951 97.1786400461 -89.0235393706 0 0.07
1980 6.31683897972 40.889782 2.6549702 1.6071612 138.910685948 12.7685059914 -0.0233725261458 98.5412665683 -93.4227008619 0 0.03
1983 6.25737786293 40.408125 3.8011614 1.6070032 65.0165524499 102.663958146 -3.07954794248 101.879474292 91.4803990634 0 0.026
1986 6.24898409843 40.388712 5.5337894 1.5172855 139.719123864 9.70654357916 -1.04173785803 99.4180194859 -146.621238091 0 0.012
1989 6.24103999138 40.44034 7.6724587 1.5542124 77.1226945555 136.138570776 1.30193982149 133.600662752 -14.4541540354 0 0.02
1992 6.23757600784 40.554207 9.7439313 1.5604739 106.765008804 82.5985012786 2.33870247064 98.4462220826 44.5892125941 0 0.014
1995 6.23522305489 40.580821 11.876658 1.5652859 108.51226722 62.7280280274 3.02390350591 84.8560146318 83.5726327421 0 0.016
1998 6.48271584511 40.665042 14.024391 1.567666 32.6264524565 83.806257238 -1.96972751145 70.2433468558 157.322281317 0 0.024
2001 6.22018194199 40.771617 16.174621 1.5548315 31.3567450927 82.6291179959 -1.97035798144 67.1181047409 158.021520729 0 0.032
2004 6.25001883507 40.847233 18.25792 1.5551713 29.0513235391 80.398521102 -1.98191698627 63.2502789348 157.339769432 0 0.016
2007 6.35296106339 40.88758 20.352438 1.5597309 99.5405595751 61.3703787974 -3.09692316558 71.5726447765 93.1933753901 0 0.01
2010 6.3283469677 40.971014 22.508388 1.5678505 50.3622430864 80.4472965293 -0.560186210325 58.6950790554 -121.927522151 0 0.01
2013 6.2348678112 41.044823 24.54743 1.5705547 109.306900746 83.1099854359 1.96737464776 89.9404478387 22.7361082333 0 0.008
2016 6.23431015015 41.105608 26.696222 1.5717508 81.7712141835 32.4819550491 -1.01283662418 41.0751291317 -148.085951188 0 0.012
2019 6.25880599022 41.160404 28.869777 1.5672714 94.7478726304 13.1800115079 -1.81291249426 55.8371340186 166.329728881 0 0.01
2022 6.26309418678 41.204205 31.003136 1.5608691 108.791590821 85.3008665088 1.91130431499 86.6965873639 20.0784588116 0 0.012
2025 6.23035311699 41.244227 33.116661 1.5660557 47.4410252234 21.7637618842 -0.470840498626 12.9340104591 -116.705555488 0 0.006
2028 6.21552300453 41.277887 35.228156 1.5643441 112.820998227 21.8379519726 -0.0904128108443 72.7853991394 -94.8105871115 0 0.018
2031 6.2825961113 41.31792 37.33529 1.5797774 36.2520571541 70.9344692264 0.447852719803 33.9789318705 -64.854506902 0 0.004
2034 6.33584809303 41.419072 39.474789 1.5713492 117.182694967 20.721823374 -0.013051500777 78.0499858097 -90.7794732121 0 0.032
2037 6.33078193665 41.429937 41.518923 1.5745722 120.325087549 21.6994167975 -0.022508723783 81.3465279303 -91.5059964736 0 0.044
2040 6.29321408272 41.494048 43.684079 1.5737379 121.275333322 20.8233371533 -0.0138621999054 82.991969524 -90.9627852791 0 0.034
2043 6.25111508369 41.508319 45.798644 1.5762653 125.827174815 19.8208777388 -0.0708882341012 88.2298916804 -94.3749457141 0 0.02
2046 6.23635292053 41.512588 47.943477 1.5772604 69.9970683712 81.2873859387 -1.8195922786 43.8540977028 165.374677888 0 0.008
2049 6.21219182014 41.583607 50.107906 1.5744728 130.791857616 21.2453966616 -0.0423194191219 93.7611669253 -92.6353705053 0 0.028
2052 6.50785779953 41.632502 52.265699 1.5728612 132.345425766 21.2522636837 0.0269156901063 95.8679701901 -88.5761530741 0 0.044
2055 6.20571994781 41.660201 54.305408 1.5732479 38.8741388049 54.2848119893 1.59261699147 2.78613832228 1.10976719403 0 0.03
2058 6.2765648365 41.689009 56.508616 1.5685378 38.7831153704 57.9326705931 1.5396315185 3.23607003486 -1.65620793132 0 0.03
2061 6.20636796951 41.794127 58.57462 1.5657057 39.4624573333 57.5425143872 1.56135934424 2.5498873369 -0.24902784109 0 0.024
2064 6.24689388275 41.856016 60.76704 1.5641567 38.6108724922 60.1024283712 1.70748727868 3.31250132123 8.21223723366 0 0.042
2067 6.22224807739 41.858156 62.785084 1.5639758 38.853011686 62.8205929725 1.56312923499 3.00535409482 -0.0485046019164 0 0.09
2070 6.30592894554 41.958088 65.023529 1.5767642 39.5158935275 63.9595395437 1.59367102007 2.66390454117 0.968689434966 0 0.076
2073 6.2357981205 41.99726 67.044355 1.5737097 38.8599646445 66.9362668423 1.58085999083 3.13915676539 0.409681486586 0 0.172
2076 6.50658202171 42.044947 69.102812 1.5759217 39.1753305301 69.2281004898 1.60145332044 2.87235023805 1.46285409521 0 0.258
2079 6.24235796928 42.097902 71.261122 1.5727544 38.7219815218 71.3579803346 1.61644774311 3.37730967072 2.50344415311 0 0.37
2082 6.24221611023 42.114798 73.459441 1.5684742 38.6077921849 72.3969330268 1.59578161083 3.66442532746 1.56459938994 0 0.402
2085 6.33382201195 42.172982 75.545483 1.5804547 39.0030554525 75.3838631953 1.58212689473 3.17404399429 0.0958097004212 0 0.474
2088 6.26996684074 42.213453 77.648417 1.5799022 39.2090268839 77.8840747546 1.54872846987 3.01365407183 -1.7861231682 0 0.55
2091 6.21147799492 42.308345 79.80823 1.5843424 39.3705622228 79.6256973221 1.58134697544 2.94344794832 -0.171625185407 0 0.544
2094 6.23134899139 42.259747 81.948131 1.5870316 38.7003396305 81.7770301877 1.6100776932 3.563517407 1.32044387478 0 0.578
2097 6.28651690483 42.325886 84.065588 1.5841531 38.5396972179 84.655850851 1.59558016481 3.83192324131 0.654722585636 0 0.58
2100 6.26567101479 42.338042 86.100283 1.5789413 37.9401172005 85.9627906192 1.60439686561 4.40007348771 1.45849647477 0 0.542
