3 6.14088606834 72.513547 45.80148 1.6808269 10.835991795 75.7723999438 -1.44252616633 68.573878834 -178.95494863 0 0.004
6 6.11516308784 72.505015 45.806851 1.6805552 93.7943073156 31.4068302424 -2.70501580854 25.7020342604 108.725290455 0 0.004
9 6.12753987312 72.51553 45.801787 1.6811119 12.9582075424 14.0330852281 1.73794359734 67.5005560761 3.25621639994 0 0.006
12 6.10604381561 72.511327 45.798497 1.6805172 47.0274544491 76.5248700404 1.82854702031 39.9191402765 8.48148394579 0 0.004
15 6.23940610886 72.518426 45.80176 1.6806948 78.5063018017 25.8716019843 2.53018929566 20.8102343847 48.6724493208 0 0.006
18 6.19619202614 72.509508 45.806599 1.6825332 65.5378699633 107.712883629 -0.485347138277 62.2976068038 -124.210393873 0 0.006
21 6.20707988739 72.510969 45.800989 1.6811293 36.7031621519 98.4359661432 -2.14132906969 63.6603475496 140.989268052 0 0.004
24 6.10917806625 72.522343 45.818169 1.6838228 132.532303757 78.7055967367 -2.64977293898 68.430828529 111.703254041 0 0.006
27 6.16096186638 72.508499 45.799812 1.6808804 130.008381437 112.559813288 -1.19060213469 88.1086502688 -164.523830183 0 0.004
30 6.11324000359 72.523901 45.815543 1.6832165 131.211237291 48.5885725567 -1.93043448689 58.7528138381 152.953049818 0 0.006
33 6.13783383369 72.511009 45.802779 1.6808191 119.74222328 138.2878919 1.72263087506 103.847405892 2.39563824491 0 0.004
36 6.2740380764 72.527172 45.853315 1.6851825 22.664029888 43.8517093791 -2.10606611064 49.9033001549 142.777455526 0 0.006
39 6.21294593811 72.188088 49.017093 1.6798669 92.6813864979 120.655416867 2.52665236894 74.5119099862 48.5172335235 0 0.004
42 6.07255005836 71.804616 53.279503 1.6643548 20.0201444119 39.526116196 2.33917307104 53.5797270079 38.6642388687 0 0.012
45 6.14443016052 71.568933 57.324136 1.642571 17.6290308994 31.190318467 -2.56380578158 59.9373794678 118.992363374 0 0.01
48 6.14795207977 71.37336 61.652431 1.6431927 45.4373924025 95.2112102282 0.60839688593 42.413041373 -59.289432804 0 0.008
51 6.11075186729 71.165072 65.844712 1.6344026 47.9039459634 92.0058257945 0.516108700201 35.0069115956 -64.0735207137 0 0.01
54 6.21530890465 70.960331 70.343426 1.6128178 125.153707053 78.0617094218 1.14055642741 54.7402402895 -27.0585834767 0 0.004
57 6.16287517548 70.885213 74.631613 1.6236159 63.9595723566 94.5124323147 2.22220986061 21.0525883194 34.2969075851 0 0.006
60 6.12412595749 70.832043 79.069602 1.6124517 29.0066475346 113.878540661 -2.40058607058 54.4153095789 130.069872719 0 0.008
63 6.17532706261 70.841819 83.283634 1.5826474 45.8025565939 54.8019306881 -1.41619704701 37.9232393841 -171.82113023 0 0.008
66 6.21808004379 70.897044 87.066595 1.5142468 47.7243736188 131.683114477 2.48605698834 50.2753066908 55.6806222795 0 0.012
69 6.09720087051 70.898205 87.488163 1.2381173 48.34438981 70.9468505444 -1.62337322511 27.9694404194 -163.951330206 0 0.008
72 6.16483402252 70.648486 87.373684 0.94938085 49.3056376812 93.518682924 -0.747621255445 22.2098668644 -97.2310584668 0 0.008
75 6.17987298965 70.490448 87.162959 0.64684814 132.609096597 90.0666324851 -1.77073467509 62.1864762088 -138.517291928 0 0.004
78 6.13861107826 73.090524 88.460194 0.4660111 40.8561442454 133.144633138 1.42698815764 55.0976799807 55.0599296117 0 0.014
81 6.1321349144 76.750616 90.291223 0.4640309 46.8382709266 141.320165924 1.45373571582 59.1498216715 56.7059089102 0 0.004
84 6.12047100067 80.704264 92.172539 0.45240664 40.2103822021 109.785440362 -2.7758601217 44.1584505779 175.033939412 0 0.01
87 6.16293692589 84.637734 93.972859 0.42386385 85.6193122157 81.8030932611 -1.05788409153 12.2092872001 -84.8979033518 0 0.012
90 6.11389613152 88.678811 95.730817 0.41656148 23.6182715422 47.3002384495 -3.01069863153 81.107303822 163.632460316 0 0.024
93 6.18804693222 92.647535 97.41769 0.40779386 84.2060579686 114.807404421 2.17447605575 19.3303052771 101.223433557 0 0.022
96 6.1145658493 96.759828 99.128022 0.39320766 21.8066712486 69.8525175174 -3.03668887157 80.467576512 163.481404575 0 0.022
99 6.48660588264 100.07577 100.58602 0.32958371 84.2268339954 136.833764693 2.33705016233 39.5611901717 115.019355232 0 0.016
102 6.34569501877 100.12714 100.52966 0.1390585 84.5390981567 140.660162889 1.85650042671 43.051647014 98.402173959 0 0.024
105 6.12208580971 100.08551 100.52401 -0.14356162 103.393798258 85.8194559394 -0.830367135574 15.07211602 -39.3510573887 0 0.01
108 6.11933588982 99.772178 100.71077 -0.40700642 80.8090600941 122.818829507 1.34488972027 29.1267254574 100.376254983 0 0.012
111 6.15579009056 99.760338 100.7618 -0.66729138 80.9175423869 120.845530712 1.27225360475 27.5391936307 111.127741802 0 0.012
114 6.11446690559 99.638101 100.95548 -0.8821311 100.428224614 61.2361443716 -2.64043052489 39.727193685 -100.743136166 0 0.012
117 6.15050816536 99.549051 101.11221 -1.1251977 97.9910967585 102.677721872 -1.08266016396 2.20863053464 2.43722128599 0 0.018
120 6.10269117355 100.80276 98.46873 -1.1938854 45.0155064095 77.1346772684 1.29262872428 59.7273762117 142.466765021 0 0.008
123 6.24051499367 102.35582 94.496879 -1.1822805 101.080375665 96.0154769016 -1.16014930876 1.98315350833 1.26802385391 0 0.038
126 6.21330714226 103.84912 90.431736 -1.1842505 102.675099359 91.9802531527 -1.20110354551 1.94325238642 -0.965608379511 0 0.034
129 6.12880992889 105.46668 86.336829 -1.1831903 102.880384232 87.7332335623 -1.15395860057 2.93919572327 1.67485300509 0 0.05
132 6.08559203148 106.96067 82.891423 -1.1821311 104.987559801 84.2072263319 -1.16568411939 2.3716033109 0.942342574856 0 0.096
135 6.11826610565 108.13488 79.987125 -1.1809983 106.593588101 80.8334555242 -1.19869964037 1.75836744558 -1.01421209497 0 0.192
138 6.24951291084 109.11096 77.465416 -1.174964 107.623059906 78.8406116511 -1.16859224072 2.02608236975 0.365074914591 0 0.226
141 6.13202214241 110.00241 75.115832 -1.1797573 107.810866206 77.8368018664 -1.15151510882 3.49378608579 1.61815835859 0 0.244
144 6.12290096283 110.9669 72.896666 -1.1819268 109.654062958 75.410708655 -1.14386913027 2.83618609567 2.18054385383 0 0.316
147 6.12560319901 111.79529 70.750926 -1.1680053 109.625877874 74.0282641058 -1.18554346931 3.93030457217 -1.00486308178 0 0.234
150 6.13318800926 112.62755 68.634671 -1.166408 109.747354323 71.4752078786 -1.16945864817 4.04526598592 -0.17478926467 0 0.354
153 6.16612505913 113.50263 66.493746 -1.1746568 111.692960828 69.8041578257 -1.18867299166 3.77276145109 -0.803068626764 0 0.45
156 6.13020801544 114.39844 64.423702 -1.1690506 112.78957511 67.4375830346 -1.1532084211 3.41641992825 0.907689989139 0 0.46
159 6.14351701736 114.9392 62.935672 -1.1627449 113.815999598 65.6679542895 -1.13560353076 2.95414042547 1.55508590753 0 0.496
162 6.15480613708 115.58582 61.52951 -1.1720902 114.194307393 64.3632028311 -1.15727912866 3.15691659647 0.848611878072 0 0.482
165 6.21094083786 116.16312 60.165609 -1.1710096 114.573294269 63.9202993319 -1.15502379099 4.07740669334 0.915919388453 0 0.492
168 6.08525395393 116.71267 58.758483 -1.1690165 115.053547863 60.7346476043 -1.18204161731 2.58029316354 -0.746284249336 0 0.49
171 6.08080077171 117.29804 57.404001 -1.1730259 114.740868459 60.1265050097 -1.18053830179 3.73512441228 -0.430428916825 0 0.51
174 6.29457306862 117.3062 57.346669 -1.1782941 114.519183022 61.2424431682 -1.19788867557 4.79004384154 -1.12268648139 0 0.508
177 6.12726688385 117.30973 57.394113 -1.1925087 115.457481777 60.1326378659 -1.25029816373 3.30610676181 -3.31109237185 0 0.436
180 6.12764883041 117.3509 57.478875 -1.2542253 114.533479819 60.5175255569 -1.30383096166 4.14382114545 -2.84219505318 0 0.43
183 6.17621803284 117.31554 57.561663 -1.3141336 114.201559518 60.0699674026 -1.35032310475 3.99855791757 -2.07350588496 0 0.43
186 6.06525301933 117.31761 57.625945 -1.389572 115.717861961 60.6073161911 -1.43363290423 3.38345503408 -2.52450385417 0 0.404
189 6.12846207619 117.34247 57.653648 -1.4539696 115.07278786 60.2922108952 -1.49079834324 3.4804412316 -2.11013155217 0 0.416
192 6.10889101028 117.36058 57.739095 -1.5147103 114.709039642 60.3220665878 -1.54089920851 3.70167644359 -1.5005139278 0 0.376
195 6.21470618248 117.34118 57.80351 -1.5718326 114.824455841 59.9678902365 -1.59054497786 3.31940390747 -1.07214027603 0 0.362
198 6.11420607567 117.32521 57.826191 -1.6475747 115.526933964 60.5835805441 -1.64824027881 3.29195896067 -0.0381348569493 0 0.33
201 6.32903289795 117.28663 57.948056 -1.7072698 115.389018971 60.1324926772 -1.66101724743 2.8935603006 2.65007605374 0 0.316
204 6.15858101845 117.37131 58.006137 -1.7818651 115.82168604 59.6955942517 -1.72907960238 2.29250959041 3.02438623288 0 0.236
207 6.13586688042 117.40314 57.989067 -1.8555926 117.141786821 60.7847628426 -1.79902420186 2.80788545511 3.24113046749 0 0.238
210 6.19762611389 117.02719 57.008887 -1.8977403 116.592608312 59.2648761134 -1.82209553917 2.29746558685 4.3341255376 0 0.216
213 6.1887409687 116.38504 55.250118 -1.9095407 116.535917401 56.930995895 -1.85438218087 1.68763576877 3.16035035046 0 0.31
216 6.09256005287 115.67443 53.450651 -1.9075572 115.414628652 55.6872468091 -1.81412900139 2.25163441837 5.35304146767 0 0.322
219 6.16505789757 115.02136 51.574537 -1.9165104 114.367048467 53.576267955 -1.87912862429 2.10595593464 2.14181797872 0 0.358
222 6.13834810257 114.35753 49.684701 -1.9233127 113.806715114 52.3189191397 -1.90497481601 2.69118974549 1.05068335808 0 0.362
225 6.14063000679 113.59486 47.870819 -1.9110101 113.352016515 50.2656264904 -1.88622543302 2.4070886719 1.42005681488 0 0.43
228 6.06279397011 112.87829 45.986656 -1.9118326 112.0334296 48.0065352099 -1.91957291379 2.18945224166 -0.443487312349 0 0.252
231 6.14072012901 112.17059 44.128463 -1.9122248 113.133156056 43.9971517221 -1.84696994417 0.971481376034 3.7388278318 0 0.348
234 6.13292598724 111.43202 42.277019 -1.9027456 110.540773234 44.2831413534 -1.93705624562 2.19518739399 -1.96585518652 0 0.328
237 6.15099287033 110.82393 40.37458 -1.9174412 110.19043756 42.9262214355 -1.96432324999 2.62910378019 -2.68614359926 0 0.276
240 6.10371899605 110.14399 38.567468 -1.912432 112.350450784 37.4085343387 -1.79651503348 2.49230744926 6.64155295537 0 0.274
243 6.20698595047 109.42625 36.696167 -1.9074722 109.002738276 39.1087111287 -1.91915800386 2.44943490489 -0.669547241474 0 0.376
246 6.11299586296 108.96452 35.308972 -1.917648 108.587567747 37.0898732181 -1.90874675634 1.82035769817 0.51000369385 0 0.432
249 6.13019895554 108.91335 35.330429 -1.9171391 108.948018627 37.2363566476 -1.94155903992 1.90624293087 -1.39915949365 0 0.402
252 6.04544305801 108.9585 35.348205 -1.9450374 109.06850485 37.1270811357 -2.01363360615 1.78227421378 -3.93027310285 0 0.434
255 6.09221100807 108.97674 35.368834 -2.0165302 107.914262291 37.9790284339 -2.09178986939 2.81815078795 -4.31206142359 0 0.36
258 6.1255300045 108.99865 35.397074 -2.0803106 109.109270661 37.6327275471 -2.11261531466 2.23838864216 -1.85092380863 0 0.37
261 6.24110388756 109.05048 35.474836 -2.159245 109.191128429 37.6360131846 -2.17525237253 2.16574901682 -0.917154887269 0 0.36
264 6.09255695343 109.09365 35.518169 -2.2238592 108.955749457 37.8280488739 -2.22651009961 2.31399256517 -0.151885359774 0 0.386
267 6.14081406593 109.14301 35.568827 -2.2920109 108.996718258 38.0287349205 -2.26341453972 2.46425409624 1.6384507536 0 0.342
270 6.18211603165 109.24021 35.586114 -2.3597618 108.956834984 37.5074689145 -2.3589555201 1.94213956942 0.046196435159 0 0.386
273 6.233273983 109.32691 35.57971 -2.4292889 109.573005526 37.1088502238 -2.38952029458 1.54881659081 2.27857324788 0 0.322
276 6.17012619972 109.34422 35.612178 -2.4970016 109.958528977 37.3344283492 -2.50645908893 1.82852995178 -0.541874200487 0 0.342
279 6.14330506325 109.45255 35.562283 -2.5751384 109.43054955 37.2546217978 -2.54101858784 1.69248179499 1.95492123463 0 0.316
282 6.11124396324 109.51035 35.610832 -2.6455993 108.97681024 37.0901988806 -2.56560272673 1.57263824274 4.58346602407 0 0.314
285 6.20076084137 109.52669 35.619453 -2.7060079 110.62660558 36.3241132133 -2.63259068374 1.30627726755 4.20649663514 0 0.292
288 6.26049613953 109.56751 35.667144 -2.7779359 109.408114243 36.2320995699 -2.71611710162 0.587010905732 3.54195624176 0 0.274
291 6.29200100899 109.58407 35.725569 -2.8421247 109.924461033 35.8371422012 -2.73812677963 0.358210321938 5.95864191551 0 0.252
294 6.30698084831 109.62066 35.728072 -2.9074408 108.258223787 37.1894748344 -2.77888259698 1.99798165107 7.36584245477 0 0.248
297 6.23349809647 108.40689 35.538158 -2.9474042 108.899874207 36.7406709872 -2.95613781121 1.29964260982 -0.500399062303 0 0.296
300 6.09237217903 106.63579 35.154474 -2.9731605 105.305204478 36.5778923826 -2.94835710447 1.94848087604 1.42112988156 0 0.246
303 6.11269688606 104.74277 34.838538 -2.9724974 104.712014275 36.1265990266 -2.92071263673 1.28842815972 2.9670483782 0 0.284
306 6.20133185387 102.71686 34.507066 -2.970186 102.853701451 35.9191776015 -2.88910148703 1.41872645634 4.64580037682 0 0.304
309 6.10088706017 100.87602 34.149296 -2.9774562 100.63502909 35.2594931591 -2.87238156768 1.13605208979 6.02033296575 0 0.272
312 6.0788860321 98.917573 33.856952 -2.9648121 97.9831525154 35.2224076225 -2.8581977564 1.65457266358 6.10855192363 0 0.342
315 6.08187198639 96.872255 33.519705 -2.9713846 95.9046948875 34.7615391443 -2.88997872058 1.57426954912 4.66421331814 0 0.376
318 6.07684707642 94.700759 33.157106 -2.9752463 94.112635263 33.9222853328 -2.88790236895 0.965084940001 5.00443861549 0 0.344
321 6.09773302078 92.656194 32.878926 -2.9695623 92.021418324 34.0045014749 -2.9273582272 1.29223074895 2.41811524956 0 0.316
324 6.09028697014 90.628889 32.525228 -2.9736018 89.9421523837 33.9461518022 -2.92512225816 1.57817351129 2.7776731401 0 0.392
327 6.13498902321 88.510396 32.191288 -2.9695852 86.8150571137 33.570159121 -2.96383000526 2.18528247782 0.32974836863 0 0.428
330 6.10403299332 87.334812 32.006658 -2.9896435 86.4827204777 33.6149444115 -2.9852594738 1.82006734595 0.251186198498 0 0.438
333 6.07646083832 87.328365 31.983283 -3.0015998 86.1785182958 33.2910625647 -3.05517720191 1.74138876561 -3.06975900654 0 0.41
336 6.08494496346 87.328448 32.00285 -3.0442403 86.1707659907 33.9957062097 -3.09394436437 2.30471332431 -2.84783311297 0 0.362
339 6.13720989227 87.480424 31.977098 -3.121648 86.373015437 33.9431865038 -2.99614438138 2.25651450914 7.19082766066 0 0.29
342 6.19656085968 87.509332 32.088761 3.0972389 86.6648397115 34.2505343537 -3.13980066108 2.32086864305 2.64395649411 0 0.32
345 6.15917491913 87.537767 32.004513 3.0032565 86.1321315389 33.2092853913 3.00707821025 1.85129348417 0.218967867788 0 0.234
348 6.143253088 87.588829 31.971963 2.902116 86.8213177629 33.955128926 3.05906100125 2.12650431204 8.99228618704 0 0.2
351 6.11900377274 87.696053 31.883789 2.7788249 86.1712963339 34.8921367076 2.9578708419 3.37269014599 10.2585768098 0 0.166
354 6.12025284767 87.777704 31.698119 2.6376296 86.2340785895 33.4125189748 2.78810162029 2.30693447711 8.62141169719 0 0.114
357 6.14888811111 87.896098 31.65995 2.4917922 85.8598808923 34.0765109226 2.76922182091 3.16005487334 15.8955463899 0 0.086
360 6.51020479202 87.958395 31.594625 2.366513 85.8432634051 33.0507444145 2.57058391122 2.5678912385 11.692401934 0 0.1
363 6.15701007843 87.964094 31.460561 2.2184109 86.2181298412 34.1043893334 2.49626227669 3.16831486761 15.9197112163 0 0.118
366 6.34335112572 87.708527 31.831987 2.1125682 86.5563382852 32.6371110274 2.2475897087 1.40561855918 7.7361625921 0 0.13
369 6.32356905937 86.721318 33.612273 2.0920166 85.1226747641 35.5460987999 2.27665670905 2.5090520959 10.5790989773 0 0.122
372 6.22348999977 85.724716 35.405361 2.0873093 84.909976742 36.4406310225 2.14686149164 1.31741568156 3.41208924174 0 0.14
375 6.18444705009 84.755772 37.248267 2.0862059 82.9210498305 38.8008903351 2.04785625106 2.40350674225 -2.19727303012 0 0.194
378 6.15088391304 83.690185 39.149374 2.0868314 81.7917900295 41.1104736858 2.09667332062 2.72943500418 0.563900514003 0 0.27
381 6.15785503387 82.666747 40.97523 2.090975 80.7401523436 41.5135973697 2.13582379146 2.00040155842 2.56964646671 0 0.258
384 6.15842008591 81.635815 42.877142 2.0910396 79.7408993068 43.8061255784 2.08061261945 2.11038289729 -0.597421978843 0 0.36
387 6.15798306465 80.624097 44.699122 2.0805048 78.6501599581 44.8416040347 2.09160444796 1.9790726555 0.635962982228 0 0.288
390 6.1346590519 79.602515 46.546403 2.0762437 77.8282307506 47.4093827109 2.09794374456 1.97302270109 1.24332096849 0 0.402
393 6.16575098038 78.599692 48.40129 2.0808805 77.5576011319 49.1305736931 2.11928776189 1.2719308481 2.20057400914 0 0.382
396 6.15845704079 77.532669 50.298142 2.0919608 76.0400812154 50.8006438905 2.11477219202 1.57490521768 1.3069964873 0 0.41
399 6.17136096954 76.53881 52.074716 2.0854653 75.20948676 52.9496616978 2.10367747561 1.5914239695 1.04348079836 0 0.534
402 6.14300394058 75.533974 53.92833 2.0838411 73.8468566523 54.3627775682 2.10259111698 1.74215660442 1.07429683893 0 0.508
405 6.11299800873 74.451304 55.860797 2.0823704 72.5864555852 56.3799410445 2.12387381534 1.93576087086 2.37797053464 0 0.482
408 6.10305213928 73.464188 57.689364 2.0801622 70.8202536819 58.2081903024 2.12200924313 2.6943588125 2.39765895652 0 0.32
411 6.22044992447 72.461178 59.521835 2.0808323 70.162785875 59.9095265845 2.1440297908 2.33086059749 3.62094949882 0 0.404
414 6.10156583786 71.469371 61.42577 2.0898858 69.4245581331 61.5490557735 2.10906568696 2.04852606584 1.09892657462 0 0.4
417 6.49773383141 70.386885 63.322712 2.0827703 67.7738737735 63.7900116176 2.11705871214 2.65446729166 1.96458130191 0 0.486
420 6.31691503525 69.38246 65.186025 2.0922796 67.1065515627 65.6170435584 2.13650166764 2.31636271176 2.53373783695 0 0.484
423 6.14950418472 68.400253 67.014087 2.0893798 66.2602975014 67.2759811907 2.12144216119 2.15592163657 1.83703797732 0 0.556
426 6.07897090912 67.30799 68.901204 2.089526 64.5406631258 68.6796830902 2.12194668348 2.77617894636 1.8575683322 0 0.58
429 6.106580019 66.315197 70.741557 2.0869248 63.7630799333 70.7873523422 2.1259587728 2.55252791083 2.23648189897 0 0.526
432 6.17759394646 65.281228 72.464006 2.0745737 62.7170722041 72.27869443 2.11291337586 2.57084330985 2.19670161487 0 0.618
435 6.43092489243 64.283593 74.421326 2.0918621 61.5833250854 74.2122654337 2.12905443135 2.70834878315 2.13096361654 0 0.648
438 6.07997918129 63.28447 76.191493 2.091939 60.5526095176 75.8131733535 2.11372400465 2.75793173414 1.2481888232 0 0.642
441 6.09723186493 62.204887 78.125252 2.0893553 58.9280104778 77.8992936873 2.11038593541 3.28465780578 1.20496664933 0 0.664
444 6.14604997635 61.273659 79.948227 2.0960183 57.8979251476 79.9483832495 2.10830549688 3.37573385599 0.704004523162 0 0.684
447 6.15158200264 60.19879 81.787566 2.089809 56.9131282663 81.8293531128 2.09928442248 3.28592744767 0.542901717058 0 0.64
450 6.148458004 59.161438 83.629466 2.0974137 56.9645258257 83.4483339557 2.09528933652 2.20436655737 -0.121717061794 0 0.606
453 6.18456912041 58.11891 85.485673 2.0964985 56.260904802 85.8322118401 2.09537154943 1.89004562997 -0.064569511631 0 0.6
456 6.24964118004 57.036783 87.336936 2.0992423 55.1617160808 87.9203746568 2.07997470484 1.96374046593 -1.10395188395 0 0.626
459 6.14287495613 56.357629 88.602308 2.124456 54.8345855015 88.5628812843 2.09031225494 1.52355372867 -1.95629248891 0 0.596
462 6.1433930397 56.200217 88.720884 2.2094598 54.1598118812 88.8258429492 2.19213306106 2.04310289264 -0.992749014192 0 0.538
465 6.22812795639 56.199637 89.07416 2.3631742 53.524954065 88.354966295 2.34628292486 2.76968741706 -0.967798775958 0 0.438
468 6.16494202614 56.109511 89.161307 2.4869631 53.6037079866 88.2276972652 2.47410666513 2.67407477062 -0.736619457495 0 0.408
471 6.26665091515 56.023191 89.233423 2.608836 52.7746424857 88.7276984562 2.61106661398 3.28767771597 0.127804766828 0 0.384
474 6.1918129921 54.873312 89.789936 2.6823278 51.9430561206 89.5797074273 2.68142317043 2.93778753003 -0.0518314562249 0 0.382
477 6.19452381134 52.997249 90.667048 2.6986067 49.3361524842 90.2462428671 2.71208283248 3.68520076219 0.772125515385 0 0.5
480 6.19359183311 51.122563 91.609157 2.7018871 47.5744933152 90.7408735027 2.72309745292 3.65276809007 1.2152637043 0 0.496
483 6.26556706429 49.137432 92.566213 2.7007601 46.4637581186 91.5889042488 2.71977016203 2.84669359424 1.08919632242 0 0.356
486 6.07775616646 47.308569 93.452781 2.7003868 43.8279833255 92.5648460668 2.7040370862 3.59206139745 0.209145993223 0 0.476
489 6.18149781227 45.360782 94.336008 2.7008969 42.1975080358 93.697827779 2.71809695679 3.2270073082 0.985490661229 0 0.526
492 6.25264191628 43.468079 95.251019 2.7064338 41.0632072934 94.2353795933 2.72618993358 2.61054234395 1.13194307387 0 0.498
495 6.25643610954 41.590918 96.131677 2.7064065 38.2759206201 95.262650314 2.72826644948 3.42701254884 1.25248284532 0 0.456
498 6.16537213326 39.606214 97.06058 2.704478 35.9140690137 95.7654950556 2.73963955317 3.91269467416 2.0146085979 0 0.498
501 6.13810110092 37.718719 97.944153 2.696243 33.8151421458 96.7765265758 2.74774412935 4.07446483883 2.95079735211 0 0.53
504 6.27916502953 35.769603 98.891663 2.7044976 32.766163767 97.1966786725 2.76348132677 3.44871267237 3.37951860399 0 0.538
507 6.08637094498 33.862509 99.822852 2.7013631 31.4444645293 98.9513465667 2.72117772137 2.5703036363 1.13529417743 0 0.448
510 6.20610308647 31.979521 100.73965 2.7066945 28.8644927474 99.1982096216 2.76026296835 3.47554879904 3.06924715162 0 0.466
513 6.12012004852 30.015598 101.64307 2.7044148 26.929572227 100.613245622 2.71327662705 3.25332035332 0.507745288958 0 0.37
516 6.11657595634 28.083667 102.5122 2.7038251 25.6574204964 101.792065805 2.71585479628 2.5308625714 0.689250825761 0 0.384
519 6.1062951088 26.231599 103.44351 2.6987262 23.6116067694 102.751314212 2.7109541042 2.70988824438 0.700607302905 0 0.434
522 6.33167505264 24.326425 104.3449 2.7056645 21.595900947 103.45468979 2.70245807767 2.87197420299 -0.183714467006 0 0.45
525 6.14431500435 23.072168 104.95788 2.6888385 19.8243195513 103.324846014 2.70980019546 3.63528809639 1.20101668131 0 0.476
528 6.10871601105 23.059574 104.94595 2.6093304 19.3583485683 103.973123413 2.58877612583 3.82693888947 -1.1776731609 0 0.512
531 6.10319280624 23.148655 105.02795 2.4881616 18.8069436671 104.107602824 2.49083625564 4.438186141 0.15324648003 0 0.5
534 6.16959691048 23.15609 104.97342 2.3614352 18.3196406883 103.766630799 2.34064478517 4.98473490962 -1.19120302415 0 0.46
537 6.16309499741 23.189116 104.80794 2.2179164 18.6925230361 104.989520337 2.19231753345 4.50025773728 -1.46670701336 0 0.476
540 6.09173703194 23.170444 104.45908 2.0515088 18.9503637813 105.233733145 2.07675598651 4.29059023289 1.44655723135 0 0.482
543 6.07055401802 23.203193 104.36781 1.9241471 19.3563030772 105.795054587 1.9537027544 4.10311944625 1.69341425766 0 0.336
546 6.13249802589 23.268475 104.40083 1.8086424 19.8816981696 104.014355656 1.83173280949 3.40875633007 1.32298301114 0 0.394
549 6.16283011436 23.269141 104.3114 1.6661585 19.0927393892 104.678717239 1.67903296788 4.19252338915 0.737652672874 0 0.422
552 6.19110488892 23.273746 104.22596 1.531085 19.6088537941 105.126688819 1.54027481119 3.7739564499 0.526537395976 0 0.414
555 6.11162090302 23.201513 103.9692 1.3630267 19.9085167423 105.479186179 1.4209272014 3.6226899692 3.31745436207 0 0.36
558 6.11302495003 23.573375 105.47089 1.3112874 19.6796054385 105.481032802 1.35578339587 3.89378277185 2.5494327687 0 0.402
561 6.13732194901 24.091257 107.45193 1.3021436 19.091370478 106.724481903 1.34480003226 5.05252867058 2.4440335373 0 0.264
564 6.22952890396 24.69734 109.54228 1.2971878 20.895598257 108.763050963 1.28684484824 3.88077803697 -0.592607483828 0 0.276
567 6.24848985672 25.24514 111.62222 1.291934 21.7749884611 111.037890255 1.32082517938 3.51900454019 1.65534264345 0 0.45
570 6.11999607086 25.838263 113.71051 1.2925571 22.4626669433 113.260385532 1.32399136392 3.40547511734 1.80105065483 0 0.492
573 6.14332199097 26.485855 115.66064 1.2984976 22.4851002288 115.59165912 1.32075907484 4.00134941003 1.27548855409 0 0.55
576 6.11038303375 26.666562 116.70228 1.2516028 22.0322947116 116.531652234 1.27193524353 4.63740737212 1.16496320148 0 0.58
579 6.08319377899 26.671044 116.66524 1.1445574 23.1985795406 116.096951164 1.15514583023 3.51865906603 0.60667236379 0 0.51
582 6.22364115715 26.68282 116.71548 1.0360889 22.996903562 116.280518491 1.01469755445 3.71149181626 -1.22563381837 0 0.494
585 6.2361061573 26.598988 116.54426 0.86252405 22.0360282991 116.346959774 0.858651449383 4.56722329337 -0.22188367107 0 0.41
588 6.21918702126 26.490987 116.49462 0.72378221 22.4976018461 116.085240588 0.737059516746 4.01431395014 0.760733639869 0 0.482
591 6.21711492538 26.414554 116.44154 0.58967497 21.8063237651 116.233526688 0.605767685889 4.61292265656 0.92204470136 0 0.444
594 6.08262610435 26.30131 116.37003 0.43724496 21.7703302923 116.680234658 0.490410042121 4.54158607119 3.04613482301 0 0.406
597 6.10862898827 26.176025 116.35464 0.31453037 22.1159561092 115.781251452 0.377869636238 4.10035776792 3.62907263287 0 0.348
600 6.21795916557 26.088883 116.46581 0.14702743 20.490964127 116.545875928 0.152498731798 5.59849142731 0.313482501495 0 0.352
603 6.23360586166 25.977812 116.45377 0.019989929 22.4891327778 115.816027967 0.105425094842 3.54649088762 4.89507442472 0 0.362
606 6.09912705421 25.890585 116.45549 -0.11586106 21.6267130035 115.582513279 -0.000126880982519 4.35232038786 6.63108000311 0 0.3
609 6.13551807404 27.617035 116.21759 -0.13548047 25.0316659995 116.277739782 -0.0492990099543 2.58606861183 4.93783393289 0 0.316
612 6.08413290977 29.732468 115.90829 -0.14344069 26.3408664983 115.140828564 -0.0964097477184 3.47734924928 2.69467449926 0 0.442
615 6.16067099571 31.744289 115.6014 -0.14068963 27.6699312355 114.651562464 -0.120063601676 4.18360879365 1.18178437111 0 0.436
618 6.09608197212 33.87565 115.27561 -0.13567301 30.8994236015 115.13249654 -0.10601857775 2.97966525593 1.69907381179 0 0.442
621 6.10613489151 35.936054 114.9269 -0.14240112 32.8801105784 114.644013021 -0.092199287798 3.06900883656 2.876353109 0 0.524
624 6.07786297798 38.113735 114.67885 -0.14674677 35.0284486379 114.223895765 -0.117546339325 3.11864959431 1.67306143765 0 0.49
627 6.11088490486 40.163768 114.30534 -0.14012204 36.7077287862 114.098500547 -0.0806444905111 3.46222321733 3.4078125615 0 0.578
630 6.20183205605 42.346763 113.98058 -0.16006212 39.0277095269 114.21201215 -0.079654544337 3.32711238126 4.60701472637 0 0.63
633 6.2247338295 44.341947 113.67079 -0.15507802 40.8742282662 114.591818277 -0.101796973581 3.58794736632 3.05277908786 0 0.612
636 6.12538814545 46.544067 113.30502 -0.15009707 42.9223694265 114.124351547 -0.0681223090889 3.71321929015 4.6968078268 0 0.634
639 6.13449788094 48.557097 112.97025 -0.14631805 44.8517529261 114.023264375 -0.0952645622035 3.85206619619 2.92514938016 0 0.6
642 6.23176622391 50.586062 112.64729 -0.14866611 47.5148882083 113.922377211 -0.0774166893236 3.32535048608 4.08229109751 0 0.656
645 6.23860692978 52.747394 112.3225 -0.14488479 50.4681729546 114.301248917 -0.0791482942271 3.01832666378 3.76642376777 0 0.624
648 6.09461307526 54.919709 111.95097 -0.14565598 51.236549526 114.047866409 -0.0522890982338 4.23823527678 5.3495282715 0 0.638
651 6.11598396301 56.9199 111.70562 -0.14317608 53.5242030669 113.385154729 -0.0612812918919 3.78834984769 4.69222572271 0 0.558
654 6.14226698875 58.963864 111.32719 -0.14485493 56.5448370212 113.961757577 -0.06882027269 3.57667972332 4.35646496059 0 0.526
657 6.15407109261 61.070196 111.0267 -0.15209978 57.8783963253 112.42434603 -0.13739084829 3.48439371909 0.84275970811 0 0.53
660 6.13487815857 63.25691 110.67843 -0.1447313 59.534428548 112.060526005 -0.138734254772 3.97077543137 0.3436053811 0 0.61
663 6.11999702454 65.338645 110.4192 -0.14848438 61.4268318054 111.387059493 -0.118521386469 4.02976853764 1.71675307091 0 0.638
666 6.13948321342 67.412523 110.08404 -0.1445869 63.4359929051 111.595381882 -0.119033818909 4.25405052624 1.46408370007 0 0.688
669 6.11740398407 69.507235 109.73429 -0.15139682 65.9416231819 110.926353005 -0.0942580840772 3.75960128804 3.27380841509 0 0.682
672 6.07032203674 71.647859 109.39116 -0.14906575 67.713101877 111.065568783 -0.0972631579917 4.27620841263 2.96806988991 0 0.696
675 6.13621997833 73.702975 109.06139 -0.1559357 69.906931897 111.60397111 -0.0993462915828 4.56887972511 3.24233426745 0 0.646
678 6.28905010223 75.754203 108.72815 -0.15045699 72.4318823725 110.117312279 -0.128110361299 3.60105348333 1.28036751093 0 0.592
681 6.32243299484 77.860742 108.43703 -0.15243836 74.0199641013 109.52850704 -0.158916823034 3.99285574446 -0.371188589554 0 0.652
684 6.28563785553 79.97813 108.08555 -0.15170568 76.0259814364 108.921058305 -0.166914837418 4.03949902794 -0.871420529987 0 0.646
687 6.28808403015 82.120618 107.73965 -0.14888428 78.218625165 108.976542095 -0.136407932345 4.09334217214 0.714842064379 0 0.664
690 6.2430460453 84.192494 107.42985 -0.14593359 81.2204519643 108.530630654 -0.151991319896 3.16934565973 -0.347082356488 0 0.646
693 6.17812490463 86.28045 107.15458 -0.15823172 82.4380462246 108.388507148 -0.125379072529 4.03567131723 1.88231804594 0 0.604
696 6.16213178635 88.385341 106.75858 -0.15035877 84.1261166989 108.824811144 -0.115279542704 4.73395213174 2.00989167263 0 0.55
699 6.19044399261 90.512184 106.42958 -0.15443508 87.1161181777 108.754384924 -0.124213425695 4.11557784594 1.7315732416 0 0.686
702 6.38699197769 92.541412 106.11165 -0.15857271 89.1639155806 108.855566851 -0.110726982787 4.351615993 2.74135823704 0 0.59
705 6.07330107689 94.624435 105.7799 -0.14991569 91.0806676805 107.961540005 -0.109927614957 4.16147088511 2.2911479308 0 0.664
708 6.04700708389 96.812614 105.41142 -0.16008539 93.3908507317 107.023897569 -0.141945830766 3.78266411058 1.03932018636 0 0.564
711 6.33679199219 98.833392 105.05687 -0.15857643 94.6891557612 107.142449045 -0.134543594658 4.63943250381 1.37698003483 0 0.574
714 6.12483000755 100.9283 104.72764 -0.15390186 96.1175946759 106.859734387 -0.128647043057 5.26200647949 1.44699442319 0 0.44
717 6.20188093185 103.02648 104.38009 -0.15580909 98.6887281621 106.410636108 -0.145244252626 4.78948937806 0.605320592768 0 0.504
720 6.13668894768 103.56436 104.3046 -0.21764658 99.9522433731 106.623748336 -0.199255170588 4.29253253105 1.05375013859 0 0.462
723 6.11598086357 103.46604 104.39779 -0.32798619 99.2586085773 106.713385738 -0.296593120087 4.80254753202 1.798690412 0 0.454
726 6.14219903946 103.43166 104.43448 -0.46455789 99.2558788726 106.783473116 -0.402208859859 4.79112895708 3.57233628379 0 0.456
729 6.16476988792 103.35806 104.51276 -0.60050128 99.2417070151 106.954487661 -0.57428335778 4.78606266827 1.5021762908 0 0.396
732 6.07918596268 103.30537 104.5712 -0.75278089 100.422774832 106.162630575 -0.628542891853 3.29272017931 7.11831294896 0 0.274
735 6.07869791985 103.24477 104.73622 -0.88717849 99.3850102125 107.393080261 -0.825833557758 4.68579257565 3.51480571198 0 0.332
738 6.08102297783 103.11543 104.83266 -1.0218313 100.798443445 106.262678976 -0.942942495376 2.72275246173 4.51999555578 0 0.264
741 6.15348291397 103.3336 104.43355 -1.1359167 99.3078493016 105.95668288 -1.07314589092 4.30425399535 3.59650243676 0 0.234
744 6.36562299728 104.18264 102.5184 -1.1499809 101.874497812 104.696480093 -1.09123159915 3.17357105641 3.36608698824 0 0.364
747 6.27219605446 105.02068 100.61649 -1.1544373 102.560597975 103.222967163 -1.09434731978 3.58409357738 3.44290225771 0 0.382
750 6.14648604393 105.97315 98.645528 -1.1675657 104.366170276 101.437550523 -1.03181054079 3.22145519943 7.77819766976 0 0.39
753 6.12261605263 106.66644 96.709247 -1.154133 104.796389417 98.900046249 -1.07621436577 2.88039763459 4.46440888686 0 0.428
756 6.11832404137 107.65453 94.805864 -1.1707179 105.341344148 96.7363081272 -1.12099647006 3.01287957148 2.84882808685 0 0.492
759 6.17106199265 108.36584 92.821603 -1.1639211 105.704555035 95.2529622245 -1.08156881015 3.60471154777 4.71843864184 0 0.456
762 6.16978502274 109.18739 90.932737 -1.1605274 107.116022731 92.5149078941 -1.11095475774 2.60649709428 2.84030318062 0 0.442
765 6.16960883141 110.00551 88.971931 -1.1631703 108.382361993 89.8964724647 -1.14488767581 1.86798992839 1.04751720448 0 0.55
768 6.10752010345 110.83946 87.051439 -1.1600004 108.395641345 89.3810484458 -1.12113349064 3.3762893519 2.2269098693 0 0.526
771 6.07077288628 111.68317 85.129972 -1.1502451 110.14965406 86.7102203007 -1.11387818697 2.202011769 2.08367063041 0 0.578
774 6.13419485092 112.49307 83.177328 -1.1488654 110.575425192 85.7292369245 -1.08570993775 3.1921154063 3.61854144036 0 0.554
777 6.09698009491 113.40329 81.226755 -1.149046 112.042434175 83.502671453 -1.11829995295 2.65173985838 1.76161873284 0 0.556
780 6.07399702072 114.20236 79.347389 -1.1522317 112.095494262 81.8595115478 -1.12584852392 3.27866480942 1.51164463929 0 0.498
783 6.10421419144 115.10134 77.33273 -1.146946 113.042596386 80.5517460772 -1.11183113451 3.821058724 2.01193359096 0 0.366
786 6.2760682106 115.87569 75.433999 -1.1405871 113.433498663 77.9770342539 -1.13801384763 3.52580867759 0.147436500388 0 0.394
789 6.52035903931 116.74641 73.521868 -1.1514597 114.779926547 75.9216081081 -1.16072146265 3.10254891282 -0.530659910577 0 0.408
792 6.27249312401 117.66191 71.592443 -1.1472421 115.506259225 74.2987796276 -1.12842381409 3.45992604053 1.0782083605 0 0.346
795 6.69291520119 118.47567 69.543126 -1.1411103 117.185223746 71.9639175271 -1.1467517387 2.7432614081 -0.323230627987 0 0.47
798 6.12904191017 119.32773 67.660396 -1.1493947 117.884694812 70.3667051549 -1.1066780986 3.06699523871 2.44748097557 0 0.462
801 6.11842989922 120.23613 65.736718 -1.1477983 118.990301029 68.8540100235 -1.11130679133 3.35702239859 2.09080943492 0 0.424
804 6.12317204475 121.05504 63.851108 -1.1435448 120.068169097 65.9208589589 -1.13035554406 2.29298565438 0.755688700366 0 0.552
807 6.16148710251 121.9387 61.889647 -1.1416966 120.310397496 63.9447754079 -1.12880547181 2.6220072116 0.73860723838 0 0.572
810 6.13298296928 122.75206 59.947854 -1.134592 121.234690677 62.604446004 -1.10401210995 3.05939385147 1.75209863775 0 0.554
813 6.17544984818 123.61313 58.017737 -1.1345099 122.698947616 61.0291460316 -1.07658748268 3.14711197553 3.31871005142 0 0.582
816 6.11318397522 124.50226 56.14403 -1.1250591 122.952228668 59.4922046141 -1.13891300594 3.68956235563 -0.793770339969 0 0.574
819 6.09933614731 125.37031 54.195354 -1.1346431 123.687563002 57.6667603739 -1.09523701494 3.85775837377 2.25780236122 0 0.512
822 6.16062283516 126.19009 52.293812 -1.120627 124.987696131 55.7603886915 -1.12324096025 3.66918314791 -0.149768890406 0 0.504
825 6.20094490051 127.09539 50.434417 -1.1252352 125.758662776 53.7816200476 -1.12051824433 3.60424859195 0.270261652088 0 0.624
828 6.16952300072 127.94916 48.435924 -1.125081 126.625888448 51.5381275103 -1.08307389583 3.37264202367 2.4068297787 0 0.58
831 6.09557986259 128.83417 46.49897 -1.1135569 127.085855774 50.0673808768 -1.11629339191 3.97368328127 -0.156789437041 0 0.516
834 6.08646988869 129.69028 44.561049 -1.1141866 127.771981052 47.3783880336 -1.1262152651 3.40841166597 -0.689191743633 0 0.54
837 6.24401497841 130.6504 42.689185 -1.1179531 128.700463549 45.5135218109 -1.11433130863 3.43207380214 0.207513360025 0 0.508
840 6.07223391533 131.56218 40.752166 -1.1133477 130.514045826 43.2681026385 -1.13068065908 2.72553158408 -0.993105401535 0 0.474
843 6.09134292603 131.80181 39.159633 -1.0655485 131.476474133 42.6472428113 -1.09599771234 3.50275115049 -1.74461135665 0 0.42
846 6.18836307526 89.526265 39.287264 -0.26055386 132.494908227 40.7398420529 -1.07709514136 42.993188807 -46.78436922 0 0.466
849 6.25600099564 49.129117 22.860079 0.57174269 133.532225636 40.5067556389 -1.07012719531 86.2281273359 -94.0722149377 0 0.33
852 6.20249891281 45.693587 19.436118 1.0035584 133.408565294 39.4765671129 -1.06414384114 89.9752022376 -118.470611707 0 0.128
855 6.18226194382 46.841947 21.209275 1.0214136 33.3374009298 92.9600616975 0.486911199406 73.0106030401 -30.6247316936 0 0.012
858 6.2291200161 48.00008 22.972907 1.0079248 32.8065948372 78.7796673843 0.304878394613 57.838019468 -40.2815918305 0 0.01
861 6.12740206718 49.170996 24.731115 1.014741 67.3014207713 104.958156592 -1.00056029901 82.250170243 -115.468258881 0 0.016
864 6.10097408295 50.349541 26.532036 1.0144485 63.029791231 15.9972322555 -2.83468920551 16.4854734799 139.460654709 0 0.01
867 6.12245082855 51.518278 28.351001 1.0069992 60.2206931154 100.605777205 -0.616362270483 72.7769517994 -93.0117608828 0 0.018
870 6.13252401352 52.642563 30.101924 1.0170679 30.3486459655 76.8018760644 -2.64528899542 51.7484710843 150.162406822 0 0.014
873 6.1122739315 53.80357 31.912095 1.0183648 55.6760665346 102.672588047 -3.02137913031 70.7852641416 128.53972248 0 0.02
876 6.06465101242 54.946688 33.671099 1.0064723 120.650176125 51.7369022334 -1.06148856097 68.1419224727 -118.485429532 0 0.01
879 6.10518503189 56.161659 35.476636 1.0152563 35.1216728259 103.454511219 1.40181742141 71.1594866305 22.1483207807 0 0.018
882 6.10935783386 57.333476 37.252395 1.017552 122.678467546 44.6281529995 -1.34531439361 65.7599401325 -135.382271907 0 0.01
885 6.16525101662 58.434052 39.044555 1.0099164 55.9612840843 108.575729162 0.54454294094 69.5751303374 -26.6639351016 0 0.012
888 6.09857082367 59.558673 40.733157 1.0155176 16.9637854659 68.9400165114 -2.57203090623 51.0876831295 154.448611794 0 0.014
891 6.13739085197 60.829575 42.673596 1.0256616 17.6478840297 125.052312694 1.44321606657 93.0102757721 23.9241086515 0 0.006
894 6.24527597427 61.938983 44.298725 1.0235902 120.371638181 36.5476816137 -1.41994992819 58.9444981752 -140.004536416 0 0.012
897 6.14866995811 63.08776 46.123861 1.0214801 126.141103448 33.2274166279 -1.2357486203 64.3587010232 -129.329679069 0 0.008
900 6.09370183945 64.233274 47.872937 1.026201 62.1789226796 48.5908279035 1.03961427385 2.17617248784 0.768523981173 0 0.024
903 6.25006508827 65.367062 49.701179 1.0288308 143.822884907 87.2472995176 0.923908714716 86.9771654742 -6.01159266448 0 0.01
906 6.17980289459 66.47055 51.411163 1.0247772 65.6302637274 51.2691103567 0.999191340542 0.852208878914 -1.46596176215 0 0.016
909 6.26318502426 67.601685 53.206336 1.0345375 65.0330124983 54.0017428217 1.02083647615 2.68900547284 -0.785010841332 0 0.032
912 6.13708305359 68.713633 54.989386 1.0321621 68.3178207834 54.6216733828 0.920388413328 0.540259085669 -6.4041605069 0 0.036
915 6.28120994568 69.889939 56.860516 1.0335194 66.8879871906 58.710796897 1.08877093417 3.52636556014 3.16567971953 0 0.03
918 6.13772106171 70.97178 58.665246 1.0279054 68.5683356994 59.9174291932 1.03466108482 2.71007513831 0.387072227997 0 0.052
921 6.28648591042 72.083269 60.388926 1.0348295 69.3384770104 62.9546189788 1.01969270229 3.7572148631 -0.867274624 0 0.074
924 6.14956998825 73.21006 62.180545 1.0389104 69.7388042974 63.3667900424 1.02560733697 3.66835023591 -0.762209366323 0 0.102
927 6.28060388565 74.211219 63.966291 1.0279221 71.2790578025 65.1430991404 1.06083447274 3.15950101876 1.88574005193 0 0.128
930 6.17647695541 75.394113 65.876292 1.0355825 73.144616761 67.0814143725 1.05230893427 2.55197046646 0.958354090085 0 0.152
933 6.16422200203 76.475569 67.55587 1.0353462 73.7687680724 68.5077347159 1.03908739862 2.8692887096 0.214354891182 0 0.166
936 6.18962097168 77.652303 69.425792 1.0395167 75.0467503897 70.5052956017 1.05245820175 2.82032488045 0.741493430655 0 0.282
939 6.15336489677 78.72098 71.209083 1.0347632 76.0667891726 72.2219664767 1.02084971286 2.84089103724 -0.797184091676 0 0.322
942 6.15263104439 79.923618 73.070281 1.0406815 77.3744363514 74.709158682 1.03336562526 3.03055228197 -0.419168746164 0 0.402
945 6.16709899902 80.886825 74.813727 1.0240856 77.7506933548 76.1642288761 1.028932991 3.41455370631 0.277735045813 0 0.466
948 6.1496181488 82.003807 76.66259 1.0354781 79.5639455286 78.0663253007 0.98264294349 2.8148528903 -3.02723147792 0 0.458
951 6.26863098145 83.149971 78.458347 1.0359732 81.964236992 79.5672355392 0.973757283738 1.62345278035 -3.56470942034 0 0.496
954 6.20563316345 84.209192 80.07724 1.046865 82.2939439029 81.0437912553 1.03960615581 2.14531969703 -0.41590113628 0 0.564
957 7.23684096336 84.421821 80.346791 1.1291589 81.8075836444 81.681677948 1.09820790391 2.93532964335 -1.77336144784 0 0.508
960 6.36091399193 84.549549 80.462185 1.2384433 81.8787717897 81.603205246 1.24546096026 2.90430337757 0.402082314797 0 0.432
963 6.45663905144 84.477315 80.645515 1.377415 82.2458605804 80.4541125813 1.31404946659 2.23964812254 -3.6305776307 0 0.504
966 6.64081788063 84.491575 80.745704 1.5042297 82.0838224594 80.4321829316 1.46831365117 2.4280790261 -2.05783801482 0 0.46
969 6.3519949913 84.58151 81.604236 1.6242617 81.5485693004 81.0042405918 1.60053812934 3.09171857984 -1.35926047384 0 0.484
972 6.22535800934 84.52138 83.606555 1.6450761 80.8386241579 83.6345737633 1.60048702847 3.68286242528 -2.55476561126 0 0.506
975 6.09281301498 84.450105 85.633891 1.6510189 81.2130613343 86.554948945 1.60617382986 3.36553107725 -2.5694332511 0 0.496
978 6.08061599731 84.288283 87.799076 1.6553182 81.6992185773 88.1522424634 1.58645105889 2.6130405921 -3.94579653286 0 0.566
981 6.11488294601 84.219899 89.940013 1.6574582 81.1780182906 90.5970916774 1.61594883571 3.11203962677 -2.37831138421 0 0.556
984 6.11763906479 84.085061 91.960688 1.6559816 81.0014205925 92.6070013496 1.62562089435 3.15064423712 -1.73954029683 0 0.512
987 6.09946799278 83.972707 94.061302 1.6546883 80.3486603242 94.7886743338 1.6704275416 3.6963204434 0.90179211655 0 0.458
990 6.10416507721 83.850194 96.236204 1.650278 79.9180115771 96.4600136351 1.68394872428 3.93854660497 1.92919039431 0 0.31
993 6.17729091644 83.742141 98.372522 1.653672 80.0126094607 99.0380653547 1.67198553522 3.78845000753 1.04928827615 0 0.466
996 6.16660499573 83.558608 100.37046 1.6603574 80.205458408 101.274058051 1.64733281723 3.47276570256 -0.746253622406 0 0.472
999 6.19867610931 83.448658 102.54165 1.6520527 79.9290752431 102.910543629 1.64963355433 3.53886214653 -0.138606837124 0 0.412
1002 6.16292786598 83.308795 104.69204 1.6576029 80.1505550377 104.830436608 1.63635818103 3.16127083316 -1.2172327338 0 0.508
1005 6.21511101723 83.194681 106.76107 1.661421 78.7713477946 107.455522948 1.65323592763 4.47751510795 -0.468970101931 0 0.482
1008 6.24184393883 83.066158 108.84686 1.6653468 78.5193908269 109.417516283 1.65253119876 4.58243825052 -0.734279862739 0 0.486
1011 6.24540400505 82.920912 111.09751 1.6564676 78.440713264 111.775215049 1.66550653054 4.53116594786 0.517892571253 0 0.594
1014 6.20537686348 82.798446 113.12029 1.6519674 78.3232791088 113.333879703 1.6533066778 4.48026107115 0.0767349657685 0 0.624
1017 6.25050497055 82.725101 115.25424 1.6521864 78.1489941271 116.603119572 1.65629141375 4.77076830417 0.235199962818 0 0.654
1020 6.32021808624 82.605874 115.888 1.7134215 78.8304947031 117.234985052 1.69787003479 4.0084732212 -0.89103332182 0 0.656
1023 6.16216087341 82.650086 115.98425 1.8265292 78.5231841964 116.974718727 1.82375133817 4.24409552139 -0.159159759196 0 0.606
1026 6.28607201576 82.697137 116.16336 1.9516157 78.4555920718 116.952131482 1.9735046912 4.31426283723 1.25414681376 0 0.468
1029 6.29752087593 82.611261 116.28116 2.0730733 78.2714199503 116.849808919 2.08768556873 4.37693750582 0.837221327148 0 0.572
1032 6.20519304276 82.517518 116.45008 2.1971216 78.8050069285 116.890385409 2.24006278853 3.73853010014 2.46034887009 0 0.502
1035 6.2519299984 82.418538 116.4581 2.3123831 78.3407850073 116.419347689 2.36051751718 4.07793712688 2.75789895355 0 0.486
1038 6.24242591858 82.414024 116.83182 2.4679277 78.5685352866 116.801926785 2.52623386806 3.84560490033 3.34069734935 0 0.42
1041 6.17414212227 82.282962 116.94587 2.5874118 78.8310343635 117.943588906 2.63647772387 3.59322242873 2.81127035589 0 0.302
1044 6.23899078369 82.208722 116.96752 2.707272 79.6552371381 117.342821169 2.74588896015 2.58091764826 2.21258883432 0 0.328
1047 6.25224804878 82.043289 117.20312 2.8493508 78.0023048999 116.812475285 2.84704368557 4.05982213786 -0.132187919548 0 0.36
1050 6.2670249939 81.832352 117.28824 2.9891727 78.4340911605 117.538331748 3.0096670666 3.40745104382 1.17424070995 0 0.3
1053 6.27233815193 81.142386 117.29523 3.0875315 77.9139253206 117.089713537 3.12245728073 3.23499542113 2.0010998323 0 0.354
1056 6.24734783173 79.131234 117.37152 3.1037602 75.5921507795 116.445493122 -3.13486289117 3.65822850839 2.55322690288 0 0.414
1059 6.26383709908 77.094643 117.50841 3.1079346 74.1795817883 116.03809996 -3.11844585364 3.26487265947 3.25467836372 0 0.432
1062 6.27748394012 74.899205 117.59033 3.115912 71.9917853424 116.712879617 3.12873028096 3.03694060518 0.734433399816 0 0.526
1065 6.26768803596 72.824078 117.69503 3.116944 69.5183987962 116.663790169 3.13391122011 3.46279808654 0.972150102359 0 0.614
1068 6.2645368576 70.711208 117.83017 3.1174699 68.1094987759 117.393009484 -3.12119950559 2.63818123029 2.5505732825 0 0.57
1071 6.23011398315 68.550781 117.88294 3.1169773 65.4293759105 116.461780883 3.11485189363 3.42970304361 -0.121776814736 0 0.504
1074 6.17517900467 66.454241 117.99143 3.11617 63.5014620563 116.857874828 3.12104266155 3.16288646946 0.279182941955 0 0.564
1077 6.31765604019 64.352032 118.06903 3.1139299 60.638353445 117.382248413 3.13789913057 3.77664895876 1.37333574957 0 0.542
1080 6.31430411339 62.204954 118.16997 3.1178991 59.5121635537 117.092493206 3.10813856276 2.90035801729 -0.559237589354 0 0.608
1083 6.32368898392 60.134729 118.2293 3.1166836 57.1030636585 117.642886251 3.13989750823 3.08785942499 1.3300589674 0 0.65
1086 6.27187490463 58.034017 118.36643 3.1239361 54.6419551042 117.114199033 3.12306008831 3.6158216631 -0.0501917727791 0 0.68
1089 6.52382588387 55.858025 118.47896 3.1251128 52.887989022 117.039125722 3.13761485438 3.30064182502 0.716314951438 0 0.69
1092 6.30082893372 53.766425 118.55 3.1243401 50.4143632693 116.667361219 -3.13202675671 3.84456065456 1.53658402482 0 0.68
1095 6.28989815712 51.628528 118.603 3.1187628 48.6214345021 117.055409952 -3.11611695206 3.38195893837 2.76770443539 0 0.656
1098 6.44327402115 49.494235 118.64783 3.1200968 47.2928086984 117.049131671 3.1379956362 2.72068265505 1.02552777255 0 0.634
1101 6.2955520153 47.379245 118.80828 3.1260538 45.5891069877 117.673533288 -3.12952595026 2.11949149626 1.5816819024 0 0.536
1104 6.26818585396 45.313934 118.87713 3.1250737 43.07402597 117.872517221 3.13267212511 2.45487979697 0.435357689682 0 0.444
1107 6.27346897125 43.229975 118.9845 3.131291 41.5737665675 117.253857358 3.1368664639 2.39544365974 0.319450550444 0 0.454
1110 6.25683283806 41.038059 119.03542 3.1300111 38.0501425344 117.328960862 -3.13325341439 3.44087889884 1.14137735121 0 0.468
1113 6.2860918045 38.877743 119.09254 3.1262084 36.1920331833 117.911441607 3.1113309343 2.93394455182 -0.852415994356 0 0.482
1116 6.29544901848 36.866989 119.17866 3.1252668 33.5774205894 118.334622408 3.08623189308 3.3961242299 -2.23653542026 0 0.518
1119 6.40131020546 34.67231 119.25843 3.1314701 32.4826522352 119.090695049 3.08623055248 2.19607289054 -2.59203513981 0 0.45
1122 6.2936270237 32.567479 119.34722 3.1353596 30.2596957495 118.403496434 3.10345096602 2.49328652598 -1.82823005719 0 0.378
1125 6.28516697884 30.502201 119.36971 3.1349527 27.2159301514 117.670259087 3.12329833454 3.69969045942 -0.667745953867 0 0.364
1128 6.34443998337 29.15421 119.31018 -3.13185 26.7961608476 117.979522767 -3.11979170362 2.70759016044 0.69088949041 0 0.362
1131 6.3803088665 28.938717 119.39146 -3.028318 26.6509451075 118.037610829 -2.98474325449 2.65834681901 2.49664901089 0 0.334
1134 6.41952800751 28.80706 119.32785 -2.9089456 26.6293869849 118.249770412 -2.88104096377 2.42992085451 1.59881788472 0 0.27
1137 6.38597011566 28.607415 119.34948 -2.7753086 26.7241367848 117.538122451 -2.75170678261 2.61299693969 1.35228452543 0 0.28
1140 6.30796980858 28.309413 119.3977 -2.6319404 26.3832597823 117.79489232 -2.62544148101 2.50580499617 0.372360629439 0 0.324
1143 6.29985189438 28.176965 119.31562 -2.5155106 26.4027489717 117.484839405 -2.50102783686 2.5494313294 0.829801203466 0 0.316
1146 6.33271694183 28.13257 119.1422 -2.3876282 25.8243474078 118.660437682 -2.34624280211 2.35796235466 2.37120863261 0 0.246
1149 6.35176706314 28.071656 119.10664 -2.2643471 25.7918942401 117.819036711 -2.24655306956 2.61825054398 1.01952284502 0 0.206
1152 6.27245593071 27.847582 119.05477 -2.1225081 25.5591472221 118.501725573 -2.13979089938 2.35431346051 -0.99023146254 0 0.188
1155 6.385242939 27.651134 118.95518 -2.0012288 24.869713999 118.144113147 -2.00766478244 2.89726192488 -0.368754630788 0 0.118
1158 6.25697302818 27.585975 118.8068 -1.8653126 25.8037302432 118.486316942 -1.88277781548 1.81083013106 -1.00068313556 0 0.126
1161 6.34578204155 27.545652 118.66047 -1.7395281 24.5388558266 118.762011474 -1.77878816635 3.0085102458 -2.24943610552 0 0.096
1164 6.31693315506 27.426878 118.54472 -1.6078392 25.6958224005 118.468977199 -1.6178148757 1.73271188043 -0.571564115392 0 0.108
1167 6.32419514656 27.408113 118.27266 -1.4907581 25.9070083743 117.385415467 -1.53475321692 1.74370810613 -2.52073451898 0 0.058
1170 6.3222990036 27.619078 117.43976 -1.368489 25.5797443637 116.318797547 -1.34803815724 2.32710947358 1.17174697785 0 0.078
1173 6.3453578949 28.00462 115.50954 -1.3464267 27.5764498617 116.497730829 -1.33919264053 1.07696368667 0.414481076104 0 0.054
1176 6.3458199501 28.352772 113.43776 -1.3439724 26.6154633871 113.613133141 -1.37022938502 1.74613772508 -1.50441442432 0 0.09
1179 6.33108091354 28.777386 111.37552 -1.3470791 27.4146967816 111.822772277 -1.32531398333 1.43420936572 1.24704932584 0 0.108
1182 6.30527496338 29.292879 109.18718 -1.3487141 25.991429665 109.670004358 -1.37322018207 3.33656815782 -1.40409507474 0 0.088
1185 6.42541193962 29.664866 107.14961 -1.3582731 25.7604511882 107.97066717 -1.39741794148 3.98981075982 -2.24283420649 0 0.16
1188 6.35393810272 30.155372 105.1583 -1.3627181 26.6603853268 105.776200936 -1.43660430919 3.54918771158 -4.23336795087 0 0.218
1191 6.32915210724 30.584999 103.08809 -1.3538609 27.1357590586 103.361205612 -1.43981838701 3.46003588294 -4.92500122319 0 0.298
1194 6.65683507919 30.932942 101.04272 -1.3388863 28.4159928213 101.603730428 -1.38904699792 2.57871399508 -2.8739962883 0 0.318
1197 6.64181804657 31.46397 98.886394 -1.3633561 28.3691215232 98.3281398706 -1.40810446996 3.14479486887 -2.56389273859 0 0.39
1200 6.57102799416 31.761459 96.890841 -1.3338862 31.0577150786 96.8046904546 -1.36108102054 0.708997477651 -1.55814844133 0 0.236
1203 6.30419206619 32.148779 94.808879 -1.340085 31.151174301 94.7854220352 -1.36002735705 0.997880436066 -1.14261289244 0 0.258
1206 6.33808898926 32.63242 92.742465 -1.3409888 31.5279920893 92.7429701607 -1.35904812474 1.10442802622 -1.03472308829 0 0.364
1209 6.54424715042 33.223163 90.635151 -1.3443959 31.4658380364 91.1661316286 -1.3177079379 1.83579177895 1.52910759218 0 0.314
1212 6.43270301819 33.480467 88.544154 -1.3400822 31.4905043465 89.0734063397 -1.32759605282 2.05914045206 0.71540353599 0 0.338
1215 6.16539502144 33.996344 86.523674 -1.3537744 32.1035202053 86.2691362618 -1.32985449769 1.90986161227 1.37050944884 0 0.502
1218 6.17446708679 34.391099 84.502242 -1.3500462 33.03164806 84.3472488975 -1.32653970548 1.3682579143 1.34682292741 0 0.49
1221 6.15904021263 34.871654 82.311763 -1.3462417 33.2144759492 83.0174127736 -1.3469561697 1.80116092978 -0.040936098649 0 0.494
1224 6.1808359623 35.319079 80.358924 -1.358939 34.5967049136 80.776061727 -1.34185675195 0.834163175866 0.978740717601 0 0.558
1227 6.14214611053 35.776446 78.250756 -1.3606991 34.461841036 77.9529306778 -1.35435005254 1.34791918668 0.363773623128 0 0.618
1230 6.13511109352 36.167733 76.160289 -1.3496683 34.6989623473 76.93490621 -1.34173567816 1.6605177061 0.454505751971 0 0.462
1233 6.18953704834 36.593873 74.026216 -1.3452321 34.8720527446 74.5856249907 -1.36362983658 1.81041525926 -1.05411265851 0 0.602
1236 6.15588617325 37.096668 72.068535 -1.358637 35.0797957259 72.1064954473 -1.37436834922 2.01722947766 -0.90133991615 0 0.632
1239 6.23626184464 37.456761 70.030489 -1.3570922 35.3848798715 69.6388921169 -1.39255700902 2.1085633805 -2.0319838783 0 0.636
1242 6.15612816811 37.942935 67.912468 -1.3598503 35.6576713708 68.3574952938 -1.38280817521 2.32819224877 -1.31538935598 0 0.678
1245 6.1622569561 38.381728 65.750541 -1.3597279 37.1115179474 65.1613246307 -1.343650541 1.40021766436 0.921164816298 0 0.638
1248 6.16224694252 38.78715 63.709446 -1.3638712 37.462338671 63.2908805336 -1.35098036812 1.389360323 0.73859026108 0 0.73
1251 6.16083407402 39.284372 61.704874 -1.358189 38.1066098423 61.4689337159 -1.35862647064 1.20116256928 -0.0250652215815 0 0.658
1254 6.23204517365 39.616785 59.610797 -1.3616912 38.1889850315 59.3125484685 -1.35236377764 1.45861747439 0.534421935034 0 0.716
1257 6.23127007484 40.0981 57.483375 -1.3627524 39.1985230524 58.0973071061 -1.33650534962 1.08910574117 1.50384521122 0 0.6
1260 6.20874786377 40.478176 55.366289 -1.371191 39.91999685 56.1164009228 -1.31844871255 0.935003668578 3.02191047248 0 0.482
1263 6.16288685799 40.927924 53.368372 -1.3697355 40.1291205181 54.1539042087 -1.32226469891 1.12033381349 2.71987655257 0 0.622
1266 6.84883379936 41.311773 51.24524 -1.3687118 41.1289252543 51.2489177536 -1.36532645737 0.182884728711 0.193965845176 0 0.642
1269 6.61883187294 41.752813 49.127024 -1.3690442 41.1402094676 50.5430270475 -1.35474551703 1.5428375541 0.819254186792 0 0.642
1272 6.17445898056 42.124468 46.999249 -1.3746445 41.3547844685 47.8077361587 -1.35750295634 1.11627246868 0.982138106213 0 0.726
1275 6.1429040432 42.489069 45.000812 -1.3756167 41.6181072431 45.8371356331 -1.36372621403 1.20748151175 0.681274662489 0 0.666
1278 6.24401807785 42.919623 42.847052 -1.3693623 41.3385767225 44.30439418 -1.36688434662 2.15024500027 0.141976270289 0 0.592
1281 6.22134900093 43.26925 40.76156 -1.3849404 43.203769333 41.7222585665 -1.33904515022 0.962927543151 2.62960411218 0 0.544
1284 6.13219809532 43.723057 38.666685 -1.382086 43.1501532138 38.7475291653 -1.35510147114 0.578579750168 1.54609961579 0 0.564
1287 6.22074484825 44.069109 36.638541 -1.3748634 44.6143275108 36.2698025361 -1.34261416644 0.658203068373 1.84774497551 0 0.528
1290 6.18248295784 44.48264 34.512889 -1.372972 43.4508383585 35.8994783896 -1.3715749118 1.72836476555 0.0800472572626 0 0.536
1293 6.24036312103 44.660959 33.544964 -1.3339999 44.3696710384 33.9210798621 -1.32298873067 0.475722417303 0.63089353007 0 0.584
1296 6.22383999825 44.654294 33.324157 -1.2074321 44.0216821171 33.3290691116 -1.21450644684 0.632630953422 -0.405330216461 0 0.546
1299 6.23937010765 44.699557 33.107025 -1.0711259 44.4074742706 33.1793956326 -1.12096250353 0.300914986839 -2.85542704739 0 0.546
1302 6.19243693352 44.829945 32.953901 -0.95914547 43.9230007166 33.3743604263 -0.876699197709 0.999666975755 4.72382343884 0 0.512
1305 6.41590213776 44.914184 32.826307 -0.82117543 43.775137559 32.9114715042 -0.841882537604 1.14222580405 -1.18642987165 0 0.486
1308 6.20082378387 44.932468 32.690373 -0.70238554 42.7561191752 32.9766903866 -0.794682350724 2.19510178653 -5.28821771698 0 0.448
1311 6.2477350235 45.019913 32.619075 -0.56167342 42.9322124963 32.6364523303 -0.67135761215 2.08777282399 -6.28444128952 0 0.394
1314 6.16809511185 45.164806 32.47066 -0.44585332 43.0116616589 33.1078742311 -0.592213860047 2.24545597371 -8.38584123197 0 0.398
1317 6.15575218201 45.307079 32.373178 -0.30795343 42.8941702881 32.4893705912 -0.577590947612 2.41570469429 -15.4490917575 0 0.392
1320 6.20760297775 45.468859 32.25314 -0.19105128 42.4741962578 32.7164846025 -0.423699341667 3.03029588661 -13.3297520454 0 0.37
1323 6.13424277306 46.833289 32.057508 -0.10389315 43.8478418931 31.5080460214 -0.200481800533 3.03558938171 -5.53412202441 0 0.314
1326 6.20597887039 48.863767 31.868312 -0.084237935 46.8109207606 31.5252128746 -0.272531139938 2.08132042038 -10.7884059539 0 0.318
1329 6.16959118843 51.033972 31.691587 -0.08198003 48.0964999796 29.1627930839 -0.505003541723 3.87602122556 -24.2374618565 0 0.234
1332 6.13352680206 53.111195 31.42619 -0.084122232 51.4348568172 32.9019970671 -0.0298511632951 2.23340909877 3.10950318646 0 0.216
1335 6.14484405518 55.206155 31.249451 -0.082409142 53.9811539495 33.2624864704 -0.0101240743659 2.35646756366 4.14162929725 0 0.274
1338 6.13060116768 57.287235 31.07162 -0.080297126 55.8468031391 33.1312215955 -0.0682757813894 2.51332502434 0.688772310262 0 0.34
1341 6.14340400696 59.516372 30.847745 -0.092608556 58.3785293538 33.1554559573 -0.00847695883804 2.57297799256 4.82038544108 0 0.474
1344 6.10761404037 61.567611 30.670937 -0.091677002 60.5029967103 33.0395380356 -0.0186808556931 2.59685857363 4.18237110411 0 0.514
1347 6.13643884659 63.68279 30.502969 -0.089332225 62.5256656492 32.1883423658 -0.0815907890689 2.04436301703 0.443551606225 0 0.398
1350 6.22844386101 65.773678 30.270465 -0.081918863 65.6342316819 31.5783516644 -0.0602725745666 1.31529951061 1.24024096936 0 0.444
1353 6.30195999146 67.870787 30.052005 -0.080757136 67.5192367117 31.9140303492 -0.0942171164871 1.89492110816 -0.771200074239 0 0.514
1356 6.13406300545 69.978421 29.855203 -0.080851998 69.479523763 31.7028356399 -0.102553790605 1.91380375824 -1.24342112412 0 0.554
1359 6.09233307838 72.04312 29.748383 -0.089661546 70.6212070285 30.7254321994 -0.139647769532 1.72524248632 -2.86399964218 0 0.504
1362 6.13511991501 74.192216 29.503442 -0.097083695 72.5044607252 30.4132998801 -0.0926622316545 1.91738343313 0.253331188971 0 0.47
1365 6.12434101105 76.337484 29.313327 -0.092202589 75.286962583 30.4458888133 -0.0880364853269 1.54476260586 0.238700157483 0 0.562
1368 6.05287003517 78.469083 29.072242 -0.088851811 77.719225561 30.4162033978 -0.0956629111103 1.53899916101 -0.390247290159 0 0.584
1371 6.16323304176 80.508884 28.860474 -0.08148585 78.6850039868 29.6223404358 -0.0706867942476 1.97660789449 0.618740317338 0 0.508
1374 6.10640501976 82.648681 28.706332 -0.092016755 81.4767297022 30.6323578827 -0.0923894516234 2.25456105383 -0.0213539435624 0 0.588
1377 6.13647484779 84.803463 28.469695 -0.089914919 83.574626124 30.3295072958 -0.0625093897414 2.22911234424 1.57022116184 0 0.632
1380 6.11121201515 86.909059 28.274418 -0.095059786 84.7364036833 30.6727574428 -0.0831489350306 3.23611854051 0.682441490957 0 0.61
1383 6.07376098633 88.999768 28.069648 -0.093100738 87.0985541089 30.0945033645 -0.0471184891863 2.7775265088 2.63458878954 0 0.718
1386 6.06136083603 91.148907 27.8824 -0.087682683 90.0045517783 30.3888426994 -0.064771108936 2.75532282656 1.31273649587 0 0.758
1389 6.09941315651 93.191686 27.680334 -0.085944106 91.0093728197 30.2854702704 -0.0614238223846 3.39841519009 1.40490876363 0 0.612
1392 6.22828912735 94.597595 27.536443 -0.026113958 93.206961609 30.4870895385 -0.0475273261542 3.26192829834 -1.2268956204 0 0.682
1395 6.07491207123 66.734672 23.138609 0.64678418 94.6429675624 30.6614187418 -0.0331004235635 28.9044222846 -38.9545183401 0 0.584
1398 6.09107208252 41.954155 8.6979942 1.5862633 97.6355371815 31.4966340538 0.00943989546328 60.1680504988 -90.3453261174 0 0.558
1401 6.2995569706 40.498777 7.6026468 1.6671323 100.155017714 32.1687828145 0.00173000214571 64.5163707504 -95.4205228584 0 0.42
1404 6.11355495453 40.36551 9.5759073 1.6613912 101.264737496 30.80742055 -0.00320190438679 64.4941320158 -95.3741594879 0 0.464
1407 6.12392783165 40.15753 11.693798 1.6450717 102.513260845 30.9938766373 -0.0424759680639 65.2742690852 -96.6893591072 0 0.496
1410 6.13867878914 40.017928 13.779826 1.6578436 103.133902904 30.4399592738 -0.0363358653839 65.2777628964 -97.0693331042 0 0.33
1413 6.08903002739 39.937066 15.922073 1.6651068 105.224451557 32.3497756056 0.0739336310746 67.3224488992 -91.1675070539 0 0.18
1416 6.19798111916 39.75755 17.953862 1.6630734 105.907116702 31.0617122096 -0.0464970798438 67.4357539588 -97.9511732752 0 0.182
1419 6.131524086 39.645384 20.177858 1.663423 108.329728525 30.2286570419 0.00412678194493 69.4158320862 -95.0706702566 0 0.148
1422 6.10293412209 39.526919 22.292671 1.6684735 111.509558518 33.3797766265 0.0776166726629 72.8314787929 -91.149382016 0 0.148
1425 6.16785788536 39.303781 24.413998 1.6572417 112.868961623 33.0639087086 0.0730580976375 74.0719701058 -90.7670343892 0 0.104
1428 6.14599704742 39.21094 26.55624 1.6661167 117.278126893 33.3482058033 0.140255700693 78.3620856593 -87.4253953839 0 0.09
1431 6.11751890182 39.049874 28.673026 1.6660737 117.272251653 34.7033332652 0.120313546499 78.4544770638 -88.5655329351 0 0.108
1434 6.19770812988 38.816051 30.701859 1.6598041 120.318094476 34.649595844 0.13385240864 81.5975962699 -87.4305916558 0 0.168
1437 6.1928858757 38.695572 32.853799 1.6647394 122.754187038 36.025527742 0.100478743324 84.1184321378 -89.6255336859 0 0.198
1440 6.20774888992 38.58982 35.008607 1.6723781 124.672574632 35.122319909 0.117565337739 86.0828297378 -89.0842092107 0 0.172
1443 6.10563087463 38.393816 37.160762 1.6689022 125.993712511 35.5224511532 0.0932460158844 87.6152151812 -90.2784493135 0 0.296
1446 6.20688891411 38.314928 39.264936 1.6781402 129.22602807 36.7908646308 0.144443525626 90.9447587553 -87.8743464949 0 0.23
1449 6.31572604179 38.042909 41.445131 1.6601298 130.30563008 37.2412805027 0.139261864469 92.3584433608 -87.1393139027 0 0.166
1452 6.17877197266 37.893052 43.482766 1.6655679 135.655215035 28.0867378401 -0.0873711129602 98.9670561568 -100.436007186 0 0.106
1455 6.17721915245 37.737395 45.529248 1.6663309 138.458847702 26.7068785579 -0.0633613767519 102.465080031 -99.1040673143 0 0.136
1458 6.25560879707 37.667375 47.706088 1.6735516 140.947725237 26.521147754 -0.140035047081 105.430699695 -103.910860659 0 0.156
1461 6.15539503098 37.411337 49.793915 1.6717816 142.000474891 25.6746865976 -0.127700953004 107.334174164 -103.102755595 0 0.082
1464 6.18129491806 37.208006 51.943854 1.66906 139.815444889 36.3639207956 0.160671448784 103.783528722 -86.4242978505 0 0.022
1467 6.19375705719 37.03196 53.963531 1.6741645 140.768315756 39.826051527 0.224486752278 104.695271295 -83.0604165985 0 0.046
1470 6.10923695564 36.983983 56.143126 1.6856298 27.1324611887 120.150311842 1.72902484915 64.760885737 2.48635316793 0 0.022
1473 6.27927303314 36.720012 58.206076 1.6746777 88.7242204757 58.6311344206 0.478171637408 52.0059455625 -68.5547475483 0 0.006
1476 6.17484903336 36.536888 60.398002 1.6787317 28.8913300436 123.26971678 1.55122056358 63.3348804044 -7.30584995796 0 0.016
1479 6.32801103592 36.401835 62.417273 1.6766351 100.265839047 33.5616139597 0.692216434008 70.0803829297 -56.4030348352 0 0.004
1482 6.19257378578 36.239068 64.615141 1.6886647 34.7133923823 63.370376673 1.62170284193 1.96904147248 -3.83663185573 0 0.01
1485 6.19215607643 35.99676 66.655908 1.678851 32.258769543 66.5115190378 1.70823630211 3.74077810476 1.68365379082 0 0.024
1488 6.08288502693 35.830181 68.859683 1.6854848 32.4551016411 69.3291772397 1.56706766923 3.40757766161 -6.78480181508 0 0.022
1491 6.1192650795 35.575227 70.898859 1.683738 33.6476078195 70.7989974826 1.63867939282 1.9302041415 -2.58166802225 0 0.078
1494 6.22990202904 35.463169 73.006353 1.6935188 31.2523725901 72.8949710781 1.65064223135 4.2122692623 -2.45664642385 0 0.072
1497 6.15557003021 35.205801 75.07321 1.6913976 32.7765729367 73.6213971973 1.67439943388 2.83000166039 -0.973923177953 0 0.056
1500 6.15965795517 34.978045 77.287591 1.6912075 31.5054833281 75.8467039941 1.66391091294 3.75963295133 -1.56397923346 0 0.078
1503 6.22765398026 34.814043 79.320098 1.7000185 30.6401938495 78.5034663025 1.74308830667 4.25298766285 2.46771814685 0 0.118
1506 6.15534496307 34.580736 81.372215 1.6970036 30.3011663742 80.4135487017 1.62689233247 4.38563077031 -4.01707972592 0 0.146
1509 6.28155088425 34.345965 83.441951 1.6955247 31.2650754224 83.4256564517 1.68607316939 3.0809326675 -0.541532814011 0 0.162
1512 7.07339787483 34.142398 85.698773 1.7034669 29.5732220981 84.8802054936 1.65363601116 4.64191998912 -2.85509962006 0 0.238
1515 6.23340201378 33.910208 87.748137 1.7016389 30.5435444215 87.1012829104 1.66823323172 3.42824209528 -1.91400380424 0 0.32
1518 6.15932297707 33.670818 89.737713 1.6967853 30.1184438397 89.9906169036 1.65915249866 3.56136526617 -2.15620068809 0 0.392
1521 6.09961986542 33.472926 91.900649 1.7056804 29.6348194119 91.9385673012 1.65924616772 3.83829388911 -2.66048553435 0 0.51
1524 6.20710110664 33.217902 94.036516 1.7078464 30.3018372068 93.7085039606 1.65258712377 2.9344549368 -3.16612330679 0 0.492
1527 6.1212208271 33.034075 96.178482 1.7177188 28.5119075583 96.2480119737 1.68571758303 4.52270193446 -1.83353467172 0 0.546
1530 6.36819815636 32.713254 98.174723 1.7080491 28.1664065877 97.3611707245 1.70498275499 4.6190571219 -0.17568862755 0 0.398
1533 6.25258898735 32.45653 100.24821 1.7068362 27.5772789503 99.6139180404 1.71942462984 4.92030660586 0.721263900605 0 0.548
1536 6.23941898346 32.217075 102.39435 1.7082962 27.6617508724 101.922737413 1.67089742569 4.57967207771 -2.14279192714 0 0.654
1539 6.38778591156 31.955228 104.48204 1.7110577 28.1039627517 103.667505607 1.65635590525 3.93645910568 -3.13418197082 0 0.586
1542 6.58928203583 31.741377 106.6002 1.7198575 27.6649146538 105.211403217 1.66524270277 4.30654174079 -3.12919738004 0 0.604
1545 6.56210613251 31.439656 108.68741 1.7105287 27.7335493158 108.203398597 1.67456821864 3.73757860024 -2.06038381126 0 0.69
1548 6.12940096855 31.216018 110.75498 1.7177022 27.3682551462 110.648088392 1.69098004871 3.84924730237 -1.5310664885 0 0.578
1551 6.16701889038 30.916985 112.90957 1.719675 26.370059196 112.38833759 1.68031645097 4.57670378027 -2.25507874731 0 0.618
1554 6.09204816818 30.668641 114.94646 1.716506 27.1088765751 114.41022675 1.67679986023 3.59992622965 -2.27499422957 0 0.634
1557 6.1743888855 30.419865 117.12266 1.716223 26.8378731568 115.356549839 1.66425639803 3.99372140561 -2.97746696839 0 0.532
1560 6.16972708702 30.132888 119.21343 1.725557 26.2208044439 117.783401633 1.68890498679 4.1652585611 -2.10000566769 0 0.366
1563 6.16505002975 29.88258 121.34383 1.72867 25.9217661153 120.460127387 1.69771294124 4.05819873075 -1.77370881298 0 0.472
1566 6.09391784668 29.981486 120.5055 1.7055843 26.1422266328 120.024421566 1.70369835658 3.86928274339 -0.108056598241 0 0.492
1569 6.10764479637 30.170653 118.4575 1.6900862 26.2967818178 118.096453118 1.68761583786 3.89065968542 -0.141541324417 0 0.434
1572 6.10661220551 30.502618 115.6086 1.6745202 26.9068710354 114.499826195 1.66240067188 3.76281484847 -0.694397810707 0 0.46
1575 6.14669084549 30.699806 113.48782 1.6738205 27.8598029442 112.253598048 1.70263087985 3.09659832475 1.65071317155 0 0.47
1578 6.13473105431 30.8492 111.36091 1.6697397 28.333188803 111.065759858 1.68186525449 2.5332638926 0.694743096772 0 0.414
1581 6.15817093849 30.973164 109.37107 1.6787837 28.2019963397 108.710179731 1.68815504569 2.84888507133 0.536938556245 0 0.456
1584 6.07561612129 31.204408 107.09871 1.665475 27.8924508034 107.411889825 1.65317815576 3.32673144015 -0.704557276031 0 0.382
1587 6.10382890701 31.322843 104.96751 1.6587885 28.4642437074 105.211268386 1.71189608915 2.86897334714 3.04284071835 0 0.424
1590 6.20334601402 31.457099 102.91722 1.6541397 28.1570153795 103.002604554 1.68484324169 3.3011880323 1.75918335494 0 0.582
1593 6.19610190392 31.546684 101.34427 1.631357 28.5020273488 101.655085397 1.6625674947 3.06048040907 1.7882296227 0 0.522
1596 6.15269303322 31.536552 101.09899 1.5279681 28.2589569892 102.086596955 1.57859408724 3.42315593457 2.90065540232 0 0.456
1599 6.12805914879 31.522716 100.84711 1.3818466 28.5289572755 101.933314058 1.46197546837 3.18471828526 4.59104597489 0 0.462
1602 6.13694190979 31.33472 100.81397 1.2437751 28.885943757 101.933364246 1.3462345033 2.69249857319 5.87049138045 0 0.43
1605 6.1094789505 31.335612 100.76499 1.1262837 27.7951195655 102.02393482 1.19530109873 3.75766266968 3.95440566031 0 0.44
1608 6.16225814819 30.238332 99.003137 0.9296569 27.8518350867 100.904036639 1.02344810598 3.05103047442 5.37384025837 0 0.38
1611 6.14194893837 28.772289 97.32743 0.78863198 26.6445454315 98.7602474593 0.863553323317 2.5652014667 4.29267676753 0 0.344
1614 6.13491797447 27.005154 95.945316 0.6582802 24.3400599209 97.7278794044 0.675740149028 3.20628425773 1.00038138981 0 0.416
1617 6.10170102119 26.209553 95.323497 0.64585939 23.1244867635 95.8725710254 0.673662277989 3.1335468672 1.59298814006 0 0.398
1620 6.06626009941 26.225548 95.299359 0.74214735 22.8016070416 95.303473543 0.750323128646 3.42394343066 0.468437610661 0 0.312
1623 6.16789793968 26.287241 95.304851 0.87876564 23.360961526 94.4614590104 0.927343772385 3.04539350631 2.78332196229 0 0.326
1626 6.18960404396 26.503119 95.525486 1.0159202 23.77857569 94.9788870508 1.04792265689 2.77883188755 1.83360571365 0 0.286
1629 6.48704886436 26.584147 95.637624 1.1414331 24.1173180269 95.2750727978 1.16140327186 2.49332881037 1.14420656382 0 0.274
1632 6.15095019341 26.62792 95.717086 1.2595284 23.6109846589 96.2319028258 1.22944407034 3.06054492146 -1.72370511882 0 0.232
1635 6.14340901375 26.756174 95.797181 1.3910555 22.9965848553 96.5043945455 1.37517255327 3.82552761536 -0.910025813619 0 0.172
1638 6.11251091957 26.381693 93.77201 1.3952992 23.7415540196 94.1431660773 1.48878453052 2.66610027372 5.3563148853 0 0.244
1641 6.11891484261 26.011804 91.856332 1.39866 22.8949256702 92.313673779 1.45871781691 3.15025269233 3.44105943582 0 0.32
1644 6.13256692886 25.609249 89.727224 1.3968171 23.058239272 90.0356105396 1.45527350011 2.5695822404 3.34930501204 0 0.372
1647 6.0928299427 25.2462 87.568251 1.3940659 22.5265494736 87.6235810142 1.45342968079 2.72021329977 3.40129409548 0 0.414
1650 6.18256497383 24.820481 85.505592 1.4017015 23.6655679942 85.7556741057 1.53805041922 1.18167893716 7.81221761263 0 0.362
1653 6.24127483368 24.493958 83.448062 1.398475 19.5937714413 84.489313135 1.36314654629 5.00959401905 -2.02417129415 0 0.33
1656 6.10111999512 24.080092 81.345956 1.3962744 20.1644218747 81.6479722161 1.42509728298 3.92730013172 1.6514295484 0 0.516
1659 6.11147093773 23.622432 79.208855 1.3888608 20.2325618915 79.2360333735 1.42708788514 3.38997905838 2.19025064134 0 0.504
1662 6.12024593353 23.236261 77.182266 1.3737053 19.604476312 77.362395289 1.42696176476 3.63624897126 3.05137066237 0 0.458
1665 6.26786804199 22.741503 75.111069 1.3685019 19.3686390757 75.0671844273 1.41946849573 3.37314940489 2.92017083121 0 0.572
1668 6.44444894791 22.23837 73.007777 1.3690406 18.9837698656 73.2687422411 1.4095261623 3.26504592492 2.31965185095 0 0.548
1671 6.30159807205 21.796618 70.8705 1.3677106 18.7306638034 71.3806226398 1.42414697052 3.10810235409 3.23356584164 0 0.418
1674 6.16758513451 21.306705 68.900927 1.3588762 19.3733676277 69.3829374416 1.4661706743 1.99251786966 6.14752054268 0 0.538
1677 6.08390903473 20.800373 66.796896 1.3509317 19.450611309 66.6058563435 1.4532406273 1.36321413312 5.86186974057 0 0.52
1680 6.07764101028 20.180988 64.758154 1.3339286 20.8696070994 65.9081348833 1.5293505451 1.34039259031 11.1968526786 0 0.432
1683 6.09238696098 19.716632 62.635567 1.3210663 18.2473660796 63.3308184678 1.4409823149 1.62545899623 6.87068154994 0 0.506
1686 6.07418203354 19.127208 60.642471 1.320188 17.3353192638 60.6192152708 1.42100137019 1.7920396401 5.7761806303 0 0.506
1689 6.16911196709 18.573484 58.538556 1.3117791 15.7303421644 59.3665108292 1.35433207391 2.96124377525 2.43810581087 0 0.338
1692 6.17828893661 18.03732 56.562177 1.3046299 17.3502920229 56.9061572683 1.43803891037 0.768329269504 7.64377324333 0 0.426
1695 6.09522390366 17.470308 54.449011 1.30616 16.3696320893 54.4299906085 1.40924810939 1.10084024079 5.90651358617 0 0.54
1698 6.59987306595 16.865167 52.414515 1.2995721 15.3576271048 52.5963816107 1.3804908927 1.51847028278 4.63630530481 0 0.43
1701 6.58767199516 16.322269 50.452679 1.2871313 14.7871586729 50.9887639595 1.36488453339 1.62602300114 4.45493211652 0 0.286
1704 6.20553302765 15.679585 48.421133 1.2791916 14.684716479 48.6634965252 1.37947906031 1.02396457576 5.74604821379 0 0.376
1707 6.24053311348 15.049517 46.343459 1.2810584 13.5866645663 46.0494284052 1.36797734337 1.49210965867 4.98008861502 0 0.51
1710 6.20993900299 14.370513 44.264129 1.2685694 13.9572010111 44.4442468886 1.42972027664 0.450853916411 9.23326509651 0 0.44
1713 6.22016596794 13.728985 42.398373 1.2622613 13.4391341062 43.0054453842 1.38640142139 0.672718678391 7.11270502373 0 0.544
1716 6.15921902657 13.116178 40.310007 1.2578142 12.5280901626 40.4989891756 1.39185457256 0.617706699993 7.67994763188 0 0.542
1719 6.16512298584 12.482531 38.460523 1.239848 13.0869525211 39.0577004873 1.37292397863 0.849674247277 7.6246919299 0 0.468
1722 6.16867017746 12.331027 38.238303 1.1567887 10.7589305015 38.357062102 1.23799151736 1.57657575932 4.65257871929 0 0.304
1725 6.1027700901 12.263795 38.100898 1.043782 12.3106170281 37.5987057978 1.19833462682 0.50437021149 8.85521322955 0 0.272
1728 6.14255595207 12.231882 38.075858 0.90529637 11.3278728953 37.3565190293 1.02866846107 1.15528395479 7.06870012796 0 0.318
1731 6.14893698692 12.170047 37.918491 0.7605547 11.7938231273 37.9443443366 0.939315589207 0.377111120728 10.2422444936 0 0.244
1734 6.16216397285 11.9457 37.868652 0.60051086 12.457399991 37.5103418992 0.810055699484 0.624678324555 12.0060349212 0 0.292
1737 6.09662294388 11.861848 37.85602 0.47073445 11.7817385811 38.1200482076 0.636990180761 0.275913778927 9.5257516925 0 0.272
1740 6.14450597763 11.68598 37.868337 0.32347919 11.6958450123 37.1853290091 0.482520939142 0.683079229741 9.11242099224 0 0.302
1743 6.23436594009 11.634663 37.834152 0.18688423 11.2478760205 37.3574164421 0.270728816196 0.613906311782 4.80394092403 0 0.32
1746 6.21213698387 11.546787 37.799316 0.059161186 11.6504858245 36.8687656181 0.0774376656445 0.936310557139 1.04716514799 0 0.332
1749 6.11830306053 11.461332 37.784444 -0.088384018 12.0297587863 36.4720814372 -0.0460595693882 1.43017639041 2.42501227567 0 0.332
1752 6.19453001022 11.353119 37.809133 -0.22428348 13.147305676 38.4589542168 -0.201735864378 1.90823830848 1.2918832132 0 0.332
1755 6.19403100014 11.259101 37.929753 -0.36642208 12.668028033 36.59630395 -0.146283599305 1.93988704658 12.6130058522 0 0.328
1758 6.17892408371 11.22919 38.083377 -0.50941267 12.7377338889 37.7654980716 -0.303770314621 1.54167171534 11.7824390523 0 0.324
1761 6.12979078293 11.185129 38.110347 -0.64618684 12.6638973341 36.892516184 -0.456795285476 1.91568987114 10.8513367496 0 0.296
1764 6.15825915337 11.588805 37.741111 -0.76036767 12.252389436 36.9844498142 -0.671227108995 1.00641962112 5.107377929 0 0.24
1767 6.23901796341 13.063467 36.224873 -0.77289998 14.0268695864 35.7227992455 -0.750203034748 1.08638050352 1.30043917078 0 0.264
1770 6.19649100304 14.493375 34.807156 -0.77803694 14.3265936358 34.6908975371 -0.685701300848 0.20330286189 5.29044242205 0 0.226
1773 6.10815000534 15.892318 33.28564 -0.77023756 15.5763470406 33.693898605 -0.72105449864 0.516248715037 2.81798183948 0 0.3
1776 6.15710806847 17.405154 31.857105 -0.77891679 17.2038458507 32.1347641139 -0.754913986792 0.342957073869 1.37525932028 0 0.382
1779 6.13746404648 19.008966 30.381332 -0.78385491 18.9534478569 30.752052022 -0.77553437939 0.3748541035 0.476731287244 0 0.37
1782 6.14580488205 20.517371 28.856906 -0.78454873 20.5855620273 29.2335837089 -0.770600423971 0.382800356002 0.799179066807 0 0.544
1785 6.16470217705 22.037399 27.308602 -0.78653789 21.8898076406 27.8088317666 -0.782783637913 0.521548683036 0.215102799799 0 0.444
1788 6.12582111359 23.470866 25.802264 -0.78746834 24.095678134 25.7676113077 -0.76699356774 0.625772332279 1.17311803702 0 0.44
1791 6.13181591034 25.030138 24.239515 -0.79252133 25.1101070012 25.0892151082 -0.797126391664 0.853454928531 -0.263850597761 0 0.476
1794 6.1433930397 26.508975 22.80392 -0.79210599 26.1052954682 23.7090576578 -0.789956530302 0.991075851776 0.123154968932 0 0.458
1797 6.16131401062 27.961008 21.312251 -0.79564812 27.7987695089 21.7174134184 -0.78063887821 0.436437754149 0.859966208283 0 0.542
1800 6.1737639904 29.36401 19.750057 -0.78815021 29.2093204976 19.7340203757 -0.789842766203 0.155518537389 -0.096976327004 0 0.59
1803 6.11293101311 31.016391 18.179875 -0.79578372 30.8034231625 18.9399947933 -0.759732532314 0.789390524418 2.06558090084 0 0.576
1806 6.17061805725 32.405165 16.663972 -0.79079715 32.0688098976 18.3833972789 -0.755763579196 1.75201542366 2.00727574835 0 0.576
1809 6.19617891312 33.875627 15.226881 -0.79213801 33.5901767738 15.2158046021 -0.793719338665 0.285665045472 -0.0906034585029 0 0.592
1812 6.11973786354 34.400964 14.714584 -0.72873329 33.4392609799 14.2414566791 -0.760289344951 1.07178456825 -1.80802876679 0 0.532
1815 6.16037511826 34.541831 14.529671 -0.59347242 33.240963393 14.4034879307 -0.680886570088 1.30697310531 -5.00846186974 0 0.49
1818 6.19861102104 34.648846 14.435796 -0.47955783 33.4132406912 15.1318280023 -0.519301048224 1.41816114291 -2.27711866849 0 0.518
1821 6.17694211006 34.668797 14.324629 -0.34405458 33.8194447822 14.7202541278 -0.373629263043 0.936973015423 -1.69450451877 0 0.582
1824 6.17872905731 34.864126 14.20779 -0.22615765 34.1925284423 14.7971784382 -0.217907217578 0.893544632673 0.47271495691 0 0.444
1827 6.17344093323 35.017605 14.088235 -0.094353638 34.749947661 15.1548819715 -0.120725870143 1.0997164239 -1.51101759815 0 0.43
1830 6.15069317818 36.599142 14.0692 -0.022879679 36.7063317769 15.4794544692 -0.0531509946694 1.41432221089 -1.73441862816 0 0.438
1833 6.14085888863 38.63985 14.009333 -0.014813302 38.9303843242 14.8454683271 -0.0726554708891 0.885173699789 -3.31411215523 0 0.532
1836 6.18147993088 40.768535 13.925491 -0.0089087199 39.8925091165 14.6656445127 -0.0952698317227 1.14684287107 -4.9481272215 0 0.53
1839 6.19867801666 42.905865 13.952369 -0.011506708 43.0095002934 14.5882590869 -0.054088404623 0.644279812358 -2.439751501 0 0.574
1842 6.13135695457 45.04117 13.838962 -0.010052037 45.262148696 14.740418234 -0.00416227897202 0.928145961516 0.337458277356 0 0.558
1845 6.14793896675 47.095509 13.764363 -0.008210261 45.9278378705 15.1653493661 -0.0168046963397 1.82379238527 -0.49242487226 0 0.496
1848 6.24176478386 49.256947 13.750747 -0.012245698 48.4257412682 15.3844856939 -0.0116010698254 1.83303166604 0.0369344737587 0 0.62
1851 6.19788503647 51.347189 13.680192 -0.017629817 51.0133461935 15.0416645571 -0.0236893518412 1.40180545836 -0.347185772212 0 0.65
1854 6.14230012894 53.510554 13.649042 -0.0075411209 52.4658282686 14.590695589 0.0205416220784 1.40647194623 1.60902264981 0 0.532
1857 6.1887421608 55.608657 13.581194 -0.0077936973 54.375187908 15.1861397224 0.0202609964624 2.02417804867 1.60741554812 0 0.622
1860 6.31749296188 57.666716 13.591636 -0.01411162 56.7191418539 15.3608384705 0.00434323553779 2.00698135115 1.05738533384 0 0.634
1863 6.18334293365 59.905766 13.533857 -0.012519778 58.9961659985 15.0848542924 0.00859088361953 1.79804470572 1.20955181353 0 0.63
1866 6.133466959 62.027534 13.447994 -0.021676244 60.6231290815 15.5690320842 -9.88161878618e-05 2.5438466404 1.23629554638 0 0.662
1869 6.1328189373 64.181261 13.371995 -0.025327169 63.1155621649 14.822589348 0.0154235453286 1.79998276923 2.33484394317 0 0.644
1872 6.17660617828 66.241252 13.310079 -0.024907545 65.5567171391 15.2815867861 -0.0258277152177 2.08696692031 -0.0527218699061 0 0.758
1875 6.17394304276 68.444119 13.24669 -0.026304862 66.8089311175 15.0920132917 -0.00804936503178 2.46557446892 1.04596292919 0 0.676
1878 6.16695618629 70.49734 13.123327 -0.017605166 69.2417662518 14.7847156654 0.00753012896873 2.08246914376 1.44014631852 0 0.73
1881 6.11338806152 72.634932 13.039101 -0.019360635 71.954934944 15.1255650015 -0.0186171352123 2.19447670882 0.0425993999035 0 0.784
1884 6.16703414917 74.720419 12.994859 -0.019347658 73.3451758939 15.0731351181 -0.00684072634397 2.4920925392 0.716594398549 0 0.674
1887 6.16015601158 76.914825 12.90632 -0.036038761 75.9561759699 14.9326850713 -0.00597082837668 2.24168761542 1.722765638 0 0.754
1890 6.14015603065 79.004774 12.78569 -0.032634565 77.7409095547 15.2371000729 0.00297412186308 2.75803638151 2.04022747126 0 0.71
1893 6.14642810822 81.177999 12.691712 -0.029848436 80.9960885189 15.0330200439 0.00919088101206 2.34836427741 2.23678809986 0 0.658
1896 6.249573946 83.222919 12.597068 -0.02122413 81.9832341664 14.8224697394 -0.0143022122573 2.54739698285 0.396596672792 0 0.59
1899 6.16870117188 85.390174 12.538762 -0.021700441 84.2221090129 15.5575183306 -0.00312584021467 3.23686045386 1.06424623114 0 0.61
1902 6.11388397217 87.449986 12.512039 -0.030894579 86.9702282559 14.7942956617 0.00676641138732 2.33213699484 2.15781580148 0 0.694
1905 6.21740484238 89.572355 12.414566 -0.034322832 88.4147696198 14.8323131699 0.0146093654464 2.6805792825 2.80360839598 0 0.552
1908 6.28821206093 91.713838 12.339838 -0.030338307 90.4519432836 15.1003136712 0.0139272538619 3.03522720839 2.53622981517 0 0.692
1911 6.32335591316 93.866625 12.234111 -0.027880568 93.1717191241 14.6863861773 0.0148453323073 2.54883261941 2.4480137635 0 0.698
1914 6.27602910995 96.027017 12.118277 -0.016096141 95.167384661 14.3289945576 0.00289550639771 2.37196961989 1.08814124189 0 0.63
1917 6.14512610435 98.003729 12.063433 -0.023465033 96.4949330131 14.6005211834 0.0136549428866 2.95182685474 2.12681795393 0 0.62
1920 6.1354970932 100.1865 11.996018 -0.023536261 98.8301666205 14.9326312111 3.98898014415e-06 3.23470823848 1.34875697255 0 0.724
1923 6.19519591331 102.26857 11.921444 -0.023061579 101.969160615 15.1207155005 0.0114876470604 3.21325133058 1.97952483871 0 0.682
1926 6.12892198563 104.50291 11.810699 -0.022632517 104.138172291 15.0051473187 0.0279871284826 3.21520351724 2.9002920466 0 0.668
1929 6.16513109207 106.528 11.779433 -0.025937223 105.307652073 15.9479719117 0.015380342238 4.34349694603 2.3673221079 0 0.614
1932 6.19025492668 108.61821 11.737233 -0.017267816 107.775417239 15.0445066332 -0.000950137021698 3.41296916515 0.934934136906 0 0.674
1935 6.17371487617 110.65428 11.638117 -0.015586443 109.157903182 14.8593183303 0.0247109782713 3.55179976779 2.30887216411 0 0.574
1938 6.11114501953 112.94226 11.558687 -0.011710616 111.348058719 14.9182075626 0.00989356388495 3.71858254393 1.23782832725 0 0.646
1941 6.16440010071 114.89636 11.528856 -0.01668203 113.85586538 14.8139032795 -3.08900083621e-05 3.44589098535 0.954040045602 0 0.726
1944 6.18011713028 117.03777 11.494892 -0.018548407 116.547723301 15.0267581547 -0.0011980909076 3.56570109546 0.994099885313 0 0.592
1947 6.19845890999 119.07747 11.406331 -0.016261061 117.885406252 14.5904431847 0.0107590878098 3.39993917352 1.54814048862 0 0.574
1950 6.21047186852 121.291 11.334615 -0.012126455 120.26578768 15.009303397 0.00247889442714 3.81502229572 0.836824880489 0 0.684
1953 6.15014100075 123.43737 11.229443 0.0013807468 122.749344241 15.1639316791 0.00337350777058 3.99419336171 0.114176793193 0 0.7
1956 6.1717441082 125.58554 11.258252 -0.0049853053 124.573806052 15.0567843547 0.0139935092912 3.93096090423 1.08740597624 0 0.602
1959 6.11264610291 127.50849 11.183265 -0.012828209 126.120648614 14.9824828782 -0.0032277204083 4.04476948639 0.550067477568 0 0.692
1962 6.14883112907 130.28779 11.390648 -0.01314096 129.051112284 14.8948908833 -0.00159656635143 3.71605839011 0.661445033101 0 0.692
1965 6.15404605865 132.78769 11.256475 0.0084755214 131.391467376 14.9491044291 0.000607969892082 3.94777781987 -0.450777496506 0 0.692
1968 6.13542485237 125.9239 10.596074 0.27888777 132.712126069 14.8007368429 0.00227220779657 7.98493599174 -15.8489042619 0 0.672
1971 6.15923094749 93.936275 13.265891 0.84250578 133.046092719 14.7598916267 0.0033680170799 39.1383428352 -48.0790522454 0 0.462
1974 6.15124416351 59.212281 6.4432491 1.3602712 133.41243935 13.7761265802 -0.0532604356621 74.5616160718 -80.9893969317 0 0.154
1977 6.33240294456 41.747696 3.5851691 1.5088422 138.880101489 12.1884561658 -0.0318870528312 97.5126696607 -88.2772835596 0 0.052
1980 6.15343594551 40.889782 2.6549702 1.6071612 139.134255551 11.6699467644 -0.0629687389878 98.6572165925 -95.6913967424 0 0.028
1983 6.23271393776 40.408125 3.8011614 1.6070032 63.3433641745 104.033317471 -1.99576293493 102.82271299 153.576705896 0 0.024
1986 6.22479081154 40.388712 5.5337894 1.5172855 65.2734575086 103.225404877 2.5968497677 100.81122107 61.8544762524 0 0.014
1989 6.15896201134 40.44034 7.6724587 1.5542124 37.832226709 87.4361805491 0.0875251767314 79.8063504877 -84.0349877591 0 0.014
1992 6.19977807999 40.554207 9.7439313 1.5604739 64.0413482476 105.815930071 2.55549080558 98.9013384736 57.010269234 0 0.01
1995 6.19837403297 40.580821 11.876658 1.5652859 112.325579802 67.5454527995 -0.946565754155 90.809278876 -143.918498546 0 0.02
1998 6.17344808578 40.665042 14.024391 1.567666 30.9000119368 93.9662488173 2.74660034081 80.5360567909 67.5479620516 0 0.028
2001 6.19848394394 40.771617 16.174621 1.5548315 55.8141484244 79.810949794 -0.377864028344 65.3900611257 -110.735296858 0 0.016
2004 6.21064209938 40.847233 18.25792 1.5551713 26.7432864949 97.0086370587 2.7129800797 80.0037295648 66.33755656 0 0.012
2007 6.20341992378 40.88758 20.352438 1.5597309 58.5819381934 78.1079430858 -0.403973391826 60.4052040771 -112.511968133 0 0.02
2010 6.23525309563 40.971014 22.508388 1.5678505 62.0575647287 78.1289395281 -0.476291269566 59.4835134632 -117.120696123 0 0.022
2013 6.1850039959 41.044823 24.54743 1.5705547 61.4988511462 76.2727589535 -0.389401342087 55.6226295922 -112.297209243 0 0.022
2016 6.10894584656 41.105608 26.696222 1.5717508 64.1314885476 75.635455643 -0.403200758405 54.0854857107 -113.156389039 0 0.022
2019 6.14910984039 41.160404 28.869777 1.5672714 38.6188203656 27.9751042777 1.61219884242 2.6944547966 2.57415283486 0 0.014
2022 6.1394610405 41.204205 31.003136 1.5608691 39.6172883511 29.5907024995 1.69968745634 2.12444647943 7.95370593698 0 0.01
2025 6.49803113937 41.244227 33.116661 1.5660557 37.6953425692 34.1125549026 1.47161496563 3.68597142809 -5.41105549355 0 0.012
2028 6.3467001915 41.277887 35.228156 1.5643441 38.8380928416 35.7522333218 1.43158929983 2.49544636782 -7.60628975999 0 0.024
2031 6.0953681469 41.31792 37.33529 1.5797774 38.4644710879 37.490929877 1.48170340413 2.85769040755 -5.61922604305 0 0.014
2034 6.07904410362 41.419072 39.474789 1.5713492 36.8848446605 38.5380875015 1.5329690466 4.62997054671 -2.19902080688 0 0.028
2037 6.14749693871 41.429937 41.518923 1.5745722 39.0945700714 41.7064543625 1.5642532661 2.34288427016 -0.591231361559 0 0.064
2040 6.10899209976 41.494048 43.684079 1.5737379 39.5748528859 43.2285874706 1.55120163541 1.97250663357 -1.29123284686 0 0.086
2043 6.10478520393 41.508319 45.798644 1.5762653 39.1370185125 45.0812021945 1.6144331511 2.47745610382 2.18685678099 0 0.104
2046 6.07636094093 41.512588 47.943477 1.5772604 39.2755424381 47.9395024031 1.59127490456 2.23704909272 0.802971963484 0 0.182
2049 6.07718300819 41.583607 50.107906 1.5744728 38.6113583717 50.0819960531 1.542042815 2.97236155841 -1.85810127038 0 0.236
2052 6.1104798317 41.632502 52.265699 1.5728612 38.8274528978 51.9013945944 1.56030684001 2.828607107 -0.719311841962 0 0.278
2055 6.10918402672 41.660201 54.305408 1.5732479 39.1818882641 54.0589615477 1.56625065765 2.4905360609 -0.400912454806 0 0.432
2058 6.1093711853 41.689009 56.508616 1.5685378 38.834049986 56.9829442233 1.56515418155 2.89409368111 -0.193867056661 0 0.512
2061 6.08617305756 41.794127 58.57462 1.5657057 39.2802719572 58.1997636874 1.58128766079 2.54164994269 0.892780589942 0 0.466
2064 6.09812688828 41.856016 60.76704 1.5641567 39.1765252015 60.9086411572 1.57077938705 2.68322973803 0.379452017239 0 0.568
2067 6.1099050045 41.858156 62.785084 1.5639758 39.0762690988 62.9623546453 1.56610020231 2.78752930254 0.121719286188 0 0.666
2070 6.12762904167 41.958088 65.023529 1.5767642 38.7462612618 64.3121183063 1.56210996262 3.28967113423 -0.839625953827 0 0.602
2073 6.14514303207 41.99726 67.044355 1.5737097 38.8707375853 66.7944171512 1.5854552345 3.13649666631 0.672969555158 0 0.648
2076 6.15442299843 42.044947 69.102812 1.5759217 38.9764208155 68.7723061898 1.58797412427 3.08627397287 0.690553043429 0 0.682
2079 6.11985707283 42.097902 71.261122 1.5727544 38.6984992193 71.029118665 1.59873319367 3.40731049554 1.48847523399 0 0.714
2082 6.13182902336 42.114798 73.459441 1.5684742 38.7199357606 72.8997505605 1.59486017456 3.44068932235 1.51180498045 0 0.686
2085 6.11466217041 42.172982 75.545483 1.5804547 39.0469774486 75.4028263109 1.56579443767 3.12925796097 -0.839971157837 0 0.656
2088 6.04113483429 42.213453 77.648417 1.5799022 38.7437903233 78.0344073704 1.57225984787 3.49106683636 -0.437874522693 0 0.696
2091 6.3973698616 42.308345 79.80823 1.5843424 39.0351709344 80.1042501007 1.56951329355 3.28653257453 -0.84964521341 0 0.69
2094 6.13819098473 42.259747 81.948131 1.5870316 38.5253325107 82.3033065092 1.59589994738 3.75126661547 0.508118875972 0 0.658
2097 6.06386709213 42.325886 84.065588 1.5841531 38.7305027744 84.1246100075 1.58308265758 3.59586764727 -0.0613318329693 0 0.648
2100 6.08183598518 42.338042 86.100283 1.5789413 37.8440990595 86.5572975049 1.61414590479 4.51712136325 2.01707527373 0 0.548
