3 12.6949601173 72.513547 45.80148 1.6808269 118.004683033 70.8633532701 -1.39808739873 51.9378566116 -176.408794799 0 0.004
6 12.693447113 72.505015 45.806851 1.6805552 88.3444356482 29.1030145795 -2.0347705027 23.0196741427 147.127517719 0 0.006
9 12.6780478954 72.51553 45.801787 1.6811119 42.5537179207 64.7191743977 -0.358371905355 35.4341322602 -116.853814432 0 0.004
12 12.8036680222 72.511327 45.798497 1.6805172 79.6799613791 89.3955849995 0.211512885125 44.1825237045 -84.1677473289 0 0.004
15 12.6561181545 72.518426 45.80176 1.6806948 105.654411501 39.7806573021 2.51317071398 33.6785868594 47.6973564171 0 0.004
18 12.6185240746 72.509508 45.806599 1.6825332 115.295726061 43.736176358 -1.37314737524 42.836282587 -175.077600501 0 0.004
21 13.0853648186 72.510969 45.800989 1.6811293 145.704900413 15.5778340098 -2.56102877601 79.1883242232 116.942246217 0 0.006
24 12.7015459538 72.522343 45.818169 1.6838228 103.376514845 55.5022571173 -1.63147874556 32.3382356186 170.047213626 0 0.008
27 12.7358529568 72.508499 45.799812 1.6808804 88.7126490888 134.619349501 -1.86674126442 90.2855731662 156.736251319 0 0.004
30 12.7816839218 72.523901 45.815543 1.6832165 95.6239565519 58.9722037324 -0.433250838608 26.5840231743 -121.26464598 0 0.008
33 12.7452158928 72.511009 45.802779 1.6808191 43.4555701346 88.3340074804 3.13158837275 51.5084839974 83.1229563761 0 0.008
36 12.6728310585 72.527172 45.853315 1.6851825 31.9519771235 94.2965188517 -0.363099327376 63.1909047149 -117.357903962 0 0.008
39 12.6501481533 72.188088 49.017093 1.6798669 61.6269593058 108.685116127 -0.688321136763 60.5954653681 -135.6871796 0 0.012
42 12.5738811493 71.804616 53.279503 1.6643548 57.8351668272 81.7443053268 -2.19945833408 31.7078930504 138.61981459 0 0.01
45 12.784911871 71.568933 57.324136 1.642571 61.6640903995 133.343530997 0.167090766963 76.6619483362 -84.538790108 0 0.01
48 12.7049510479 71.37336 61.652431 1.6431927 53.1510509574 97.2850283799 -2.25312302666 40.021675913 136.757553212 0 0.006
51 12.7340481281 71.165072 65.844712 1.6344026 50.0186500441 94.212714763 -1.69301235567 35.3824072428 169.353166352 0 0.012
54 12.6028399467 70.960331 70.343426 1.6128178 46.7968715231 92.1041061933 -2.56249902995 32.5176871313 120.771967514 0 0.01
57 12.5425920486 70.885213 74.631613 1.6236159 84.957710995 10.1345253919 -0.211848767648 66.0144643979 -105.164378902 0 0.012
60 12.622440815 70.832043 79.069602 1.6124517 55.5451210124 128.100175958 2.57165351142 51.3584186526 54.9582154956 0 0.012
63 12.6561350822 70.841819 83.283634 1.5826474 51.9450309302 130.298592677 2.48996459516 50.6704542981 51.9854459622 0 0.004
66 12.6237649918 70.897044 87.066595 1.5142468 46.9396663216 132.821507453 2.78664690403 51.6475358441 72.9031558127 0 0.016
69 12.6460750103 70.898205 87.488163 1.2381173 55.2740162103 107.060741937 -2.39944992698 25.0439837405 151.582750199 0 0.01
72 12.6259999275 70.648486 87.373684 0.94938085 26.278102443 79.5099635015 -2.40428882337 45.0618357046 167.848881835 0 0.014
75 12.6903378963 70.490448 87.162959 0.64684814 49.6868577995 70.144825651 -1.24429791394 26.8776157409 -108.354687333 0 0.014
78 12.7103669643 73.090524 88.460194 0.4660111 51.4158197428 109.10279627 3.06722640029 29.931752924 149.038658311 0 0.012
81 12.6605231762 76.750616 90.291223 0.4640309 58.704197671 86.3434252461 0.488736161061 18.4731784382 1.41550719054 0 0.006
84 12.7076048851 80.704264 92.172539 0.45240664 92.9734783056 102.095144225 2.36511380422 15.7794712879 109.590047954 0 0.006
87 12.9846968651 84.637734 93.972859 0.42386385 75.7867386705 115.182937241 -1.43125680523 22.9827660938 -106.290584032 0 0.008
90 12.6583809853 88.678811 95.730817 0.41656148 31.4585381484 70.8479221372 3.07327634686 62.3964588897 152.218549241 0 0.018
93 12.9688270092 92.647535 97.41769 0.40779386 29.8848191345 108.497475687 3.04119771936 63.7331950689 150.882926895 0 0.014
96 12.7404808998 96.759828 99.128022 0.39320766 69.3761707418 118.978442374 1.31027025304 33.8216480064 52.5438161304 0 0.022
99 12.5955460072 100.07577 100.58602 0.32958371 84.7558090233 139.765538194 2.15577531599 42.0682285133 104.633071605 0 0.03
102 12.6067140102 100.12714 100.52966 0.1390585 83.4848371865 140.245065828 1.93965617065 43.0613481328 103.166647129 0 0.016
105 12.7320311069 100.08551 100.52401 -0.14356162 76.4230665387 107.864861647 -1.1319116211 24.7749739346 -56.6282837447 0 0.008
108 12.8725399971 99.772178 100.71077 -0.40700642 96.0598025673 104.299482268 -0.401208644152 5.16338910962 0.332188086647 0 0.024
111 12.5995969772 99.760338 100.7618 -0.66729138 96.4731425839 102.892557105 -0.653974755098 3.91736895677 0.762986404236 0 0.022
114 13.4352610111 99.638101 100.95548 -0.8821311 97.2283169328 103.346237072 -0.727694618178 3.39452185538 8.84855861126 0 0.036
117 13.0633928776 99.549051 101.11221 -1.1251977 97.5043946257 102.961854329 -1.08738462293 2.75713689017 2.16652972679 0 0.04
120 12.7846820354 100.80276 98.46873 -1.1938854 98.9609329563 99.7606934737 -1.16026793141 2.24977698362 1.92613906837 0 0.064
123 12.9114320278 102.35582 94.496879 -1.1822805 99.8942585114 95.5534390852 -1.15868069606 2.67873182231 1.35216916312 0 0.124
126 12.833368063 103.84912 90.431736 -1.1842505 102.281632349 92.528232012 -1.17101359366 2.61769231691 0.758418867171 0 0.156
129 13.0794811249 105.46668 86.336829 -1.1831903 103.443592814 88.4768722557 -1.17979041417 2.94493920146 0.19479910877 0 0.184
132 12.420871973 106.96067 82.891423 -1.1821311 105.406601073 84.7746304172 -1.18674508131 2.44163887677 -0.264361655923 0 0.33
135 12.7976920605 108.13488 79.987125 -1.1809983 107.018012297 80.9807115607 -1.16792293185 1.49486043447 0.749163410585 0 0.458
138 12.757019043 109.11096 77.465416 -1.174964 107.611979488 78.7867230609 -1.1644780876 1.99819791901 0.600798524859 0 0.512
141 12.847894907 110.00241 75.115832 -1.1797573 108.749925455 77.0921606744 -1.1637372881 2.33978472592 0.91787906956 0 0.562
144 13.0431320667 110.9669 72.896666 -1.1819268 110.247026252 74.7973745122 -1.13431350106 2.03246428293 2.72804107778 0 0.606
147 12.7616209984 111.79529 70.750926 -1.1680053 109.180177299 73.7681915414 -1.17065751568 3.99283180058 -0.151960764722 0 0.44
150 12.7761478424 112.62755 68.634671 -1.166408 110.048811082 71.3930673576 -1.17676262224 3.77606208506 -0.593276152703 0 0.592
153 12.6630029678 113.50263 66.493746 -1.1746568 111.112464806 69.5732380619 -1.16605012483 3.89822536742 0.493126162958 0 0.636
156 12.6626889706 114.39844 64.423702 -1.1690506 112.874279302 67.4085615919 -1.1520911388 3.35148513606 0.971705549312 0 0.634
159 12.6470658779 114.9392 62.935672 -1.1627449 113.987188582 66.0133195142 -1.14585293587 3.22152758214 0.96783825212 0 0.658
162 12.5020301342 115.58582 61.52951 -1.1720902 114.230995869 64.4144937421 -1.14908135231 3.18726836292 1.31830986395 0 0.69
165 12.555314064 116.16312 60.165609 -1.1710096 114.432425586 63.0179823876 -1.1472196625 3.33636585199 1.36306301341 0 0.706
168 12.6841859818 116.71267 58.758483 -1.1690165 115.154287963 61.7666119209 -1.17142169091 3.38783030554 -0.137807287878 0 0.656
171 13.3380038738 117.29804 57.404001 -1.1730259 115.280370882 60.3936225498 -1.20291598834 3.60677496938 -1.71257591111 0 0.67
174 12.5030069351 117.3062 57.346669 -1.1782941 115.047475842 60.2668055137 -1.20559950741 3.69175189889 -1.56448460262 0 0.556
177 12.5898311138 117.30973 57.394113 -1.1925087 115.206964899 60.2951052977 -1.25384890674 3.58292860427 -3.51453496073 0 0.574
180 12.6001219749 117.3509 57.478875 -1.2542253 114.853479655 60.717048731 -1.29369406365 4.08936150172 -2.26139357951 0 0.606
183 13.1652159691 117.31554 57.561663 -1.3141336 114.751683213 60.7079866814 -1.35431044118 4.05865917913 -2.30196343369 0 0.562
186 12.6169688702 117.31761 57.625945 -1.389572 115.158343466 60.5880437422 -1.41869694627 3.665577843 -1.66873649962 0 0.55
189 12.8050990105 117.34247 57.653648 -1.4539696 114.7059652 60.4517176491 -1.47202287184 3.84452224891 -1.03437628293 0 0.544
192 13.1269619465 117.36058 57.739095 -1.5147103 114.316678278 60.053943354 -1.5377189323 3.82411566182 -1.3182975229 0 0.468
195 12.8781909943 117.34118 57.80351 -1.5718326 115.639369938 59.7608187316 -1.60117148027 2.59368752119 -1.68099401517 0 0.474
198 12.6990230083 117.32521 57.826191 -1.6475747 115.666801923 59.7481780964 -1.66538210742 2.53857277782 -1.0202892893 0 0.414
201 12.734459877 117.28663 57.948056 -1.7072698 115.456812178 59.9587225191 -1.73046743372 2.71864177701 -1.32912650692 0 0.392
204 12.8068788052 117.37131 58.006137 -1.7818651 116.136579879 59.9416032744 -1.76842985109 2.29577615894 0.769783059489 0 0.376
207 12.636537075 117.40314 57.989067 -1.8555926 115.487113402 59.7335093114 -1.82506261834 2.59118445962 1.7492390975 0 0.358
210 12.5429518223 117.02719 57.008887 -1.8977403 116.283062999 59.192958385 -1.88750681292 2.30735623772 0.586335619236 0 0.338
213 12.5562860966 116.38504 55.250118 -1.9095407 115.228160713 57.0724158407 -1.84749171642 2.15850390436 3.55514488231 0 0.406
216 13.009032011 115.67443 53.450651 -1.9075572 115.985536448 55.4819296015 -1.8473272751 2.05496471467 3.4509204973 0 0.46
219 12.7555959225 115.02136 51.574537 -1.9165104 114.587638007 53.6734386926 -1.90883049226 2.14324592215 0.440026300657 0 0.466
222 12.7548551559 114.35753 49.684701 -1.9233127 114.247581814 51.3765710408 -1.90075585663 1.6954388336 1.29241192406 0 0.53
225 12.7054791451 113.59486 47.870819 -1.9110101 113.131471723 50.0013685369 -1.87418679204 2.18036006761 2.10982013378 0 0.578
228 29.4009609222 112.87829 45.986656 -1.9118326 112.611275665 47.7796912192 -1.92813501716 1.8128077539 -0.93405969903 0 0.482
231 28.2586121559 112.17059 44.128463 -1.9122248 111.192697287 45.8354039425 -1.89115194326 1.96721161532 1.20738575349 0 0.394
234 28.5262980461 111.43202 42.277019 -1.9027456 110.502219202 44.319114012 -1.91560601346 2.24380960905 -0.736847414123 0 0.496
237 27.7270607948 110.82393 40.37458 -1.9174412 109.739826021 42.8395773658 -1.92028799725 2.69285971621 -0.163109467808 0 0.38
240 28.2227449417 110.14399 38.567468 -1.912432 109.502099224 40.4979397765 -1.89806609746 2.03439058406 0.823105584623 0 0.426
243 28.6645870209 109.42625 36.696167 -1.9074722 108.960065476 38.8268852674 -1.90553396857 2.18112089192 0.111052480449 0 0.56
246 27.6087610722 108.96452 35.308972 -1.917648 108.589059409 37.2682353879 -1.9098665643 1.99491445399 0.445843424172 0 0.59
249 28.376322031 108.91335 35.330429 -1.9171391 108.32281249 37.3753956126 -1.96429962614 2.12852601534 -2.70209910764 0 0.572
252 28.0705490112 108.9585 35.348205 -1.9450374 108.137386551 37.8144381744 -2.01372977023 2.59933325434 -3.93578289892 0 0.564
255 26.5615580082 108.97674 35.368834 -2.0165302 108.77515431 37.6598051418 -2.0459185218 2.2998229417 -1.68382680619 0 0.524
258 12.6956698895 108.99865 35.397074 -2.0803106 108.660146177 37.2561084603 -2.1327098424 1.88960153544 -3.00225543923 0 0.506
261 12.7232100964 109.05048 35.474836 -2.159245 109.577825444 37.386021303 -2.13379350103 1.98260497331 1.4582634735 0 0.482
264 12.7551860809 109.09365 35.518169 -2.2238592 108.242983112 38.3982196354 -2.25538600061 3.0030527497 -1.80635261633 0 0.492
267 13.0197410583 109.14301 35.568827 -2.2920109 108.39527122 37.6302939152 -2.30703980289 2.19288830664 -0.861092706592 0 0.468
270 12.6655580997 109.24021 35.586114 -2.3597618 109.220406656 37.3360506862 -2.32140022893 1.75004873598 2.19795611753 0 0.484
273 12.7469630241 109.32691 35.57971 -2.4292889 108.836077731 37.5306706718 -2.41558902745 2.01175641149 0.784944877007 0 0.428
276 12.6438188553 109.34422 35.612178 -2.4970016 108.320676027 37.9063095999 -2.46048491715 2.51210709627 2.09225180899 0 0.446
279 12.6702320576 109.45255 35.562283 -2.5751384 109.776578676 36.763832043 -2.52620433888 1.24447365793 2.80371517647 0 0.398
282 12.6790568829 109.51035 35.610832 -2.6455993 108.891629505 37.7094224478 -2.53715617256 2.18789783088 6.21333351931 0 0.388
285 12.6127710342 109.52669 35.619453 -2.7060079 110.31788788 36.9950562301 -2.62184274299 1.58690841937 4.82230827898 0 0.368
288 12.5697748661 109.56751 35.667144 -2.7779359 108.632012291 37.004890132 -2.64958523221 1.63239721776 7.35395156215 0 0.34
291 12.624931097 109.58407 35.725569 -2.8421247 109.900447234 36.1132807543 -2.75014456337 0.500414786581 5.27007362766 0 0.33
294 12.6360239983 109.62066 35.728072 -2.9074408 110.932804121 36.2221227523 -2.83130148369 1.40207287248 4.36246147933 0 0.286
297 12.7367420197 108.40689 35.538158 -2.9474042 108.45009485 37.4055623587 -2.86230759785 1.86790409224 4.87567615402 0 0.354
300 12.6643919945 106.63579 35.154474 -2.9731605 105.610724474 37.2919022502 -2.84880768125 2.37051868944 7.12489168498 0 0.398
303 12.6178770065 104.74277 34.838538 -2.9724974 103.658865588 36.6465113434 -2.88307786883 2.10798870611 5.12336174232 0 0.362
306 12.6515960693 102.71686 34.507066 -2.970186 101.406566715 35.4358332211 -2.89782704925 1.60607504294 4.1458624881 0 0.36
309 12.6137619019 100.87602 34.149296 -2.9774562 100.122181509 35.2480425258 -2.8849464648 1.33248504651 5.30041739088 0 0.384
312 12.6912200451 98.917573 33.856952 -2.9648121 98.0235205024 35.1296740276 -2.87469291737 1.55536208907 5.16344881773 0 0.518
315 12.6576471329 96.872255 33.519705 -2.9713846 96.2838889574 34.3727485343 -2.91083798711 1.03627113801 3.46906538226 0 0.576
318 12.6624479294 94.700759 33.157106 -2.9752463 94.2958828734 33.7945828214 -2.90255911248 0.755183008081 4.16466906942 0 0.522
321 12.662446022 92.656194 32.878926 -2.9695623 91.9724975291 34.0364411999 -2.92817834123 1.34435200092 2.371126177 0 0.468
324 12.7712440491 90.628889 32.525228 -2.9736018 89.8979494374 33.4981008959 -2.93966625785 1.21686248847 1.94436334046 0 0.512
327 12.6427910328 88.510396 32.191288 -2.9695852 87.4173236876 33.5752377197 -2.94067711939 1.7635543391 1.65631101277 0 0.606
330 12.709731102 87.334812 32.006658 -2.9896435 86.1325843342 33.4785679149 -2.97980525699 1.90049208313 0.563689802559 0 0.562
333 12.6364130974 87.328365 31.983283 -3.0015998 86.222980433 33.4847775046 -3.0131256812 1.86450014437 -0.660384347959 0 0.538
336 12.7110118866 87.328448 32.00285 -3.0442403 86.5962673906 33.4786933961 -3.09729697175 1.64748358861 -3.03992336624 0 0.528
339 12.6920850277 87.480424 31.977098 -3.121648 86.5028112463 33.7302761648 -3.07515406257 2.00732667343 2.66390638757 0 0.482
342 12.6985859871 87.509332 32.088761 3.0972389 86.6306404618 34.1097887649 3.11399610662 2.20378130623 0.960117215553 0 0.418
345 12.7086720467 87.537767 32.004513 3.0032565 86.6452453059 33.5058453042 3.06593480872 1.74659487634 3.59120255656 0 0.4
348 12.7072339058 87.588829 31.971963 2.902116 86.2704546678 33.5325264666 2.91186349411 2.04290704955 0.5584902736 0 0.358
351 12.7422897816 87.696053 31.883789 2.7788249 86.5580742653 33.5417935485 2.91700233012 2.01096362059 7.91698356999 0 0.334
354 12.7112469673 87.777704 31.698119 2.6376296 86.2051120967 33.2072518967 2.78959763834 2.17957046093 8.707127218 0 0.26
357 12.7217700481 87.896098 31.65995 2.4917922 86.1861462098 33.2226353302 2.72946455304 2.31644567516 13.6176227363 0 0.23
360 12.677713871 87.958395 31.594625 2.366513 86.6943284726 34.2588887947 2.60325987023 2.94892620352 13.5645964771 0 0.248
363 12.7002809048 87.964094 31.460561 2.2184109 85.833261722 34.5396543248 2.46497817761 3.74449754972 14.1272643729 0 0.244
366 12.7928991318 87.708527 31.831987 2.1125682 86.3548660089 34.2776997404 2.30841644496 2.79533698995 11.2212778611 0 0.256
369 12.7966768742 86.721318 33.612273 2.0920166 84.3000276634 35.9715848643 2.24600450583 3.38068031131 8.82285709986 0 0.33
372 12.7954189777 85.724716 35.405361 2.0873093 84.2176568921 36.5695827893 2.09945437741 1.90437378931 0.695861677352 0 0.268
375 12.7451319695 84.755772 37.248267 2.0862059 82.9808852348 38.6563080644 2.05208909769 2.26556895023 -1.95474878268 0 0.328
378 12.8711619377 83.690185 39.149374 2.0868314 81.6941456295 40.369139068 2.07959383268 2.33923064054 -0.414682061264 0 0.488
381 12.6773359776 82.666747 40.97523 2.090975 80.9340067699 41.9069135653 2.15432259988 1.96733905845 3.62955011541 0 0.464
384 12.7179598808 81.635815 42.877142 2.0910396 79.7431785094 43.7172837003 2.07833731251 2.07072715785 -0.727787463516 0 0.5
387 12.7612681389 80.624097 44.699122 2.0805048 78.8027184365 44.9689120345 2.10785491692 1.84125135009 1.56704626865 0 0.476
390 12.7575998306 79.602515 46.546403 2.0762437 77.7950953871 47.6147562163 2.0955252892 2.09955810873 1.10475368357 0 0.57
393 12.7643840313 78.599692 48.40129 2.0808805 77.0568083655 49.0010215105 2.08915292279 1.65534521902 0.47397491221 0 0.596
396 12.7466921806 77.532669 50.298142 2.0919608 76.0761655046 51.0733487793 2.11609535981 1.6499539335 1.38280841779 0 0.616
399 12.7477219105 76.53881 52.074716 2.0854653 75.6583940404 52.6015326366 2.08569843291 1.02599611623 0.0133575318504 0 0.682
402 12.6942710876 75.533974 53.92833 2.0838411 74.2455346121 54.7492771979 2.09880184001 1.52775336953 0.857187260728 0 0.676
405 12.6284239292 74.451304 55.860797 2.0823704 73.065333482 56.2186580147 2.10462306382 1.43142543737 1.27498371995 0 0.658
408 12.6220319271 73.464188 57.689364 2.0801622 71.4291555869 57.9002009596 2.13173351068 2.04592500981 2.95481844579 0 0.482
411 12.6858239174 72.461178 59.521835 2.0808323 69.8394063767 59.5252098827 2.12398916909 2.62177379549 2.47270645562 0 0.58
414 12.4991810322 71.469371 61.42577 2.0898858 69.2468280494 61.3989912391 2.10480415024 2.22270426943 0.854758506168 0 0.564
417 12.6798911095 70.386885 63.322712 2.0827703 67.9197912669 63.6066204148 2.10656298537 2.48337582252 1.36322045471 0 0.632
420 12.5693399906 69.38246 65.186025 2.0922796 67.0659694527 65.431157542 2.11689110323 2.3294244823 1.41013526228 0 0.602
423 12.630065918 68.400253 67.014087 2.0893798 65.3460780329 67.5555037923 2.11340706849 3.10179252576 1.37666107759 0 0.7
426 12.6761779785 67.30799 68.901204 2.089526 64.7666668902 69.1941914913 2.13167595622 2.55815652734 2.41501459828 0 0.692
429 12.7143580914 66.315197 70.741557 2.0869248 63.6891880026 70.4872701736 2.11111314259 2.63829206962 1.38588994398 0 0.668
432 12.6437461376 65.281228 72.464006 2.0745737 62.6512161439 72.4413760768 2.10640422176 2.63010921386 1.82375455668 0 0.726
435 12.5784339905 64.283593 74.421326 2.0918621 61.421493735 74.6558383888 2.10328301582 2.87169083702 0.654370274448 0 0.748
438 12.5713369846 63.28447 76.191493 2.091939 60.0662769197 76.0469294979 2.11724639803 3.22143839123 1.4500070975 0 0.726
441 12.5765399933 62.204887 78.125252 2.0893553 58.8686030794 78.0276661547 2.1317579636 3.33771080172 2.42949366432 0 0.738
444 12.598252058 61.273659 79.948227 2.0960183 58.2297575853 79.7668569749 2.11686177432 3.04930006857 1.19424310914 0 0.78
447 12.6592140198 60.19879 81.787566 2.089809 56.6286698062 81.5326219455 2.1196793679 3.57921145917 1.71144601325 0 0.72
450 12.673153162 59.161438 83.629466 2.0974137 56.7004021647 83.3069383118 2.09292522959 2.48208007375 -0.257170411061 0 0.708
453 12.5648880005 58.11891 85.485673 2.0964985 55.5057906584 86.0860990094 2.07844110386 2.68121317432 -1.03461258806 0 0.726
456 12.5487289429 57.036783 87.336936 2.0992423 54.8301801461 87.4618345018 2.07528112039 2.21013479019 -1.37287446361 0 0.708
459 12.5760729313 56.357629 88.602308 2.124456 54.7029041965 88.73385969 2.09835891698 1.65994578906 -1.49525271463 0 0.696
462 12.502229929 56.200217 88.720884 2.2094598 53.9076079899 88.7776622862 2.20408453602 2.29331198203 -0.307979939905 0 0.616
465 12.65117383 56.199637 89.07416 2.3631742 53.2246645035 88.4605909468 2.35621761188 3.0375859392 -0.398583139244 0 0.524
468 12.803771019 56.109511 89.161307 2.4869631 53.0748281369 88.0805263501 2.48241552601 3.22139517797 -0.260556796636 0 0.524
471 12.6011571884 56.023191 89.233423 2.608836 52.9621641014 89.1245296443 2.62259162435 3.06296317918 0.788139219644 0 0.476
474 12.6571230888 54.873312 89.789936 2.6823278 51.6758969086 89.1807623868 2.68018268199 3.25492791896 -0.12290620832 0 0.56
477 12.6420340538 52.997249 90.667048 2.6986067 49.7908962704 90.0715537024 2.71415679703 3.26118249794 0.890954931062 0 0.634
480 12.6242649555 51.122563 91.609157 2.7018871 47.6858961438 90.860280121 2.7270276089 3.51731369945 1.44044505498 0 0.626
483 12.5695931911 49.137432 92.566213 2.7007601 46.6477210828 91.6021180778 2.70792065056 2.66985757493 0.410269325994 0 0.456
486 12.5772809982 47.308569 93.452781 2.7003868 44.327750376 92.5582490815 2.71080257422 3.11214829702 0.596779903088 0 0.624
489 12.6821320057 45.360782 94.336008 2.7008969 42.4382541543 93.3929729524 2.71716831103 3.07090932945 0.932283178937 0 0.676
492 12.5945160389 43.468079 95.251019 2.7064338 40.8965436452 94.0919558004 2.72279643749 2.82067750402 0.937510069667 0 0.64
495 12.5643200874 41.590918 96.131677 2.7064065 38.3170736633 95.3233286827 2.72395778191 3.37216306589 1.00561437837 0 0.558
498 12.5985012054 39.606214 97.06058 2.704478 36.12593269 96.0461517509 2.70897028594 3.62511002164 0.257389024847 0 0.656
501 12.7359178066 37.718719 97.944153 2.696243 34.2782053438 96.6524159577 2.72940862444 3.67501276252 1.90025030525 0 0.608
504 12.6132631302 35.769603 98.891663 2.7044976 32.7520670004 97.5599920541 2.75186079111 3.29831335946 2.71371095494 0 0.648
507 12.6095409393 33.862509 99.822852 2.7013631 31.7059625083 98.59034681 2.70119564382 2.48390052427 -0.00959453218964 0 0.542
510 12.6810781956 31.979521 100.73965 2.7066945 29.0344074811 99.78764408 2.74784238491 3.09515894761 2.35760014151 0 0.5
513 12.7247140408 30.015598 101.64307 2.7044148 27.3190141625 100.482461088 2.70564163755 2.93574137825 0.0702926139712 0 0.458
516 12.5525569916 28.083667 102.5122 2.7038251 25.6689315316 101.609279323 2.70468791404 2.57802504458 0.0494356028965 0 0.516
519 12.5904679298 26.231599 103.44351 2.6987262 23.4512392263 102.364924777 2.7165431879 2.98223851397 1.02083821047 0 0.588
522 12.6546888351 24.326425 104.3449 2.7056645 21.3560109879 103.361193322 2.69910048185 3.12906347531 -0.376090536852 0 0.596
525 12.7654531002 23.072168 104.95788 2.6888385 19.9353758105 103.803354676 2.6713225275 3.34251312088 -1.00359129808 0 0.686
528 12.5992949009 23.059574 104.94595 2.6093304 19.6175631499 104.321208124 2.60449401833 3.49824829081 -0.277104257922 0 0.634
531 12.7194890976 23.148655 105.02795 2.4881616 18.9207557301 104.390795235 2.46164962497 4.27564011949 -1.51902427577 0 0.64
534 12.6048579216 23.15609 104.97342 2.3614352 18.7937602472 103.41013109 2.36343963469 4.63398242212 0.11484564828 0 0.57
537 12.7755692005 23.189116 104.80794 2.2179164 19.0142907878 104.671190785 2.18710901498 4.17706426814 -1.76513313925 0 0.598
540 12.5863330364 23.170444 104.45908 2.0515088 19.1897661119 105.055123464 2.08583067442 4.02505456611 1.96649854917 0 0.546
543 12.6227011681 23.203193 104.36781 1.9241471 18.9874815572 103.829425789 1.93219980485 4.24995065002 0.46138600133 0 0.5
546 12.7655460835 23.268475 104.40083 1.8086424 19.5451579759 104.208241201 1.80921962994 3.72829453073 0.0330728391797 0 0.564
549 12.6381528378 23.269141 104.3114 1.6661585 19.4544138956 104.536248382 1.69734195765 3.8213478873 1.78668051379 0 0.566
552 12.5801999569 23.273746 104.22596 1.531085 19.2242757741 105.509282313 1.48182328149 4.24795542215 -2.82248856201 0 0.49
555 12.7196040154 23.201513 103.9692 1.3630267 19.3461300912 104.548979207 1.39846732728 3.8987332946 2.03059836649 0 0.486
558 12.6903221607 23.573375 105.47089 1.3112874 19.7002361517 105.854668146 1.32788344967 3.89210613978 0.950883602728 0 0.572
561 12.6407949924 24.091257 107.45193 1.3021436 19.4806336039 106.895119817 1.33838317669 4.64412377962 2.07637479596 0 0.426
564 12.6250989437 24.69734 109.54228 1.2971878 20.8090843611 108.481410412 1.28591258254 4.03038164391 -0.64602237357 0 0.4
567 12.5832760334 25.24514 111.62222 1.291934 21.7103870907 111.305922251 1.32348837432 3.54887621593 1.80793247348 0 0.534
570 12.5991170406 25.838263 113.71051 1.2925571 22.1681164729 113.483817032 1.3116455785 3.67714090455 1.09368925518 0 0.63
573 12.5147747993 26.485855 115.66064 1.2984976 22.2856913017 115.772229341 1.32569079093 4.2016457815 1.55805507177 0 0.672
576 12.5809218884 26.666562 116.70228 1.2516028 22.4471516638 116.575305375 1.28199808598 4.2213204262 1.74152160361 0 0.636
579 12.5264508724 26.671044 116.66524 1.1445574 22.7810176957 116.786628025 1.1653368566 3.8919197963 1.19057516386 0 0.684
582 12.6736028194 26.68282 116.71548 1.0360889 23.155288399 115.968925672 1.04588929623 3.60566534228 0.561521341671 0 0.594
585 12.7799320221 26.598988 116.54426 0.86252405 22.5516522979 116.15422831 0.892234312175 4.06608546443 1.70227263088 0 0.606
588 12.5774259567 26.490987 116.49462 0.72378221 22.7202911072 116.059080019 0.761957512695 3.79576640356 2.18728372608 0 0.624
591 12.707597971 26.414554 116.44154 0.58967497 22.3540428985 116.382663546 0.627237018865 4.06093792639 2.15214686983 0 0.616
594 12.6345489025 26.30131 116.37003 0.43724496 22.0868610595 116.054955799 0.491278495154 4.22621007809 3.09589351649 0 0.548
597 12.5680618286 26.176025 116.35464 0.31453037 21.9654380938 116.418395137 0.375823381827 4.21106955675 3.51183089135 0 0.498
600 12.5428831577 26.088883 116.46581 0.14702743 21.6406469128 115.971727323 0.206903650131 4.47559180209 3.43065470668 0 0.52
603 12.5108020306 25.977812 116.45377 0.019989929 22.3975482875 115.635965605 0.112845493393 3.6724776759 5.32023194402 0 0.45
606 12.5826859474 25.890585 116.45549 -0.11586106 22.8680985435 115.734748761 -0.0100954091916 3.10723225935 6.05992540877 0 0.388
609 12.7414400578 27.617035 116.21759 -0.13548047 24.5119644063 115.849588077 -0.0556428238617 3.12680168967 4.57436016999 0 0.48
612 12.5877101421 29.732468 115.90829 -0.14344069 25.7157335151 114.895633168 -0.076139228416 4.14241834941 3.85608970382 0 0.51
615 12.9215130806 31.744289 115.6014 -0.14068963 28.2477002308 115.460391974 -0.12788328828 3.49943085146 0.733749331568 0 0.536
618 12.6563098431 33.87565 115.27561 -0.13567301 30.1429496183 114.784791319 -0.105812386499 3.76483135301 1.71088770023 0 0.612
621 12.5631639957 35.936054 114.9269 -0.14240112 32.9776201878 114.598999363 -0.113237134723 2.97654992386 1.67097327013 0 0.662
624 12.5931720734 38.113735 114.67885 -0.14674677 34.6647742435 114.530251032 -0.122527966508 3.45216047615 1.38763522495 0 0.664
627 12.5272231102 40.163768 114.30534 -0.14012204 36.3738704259 114.373463246 -0.0882189219266 3.79050978084 2.97382960918 0 0.718
630 12.5189220905 42.346763 113.98058 -0.16006212 39.1922865349 114.359196677 -0.0809706641912 3.17711698827 4.53160661339 0 0.724
633 12.5458059311 44.341947 113.67079 -0.15507802 41.3745599649 114.094757826 -0.0810113852785 2.99752139834 4.24370557228 0 0.724
636 12.6442189217 46.544067 113.30502 -0.15009707 43.110714463 114.351277509 -0.0873430836415 3.58922894492 3.59553856596 0 0.698
639 12.5658009052 48.557097 112.97025 -0.14631805 45.2570149112 114.07688396 -0.0771264141149 3.48068678766 3.96438871382 0 0.712
642 12.6916229725 50.586062 112.64729 -0.14866611 47.4858979753 113.957059982 -0.0844316219067 3.3654887291 3.68036506693 0 0.744
645 12.5144689083 52.747394 112.3225 -0.14488479 50.0249554306 113.951830178 -0.0633539679516 3.17275725414 4.67137200361 0 0.734
648 12.6239628792 54.919709 111.95097 -0.14565598 51.6125321177 114.1088722 -0.0662468232983 3.94891894498 4.5498095337 0 0.694
651 12.5271911621 56.9199 111.70562 -0.14317608 53.8890408915 113.710163642 -0.0705678938779 3.63377244036 4.1601426229 0 0.68
654 12.6736760139 58.963864 111.32719 -0.14485493 56.6750803913 114.178703145 -0.034641616948 3.65645424215 6.31475768403 0 0.542
657 12.8919250965 61.070196 111.0267 -0.15209978 57.8066094363 112.187351559 -0.12927315905 3.46382870529 1.30786904097 0 0.614
660 12.8144450188 63.25691 110.67843 -0.1447313 60.0874997087 112.013107255 -0.129088467377 3.43897149869 0.89626828895 0 0.634
663 12.6068429947 65.338645 110.4192 -0.14848438 61.338509583 111.645038253 -0.121215882986 4.18374984643 1.56236979259 0 0.646
666 12.8988959789 67.412523 110.08404 -0.1445869 63.5083428644 111.447134663 -0.123530501952 4.1352931687 1.20644273991 0 0.752
669 12.6636719704 69.507235 109.73429 -0.15139682 65.7110082595 111.326952144 -0.113213575541 4.11678395964 2.18773875563 0 0.768
672 12.5624530315 71.647859 109.39116 -0.14906575 68.2415308438 111.249667961 -0.11190019113 3.88035093122 2.12942966651 0 0.764
675 12.5966780186 73.702975 109.06139 -0.1559357 70.0739461866 111.16631238 -0.0921526483604 4.19530074636 3.65449966342 0 0.748
678 12.6362760067 75.754203 108.72815 -0.15045699 72.054352994 110.004618833 -0.126178090725 3.91385522827 1.3910784597 0 0.688
681 12.5723309517 77.860742 108.43703 -0.15243836 74.5131360888 109.585450431 -0.14683218099 3.53911497752 0.32121039649 0 0.726
684 12.6641559601 79.97813 108.08555 -0.15170568 76.0510572893 108.740609775 -0.158831645743 3.98133186056 -0.408287762051 0 0.694
687 12.6010329723 82.120618 107.73965 -0.14888428 78.1356303311 109.014522966 -0.143458671593 4.18394882872 0.310864463018 0 0.748
690 12.8426589966 84.192494 107.42985 -0.14593359 80.7193869704 108.678269915 -0.141529470479 3.69066724632 0.252337461046 0 0.718
693 12.5587859154 86.28045 107.15458 -0.15823172 82.4700444992 108.627709201 -0.129814904859 4.08525393611 1.62816357476 0 0.71
696 12.7388589382 88.385341 106.75858 -0.15035877 84.3588717157 108.660408124 -0.112542309935 4.45302202018 2.16672355782 0 0.686
699 12.6065671444 90.512184 106.42958 -0.15443508 87.1519991758 108.443224793 -0.0940163117822 3.91734698534 3.46174042226 0 0.764
702 12.6643569469 92.541412 106.11165 -0.15857271 89.3684376888 108.406044643 -0.104574551651 3.91561141538 3.09386657491 0 0.736
705 12.538465023 94.624435 105.7799 -0.14991569 91.004774464 108.075468839 -0.103981352466 4.28620796163 2.63184367543 0 0.77
708 12.6380150318 96.812614 105.41142 -0.16008539 93.2844597094 107.292638652 -0.124322379398 3.99835670193 2.04906957015 0 0.696
711 12.4658629894 98.833392 105.05687 -0.15857643 95.1943250688 107.052114107 -0.141114797636 4.15015748822 1.00047783785 0 0.642
714 12.7289640903 100.9283 104.72764 -0.15390186 96.7308594702 107.022857069 -0.105068283518 4.78398666324 2.79795783096 0 0.472
717 12.6626219749 103.02648 104.38009 -0.15580909 99.0308070354 106.703076806 -0.120205754058 4.62186868496 2.03992088607 0 0.58
720 12.7049920559 103.56436 104.3046 -0.21764658 99.6540899256 107.076051653 -0.190668577222 4.79282341808 1.54572569888 0 0.596
723 12.6391160488 103.46604 104.39779 -0.32798619 99.7454408002 106.667101433 -0.306955759769 4.35805378438 1.20495489358 0 0.572
726 12.6025748253 103.43166 104.43448 -0.46455789 99.6936847952 107.004277429 -0.429746528455 4.53611259304 1.99454409564 0 0.528
729 12.5095911026 103.35806 104.51276 -0.60050128 99.2824724689 107.222293132 -0.552790727988 4.89407637016 2.73361326855 0 0.52
732 12.6703100204 103.30537 104.5712 -0.75278089 100.425140145 106.973284397 -0.658609124708 3.75043110387 5.39564470053 0 0.376
735 12.6728720665 103.24477 104.73622 -0.88717849 99.9621302584 107.314399341 -0.804307469685 4.17405467014 4.74815970801 0 0.4
738 12.4584310055 103.11543 104.83266 -1.0218313 100.313429253 106.777414334 -0.935304243635 3.41075909493 4.95763514338 0 0.378
741 12.4886820316 103.3336 104.43355 -1.1359167 100.568197631 106.601194735 -1.08911630937 3.51370658448 2.68146486286 0 0.34
744 12.5433459282 104.18264 102.5184 -1.1499809 101.783697211 104.780147366 -1.09907856636 3.29703315923 2.91648888508 0 0.522
747 12.6233551502 105.02068 100.61649 -1.1544373 102.660339014 103.136718744 -1.08912414805 3.45293534416 3.74216795371 0 0.59
750 12.5783269405 105.97315 98.645528 -1.1675657 104.135816755 101.301539467 -1.06189805565 3.22958052429 6.05431005246 0 0.588
753 12.5297021866 106.66644 96.709247 -1.154133 104.636861097 99.075439832 -1.08092324061 3.11738015657 4.1946102321 0 0.66
756 12.6566369534 107.65453 94.805864 -1.1707179 105.084477577 97.0231481947 -1.10804562067 3.39433626173 3.590857098 0 0.628
759 12.7686519623 108.36584 92.821603 -1.1639211 106.258240831 95.4607396691 -1.10771101692 3.37742751417 3.22060052649 0 0.624
762 12.4947469234 109.18739 90.932737 -1.1605274 106.981279498 92.8666260019 -1.13610599897 2.9337433801 1.39924320889 0 0.588
765 12.5258851051 110.00551 88.971931 -1.1631703 107.656208561 90.6160550735 -1.13564936886 2.86746599259 1.57683320241 0 0.696
768 12.5480179787 110.83946 87.051439 -1.1600004 109.050779993 88.6253122451 -1.12190251253 2.38253083054 2.18284816024 0 0.688
771 12.9649870396 111.68317 85.129972 -1.1502451 110.314395135 86.6970885684 -1.11677198887 2.08072078149 1.91786799487 0 0.68
774 12.6414899826 112.49307 83.177328 -1.1488654 111.165548159 85.8962564896 -1.1017792867 3.02570427691 2.69783556553 0 0.682
777 12.4690260887 113.40329 81.226755 -1.149046 111.86386263 83.4385781876 -1.10573194322 2.69480953724 2.48171264714 0 0.722
780 12.4839301109 114.20236 79.347389 -1.1522317 111.789280173 81.6366801689 -1.1360709469 3.32623034522 0.925942946317 0 0.53
783 12.537345171 115.10134 77.33273 -1.146946 113.294674546 80.0539955484 -1.12505305333 3.26639346211 1.25437344519 0 0.534
786 12.5213468075 115.87569 75.433999 -1.1405871 114.074914026 78.1883424444 -1.12078496806 3.29077527596 1.13457858545 0 0.532
789 12.5034079552 116.74641 73.521868 -1.1514597 114.430482771 75.9757823842 -1.14480957849 3.37419838437 0.381023895937 0 0.556
792 12.5268909931 117.66191 71.592443 -1.1472421 115.531437499 74.3819516847 -1.11878886406 3.51002446996 1.63025033268 0 0.526
795 12.558686018 118.47567 69.543126 -1.1411103 116.827846696 71.8824633186 -1.13462821522 2.86143683006 0.371396100483 0 0.616
798 12.7098269463 119.32773 67.660396 -1.1493947 117.331257255 70.1019257191 -1.13927110568 3.15388186041 0.580039228199 0 0.63
801 12.730948925 120.23613 65.736718 -1.1477983 118.874397299 68.3362099932 -1.11221638622 2.93456548266 2.0386934867 0 0.612
804 12.6184561253 121.05504 63.851108 -1.1435448 119.648271557 66.4685868083 -1.11834294116 2.97156402662 1.4439601476 0 0.71
807 12.5289349556 121.9387 61.889647 -1.1416966 120.077352419 64.6334355557 -1.12856892916 3.31556789357 0.752160134132 0 0.706
810 12.547139883 122.75206 59.947854 -1.134592 121.558523075 61.9800040732 -1.12768615668 2.35672745807 0.395675676496 0 0.682
813 12.5191318989 123.61313 58.017737 -1.1345099 122.502781507 60.9719163964 -1.11304212415 3.15595463894 1.23001295183 0 0.638
816 12.4728229046 124.50226 56.14403 -1.1250591 123.011001879 59.2459777186 -1.10292750236 3.44179174738 1.26804713865 0 0.688
819 12.5532009602 125.37031 54.195354 -1.1346431 124.019431803 57.5616803725 -1.11888880388 3.6272613842 0.902654677045 0 0.612
822 12.5993850231 126.19009 52.293812 -1.120627 124.713680381 55.7065499786 -1.11934889377 3.71840905163 0.0732300926279 0 0.604
825 12.5406589508 127.09539 50.434417 -1.1252352 125.627155097 53.8588884709 -1.10137995267 3.72595203741 1.36680499129 0 0.69
828 12.7384889126 127.94916 48.435924 -1.125081 126.937648893 51.4666728719 -1.11273160503 3.1950889571 0.707568211148 0 0.71
831 12.675757885 128.83417 46.49897 -1.1135569 127.328000287 49.3291166668 -1.11416092033 3.20597525889 -0.0346078156906 0 0.656
834 12.5758690834 129.69028 44.561049 -1.1141866 127.90539601 47.5463938381 -1.13471936935 3.47823154222 -1.17644102561 0 0.65
837 12.6637392044 130.6504 42.689185 -1.1179531 128.931709026 45.1135858778 -1.13531246858 2.97180387655 -0.994618554574 0 0.62
840 12.7374329567 131.56218 40.752166 -1.1133477 130.425345924 43.5288150152 -1.1233030609 3.00036188969 -0.570400163083 0 0.554
843 12.6228778362 131.80181 39.159633 -1.0655485 131.578605166 42.6679433711 -1.10981254744 3.51540354126 -2.53614310227 0 0.536
846 12.6257579327 89.526265 39.287264 -0.26055386 132.560924347 40.6225354222 -1.08611342343 43.0553696408 -47.3010787211 0 0.602
849 12.628278017 49.129117 22.860079 0.57174269 133.293966002 39.736509188 -1.07217150348 85.8401753455 -94.1893451679 0 0.364
852 12.5859088898 45.693587 19.436118 1.0035584 135.14854188 39.5280914846 -1.02637442969 91.6835664182 -116.306583837 0 0.062
855 12.9996161461 46.841947 21.209275 1.0214136 36.3135660203 83.136315475 -0.188539871308 62.8156441346 -69.3252273131 0 0.01
858 12.6169309616 48.00008 22.972907 1.0079248 76.5517801346 133.507878686 2.61560798036 114.162951724 92.1134610285 0 0.008
861 12.7643098831 49.170996 24.731115 1.014741 104.729215671 46.9961068909 2.77168645084 59.8535348737 100.665559168 0 0.01
864 12.7849941254 50.349541 26.532036 1.0144485 39.0131299506 87.837789231 1.77699884631 62.3450847677 43.69091651 0 0.01
867 12.7415361404 51.518278 28.351001 1.0069992 68.9213638683 16.7337571232 0.392396877762 20.9243339926 -35.2141191432 0 0.016
870 12.5937709808 52.642563 30.101924 1.0170679 35.5646127282 98.3754379363 1.56591412086 70.37704946 31.4465720572 0 0.02
873 12.549063921 53.80357 31.912095 1.0183648 29.3860978757 75.9707831751 -2.48731026412 50.3724225014 159.139614482 0 0.012
876 12.5696048737 54.946688 33.671099 1.0064723 27.2784465157 74.1505252551 -2.72384020331 49.0317808853 146.268837295 0 0.014
879 12.6696619987 56.161659 35.476636 1.0152563 92.9140708602 47.4695417485 -3.0384441874 38.6596632918 127.740070662 0 0.016
882 12.6921641827 57.333476 37.252395 1.017552 20.8619178524 72.1266400945 -2.66646799863 50.4617431786 148.921202437 0 0.02
885 12.6348662376 58.434052 39.044555 1.0099164 46.6162624013 109.835345012 -2.46200913899 71.7704403043 161.073319832 0 0.008
888 12.7037739754 59.558673 40.733157 1.0155176 84.7049325165 48.5169760133 3.06555643084 26.3234155478 117.458572845 0 0.018
891 12.6095509529 60.829575 42.673596 1.0256616 57.026732177 42.9098044533 1.0139322182 3.81017164577 -0.67204407329 0 0.012
894 12.4986250401 61.938983 44.298725 1.0235902 73.1237248805 129.393984348 1.37782458989 85.8271612864 20.2961354991 0 0.01
897 12.5794489384 63.08776 46.123861 1.0214801 60.2516795033 46.3097003497 1.38804624812 2.84216270605 21.0026931997 0 0.018
900 12.5632741451 64.233274 47.872937 1.026201 62.123585541 48.8043949302 1.00678475351 2.3061654906 -1.11246897787 0 0.018
903 12.5697231293 65.367062 49.701179 1.0288308 62.7960434804 49.9436139646 0.992069853551 2.58242346258 -2.10624708241 0 0.028
906 12.6126980782 66.47055 51.411163 1.0247772 64.6734681646 51.3917140826 0.995142379335 1.79718707527 -1.69795015074 0 0.022
909 12.5723419189 67.601685 53.206336 1.0345375 65.6810919796 54.1286223451 0.971011669714 2.13056087744 -3.63976196543 0 0.072
912 12.6156051159 68.713633 54.989386 1.0321621 66.3993334027 56.1004063092 0.964557807417 2.56716745722 -3.87344064199 0 0.092
915 12.6411690712 69.889939 56.860516 1.0335194 66.701162014 58.3661283022 1.01290872656 3.52635322551 -1.1809046008 0 0.056
918 12.6326420307 70.97178 58.665246 1.0279054 68.6556328229 59.8114538897 1.02840704415 2.58424655795 0.0287420928486 0 0.12
921 12.5188150406 72.083269 60.388926 1.0348295 69.4291128623 61.7800531228 1.01861323645 2.99662801749 -0.929123461008 0 0.17
924 12.7020609379 73.21006 62.180545 1.0389104 70.0444429067 63.5172962319 1.00556410831 3.43628221153 -1.91060177606 0 0.26
927 12.8664088249 74.211219 63.966291 1.0279221 71.2994605648 64.8955697507 1.02356651092 3.05645156705 -0.249556871674 0 0.288
930 12.7735581398 75.394113 65.876292 1.0355825 72.5019142023 67.2468214701 1.02139812787 3.20049447964 -0.812704657937 0 0.342
933 12.7041170597 76.475569 67.55587 1.0353462 73.8192440404 68.8218264217 1.01015454388 2.94256825793 -1.44337557473 0 0.406
936 12.6687989235 77.652303 69.425792 1.0395167 74.7477551021 70.5215123624 1.01227466497 3.10435204252 -1.56085363276 0 0.528
939 12.7247629166 78.72098 71.209083 1.0347632 76.0074287214 72.2670065295 0.999244047085 2.91248394604 -2.03509755391 0 0.59
942 12.9471178055 79.923618 73.070281 1.0406815 77.4515675161 74.0630172003 0.999531709059 2.66393670317 -2.35770934875 0 0.572
945 12.6857681274 80.886825 74.813727 1.0240856 78.6510549895 76.0156758256 0.996146698015 2.53837517308 -1.60078116795 0 0.618
948 12.8115410805 82.003807 76.66259 1.0354781 80.0583792804 77.7980459472 0.982261406512 2.25254283432 -3.04909193649 0 0.652
951 12.7483739853 83.149971 78.458347 1.0359732 81.6494874346 79.65410541 0.985758992792 1.91866857615 -2.87706214464 0 0.666
954 12.612293005 84.209192 80.07724 1.046865 82.1580056208 80.9802311458 1.01478742473 2.24115117109 -1.83790968001 0 0.668
957 1105.11856818 84.421821 80.346791 1.1291589 81.7873850889 80.9717371252 1.08581455271 2.70754690247 -2.48344816561 0 0.634
960 17.2482409477 84.549549 80.462185 1.2384433 81.5958176588 81.1727638625 1.21237606174 3.03800117772 -1.49354273593 0 0.61
963 18.2447011471 84.477315 80.645515 1.377415 81.9313303107 81.0359725495 1.33974060686 2.5757513731 -2.15858372285 0 0.584
966 17.6280601025 84.491575 80.745704 1.5042297 81.4036387109 81.3291635974 1.46665277035 3.14257468122 -2.15299947595 0 0.51
969 16.2869541645 84.58151 81.604236 1.6242617 81.4851284481 81.4275644702 1.61837247931 3.10141766688 -0.337427490391 0 0.57
972 16.6767868996 84.52138 83.606555 1.6450761 81.3934196607 82.7574594968 1.62622465626 3.24115705544 -1.08010816415 0 0.598
975 18.3671450615 84.450105 85.633891 1.6510189 81.2679990284 86.9444543213 1.64806682976 3.44142043833 -0.169141165475 0 0.592
978 17.2268869877 84.288283 87.799076 1.6553182 81.0889389831 88.1815050995 1.60919609274 3.2221195128 -2.64260208834 0 0.63
981 17.164907217 84.219899 89.940013 1.6574582 81.3305204229 90.4677824 1.62346830266 2.93718387258 -1.94747766385 0 0.68
984 18.5981919765 84.085061 91.960688 1.6559816 81.3883035477 92.8398775967 1.62469104622 2.83645467154 -1.79281667008 0 0.618
987 17.0431599617 83.972707 94.061302 1.6546883 80.0630352208 94.9726610689 1.64195026912 4.01448736123 -0.729835408839 0 0.544
990 17.0038130283 83.850194 96.236204 1.650278 80.0678265252 96.6392694315 1.65266171625 3.80378304536 0.136576880409 0 0.44
993 18.1833748817 83.742141 98.372522 1.653672 79.9751488128 99.0020818916 1.65743371709 3.81923759353 0.215530513072 0 0.586
996 16.9123389721 83.558608 100.37046 1.6603574 79.8867487691 101.044541916 1.65067565059 3.73322067936 -0.554723379502 0 0.6
999 17.6802690029 83.448658 102.54165 1.6520527 79.5978303752 102.944476925 1.63673639988 3.87183973419 -0.877559354353 0 0.582
1002 17.406908989 83.308795 104.69204 1.6576029 79.2788376418 104.922449977 1.67315380869 4.0365387483 0.891001435533 0 0.666
1005 17.5451080799 83.194681 106.76107 1.661421 78.7969693234 107.555958448 1.65982249882 4.46897254819 -0.0915873714072 0 0.634
1008 18.1453590393 83.066158 108.84686 1.6653468 78.936823436 109.459368257 1.67570364939 4.17451437971 0.593403759 0 0.578
1011 18.2792291641 82.920912 111.09751 1.6564676 78.3957648869 111.445164081 1.67957381641 4.53848209817 1.32388868081 0 0.682
1014 3229.43071389 82.798446 113.12029 1.6519674 78.1374661401 113.739320774 1.66499416634 4.70190731022 0.74637873197 0 0.744
1017 13.5669851303 82.725101 115.25424 1.6521864 78.5431179669 116.585677767 1.65859348773 4.38881631144 0.367099085728 0 0.686
1020 13.657638073 82.605874 115.888 1.7134215 78.8422731499 117.310157064 1.70719551865 4.02333469578 -0.356722454822 0 0.742
1023 12.9621310234 82.650086 115.98425 1.8265292 78.7199658069 117.296010222 1.84087281533 4.1432547125 0.821828621188 0 0.656
1026 13.1136250496 82.697137 116.16336 1.9516157 78.2679794861 116.747868946 1.96744628575 4.4675593998 0.907025750432 0 0.598
1029 13.1378340721 82.611261 116.28116 2.0730733 78.514548068 116.711167592 2.08425474243 4.11921878224 0.64064946032 0 0.692
1032 12.979542017 82.517518 116.45008 2.1971216 78.3468878904 117.070214601 2.21451746854 4.21648223449 0.996709848178 0 0.684
1035 12.8638458252 82.418538 116.4581 2.3123831 78.4557739861 117.07607861 2.34449915846 4.01066031867 1.84011460423 0 0.58
1038 12.8091070652 82.414024 116.83182 2.4679277 78.8802502353 116.719144067 2.51009733841 3.53556966919 2.41614230461 0 0.542
1041 12.8782918453 82.282962 116.94587 2.5874118 78.4846381865 117.62024049 2.5899013534 3.85772463382 0.14264090266 0 0.488
1044 12.9877808094 82.208722 116.96752 2.707272 78.7761680235 116.812554578 2.7769264662 3.43605021556 3.99090693776 0 0.494
1047 12.8214409351 82.043289 117.20312 2.8493508 78.3650219988 117.625744988 2.87423527745 3.70246674698 1.42577553334 0 0.49
1050 12.9016690254 81.832352 117.28824 2.9891727 78.4760287544 117.554838067 3.0053313373 3.36689475008 0.925821719947 0 0.45
1053 12.8420920372 81.142386 117.29523 3.0875315 77.1293515328 116.492515798 3.10782581357 4.09252925775 1.16277851586 0 0.466
1056 13.0403299332 79.131234 117.37152 3.1037602 75.244221413 116.93496759 -3.13571103768 3.91145048012 2.50463168777 0 0.534
1059 13.1865820885 77.094643 117.50841 3.1079346 74.0486137905 116.577181653 -3.1171274556 3.18519703934 3.3302170073 0 0.548
1062 13.3069350719 74.899205 117.59033 3.115912 71.926503017 116.948110743 -3.12406656441 3.04128306043 2.47556400742 0 0.646
1065 12.8672969341 72.824078 117.69503 3.116944 69.4589139693 116.706096954 3.13858007071 3.50746596895 1.23965553717 0 0.692
1068 12.8589298725 70.711208 117.83017 3.1174699 67.8897386726 116.650832341 -3.1171331545 3.05802656602 2.78355803806 0 0.686
1071 13.2927799225 68.550781 117.88294 3.1169773 66.0408915872 116.985246242 -3.13378232152 2.66559542085 1.85785493618 0 0.648
1074 13.6378970146 66.454241 117.99143 3.11617 63.3012170415 117.203360952 -3.12434371526 3.2500173704 2.44490212234 0 0.696
1077 13.6833181381 64.352032 118.06903 3.1139299 60.7704408244 117.120304286 3.12451508742 3.70511481995 0.606486564349 0 0.662
1080 13.7658250332 62.204954 118.16997 3.1178991 59.4075015066 117.291428343 3.13692493134 2.93216232439 1.0900998374 0 0.69
1083 13.2167608738 60.134729 118.2293 3.1166836 56.759781455 117.312259452 3.13101704804 3.49731815798 0.821246078404 0 0.786
1086 15.5207569599 58.034017 118.36643 3.1239361 54.8443294834 117.465667643 3.13681295041 3.31443498618 0.737789181709 0 0.746
1089 13.9753639698 55.858025 118.47896 3.1251128 52.5875282685 117.042682699 3.13122642131 3.5719800328 0.350284698849 0 0.774
1092 13.3549220562 53.766425 118.55 3.1243401 50.5432462565 117.02036631 -3.14015061512 3.56772482666 1.07112122459 0 0.744
1095 13.290320158 51.628528 118.603 3.1187628 47.8655532182 116.894857895 -3.13697317763 4.13252086026 1.57273073337 0 0.718
1098 13.202737093 49.494235 118.64783 3.1200968 46.8755746929 117.068085493 3.13329586295 3.05826331647 0.756250600719 0 0.71
1101 13.1620810032 47.379245 118.80828 3.1260538 44.6547691162 117.320601053 3.12749677084 3.10418386867 0.082676139321 0 0.62
1104 13.0812468529 45.313934 118.87713 3.1250737 42.6424838455 117.68394589 3.1265637578 2.92580488886 0.0853740231834 0 0.59
1107 13.1834850311 43.229975 118.9845 3.131291 40.814742854 117.577661353 3.13724262222 2.79509235955 0.341002834708 0 0.506
1110 13.1430048943 41.038059 119.03542 3.1300111 38.558571128 117.422530485 3.13497193911 2.95791695202 0.284235143637 0 0.62
1113 13.1119251251 38.877743 119.09254 3.1262084 36.0206619066 117.913610317 3.11788434836 3.09075841362 -0.476933027704 0 0.57
1116 12.8701770306 36.866989 119.17866 3.1252668 34.0436441237 118.469823905 3.09942786475 2.91096631731 -1.48046193669 0 0.594
1119 12.9657981396 34.67231 119.25843 3.1314701 31.9393456135 118.865841361 3.0838906487 2.76101796038 -2.72610175096 0 0.586
1122 12.9245979786 32.567479 119.34722 3.1353596 30.477837106 118.499260683 3.09958011911 2.25513597111 -2.05001324825 0 0.504
1125 12.9541149139 30.502201 119.36971 3.1349527 27.0770704824 117.78779275 3.12898109529 3.77279488536 -0.342147747008 0 0.466
1128 12.9008450508 29.15421 119.31018 -3.13185 26.1515650198 118.053993603 -3.11446004841 3.2548242873 0.996370832286 0 0.504
1131 13.0766069889 28.938717 119.39146 -3.028318 26.6997739447 117.850309257 -3.01006936511 2.71808970014 1.04556976087 0 0.48
1134 13.1794481277 28.80706 119.32785 -2.9089456 26.5174550636 117.60711363 -2.91079964082 2.86412716552 -0.106228714289 0 0.49
1137 12.9667389393 28.607415 119.34948 -2.7753086 26.2273382718 117.842112827 -2.75410500934 2.81725416421 1.21487625558 0 0.45
1140 13.0404582024 28.309413 119.3977 -2.6319404 26.288693072 116.88730232 -2.63720932825 3.22263952945 -0.301887351183 0 0.456
1143 12.8676280975 28.176965 119.31562 -2.5155106 26.2928674723 116.884020978 -2.52767411245 3.07611724421 -0.696917927408 0 0.418
1146 13.0591077805 28.13257 119.1422 -2.3876282 26.1135959363 117.936609493 -2.37570008912 2.35153242392 0.683430410859 0 0.448
1149 13.1247739792 28.071656 119.10664 -2.2643471 25.908415902 118.207036369 -2.25911496597 2.34283896478 0.299779197634 0 0.398
1152 13.1925799847 27.847582 119.05477 -2.1225081 25.8303842687 118.543091496 -2.119146863 2.08108182889 0.192584694096 0 0.332
1155 13.1376469135 27.651134 118.95518 -2.0012288 25.2570702082 118.403573011 -1.9978276854 2.45678890218 0.194869512017 0 0.266
1158 13.1923289299 27.585975 118.8068 -1.8653126 25.6423845292 118.401967533 -1.91104907468 1.98530432041 -2.62050696901 0 0.258
1161 13.2520041466 27.545652 118.66047 -1.7395281 25.6822894634 118.250934142 -1.77050569165 1.90783635619 -1.77488526086 0 0.182
1164 13.1820130348 27.426878 118.54472 -1.6078392 26.2342282238 117.755118606 -1.650653665 1.43034396234 -2.45308814672 0 0.23
1167 13.3780500889 27.408113 118.27266 -1.4907581 25.9537439143 117.475651735 -1.48391513062 1.65843649594 0.392073264896 0 0.208
1170 13.1963570118 27.619078 117.43976 -1.368489 26.0169146656 116.614921855 -1.36775590946 1.80202256234 0.042002994057 0 0.214
1173 13.1421859264 28.00462 115.50954 -1.3464267 27.2190393406 115.903016001 -1.34022038264 0.878612733609 0.355595790964 0 0.18
1176 13.232530117 28.352772 113.43776 -1.3439724 26.4643966711 113.312953707 -1.37138040026 1.89249517663 -1.57036273953 0 0.242
1179 13.1106789112 28.777386 111.37552 -1.3470791 26.6580182603 111.391324684 -1.3559645671 2.11942666874 -0.509099763981 0 0.312
1182 12.950289011 29.292879 109.18718 -1.3487141 26.6939974959 109.78236861 -1.43096092152 2.66616476482 -4.71239575166 0 0.202
1185 12.8026180267 29.664866 107.14961 -1.3582731 27.165649248 107.576288228 -1.41323065082 2.53537742426 -3.14883571431 0 0.404
1188 12.8174982071 30.155372 105.1583 -1.3627181 27.183168377 105.326816823 -1.39691172872 2.97697703992 -1.95915061204 0 0.544
1191 12.8249599934 30.584999 103.08809 -1.3538609 27.1760861549 103.331258201 -1.42803940969 3.41757480674 -4.25011553564 0 0.554
1194 12.8929669857 30.932942 101.04272 -1.3388863 28.7772309593 101.958088654 -1.389681233 2.34200552155 -2.91033528153 0 0.56
1197 13.2743389606 31.46397 98.886394 -1.3633561 28.6758745356 98.7562993498 -1.39287733161 2.79112897173 -1.69144197745 0 0.63
1200 12.8055768013 31.761459 96.890841 -1.3338862 29.4761178564 97.0211954904 -1.36801649285 2.28905579566 -1.95552173368 0 0.5
1203 12.9117369652 32.148779 94.808879 -1.340085 30.6033169785 94.8149330777 -1.33847697742 1.54547387937 0.0921329074357 0 0.46
1206 12.8612670898 32.63242 92.742465 -1.3409888 31.3641833743 92.4486549749 -1.33592721225 1.3018250534 0.290007615842 0 0.572
1209 12.8443610668 33.223163 90.635151 -1.3443959 31.8517830152 91.160366068 -1.33795919636 1.46851419138 0.368795952664 0 0.476
1212 12.8208649158 33.480467 88.544154 -1.3400822 31.6533167977 88.6551745899 -1.33817282858 1.83051998981 0.109398924142 0 0.574
1215 12.8602659702 33.996344 86.523674 -1.3537744 32.230838138 86.8331228435 -1.34611487679 1.79242002206 0.438858352929 0 0.634
1218 12.8791539669 34.391099 84.502242 -1.3500462 32.6023094259 84.3108979105 -1.33764568259 1.79899435821 0.710497311161 0 0.702
1221 13.1553089619 34.871654 82.311763 -1.3462417 32.9994505711 83.1021820215 -1.34791829717 2.0322174856 -0.096061942023 0 0.678
1224 13.1465919018 35.319079 80.358924 -1.358939 33.9136731644 80.6602608612 -1.3315143619 1.43734806734 1.57131601758 0 0.716
1227 13.9268009663 35.776446 78.250756 -1.3606991 34.3215573237 78.181868256 -1.33985099057 1.45651865132 1.19450868096 0 0.7
1230 13.7029321194 36.167733 76.160289 -1.3496683 34.2600860537 76.729499526 -1.33298696153 1.99075802011 0.955770290858 0 0.606
1233 14.344190836 36.593873 74.026216 -1.3452321 34.8350866441 74.6467353055 -1.3489701848 1.86503985323 -0.214176482384 0 0.72
1236 14.5263400078 37.096668 72.068535 -1.358637 35.3972253429 72.2268759961 -1.36930908232 1.70680321528 -0.611465275662 0 0.74
1239 13.6398792267 37.456761 70.030489 -1.3570922 35.6396722317 69.9313472038 -1.38506581988 1.81979138573 -1.60277035662 0 0.734
1242 12.9256570339 37.942935 67.912468 -1.3598503 36.2027823667 68.1148058385 -1.37876927668 1.75187664754 -1.08397751673 0 0.724
1245 13.1555659771 38.381728 65.750541 -1.3597279 37.1596095313 65.5098755174 -1.34518797786 1.24558958969 0.833076173044 0 0.68
1248 13.1148059368 38.78715 63.709446 -1.3638712 37.592408131 63.4068014873 -1.3580546343 1.23247792456 0.333264665783 0 0.756
1251 13.271116972 39.284372 61.704874 -1.358189 37.9148659299 61.5774466534 -1.36103960612 1.37542160978 -0.16332769995 0 0.73
1254 12.7505269051 39.616785 59.610797 -1.3616912 38.1149204122 59.5287464777 -1.35567782788 1.50410422789 0.344540843124 0 0.744
1257 13.1208469868 40.0981 57.483375 -1.3627524 38.9668930857 57.9149370904 -1.3420108643 1.21073321617 1.18840245632 0 0.738
1260 13.4689898491 40.478176 55.366289 -1.371191 39.7767239422 56.1740848523 -1.32470445706 1.06984537591 2.66348271487 0 0.626
1263 13.4948818684 40.927924 53.368372 -1.3697355 39.8240045693 53.9167142602 -1.33964303099 1.23260591589 1.72417146967 0 0.712
1266 13.6658790112 41.311773 51.24524 -1.3687118 40.6614677257 51.3566285279 -1.33248441619 0.65977598773 2.07567619511 0 0.73
1269 13.7213981152 41.752813 49.127024 -1.3690442 41.128187435 50.076319692 -1.33985810159 1.13636235743 1.67224025918 0 0.726
1272 13.2155201435 42.124468 46.999249 -1.3746445 41.4646714992 47.6625569428 -1.34088069633 0.9355794191 1.9345234504 0 0.75
1275 13.4965770245 42.489069 45.000812 -1.3756167 41.6226526955 45.732598307 -1.34781946898 1.13410246966 1.59266401956 0 0.754
1278 13.8574340343 42.919623 42.847052 -1.3693623 41.6606797999 43.8459692273 -1.37700197449 1.60710099497 -0.437721104915 0 0.664
1281 13.829914093 43.26925 40.76156 -1.3849404 43.0031329272 41.8779873003 -1.33334089812 1.14770563009 2.95643368279 0 0.634
1284 14.7377460003 43.723057 38.666685 -1.382086 43.3567252879 38.9939255418 -1.34689607827 0.491207996152 2.0162339963 0 0.686
1287 14.0316441059 44.069109 36.638541 -1.3748634 44.0134441624 36.9920292538 -1.33550957943 0.357844267373 2.25480782662 0 0.61
1290 13.4078879356 44.48264 34.512889 -1.372972 43.7218672973 35.3210980922 -1.36123885267 1.10994461207 0.672259822157 0 0.61
1293 13.730036974 44.660959 33.544964 -1.3339999 44.2703683823 33.9196309826 -1.3072721717 0.541235973067 1.53138602735 0 0.7
1296 13.1798899174 44.654294 33.324157 -1.2074321 44.2084817908 33.5932265386 -1.20719029986 0.520717718593 0.0138541275226 0 0.684
1299 13.0946509838 44.699557 33.107025 -1.0711259 44.2189204736 33.4260769046 -1.06300632949 0.57689304755 0.465217121832 0 0.622
1302 13.4091439247 44.829945 32.953901 -0.95914547 43.8458517027 33.3351358989 -0.92966135512 1.05535760091 1.6893153453 0 0.576
1305 12.9278070927 44.914184 32.826307 -0.82117543 43.7750319723 33.1549530123 -0.858761314415 1.18561188572 -2.15351254626 0 0.582
1308 12.9230651855 44.932468 32.690373 -0.70238554 44.2272780999 33.5554419341 -0.756175115418 1.11608111528 -3.08191565326 0 0.578
1311 13.0307369232 45.019913 32.619075 -0.56167342 43.7798419309 33.0316681342 -0.677304035591 1.30690831765 -6.62514625588 0 0.522
1314 13.0153479576 45.164806 32.47066 -0.44585332 43.7373216059 32.8770539623 -0.674776624861 1.48420610019 -13.1163392007 0 0.532
1317 12.935256958 45.307079 32.373178 -0.30795343 44.1591645398 33.7261772076 -0.571495312774 1.77434902534 -15.0998376079 0 0.422
1320 13.0204861164 45.468859 32.25314 -0.19105128 43.5118450435 33.2610519016 -0.491851020405 2.20131552201 -17.2345556038 0 0.444
1323 13.040115118 46.833289 32.057508 -0.10389315 44.6275052617 31.8987130192 -0.295390357423 2.21149219901 -10.9719817739 0 0.414
1326 12.966629982 48.863767 31.868312 -0.084237935 47.2359739994 31.1259004199 -0.487404461175 1.78910173192 -23.0997403908 0 0.422
1329 12.958286047 51.033972 31.691587 -0.08198003 48.6931208773 29.1689806105 -0.585439371664 3.44138445617 -28.8460954338 0 0.344
1332 13.0170800686 53.111195 31.42619 -0.084122232 50.6846590031 27.8876945052 -0.663011961384 4.29057424024 -33.1679382972 0 0.336
1335 12.7767698765 55.206155 31.249451 -0.082409142 53.8813511548 32.9218769505 -0.0248236813553 2.13356832286 3.29940385626 0 0.33
1338 12.7766640186 57.287235 31.07162 -0.080297126 55.8657809645 33.3231198958 -0.0537673062489 2.66266470962 1.52004670298 0 0.428
1341 12.7675631046 59.516372 30.847745 -0.092608556 58.5690378686 32.6672286923 -0.0143973812405 2.0513319729 4.48117022448 0 0.574
1344 12.6602051258 61.567611 30.670937 -0.091677002 60.5506532459 33.1434824793 -0.0373210277317 2.67351533016 3.1143679169 0 0.628
1347 12.7314939499 63.68279 30.502969 -0.089332225 63.2992810255 32.2874772969 -0.0890740807903 1.82525313183 0.0147905737191 0 0.544
1350 12.6917049885 65.773678 30.270465 -0.081918863 65.320272397 31.7930905717 -0.0822822856316 1.58869923917 -0.0208225829703 0 0.582
1353 12.7791419029 67.870787 30.052005 -0.080757136 67.7681052782 31.7314337333 -0.0823676146466 1.68256482974 -0.0922736294482 0 0.612
1356 12.731897831 69.978421 29.855203 -0.080851998 69.2216967757 31.7376568873 -0.0927312284542 2.02885785344 -0.680629768889 0 0.71
1359 12.9148030281 72.04312 29.748383 -0.089661546 70.3871852399 30.6995919224 -0.0825216394876 1.90969064085 0.409086509281 0 0.554
1362 12.8460290432 74.192216 29.503442 -0.097083695 72.5188707589 30.9731940808 -0.105645414729 2.2271631002 -0.490550405836 0 0.64
1365 12.8569309711 76.337484 29.313327 -0.092202589 74.9836405143 30.39245464 -0.0936117318915 1.7313025868 -0.0807379404129 0 0.656
1368 12.6890518665 78.469083 29.072242 -0.088851811 77.3871316324 30.2633005434 -0.0835713961219 1.60911131239 0.302545486596 0 0.694
1371 12.7302680016 80.508884 28.860474 -0.08148585 79.0424149169 29.9042421484 -0.0769601903573 1.79999542197 0.259301197041 0 0.644
1374 12.6948940754 82.648681 28.706332 -0.092016755 81.1643988222 30.3036407198 -0.0697799387457 2.18047901384 1.27407572118 0 0.69
1377 12.8200960159 84.803463 28.469695 -0.089914919 83.7596672786 30.3114782128 -0.0603020455167 2.11699667241 1.69669266985 0 0.714
1380 12.6874098778 86.909059 28.274418 -0.095059786 84.8907228945 30.2487124311 -0.068618207956 2.82338788257 1.51499082559 0 0.74
1383 12.824696064 88.999768 28.069648 -0.093100738 87.1753966773 30.2865291355 -0.0643916775748 2.8710438332 1.64490799615 0 0.78
1386 12.8877189159 91.148907 27.8824 -0.087682683 89.7589704688 30.1293740169 -0.0500144432796 2.64212334939 2.15823115767 0 0.804
1389 13.0880281925 93.191686 27.680334 -0.085944106 91.2484949236 30.258031508 -0.0592405328405 3.22808240329 1.53000203996 0 0.668
1392 12.9433529377 94.597595 27.536443 -0.026113958 93.1293295878 29.9912869567 -0.0521404150143 2.86043041731 -1.4912061426 0 0.726
1395 13.0129358768 66.734672 23.138609 0.64678418 95.0413542407 30.6849611054 -0.0288585770789 29.2953185608 -38.7114784392 0 0.674
1398 13.0830729008 41.954155 8.6979942 1.5862633 97.613756583 31.4815659584 0.0180127888071 60.1421847828 -89.8541355106 0 0.652
1401 13.7885949612 40.498777 7.6026468 1.6671323 99.4602453979 31.7831978329 0.0130833303849 63.7271826137 -94.7700250669 0 0.48
1404 13.1417968273 40.36551 9.5759073 1.6613912 101.176873754 30.9169027754 -0.0132494361265 64.4473432306 -95.9498406512 0 0.532
1407 13.1185829639 40.15753 11.693798 1.6450717 102.526254059 31.0173863013 -0.014132415863 65.2936352609 -95.0653931897 0 0.5
1410 13.0346989632 40.017928 13.779826 1.6578436 103.024570232 30.5633389963 -0.0126800084847 65.2037059825 -95.7139523431 0 0.308
1413 13.1376731396 39.937066 15.922073 1.6651068 106.485335874 31.6708564512 -0.0118152525703 68.3863758612 -96.0805561847 0 0.182
1416 13.0278358459 39.75755 17.953862 1.6630734 105.996428043 29.8958905391 0.0313909635143 67.3067679363 -93.4885171163 0 0.138
1419 12.9560770988 39.645384 20.177858 1.663423 109.110833306 30.4410350838 0.0144360173776 70.2195232906 -94.4799945763 0 0.138
1422 12.8208770752 39.526919 22.292671 1.6684735 111.382141483 32.2001800018 0.0293914917784 72.5350379655 -93.9124813469 0 0.128
1425 12.9326190948 39.303781 24.413998 1.6572417 112.587794761 32.9903686158 0.0415963376977 73.7841500995 -92.5696604498 0 0.098
1428 13.1770541668 39.21094 26.55624 1.6661167 116.710646795 33.9352814118 0.0667188548251 77.8502074847 -91.6387462908 0 0.084
1431 12.8644649982 39.049874 28.673026 1.6660737 117.896099171 34.5515478135 0.105345220153 79.0650633493 -89.4231548611 0 0.078
1434 12.7698318958 38.816051 30.701859 1.6598041 120.107916223 35.0518699185 0.10190662258 81.4081687944 -89.2609503702 0 0.16
1437 12.8278779984 38.695572 32.853799 1.6647394 122.758523257 34.7619554383 0.107719237893 84.0846052203 -89.2106839055 0 0.218
1440 12.8416101933 38.58982 35.008607 1.6723781 124.151848122 35.1183803823 0.0781679821627 85.5620985401 -91.3415114091 0 0.144
1443 13.0775289536 38.393816 37.160762 1.6689022 126.394260011 35.6558985615 0.115891920355 88.0133101304 -88.9809345641 0 0.284
1446 13.0535218716 38.314928 39.264936 1.6781402 128.922908965 36.8699098272 0.147737869727 90.6396291084 -87.6855944816 0 0.336
1449 12.970441103 38.042909 41.445131 1.6601298 130.377766412 37.6153738483 0.167506108305 92.4142463757 -85.5210379354 0 0.178
1452 12.7428340912 37.893052 43.482766 1.6655679 135.6812873 27.6675080598 -0.0670524233227 99.0588781827 -99.271832025 0 0.136
1455 13.1321289539 37.737395 45.529248 1.6663309 138.13361837 27.5175072139 -0.0664534509828 101.99913957 -99.2812301176 0 0.22
1458 13.0888609886 37.667375 47.706088 1.6735516 140.67508959 26.2988411697 -0.06813371351 105.208647373 -99.791217704 0 0.176
1461 13.1417689323 37.411337 49.793915 1.6717816 141.788306148 25.6365352275 -0.120701833067 107.136038222 -102.701735562 0 0.126
1464 13.0849518776 37.208006 51.943854 1.66906 27.3669129974 114.511794718 1.55992875894 63.3371480036 -6.25275952551 0 0.016
1467 13.0330591202 37.03196 53.963531 1.6741645 141.12541968 37.8300005489 0.0922718579186 105.336314502 -90.6357720341 0 0.034
1470 13.0697410107 36.983983 56.143126 1.6856298 127.07317091 103.992726116 1.59626648543 102.008068355 -5.12014076819 0 0.014
1473 12.8357100487 36.720012 58.206076 1.6746777 33.4803582632 56.5083681749 1.85434154887 3.65753580897 10.2939802712 0 0.022
1476 12.8523900509 36.536888 60.398002 1.6787317 34.0239786672 60.6146522007 1.65721116482 2.52223127895 -1.23303583896 0 0.064
1479 12.9342198372 36.401835 62.417273 1.6766351 32.662428736 61.8530506362 1.75602612493 3.78173321147 4.54877065984 0 0.052
1482 13.159350872 36.239068 64.615141 1.6886647 33.2584390005 64.2020211764 1.69252054738 3.0091223341 0.22092378135 0 0.092
1485 12.9545149803 35.99676 66.655908 1.678851 33.2414561423 66.6346177762 1.64656161111 2.75538611124 -1.85004570665 0 0.114
1488 12.9174599648 35.830181 68.859683 1.6854848 33.165947411 68.6273483049 1.65386682564 2.67434478463 -1.81157648749 0 0.206
1491 12.9465341568 35.575227 70.898859 1.683738 33.0607543635 70.5543387259 1.6685942297 2.537965102 -0.867674123988 0 0.276
1494 12.8017721176 35.463169 73.006353 1.6935188 32.9725950775 72.5157577637 1.6668290786 2.53843301056 -1.52920839278 0 0.37
1497 12.9021611214 35.205801 75.07321 1.6913976 31.6148453664 74.9887174231 1.69540958783 3.59194952056 0.22986997008 0 0.378
1500 12.9220759869 34.978045 77.287591 1.6912075 31.1958087359 75.645710725 1.69904987947 4.12323683465 0.449335245197 0 0.32
1503 12.8439669609 34.814043 79.320098 1.7000185 30.8313894999 78.3187739901 1.70938152123 4.10660184025 0.536461599722 0 0.574
1506 12.7602479458 34.580736 81.372215 1.6970036 30.9793047802 80.690547208 1.70230872729 3.66537553462 0.303961403306 0 0.542
1509 12.7956922054 34.345965 83.441951 1.6955247 30.3450569188 83.1320044033 1.69920884489 4.01289575829 0.211085953318 0 0.572
1512 12.796282053 34.142398 85.698773 1.7034669 29.9750740666 84.9795605573 1.69473621336 4.22893075185 -0.500231496811 0 0.64
1515 12.829387188 33.910208 87.748137 1.7016389 30.3287068901 87.3990787192 1.67554310837 3.59847077012 -1.49517872363 0 0.67
1518 12.8325529099 33.670818 89.737713 1.6967853 30.1539672013 89.4114858768 1.68916474473 3.53194899118 -0.436625654312 0 0.764
1521 12.8532068729 33.472926 91.900649 1.7056804 29.9401283823 91.6474804004 1.67971027306 3.54185733016 -1.48797866711 0 0.706
1524 12.7731778622 33.217902 94.036516 1.7078464 29.3911363019 93.6293055448 1.70007308275 3.84837057243 -0.445378271205 0 0.68
1527 12.858700037 33.034075 96.178482 1.7177188 28.9045373343 95.9389698163 1.71308789452 4.1364776584 -0.265331339509 0 0.684
1530 12.8364739418 32.713254 98.174723 1.7080491 28.2989797103 97.273010978 1.70288832466 4.50543028746 -0.295690646278 0 0.566
1533 12.8327171803 32.45653 100.24821 1.7068362 27.8221011985 99.4930986681 1.71872397572 4.69554293347 0.681119376721 0 0.68
1536 12.7417159081 32.217075 102.39435 1.7082962 27.5313447451 101.911437906 1.7044873467 4.71054902448 -0.218231218907 0 0.724
1539 12.811275959 31.955228 104.48204 1.7110577 28.203013088 103.340014569 1.69619371867 3.92215997003 -0.851643396787 0 0.67
1542 12.7196221352 31.741377 106.6002 1.7198575 27.7396074801 105.64724211 1.67972556737 4.11367087033 -2.29939036326 0 0.758
1545 12.8046441078 31.439656 108.68741 1.7105287 27.6165950736 107.847238498 1.69227372712 3.91429214533 -1.0459329013 0 0.774
1548 12.7440979481 31.216018 110.75498 1.7177022 27.5403677224 110.421344725 1.69075027964 3.69076109499 -1.54423128662 0 0.654
1551 12.8375711441 30.916985 112.90957 1.719675 26.8218479817 112.544614625 1.68504168726 4.11136712356 -1.98434265041 0 0.75
1554 12.9354200363 30.668641 114.94646 1.716506 27.3653772579 114.44282117 1.67957896153 3.34143732859 -2.11576345445 0 0.698
1557 12.8205587864 30.419865 117.12266 1.716223 26.5098059056 116.470122494 1.69367768812 3.96413512874 -1.29175121846 0 0.612
1560 12.7269821167 30.132888 119.21343 1.725557 26.251639848 117.98061586 1.68866603735 4.07233568377 -2.1136964622 0 0.48
1563 12.8041009903 29.88258 121.34383 1.72867 25.77832796 120.106334005 1.69672107644 4.2867564831 -1.83053847984 0 0.61
1566 12.824682951 29.981486 120.5055 1.7055843 26.1698151109 119.832912274 1.70881784435 3.87055670611 0.185268444329 0 0.604
1569 13.1364791393 30.170653 118.4575 1.6900862 27.0129204589 117.361477051 1.69577463437 3.34253513149 0.325923281443 0 0.518
1572 13.1741881371 30.502618 115.6086 1.6745202 27.2767336301 114.828978238 1.70457000379 3.31875579992 1.72172693241 0 0.524
1575 13.1486110687 30.699806 113.48782 1.6738205 27.4975641766 112.28371391 1.67341582481 3.42114369353 -0.02318618074 0 0.666
1578 13.1067500114 30.8492 111.36091 1.6697397 27.9050095974 111.054011431 1.69102729052 2.96014254023 1.21968909287 0 0.578
1581 13.1036179066 30.973164 109.37107 1.6787837 27.2289694986 108.793921038 1.66357894749 3.78841568311 -0.871168147554 0 0.572
1584 13.3189001083 31.204408 107.09871 1.665475 28.4652122085 107.548123839 1.71848156475 2.77581814658 3.03705244682 0 0.488
1587 12.9296998978 31.322843 104.96751 1.6587885 27.8424801939 105.086749457 1.68058458871 3.4824048171 1.2488238927 0 0.636
1590 12.8820390701 31.457099 102.91722 1.6541397 28.2209927187 102.873267239 1.69530829418 3.23640475049 2.3587866948 0 0.718
1593 12.9243450165 31.546684 101.34427 1.631357 28.3146578133 101.658381849 1.65670415446 3.24725415161 1.45228497313 0 0.672
1596 13.0379841328 31.536552 101.09899 1.5279681 28.4531171234 101.964008039 1.57994623582 3.20247198996 2.97812780941 0 0.562
1599 12.7955970764 31.522716 100.84711 1.3818466 28.2360443936 101.707229654 1.44863696251 3.39735427459 3.82680588403 0 0.566
1602 12.7471950054 31.33472 100.81397 1.2437751 28.4183746207 101.786264217 1.32601857842 3.07415458563 4.71220420575 0 0.502
1605 12.8605599403 31.335612 100.76499 1.1262837 28.1483959861 101.636403516 1.19614145233 3.30419542927 4.00255437462 0 0.516
1608 12.8067929745 30.238332 99.003137 0.9296569 28.2499639278 100.230471273 1.01490105859 2.33665508971 4.88413051551 0 0.524
1611 12.8634979725 28.772289 97.32743 0.78863198 26.3569864079 98.8292191342 0.857730149482 2.84412679301 3.95903348337 0 0.54
1614 12.7390408516 27.005154 95.945316 0.6582802 24.4552648892 97.2406913664 0.726592909896 2.86005800944 3.91402996417 0 0.562
1617 12.8308060169 26.209553 95.323497 0.64585939 24.2581632681 95.3146418895 0.732869454177 1.95140982341 4.98530945252 0 0.55
1620 12.8200919628 26.225548 95.299359 0.74214735 23.3178644961 95.4046639959 0.803516344487 2.90958974793 3.51618437708 0 0.458
1623 12.8578548431 26.287241 95.304851 0.87876564 24.215788694 94.7095518544 0.959341771592 2.15529481249 4.61667226974 0 0.408
1626 12.8190569878 26.503119 95.525486 1.0159202 23.8383872809 94.868490774 1.08175247278 2.74452871398 3.7719113863 0 0.44
1629 12.9269459248 26.584147 95.637624 1.1414331 23.9405106275 95.2740262756 1.1757039971 2.66852329482 1.96357776413 0 0.368
1632 12.8870019913 26.62792 95.717086 1.2595284 24.368532133 95.6270342425 1.29514631543 2.26118173803 2.04075622917 0 0.316
1635 12.8961958885 26.756174 95.797181 1.3910555 23.894024971 95.7254724102 1.47295263362 2.86304718547 4.69236011077 0 0.312
1638 12.9351220131 26.381693 93.77201 1.3952992 23.692801299 93.8281401084 1.49722022673 2.68947748997 5.83964467554 0 0.418
1641 12.8105680943 26.011804 91.856332 1.39866 22.994185532 92.35299513 1.43846216851 3.05821769717 2.28049627108 0 0.38
1644 13.0354220867 25.609249 89.727224 1.3968171 23.7716931922 90.3031016215 1.53792115108 1.92568075804 8.08466659904 0 0.484
1647 13.0701320171 25.2462 87.568251 1.3940659 23.4092135567 87.8352206952 1.50555761834 1.85628446392 6.38800491134 0 0.636
1650 13.0051879883 24.820481 85.505592 1.4017015 22.1967785501 85.9370771479 1.45757087877 2.65894602773 3.20107960774 0 0.52
1653 13.0594391823 24.493958 83.448062 1.398475 20.8812876073 84.1606426003 1.42522984481 3.68227626313 1.5329396892 0 0.466
1656 13.0603430271 24.080092 81.345956 1.3962744 21.1619144092 81.675256289 1.4542612229 2.93669867908 3.32240021945 0 0.588
1659 13.0575609207 23.622432 79.208855 1.3888608 20.2300948167 79.1798498195 1.43269248638 3.39246118114 2.5113706384 0 0.606
1662 13.0947048664 23.236261 77.182266 1.3737053 20.1542921502 77.4885323386 1.44588393023 3.09714886 4.13553088328 0 0.604
1665 13.1097490788 22.741503 75.111069 1.3685019 19.8692147321 75.133165083 1.42895579846 2.87237325755 3.46375323671 0 0.662
1668 12.9242329597 22.23837 73.007777 1.3690406 19.0461679735 72.902217677 1.41042762023 3.19394686064 2.37130158593 0 0.674
1671 12.9233620167 21.796618 70.8705 1.3677106 18.8498735773 71.4660971055 1.4113843434 3.00633308276 2.50232117227 0 0.534
1674 13.008177042 21.306705 68.900927 1.3588762 19.7782419747 69.055732181 1.46962856234 1.53628248175 6.34564293339 0 0.664
1677 13.0904102325 20.800373 66.796896 1.3509317 19.2971947496 67.0615657881 1.45147578491 1.52630106764 5.7607517204 0 0.618
1680 13.0585241318 20.180988 64.758154 1.3339286 20.1150097506 65.3686336325 1.46739875535 0.614034617206 7.64727659258 0 0.578
1683 12.992128849 19.716632 62.635567 1.3210663 18.3433197184 63.2186388534 1.42747178513 1.49196494902 6.09658521494 0 0.568
1686 13.0141341686 19.127208 60.642471 1.320188 17.7228734965 61.0055431924 1.44688768212 1.45050915697 7.25935705116 0 0.588
1689 12.9787898064 18.573484 58.538556 1.3117791 16.7588516215 58.4651283953 1.40162464839 1.81611736469 5.1477707306 0 0.482
1692 13.2161841393 18.03732 56.562177 1.3046299 16.9347046283 56.662528587 1.42313567413 1.10717256966 6.78988070566 0 0.608
1695 13.1414568424 17.470308 54.449011 1.30616 17.0902535282 54.6388067698 1.46244955847 0.424810352689 8.95473208251 0 0.634
1698 13.1798009872 16.865167 52.414515 1.2995721 14.8299134039 52.2844944259 1.36412812605 2.03940249828 3.69878783489 0 0.518
1701 13.0928719044 16.322269 50.452679 1.2871313 15.182402255 50.5879804717 1.38496388344 1.14786875756 5.60539413013 0 0.344
1704 13.1461319923 15.679585 48.421133 1.2791916 15.0660800685 48.6369623769 1.40488833711 0.65036191531 7.20189253487 0 0.526
1707 13.14833498 15.049517 46.343459 1.2810584 14.1769442174 46.0664673253 1.3951661523 0.915482194635 6.5378926164 0 0.632
1710 13.1162519455 14.370513 44.264129 1.2685694 14.0456515602 44.4248656969 1.40730372449 0.362451708219 7.94889126706 0 0.58
1713 13.0879659653 13.728985 42.398373 1.2622613 13.2939673706 42.4561864589 1.37469022304 0.438842493322 6.44170278523 0 0.672
1716 12.8985280991 13.116178 40.310007 1.2578142 12.6299182237 40.2958295992 1.37971723795 0.486466410702 6.98452958427 0 0.654
1719 13.0089879036 12.482531 38.460523 1.239848 13.1367140087 38.857284744 1.39431095551 0.765098222647 8.85007544187 0 0.602
1722 13.0314397812 12.331027 38.238303 1.1567887 11.4578292741 38.5144605534 1.24209702461 0.915826000323 4.88780695724 0 0.45
1725 13.0086400509 12.263795 38.100898 1.043782 11.3953300361 37.7699321914 1.13071714577 0.929392145432 4.98101694411 0 0.394
1728 13.038531065 12.231882 38.075858 0.90529637 11.4694255457 37.5918904197 1.01386581454 0.903086077616 6.22057095643 0 0.402
1731 12.981675148 12.170047 37.918491 0.7605547 10.9042190013 37.9842421484 0.887165480821 1.26753451066 7.25426338189 0 0.358
1734 12.9949848652 11.9457 37.868652 0.60051086 11.5826816666 37.4344504124 0.756865122382 0.56596230352 8.95843934338 0 0.424
1737 13.1082341671 11.861848 37.85602 0.47073445 11.3313486513 37.8492458174 0.618977472872 0.530542598193 8.49369955284 0 0.45
1740 12.9579100609 11.68598 37.868337 0.32347919 12.1397763529 37.5381918003 0.502288814054 0.561183555334 10.2450367946 0 0.442
1743 13.1052048206 11.634663 37.834152 0.18688423 11.4516387526 37.6595438028 0.152056233143 0.252954339062 -1.99549722882 0 0.478
1746 13.0910289288 11.546787 37.799316 0.059161186 11.1552954518 36.7975483158 0.140836384177 1.07554829065 4.67964414645 0 0.448
1749 13.3013679981 11.461332 37.784444 -0.088384018 12.4491425644 37.7908140181 0.025243414207 0.987831103101 6.51037230237 0 0.51
1752 13.2958869934 11.353119 37.809133 -0.22428348 12.2142322312 36.7736355798 -0.0586678145312 1.34676312105 9.48907865262 0 0.394
1755 13.179625988 11.259101 37.929753 -0.36642208 12.4506220545 38.011920516 -0.314440513614 1.19435083791 2.97832436639 0 0.448
1758 13.1689329147 11.22919 38.083377 -0.50941267 12.2458795251 37.9310737093 -0.311642421184 1.02803398909 11.3314005704 0 0.468
1761 12.8121709824 11.185129 38.110347 -0.64618684 12.1028992233 37.6240495973 -0.435179804711 1.03864688254 12.0898125696 0 0.332
1764 12.7467799187 11.588805 37.741111 -0.76036767 12.0243377578 36.8844816095 -0.627198482939 0.960990476451 7.63003237981 0 0.374
1767 12.916009903 13.063467 36.224873 -0.77289998 12.464429838 36.940732205 -0.755055445974 0.933434477036 1.02241648709 0 0.328
1770 12.8552031517 14.493375 34.807156 -0.77803694 13.9043699456 35.210630538 -0.729645682943 0.713945836152 2.77261479469 0 0.324
1773 12.931194067 15.892318 33.28564 -0.77023756 15.8947121852 33.4570988066 -0.710185553917 0.171475521558 3.44072649985 0 0.424
1776 12.9699921608 17.405154 31.857105 -0.77891679 17.2974889212 32.0478540442 -0.745884007751 0.219036451423 1.89263900844 0 0.492
1779 12.8142180443 19.008966 30.381332 -0.78385491 18.6231373315 31.0457147542 -0.768584661467 0.768289141857 0.874920793064 0 0.502
1782 12.8197340965 20.517371 28.856906 -0.78454873 20.6422805707 29.3559944894 -0.760774552661 0.51448199301 1.36216002292 0 0.632
1785 12.7705850601 22.037399 27.308602 -0.78653789 21.9340083323 27.6980490101 -0.776982151229 0.402937468939 0.547503501693 0 0.614
1788 12.9188549519 23.470866 25.802264 -0.78746834 23.8631173765 25.9738563531 -0.773775866059 0.428141422895 0.784520967916 0 0.58
1791 13.2108662128 25.030138 24.239515 -0.79252133 24.8366197448 25.0677305912 -0.79159740702 0.850523592032 0.0529368873388 0 0.59
1794 12.850110054 26.508975 22.80392 -0.79210599 26.4121300019 23.198386038 -0.778159013371 0.406180266382 0.799102897781 0 0.614
1797 12.8820641041 27.961008 21.312251 -0.79564812 28.0131107673 21.6042283712 -0.767372748912 0.296589756445 1.62005942753 0 0.686
1800 12.8377981186 29.36401 19.750057 -0.78815021 29.1441827056 19.9367149885 -0.786608229709 0.288383848442 0.088348962747 0 0.756
1803 13.2897350788 31.016391 18.179875 -0.79578372 30.63457518 18.9950862817 -0.765836766277 0.900195953197 1.71583405761 0 0.752
1806 13.1140551567 32.405165 16.663972 -0.79079715 32.3774670967 17.5078109785 -0.786315414126 0.844293429708 0.256784550488 0 0.724
1809 13.1946761608 33.875627 15.226881 -0.79213801 33.2823118186 15.4439248315 -0.797174847952 0.631768097695 -0.288589556727 0 0.708
1812 13.0600829124 34.400964 14.714584 -0.72873329 34.1226159121 14.8474450601 -0.74771888042 0.308431060938 -1.08779420262 0 0.666
1815 13.1332769394 34.541831 14.529671 -0.59347242 33.8194258175 14.7281826552 -0.662728754962 0.749183639011 -3.96809569786 0 0.65
1818 13.0560209751 34.648846 14.435796 -0.47955783 33.8585074985 15.1850459645 -0.505879543681 1.08904107191 -1.50812310346 0 0.646
1821 13.0968368053 34.668797 14.324629 -0.34405458 34.0849835492 14.9224362724 -0.374386534561 0.835590617601 -1.73789298073 0 0.664
1824 12.9972200394 34.864126 14.20779 -0.22615765 34.1111744567 15.1565937101 -0.245863657766 1.21126566316 -1.12907107606 0 0.63
1827 13.0318870544 35.017605 14.088235 -0.094353638 34.6673111981 14.5847580149 -0.0972614896785 0.607651916815 -0.166607628628 0 0.56
1830 13.1986207962 36.599142 14.0692 -0.022879679 36.7096989896 14.8833509171 -0.0407485328907 0.821623127595 -1.02380991267 0 0.604
1833 13.2022409439 38.63985 14.009333 -0.014813302 38.6419020386 14.7690182736 -0.0355000594713 0.759688045078 -1.18526389492 0 0.662
1836 13.1017811298 40.768535 13.925491 -0.0089087199 39.9217216712 14.2585068168 -0.0463897692603 0.909940848674 -2.14750594007 0 0.612
1839 13.2570519447 42.905865 13.952369 -0.011506708 42.2755016931 14.875808708 0.00622735232521 1.11807816948 1.01608681026 0 0.662
1842 13.2213139534 45.04117 13.838962 -0.010052037 44.800613933 15.0536083468 -0.0204208384227 1.23823784837 -0.594088560129 0 0.68
1845 13.3563680649 47.095509 13.764363 -0.008210261 46.0107018232 14.7386417757 0.00825283823918 1.45808975844 0.94326610411 0 0.596
1848 13.2182629108 49.256947 13.750747 -0.012245698 48.2442743146 15.0672530879 -0.00829238844927 1.66093174069 0.226507952366 0 0.72
1851 13.182131052 51.347189 13.680192 -0.017629817 50.796490753 15.0624664164 -0.00861545461073 1.48793518728 0.516484919907 0 0.754
1854 13.1717009544 53.510554 13.649042 -0.0075411209 52.614767588 14.9055917144 0.0100134539005 1.54316249333 1.00580304722 0 0.692
1857 13.2187428474 55.608657 13.581194 -0.0077936973 54.8533128716 15.0031287628 0.00629508017323 1.61010658715 0.807227487715 0 0.772
1860 13.3558402061 57.666716 13.591636 -0.01411162 56.868377536 15.1774355159 0.0172143813638 1.77541668566 1.79484766717 0 0.774
1863 13.3116190434 59.905766 13.533857 -0.012519778 58.8990489599 15.2519289342 -0.00333300968569 1.99129364234 0.526363051775 0 0.764
1866 13.1915621758 62.027534 13.447994 -0.021676244 60.7323017734 15.1098298744 0.0105411110664 2.10697057265 1.84591847238 0 0.712
1869 13.7049398422 64.181261 13.371995 -0.025327169 63.1793432282 15.0352149506 0.00221869113078 1.94168479052 1.57826152855 0 0.724
1872 13.5301640034 66.241252 13.310079 -0.024907545 65.7998660849 14.9934528709 -0.00136112813799 1.74027845916 1.34911030885 0 0.76
1875 13.4791390896 68.444119 13.24669 -0.026304862 66.7534631168 14.8213110222 0.00450200792568 2.31035682935 1.76510362675 0 0.754
1878 13.4603359699 70.49734 13.123327 -0.017605166 69.3023284508 15.0318151112 -0.00416730339479 2.2517503133 0.769932812955 0 0.816
1881 13.649285078 72.634932 13.039101 -0.019360635 71.6197206588 14.9247295772 0.00238339794861 2.14155298752 1.24584131755 0 0.782
1884 13.6118681431 74.720419 12.994859 -0.019347658 73.5158239367 14.7324477048 0.00491058929314 2.11429983056 1.38989518828 0 0.764
1887 13.314496994 76.914825 12.90632 -0.036038761 75.8889376103 15.0370088056 0.00884494920484 2.36480014434 2.57164716363 0 0.796
1890 13.4148330688 79.004774 12.78569 -0.032634565 77.5916162411 15.3953961706 -0.00244601550043 2.96775692211 1.72967647595 0 0.774
1893 14.0218000412 81.177999 12.691712 -0.029848436 80.8488002667 14.9340545218 -0.00155928423991 2.26637856303 1.62084900186 0 0.77
1896 13.318363905 83.222919 12.597068 -0.02122413 82.1598379904 14.7487033201 0.0177283979327 2.39993245396 2.23181545191 0 0.672
1899 13.3254771233 85.390174 12.538762 -0.021700441 84.4815357476 14.5259939617 0.00288438844907 2.18511197505 1.40860696748 0 0.748
1902 13.5025880337 87.449986 12.512039 -0.030894579 86.6966567278 14.8826688324 0.0116363450912 2.48744664153 2.43684244922 0 0.762
1905 13.810256958 89.572355 12.414566 -0.034322832 88.3537584079 15.019827573 0.00928813615808 2.87617202508 2.49872441594 0 0.65
1908 13.5803010464 91.713838 12.339838 -0.030338307 90.2349777491 14.8894251155 0.00527709771573 2.94744331599 2.04061237586 0 0.762
1911 13.7265720367 93.866625 12.234111 -0.027880568 92.8592809185 15.0193689873 0.00724798296899 2.96182446375 2.01271771093 0 0.822
1914 13.668348074 96.027017 12.118277 -0.016096141 94.9151691478 14.8370050467 0.00958499466221 2.93729260345 1.47142068655 0 0.726
1917 13.5445468426 98.003729 12.063433 -0.023465033 97.4083340894 15.0182706063 0.00542275603528 3.01422633181 1.65514839119 0 0.756
1920 13.6037230492 100.1865 11.996018 -0.023536261 99.3408998948 15.0634126519 -0.00275350536149 3.1818154391 1.19076418474 0 0.78
1923 13.5539557934 102.26857 11.921444 -0.023061579 101.876593874 14.8818058348 0.0126616652383 2.98619950376 2.04679112537 0 0.746
1926 13.4737570286 104.50291 11.810699 -0.022632517 103.952099204 15.4109413213 0.00038972354114 3.6421336199 1.31907721794 0 0.79
1929 13.1954340935 106.528 11.779433 -0.025937223 105.799036448 15.1695718944 0.00744166695917 3.46762592892 1.91246951949 0 0.732
1932 13.5507669449 108.61821 11.737233 -0.017267816 108.223924633 15.0798872452 0.00194328605594 3.36582803387 1.1007150676 0 0.756
1935 13.8293960094 110.65428 11.638117 -0.015586443 109.283194454 15.1266446212 -0.000648930820725 3.74829301662 0.855856404298 0 0.664
1938 13.5546748638 112.94226 11.558687 -0.011710616 111.542874607 14.9948647404 0.00297314572709 3.71020173869 0.841317574338 0 0.738
1941 13.4936130047 114.89636 11.528856 -0.01668203 113.957643882 14.8002651868 -0.00643711206576 3.40342562964 0.58699055909 0 0.746
1944 13.2715761662 117.03777 11.494892 -0.018548407 116.375196872 14.9497721902 0.0103730745933 3.51784028612 1.65707883256 0 0.698
1947 13.3018009663 119.07747 11.406331 -0.016261061 117.907019598 15.1298800632 0.00595986562105 3.90317457591 1.27316531226 0 0.712
1950 13.4653251171 121.291 11.334615 -0.012126455 120.358825406 15.1251368958 -0.0063650623419 3.90346073595 0.330103483427 0 0.788
1953 13.9236810207 123.43737 11.229443 0.0013807468 122.991017392 14.8320250035 -0.00155408645931 3.63012778602 -0.168153559333 0 0.78
1956 13.6620290279 125.58554 11.258252 -0.0049853053 124.230679973 14.9265616056 0.00529941644311 3.91051672484 0.589271149347 0 0.674
1959 13.1853749752 127.50849 11.183265 -0.012828209 126.421432016 15.0777357318 0.00748765457802 4.04333987452 1.16401324018 0 0.754
1962 13.402107954 130.28779 11.390648 -0.01314096 128.657958337 15.1879952151 -0.00522123860253 4.13233555281 0.453766610994 0 0.772
1965 13.4976918697 132.78769 11.256475 0.0084755214 131.168875873 14.7200262087 0.00528491537915 3.82318534109 -0.182808259084 0 0.768
1968 13.8505959511 125.9239 10.596074 0.27888777 132.797273394 15.134551347 -0.00601531683661 8.23656715134 -16.323744446 0 0.696
1971 13.8919510841 93.936275 13.265891 0.84250578 133.128465133 14.7248002504 0.0183373884881 39.2193343092 -47.2213704417 0 0.466
1974 13.2845191956 59.212281 6.4432491 1.3602712 133.645858718 14.2530884851 -0.00599434834882 74.8421744949 -78.2812496145 0 0.094
1977 13.3007950783 41.747696 3.5851691 1.5088422 138.960452753 11.8431263935 -0.078588958446 97.5628716987 -90.9531056465 0 0.024
1980 13.534842968 40.889782 2.6549702 1.6071612 61.2371527681 102.596719963 0.806563710775 101.992003819 -45.8708572213 0 0.026
1983 13.5219151974 40.408125 3.8011614 1.6070032 36.9139596531 93.1695257955 -1.76435811298 89.4366465505 166.835225552 0 0.022
1986 13.5532557964 40.388712 5.5337894 1.5172855 59.7854656199 102.890246087 -0.822029900557 99.2699033423 -134.032899402 0 0.02
1989 13.2336218357 40.44034 7.6724587 1.5542124 38.1445760183 88.153891701 -1.08782379647 80.5141701202 -151.377523379 0 0.026
1992 13.4423110485 40.554207 9.7439313 1.5604739 94.2505716542 124.044617007 1.58022944216 126.285178585 1.13190918797 0 0.012
1995 14.1377739906 40.580821 11.876658 1.5652859 36.2437945998 84.4721920795 -1.56271566705 72.7249707204 -179.221288102 0 0.03
1998 13.5124549866 40.665042 14.024391 1.567666 32.4895499156 83.847648822 -1.96453495399 70.3002560714 157.619792944 0 0.034
2001 13.4002568722 40.771617 16.174621 1.5548315 30.3861036281 83.6842790126 -1.9666696656 68.3038272206 158.232845661 0 0.03
2004 13.3656570911 40.847233 18.25792 1.5551713 94.9004300701 83.9960560181 0.0417320588326 85.1072889982 -86.7136810684 0 0.012
2007 13.8392961025 40.88758 20.352438 1.5597309 30.1732341839 79.8479781419 -1.93085425028 60.4525971571 160.004202858 0 0.01
2010 13.8973500729 40.971014 22.508388 1.5678505 22.4120883405 89.9033962988 -2.73095098464 69.9036541622 113.696817966 0 0.016
2013 12.8728528023 41.044823 24.54743 1.5705547 38.9779848318 25.7742720345 1.56865186911 2.40353102559 -0.109024179207 0 0.022
2016 12.8815681934 41.105608 26.696222 1.5717508 38.8433779088 26.1626343088 1.58170066452 2.32430652231 0.57008524393 0 0.028
2019 13.7796649933 41.160404 28.869777 1.5672714 38.7482176538 28.6214958548 1.55818353854 2.42493020431 -0.520696106428 0 0.05
2022 13.7225060463 41.204205 31.003136 1.5608691 38.6877523039 31.0113428097 1.56560444222 2.51646607836 0.271315123499 0 0.076
2025 13.5251121521 41.244227 33.116661 1.5660557 39.3311432603 33.013849501 1.57905922491 1.91584435677 0.745047096167 0 0.076
2028 13.1159989834 41.277887 35.228156 1.5643441 38.771231534 35.6521577268 1.5309340421 2.54226259256 -1.91425531091 0 0.142
2031 12.7968189716 41.31792 37.33529 1.5797774 38.8077943967 37.1352383098 1.56816883374 2.51808483242 -0.665121852666 0 0.178
2034 12.8455598354 41.419072 39.474789 1.5713492 38.9827206221 39.0364144749 1.55358196762 2.47547576451 -1.01798742874 0 0.298
2037 13.1905198097 41.429937 41.518923 1.5745722 39.0121367605 41.884334449 1.56543976645 2.44525735354 -0.523249899142 0 0.432
2040 12.917361021 41.494048 43.684079 1.5737379 38.9680178514 43.2593515531 1.5804604044 2.56148818385 0.385171129692 0 0.34
2043 13.7642741203 41.508319 45.798644 1.5762653 38.9126170852 45.354022643 1.56285719484 2.63350651828 -0.768227836867 0 0.536
2046 13.4386940002 41.512588 47.943477 1.5772604 38.8304619172 47.7133663613 1.56308955965 2.69197905452 -0.811929343959 0 0.632
2049 13.0867688656 41.583607 50.107906 1.5744728 38.8563889 50.0623955282 1.56808813476 2.72759780177 -0.365814372007 0 0.706
2052 12.8894431591 41.632502 52.265699 1.5728612 39.1233356542 51.9401035108 1.57047116554 2.53020318818 -0.136938887219 0 0.692
2055 12.7657549381 41.660201 54.305408 1.5732479 39.1345923275 54.3740331133 1.5779930995 2.52654083146 0.27187990433 0 0.748
2058 12.8092241287 41.689009 56.508616 1.5685378 39.0577935609 56.7867431882 1.56638591597 2.64587403702 -0.123293873156 0 0.79
2061 12.7523748875 41.794127 58.57462 1.5657057 39.2271755524 58.3137710592 1.57502407213 2.58017090604 0.533903394889 0 0.744
2064 12.7447078228 41.856016 60.76704 1.5641567 38.9580866712 60.592599907 1.58001317841 2.90317476921 0.908509291105 0 0.74
2067 12.8512129784 41.858156 62.785084 1.5639758 39.0041303534 62.8856090708 1.56291282839 2.85579545507 -0.0609037869495 0 0.786
2070 12.8433039188 41.958088 65.023529 1.5767642 39.1245069118 64.4725285334 1.57330068779 2.88665607543 -0.198444631658 0 0.726
2073 12.9330570698 41.99726 67.044355 1.5737097 39.0598882119 66.4932037682 1.57900842805 2.9886319114 0.303594754308 0 0.774
2076 12.791891098 42.044947 69.102812 1.5759217 38.9904417679 68.9762742937 1.57808789343 3.05712512082 0.124113740928 0 0.802
2079 12.730189085 42.097902 71.261122 1.5727544 39.0198424356 71.40753457 1.57844070327 3.08153976494 0.325801178378 0 0.784
2082 12.7585351467 42.114798 73.459441 1.5684742 38.4080249445 73.058730205 1.6017105294 3.72836903034 1.90430140105 0 0.724
2085 13.3920760155 42.172982 75.545483 1.5804547 38.9775544354 75.290590043 1.56379143604 3.20557759848 -0.95473469797 0 0.726
2088 12.835100174 42.213453 77.648417 1.5799022 38.9580770525 77.8278463979 1.57793370203 3.260317081 -0.112786625572 0 0.764
2091 12.921929121 42.308345 79.80823 1.5843424 38.4871822629 80.3282192368 1.57709423622 3.85638087717 -0.415289193977 0 0.728
2094 12.784717083 42.259747 81.948131 1.5870316 38.638514392 82.273269754 1.59555169992 3.63579988592 0.48816576652 0 0.762
2097 12.9821410179 42.325886 84.065588 1.5841531 39.078267085 84.0636051753 1.59076238866 3.24761952028 0.378684345983 0 0.706
2100 13.0510759354 42.338042 86.100283 1.5789413 38.3242738034 86.4735334242 1.60298198803 4.03108558768 1.37742996067 0 0.658
