3 1.36199116707 31.520043 41.394881 -0.0070850614 88.0932808923 15.6634662288 -0.0738544229664 62.1501162649 -3.82560261854 0
6 1.36943101883 31.529937 41.402987 -0.0081764059 54.7403831767 130.957489505 -1.95628194116 92.5134245969 -111.618225217 0
9 1.37112903595 31.522543 41.401068 -0.0068718684 63.8506605272 78.5309065107 -2.37490218028 49.2314136571 -135.67814263 0
12 1.37009906769 31.528168 41.375423 -0.0049451513 105.962953712 76.2336954204 1.30046052481 82.1926789938 74.7942357935 0
15 1.3772649765 31.523843 41.397689 -0.0081913964 55.535534341 49.16598276 2.76285201982 25.2370305107 158.769092597 0
18 1.37009310722 31.52518 41.394772 -0.0077822512 27.6866830989 53.7018543867 1.94720973993 12.8917933327 112.012790073 0
21 1.38024091721 31.646202 41.400982 -0.0069641742 47.5724628946 53.7626858885 -0.257886152021 20.1607913811 -14.3767703162 0
24 1.37696480751 32.968315 41.348607 -0.0066445448 86.4546239537 12.2520603566 -1.86701656592 60.8883755085 -106.591465134 0
27 1.37149405479 34.520488 41.363888 -0.010157874 104.017689754 80.4322508859 -1.3513968798 79.7257676678 -76.8473343504 0
30 1.37212395668 35.981317 41.339656 -0.012968194 14.6340793535 85.017983385 -0.487792460305 48.6158496612 -27.2054264697 0
33 1.36945605278 37.47125 41.3168 -0.01805047 57.1040984498 65.7274111513 -1.47621887373 31.3261340583 -83.5468953533 0
36 1.37370610237 39.051821 41.275587 -0.019803098 35.430088555 31.0318545892 -0.580824212251 10.8651276848 -32.1441420643 0
39 1.37033200264 40.609584 41.247017 -0.013659721 38.6846009081 26.2512570477 -0.284439150365 15.1188086981 -15.5145184816 0
42 1.37274718285 42.081473 41.279186 -0.014178183 28.7491932357 63.9256683127 -2.01336143702 26.2795137865 -114.544762929 0
45 1.36795282364 43.552295 41.213208 -0.0092852628 62.0982559994 106.586776659 -1.17076089609 67.9533380236 -66.5476517948 0
48 1.37482309341 45.079977 41.189892 -0.010404952 85.4433573483 89.6411454345 -1.75148886287 63.0612910787 -99.7567598711 0
51 1.37604308128 46.640834 41.096545 -0.012029947 128.290383097 38.2081734266 1.46561381262 81.7006215283 84.66275105 0
54 1.37459492683 48.21014 41.103056 -0.013219293 39.2102985434 85.6861051649 -2.65828533445 45.4823638248 -151.551120709 0
57 1.37442183495 49.69993 40.993437 -0.019411138 110.65131418 63.5302141822 1.2222612376 64.9844409008 71.1425866601 0
60 1.37969994545 51.221815 41.026894 -0.026800957 48.496433993 38.1937984827 -2.01170843579 3.93117435935 -113.726821259 0
63 1.36535096169 52.707826 40.957156 -0.02058299 134.471942481 19.3850955834 -1.60095392861 84.56195678 -90.5485848477 0
66 1.36046910286 54.31159 40.951842 -0.027308534 136.871253641 9.54190242239 -1.27651960657 88.3327932581 -71.5745221791 0
69 1.37304711342 55.778879 40.909196 -0.015002614 46.358030523 36.6039450855 -3.09821286755 10.3579713971 -176.65493488 0
72 1.37622904778 57.331901 40.836464 -0.018380323 30.8650772292 97.4512972053 0.254435204025 62.4958566577 15.6311782841 0
75 1.36818289757 58.848313 40.76075 -0.022921269 138.563725819 7.05021491396 -0.0695315082 86.5502583283 -2.67056998825 0
78 1.37488389015 60.388876 40.75568 -0.012358794 121.129133735 68.0688297121 0.567377554658 66.5987016156 33.2164460084 0
81 1.37694382668 61.86858 40.735896 -0.015077049 31.8533758505 71.9261127425 -2.1356831783 43.2867427809 -121.501781218 0
84 1.37927818298 63.333062 40.668539 -0.013920495 117.403956465 55.1973567083 -1.24976150586 55.9888218506 -70.8084740715 0
87 1.37573981285 64.876385 40.58717 -0.032109511 96.2713831331 121.671808564 0.0299483013231 86.9503566345 3.55565073193 0
90 1.38019490242 66.44697 40.579857 -0.020157695 95.9991347092 66.7283100856 -1.36370678378 39.4597521251 -76.9796923556 0
93 1.37029218674 67.930314 40.55804 -0.02084507 63.547386069 42.2560118519 0.0404029323255 4.70033676005 3.50925203686 0
96 1.36796689034 69.414343 40.447992 -0.021831497 103.829070937 37.379184887 -2.06821748538 34.5512818293 -117.249280389 0
99 1.36698317528 70.999462 40.351868 -0.031419309 104.50264329 49.915198306 0.645170709563 34.8413610974 38.7657525244 0
102 1.37830114365 72.481812 40.325422 -0.028226015 64.9088675576 86.6307732346 -1.74408026475 46.9205183314 -98.3112067705 0
105 1.37077689171 74.028193 40.279112 -0.026102315 72.3487470342 42.6170445526 0.0571514415957 2.87862247833 4.77008888154 0
108 1.37694120407 75.500101 40.224463 -0.026983514 74.8184641294 42.4704798774 0.167809635541 2.34717290311 11.1608253467 0
111 1.37601494789 77.104162 40.159206 -0.035689283 76.7097429915 41.4203778335 0.124455235348 1.32140862264 9.17560501347 0
114 1.36737394333 78.584191 40.097894 -0.03659834 76.1212340759 42.8703532814 0.123200120222 3.70846157821 9.15577734339 0
117 1.38091087341 80.1084 40.071744 -0.024096447 78.5459329512 42.3550671717 0.04601238069 2.76674320911 4.01693993325 0
120 1.37109088898 80.881063 40.047709 -0.06972902 77.1755246725 41.4648727135 0.0344169892786 3.96728714457 5.96712678479 0
123 1.37697911263 80.819811 40.085383 -0.20196514 78.910863092 41.9313697607 -0.101408960764 2.65551298924 5.76144467416 0
126 1.36387085915 80.673305 40.189426 -0.34415967 78.4006174682 41.5876591973 -0.313502982285 2.66836367297 1.7564988199 0
129 1.37610006332 80.559381 40.228255 -0.49611957 78.6141601309 42.0831621624 -0.444236384879 2.68785505763 2.97268753515 0
132 1.37186312675 80.474435 40.358509 -0.64523249 77.3703776226 41.4379581387 -0.6269709025 3.28639356213 1.04631189096 0
135 1.37961387634 80.446897 40.445937 -0.81868337 80.0287169119 43.6474855988 -0.627037209851 3.2287440308 10.9805161364 0
138 1.36927509308 80.377523 40.602704 -0.97166139 77.2004236325 42.4678314679 -0.838280026513 3.68410923598 7.6421891935 0
141 1.38509893417 80.303277 40.677658 -1.1291983 77.7148722074 43.1551414965 -0.854567532961 3.58298253491 15.7351838758 0
144 1.36930513382 80.24067 40.836497 -1.2914427 79.3315636927 45.5123489968 -1.05896016836 4.76340909157 13.3202678735 0
147 1.37913608551 80.334643 40.99259 -1.4510482 80.2786177663 44.8600965321 -1.35031219383 3.86791230545 5.77174799851 0
150 1.39025902748 80.305505 41.173119 -1.6076845 78.897219444 45.5297681119 -1.50100356177 4.57860892534 6.11236751534 0
153 1.37259292603 80.260339 41.240273 -1.7630876 78.3260626531 42.0047643869 -1.55923934969 2.07987308909 11.679644404 0
156 1.36973190308 80.351916 41.337649 -1.9138236 79.2523719951 39.9810601669 -1.65952659753 1.7462331691 14.5701449846 0
159 1.36346387863 80.458888 41.424429 -2.0695544 76.6427337904 40.4548262494 -1.71151305474 3.93740554749 20.5142579748 0
162 1.36589884758 80.580246 41.530351 -2.2462491 78.105570784 43.5956169722 -2.06804014976 3.22325006174 10.2106207202 0
165 1.36481785774 80.700832 41.575869 -2.3973477 80.1048431192 41.367587798 -2.16773208028 0.631334938906 13.1560059203 0
168 1.37460899353 80.863789 41.557834 -2.56541 80.8263377372 43.8917574083 -2.36669048887 2.33422386947 11.3857892947 0
171 1.3724758625 80.910142 41.637692 -2.7112414 112.665607928 68.2381656392 0.22176902557 41.4245677602 168.049118653 0
174 1.38667798042 81.000304 41.730578 -2.863125 79.9211943906 41.7703047203 -2.11605570567 1.07984061853 42.8039175691 0
177 1.3746368885 81.313486 41.614906 -3.0334876 79.3610554445 42.1003382852 -2.84732809445 2.01187215734 10.6661539843 0
180 1.37887382507 81.419836 41.643078 3.1037871 77.7800668973 45.7248119934 -2.69277218404 5.4688638229 27.8816173272 0
183 1.38402819633 81.472606 41.653948 2.9566422 78.6802864682 41.7935744985 -3.01533502458 2.79580827792 17.8309096833 0
186 1.37122511864 81.600227 41.551467 2.7956666 79.7262136659 44.0839895605 -3.0880022985 3.15049146891 22.8906040636 0
189 1.36978912354 81.705618 41.391179 2.6371497 77.0069916256 43.9837419028 -3.05206909007 5.36642080083 34.0317746026 0
192 1.37282180786 81.817002 41.340993 2.4823985 78.7623265456 44.3553198061 2.74722972794 4.29152749329 15.1737116441 0
195 1.39094400406 81.903012 41.262396 2.332631 79.2319876019 43.6706415979 2.58769341222 3.59638960556 14.6139997325 0
198 1.39789104462 81.909487 41.089487 2.1583794 80.5508852006 46.9699171849 2.49452562432 6.03533412566 19.2597599529 0
201 1.37531495094 81.924053 40.998223 1.9975831 79.1716758582 45.7016370502 2.11212517197 5.44955811587 6.56277730069 0
204 1.37932991982 81.960862 40.844259 1.8446809 81.0898227644 46.4755219648 2.08671551736 5.69823059628 13.8675620708 0
207 1.37357807159 81.927588 40.703608 1.6857979 81.4522259052 44.4084857023 2.06475371722 3.73524937729 21.7125689484 0
210 1.36863684654 81.924928 40.686406 1.5459903 79.3187594847 46.7873377426 1.93494817915 6.63426578141 22.2856448835 0
213 1.36495089531 81.81851 40.588718 1.3660151 81.3240889394 47.6307879529 1.93711863959 7.05940517376 32.7218224834 0
216 1.37657213211 81.824065 40.431016 1.2110526 81.2861581581 44.9174906807 1.51761580222 4.51860585035 17.5647776415 0
219 1.37330293655 82.277545 41.390368 1.1504821 80.5631013772 46.4883566086 1.42817083521 5.37855043564 15.9103925457 0
222 1.38339090347 82.927041 42.739254 1.1137092 82.185656145 49.0157909468 1.40123732487 6.32017148091 16.4741480464 0
225 1.37559819221 83.677797 44.09726 1.084748 81.3017107304 53.661911914 1.6224150545 9.85537174319 30.8060530061 0
228 1.37203884125 84.372874 45.412874 1.0478677 80.7585555287 56.5102189682 1.52817518352 11.671090924 27.519591674 0
231 1.38364911079 85.159381 46.677356 1.0274995 81.8881811699 49.9004433226 1.32398350497 4.59228050293 16.9872821779 0
234 1.36459207535 85.928298 47.908079 0.99952116 83.1362378713 51.2288184477 1.1766075338 4.33853779996 10.1463018283 0
237 1.36708784103 86.76373 49.194484 0.95689161 83.4291732323 53.3353527264 1.29117444262 5.3165837383 19.1529954729 0
240 1.36720991135 87.649962 50.387631 0.93226665 86.3073329851 52.768936814 0.984507048883 2.73372823288 2.99315437606 0
243 1.36712384224 88.570925 51.559268 0.90792052 82.4591251099 58.4048944318 1.43566678356 9.17696568266 30.237633556 0
246 1.37127900124 89.47196 52.652014 0.8832857 81.9409426271 58.0155007288 1.37157400907 9.24571319915 27.9768592952 0
249 1.37131404877 90.492516 53.754021 0.83763364 81.5032033412 56.8713490461 1.37542055198 9.51448770162 30.8129203338 0
252 1.37017512321 91.498687 54.898001 0.81217592 81.7585168544 59.8774048384 1.32483253744 10.9391671096 29.3730605188 0
255 1.3681230545 92.568948 55.94073 0.78340538 80.6168907417 59.8111637095 1.23436120868 12.5631178377 25.83786573 0
258 1.36919498444 93.547241 56.960456 0.75288469 82.1882023106 60.553970661 1.20463190894 11.9139039599 25.8832090518 0
261 1.37494087219 94.620679 57.928363 0.72990952 80.6850179784 60.3983793561 1.13279607735 14.1528664555 23.083699359 0
264 1.36118912697 95.770396 58.899507 0.6896339 82.669541024 62.5053052825 1.20028018498 13.5880161302 29.2578769531 0
267 1.37267708778 96.962501 59.840194 0.66858365 81.1231375059 65.042516543 1.20906715377 16.6718204087 30.9674236625 0
270 1.37814688683 98.232224 60.772339 0.64204005 96.0621793031 62.3582440619 0.774648304933 2.68778512012 7.59789333626 0
273 1.3858590126 99.416545 61.686454 0.60185601 98.4988940498 62.833059726 0.605535710818 1.46860068006 0.210831326753 0
276 1.3748729229 100.66015 62.48684 0.57932353 99.2096646201 65.5832180859 0.588836787382 3.41927844556 0.545069497428 0
279 1.36221194267 101.84252 63.245661 0.55317695 100.206221861 65.4236138799 0.546909319269 2.72414213019 -0.35910878843 0
282 1.37786722183 103.2489 64.041483 0.52149049 101.065683448 63.8272193531 0.577857050591 2.19370540982 3.22956602754 0
285 1.35748100281 104.5021 64.838724 0.48902664 103.2497129 63.346425474 0.447979498668 1.9481859095 -2.35182795943 0
288 1.37797403336 105.89753 65.50297 0.45749312 103.368676029 67.2237664714 0.577395662796 3.05879762404 6.86990965507 0
291 1.3633108139 107.23441 66.106065 0.425495 104.08960127 69.894232481 0.544787414345 4.92341698546 6.8349518699 0
294 1.37672400475 108.62185 66.694881 0.38650919 106.568907769 69.8286214556 0.580112488467 3.74631833246 11.092651902 0
297 1.36020183563 110.08086 67.251857 0.35533208 104.717679511 71.1693735943 0.508972980655 6.64158424028 8.80297516813 0
300 1.36968612671 111.50781 67.766864 0.33459052 108.567013403 70.4655512902 0.405750984039 3.9913904491 4.07719425761 0
303 1.36227297783 112.87691 68.182524 0.30685182 109.832926564 72.4934589152 0.459185609179 5.27730944701 8.72808319719 0
306 1.36201405525 114.36462 68.651393 0.28808498 110.772452215 73.1977554264 0.386043243326 5.79422822355 5.612595057 0
309 1.37071800232 115.83449 69.001579 0.25083859 113.915568679 71.6955739856 0.366556088981 3.30754713018 6.6301243074 0
312 1.36810183525 117.19736 69.329841 0.23044123 114.859608264 72.5169469828 0.267950689646 3.95255964215 2.14913372953 0
315 1.36876511574 117.78731 69.484411 0.20147117 111.163231494 74.4215694239 0.311952066257 8.26159484303 6.33008907235 0
318 1.37343597412 116.42938 69.228806 0.13415298 111.406064794 75.7761767541 0.404774646107 8.25237901787 15.5054793127 0
321 1.36039400101 114.80773 69.128985 0.0979988 109.74067625 74.9428412218 0.407490301313 7.71206573341 17.7325568204 0
324 1.36692500114 113.35769 69.056433 0.067460522 109.322384231 71.9098670959 0.285762938584 4.94224430706 12.5078071278 0
327 1.36795401573 111.81488 68.96352 0.032275621 108.384837824 72.7952824762 0.179256266132 5.14272233372 8.42137063615 0
330 1.36486697197 110.29576 68.94659 -0.0039959963 107.736757402 70.1004036238 0.220446190925 2.80709461466 12.8595900727 0
333 1.36841201782 108.74459 69.016615 -0.039899491 107.450615487 70.3382677909 0.10515789572 1.84963135226 8.31117604627 0
336 1.36952877045 107.27384 69.125159 -0.081381225 104.978749329 72.4209695992 -0.0596443694771 4.01619330904 1.24543008135 0
339 1.36008906364 105.77123 69.311189 -0.11875782 104.223969139 74.7523964412 -0.0517288706217 5.65692094622 3.84047590457 0
342 1.36657691002 104.23308 69.487176 -0.13593074 103.501540848 73.4674471943 -0.0553771159768 4.04693814034 4.61538268101 0
345 1.36876010895 102.67844 69.809947 -0.17996689 101.390586822 75.2052708557 -0.0682847431624 5.54689871145 6.39891566075 0
348 1.3607211113 101.19539 70.111952 -0.20894349 98.7536368933 73.5475085736 -0.108152781795 4.21487926334 5.7748821943 0
351 1.351541996 99.695937 70.47501 -0.24032587 97.5530836802 73.0036830576 -0.136062358096 3.31451471293 5.97385918933 0
354 1.37877011299 98.200311 70.897104 -0.28344925 97.6740019891 72.2126558897 -0.0753329995115 1.41692552713 11.9241828011 0
357 1.3628911972 96.614615 71.415819 -0.3144709 97.4431967766 73.870529748 -0.259035948104 2.5907822403 3.17618878117 0
360 1.37155795097 95.216051 71.909445 -0.34657274 93.7772628282 73.7594091627 -0.126886084893 2.34360380748 12.587118153 0
363 1.35803699493 93.790761 72.497598 -0.38120404 91.7472430996 74.4355584118 -0.262195691892 2.81631957828 6.8186760734 0
366 1.34895801544 92.417114 73.016357 -0.35870282 93.2292341849 76.165212737 -0.248354368506 3.25189662306 6.32250054642 0
369 1.35281705856 91.055309 73.519772 -0.33819517 90.8336982385 73.9862151119 -0.157110653523 0.516411179459 10.3753785293 0
372 1.36093306541 89.614615 74.074076 -0.31837694 87.2234552253 75.5916736446 -0.206503309663 2.83209245598 6.4098868571 0
375 1.35400295258 88.314109 74.556366 -0.29979055 84.063189128 70.5115841243 -0.00103962043766 5.86775767909 17.1171673895 0
378 1.35500979424 86.88131 74.994533 -0.2764152 84.1812720531 75.6314549521 -0.0777380890697 2.77414391982 11.3833599422 0
381 1.34824299812 85.443672 75.387112 -0.25727157 84.8337419917 76.5674046817 -0.155241095159 1.32857270386 5.84591559009 0
384 1.35019898415 84.055287 75.832526 -0.23267107 81.86461045 76.0534109641 -0.100324297583 2.20178425689 7.58291149164 0
387 1.355645895 82.664555 76.128737 -0.22389476 80.9693441436 76.0253351234 -0.0908396530541 1.69836150329 7.62349607066 0
390 1.35138010979 81.173968 76.455415 -0.20673661 77.8388098782 78.5046363013 -0.173335657469 3.91440769963 1.91373361172 0
393 1.36414909363 79.819657 76.754609 -0.1833313 76.7066603987 77.2699440543 0.0515279130373 3.15536337966 13.4564416868 0
396 1.35053801537 78.325485 77.027059 -0.15611548 76.2496722974 77.8658286573 0.00157615007637 2.23886866835 9.03506486791 0
399 1.35051703453 76.892215 77.264525 -0.13798763 72.8504009809 78.1098340695 0.00610759504439 4.12926240243 8.25604824303 0
402 1.35767698288 75.420868 77.548324 -0.12557438 70.9243215043 77.2319852286 0.119519917857 4.50766021419 14.0428688499 0
405 1.36862683296 73.926916 77.691819 -0.097717287 70.3622458229 77.0390670984 0.14025063019 3.62394239977 13.6345573145 0
408 1.36054396629 72.448195 77.857208 -0.08052134 70.5886142976 76.8507459804 0.148483206388 2.11447539251 13.1209939973 0
411 1.36799907684 71.010734 77.97039 -0.05919809 69.5263113801 78.3488952825 0.122517100611 1.53191930708 10.4115134954 0
414 1.35673308372 70.665666 77.98114 -0.052809071 70.2550308614 80.0698333665 0.0800822547216 2.12867592564 7.61411209775 0
417 1.35736203194 70.65903 77.973391 -0.052747867 70.305364423 81.6744577642 -0.00571585113352 3.71792610655 2.69473601114 0
420 1.37022399902 70.662549 77.975477 -0.051931253 71.2611563742 80.0401840099 0.155622304454 2.14973157053 11.891942865 0
423 1.37188005447 70.657477 77.975804 -0.053730261 71.0790112467 79.9553263051 0.145045568383 2.02390703283 11.3890160929 0
426 1.37852883339 70.657208 77.964864 -0.053397677 71.8251089149 81.314427188 0.100185857086 3.54733225082 8.79968830583 0
