3 1.54380011559 72.513547 45.80148 1.6808269 6.79023711712 2.99227675805 0.732021355159 78.4358422162 -54.362553298 0 0.004
6 1.55511498451 72.505015 45.806851 1.6805552 85.5814939583 88.8138356804 -1.9080511093 44.9510292791 154.388004143 0 0.004
9 1.6447429657 72.51553 45.801787 1.6811119 127.646589678 37.1124151865 2.69045130847 55.8116378881 57.8308882018 0 0.004
12 1.53727889061 72.511327 45.798497 1.6805172 117.198420655 46.6557851534 -1.21470859185 44.695316111 -165.88421861 0 0.006
15 1.55311203003 72.518426 45.80176 1.6806948 41.6220426008 83.6300731545 -3.06745464335 48.8422745505 87.9510763988 0 0.006
18 1.60817098618 72.509508 45.806599 1.6825332 70.2141442528 3.65901562485 0.57152498325 42.2100400272 -63.6560818241 0 0.004
21 1.59689688683 72.510969 45.800989 1.6811293 59.6706148735 110.125594059 -1.53877460416 65.593669741 175.513095854 0 0.006
24 1.54057812691 72.522343 45.818169 1.6838228 117.503701432 63.0232918939 1.51913431635 48.1595147424 -9.4359550476 0 0.004
27 1.54258990288 72.508499 45.799812 1.6808804 74.1660286277 29.4569110155 -1.69343215951 16.426740914 166.666131582 0 0.006
30 1.5369489193 72.523901 45.815543 1.6832165 57.7229265635 106.085816369 -0.289447052945 62.0610561967 -113.025295983 0 0.008
33 1.55264997482 72.511009 45.802779 1.6808191 31.4375132601 90.2564333251 0.487353141471 60.5240401423 -68.3805624162 0 0.01
36 1.53258705139 72.527172 45.853315 1.6851825 34.3894076629 90.0101542535 0.196602283904 58.3465125049 -85.289363849 0 0.008
39 1.54047822952 72.188088 49.017093 1.6798669 31.7379746688 98.0626248812 -2.50780614034 63.5741760939 120.064008808 0 0.012
42 1.53549408913 71.804616 53.279503 1.6643548 102.892065348 92.1467446036 0.0864219550687 49.7703925725 -90.4088923696 0 0.008
45 1.54756999016 71.568933 57.324136 1.642571 61.4298381288 97.0575008499 -1.4727051236 41.0066034573 -178.4921739 0 0.006
48 1.54917001724 71.37336 61.652431 1.6431927 100.639198544 68.0768611652 -3.11210950273 29.962686939 87.5412534745 0 0.008
51 1.66709804535 71.165072 65.844712 1.6344026 51.9142608786 70.1928544243 -1.70589693703 19.7357561643 168.614934219 0 0.008
54 1.54672884941 70.960331 70.343426 1.6128178 91.9308072613 67.1897042945 -1.06952715568 21.2062923497 -153.687045159 0 0.012
57 1.53874397278 70.885213 74.631613 1.6236159 83.5074522372 71.0691741504 -2.70530126441 13.1153304921 111.971316618 0 0.004
60 1.52954006195 70.832043 79.069602 1.6124517 101.454590422 58.6874939892 -1.23071742669 36.7854691087 -162.901591401 0 0.012
63 1.55099105835 70.841819 83.283634 1.5826474 80.8132148257 51.4317515418 -2.38949967781 33.3762063579 132.412736837 0 0.008
66 1.55194687843 70.897044 87.066595 1.5142468 55.8184581519 107.356509247 -2.01569881253 25.2793269552 157.749014491 0 0.008
69 1.55430293083 70.898205 87.488163 1.2381173 57.7314706113 105.351335739 -2.58344824523 22.1913459429 141.040423126 0 0.01
72 1.53120017052 70.648486 87.373684 0.94938085 46.2862930641 132.193358145 2.03994089454 51.0129359585 62.4844878575 0 0.016
75 1.54155397415 70.490448 87.162959 0.64684814 89.8164780459 41.9231082696 0.670130408436 49.1949136745 1.33397571886 0 0.006
78 1.53651499748 73.090524 88.460194 0.4660111 52.7419857279 100.456432654 2.05731809704 23.6214468577 91.1751748399 0 0.01
81 1.58633708954 76.750616 90.291223 0.4640309 50.4345106097 141.840904617 0.826790794489 57.8783817825 20.7846109308 0 0.006
84 1.62467312813 80.704264 92.172539 0.45240664 50.8794493167 105.26667985 2.29007681202 32.57262801 105.290744994 0 0.004
87 1.54622197151 84.637734 93.972859 0.42386385 112.15082511 22.2047261899 2.08121932882 76.8611414792 94.9594740891 0 0.008
90 1.82147693634 88.678811 95.730817 0.41656148 58.3449169832 140.47071148 0.395096683483 54.0537074057 -1.2298422485 0 0.014
93 1.70122504234 92.647535 97.41769 0.40779386 65.3432637732 33.7457473154 2.90651891736 69.2794306592 143.16639995 0 0.01
96 1.58203291893 96.759828 99.128022 0.39320766 69.5552261861 119.304085818 1.2884308783 33.8698082521 51.2925121308 0 0.016
99 1.54479002953 100.07577 100.58602 0.32958371 107.749510128 109.531354876 -0.175241270671 11.7858094165 -28.9243407852 0 0.01
102 1.56416296959 100.12714 100.52966 0.1390585 14.4257939355 83.667066495 2.82008985077 87.3445349005 153.611781141 0 0.004
105 1.54836511612 100.08551 100.52401 -0.14356162 76.9638002205 58.969879533 -0.545992973706 47.553750872 -23.0576181111 0 0.006
108 1.53840613365 99.772178 100.71077 -0.40700642 105.796789458 58.6259377586 -2.43510065022 42.5138688901 -116.201239846 0 0.016
111 1.54247093201 99.760338 100.7618 -0.66729138 68.7303058494 126.990329461 0.328633781522 40.6300215721 57.0623084661 0 0.008
114 1.60934996605 99.638101 100.95548 -0.8821311 81.2526558768 119.91573196 -1.42729848624 26.4105234092 -31.2357903596 0 0.004
117 1.5327398777 99.549051 101.11221 -1.1251977 102.014332178 60.1783551143 -2.8386117998 41.008024667 -98.1713964769 0 0.008
120 1.52787494659 100.80276 98.46873 -1.1938854 44.1466324046 34.1287215558 2.93610954849 85.7295368044 -123.368720041 0 0.01
123 1.5555100441 102.35582 94.496879 -1.1822805 42.2458800112 90.1649033694 2.58309751386 60.2658352495 -144.259731534 0 0.012
126 1.60008502007 103.84912 90.431736 -1.1842505 79.1639925308 135.294622284 -0.840143279134 51.2058012716 19.7158914556 0 0.012
129 1.53104805946 105.46668 86.336829 -1.1831903 40.7446152953 93.9575301821 1.5402438871 65.1691702122 156.041284703 0 0.008
132 1.53088092804 106.96067 82.891423 -1.1821311 36.2150728468 93.3845138017 2.34858406753 71.5195390865 -157.704922238 0 0.01
135 1.54721903801 108.13488 79.987125 -1.1809983 99.9877901131 84.5904873377 0.537159455651 9.35767163547 98.4431879365 0 0.01
138 1.53600907326 109.11096 77.465416 -1.174964 134.350018874 66.4838424584 0.130904869467 27.5246262514 74.820774818 0 0.008
141 1.53504920006 110.00241 75.115832 -1.1797573 36.6530287786 95.5896222199 1.15631267752 76.1531864831 133.846950359 0 0.008
144 1.53208589554 110.9669 72.896666 -1.1819268 37.8572085663 89.4010892657 3.06250464228 74.9494694369 -116.811991925 0 0.014
147 1.53879904747 111.79529 70.750926 -1.1680053 80.0859587442 81.5393156099 -0.934282167084 33.4943433891 13.3913490907 0 0.01
150 1.53469395638 112.62755 68.634671 -1.166408 86.0870837699 82.2289760424 -0.281003968797 29.8194815062 50.7299141518 0 0.012
153 1.53317785263 113.50263 66.493746 -1.1746568 88.2901384169 78.2082551011 -0.614663595848 27.8010693195 32.0852471539 0 0.016
156 1.53873181343 114.39844 64.423702 -1.1690506 121.328353104 61.6682138899 -3.10036770181 7.45764107139 -110.656318835 0 0.01
159 1.53622508049 114.9392 62.935672 -1.1627449 66.6619027716 108.783907217 -2.20369338425 66.5789613934 -59.6419548378 0 0.006
162 1.53960609436 115.58582 61.52951 -1.1720902 30.5336578515 94.8853403912 -2.59659179244 91.3590811426 -81.6179291565 0 0.006
165 1.53278899193 116.16312 60.165609 -1.1710096 115.793311325 60.8132404714 -1.68693086813 0.745778103025 -29.5601112248 0 0.01
168 1.53658795357 116.71267 58.758483 -1.1690165 79.775670555 135.698340594 -2.97195725209 85.3468430269 -103.300895807 0 0.01
171 1.54274201393 117.29804 57.404001 -1.1730259 65.0605679937 105.82636235 -3.0199546972 71.2283550304 -105.821225141 0 0.032
174 1.54162502289 117.3062 57.346669 -1.1782941 67.6690437176 104.077367218 -2.33383803935 68.1733484564 -66.2077907664 0 0.022
177 1.5415019989 117.30973 57.394113 -1.1925087 63.5999036325 108.504386461 -1.866882128 74.1417932187 -38.6387512402 0 0.026
180 1.54099798203 117.3509 57.478875 -1.2542253 63.4222318105 106.272035829 -1.92615900497 72.726018703 -38.4989654075 0 0.026
183 1.53594708443 117.31554 57.561663 -1.3141336 68.6775714092 104.16881713 -2.90320607434 67.3637796205 -91.0471461203 0 0.02
186 1.54399704933 117.31761 57.625945 -1.389572 68.5047941651 102.871247726 -2.83745772664 66.5569561243 -82.957741354 0 0.032
189 1.54777407646 117.34247 57.653648 -1.4539696 64.6637521864 108.440272065 -2.38392328551 73.173277188 -53.2824213225 0 0.042
192 1.53788208961 117.36058 57.739095 -1.5147103 65.8910261383 103.083160326 -2.97235613863 68.5944548413 -83.5169545784 0 0.024
195 1.53555202484 117.34118 57.80351 -1.5718326 68.206451263 103.458129278 -2.97054827856 67.0713487974 -80.1405051202 0 0.02
198 1.60214090347 117.32521 57.826191 -1.6475747 66.9219568766 102.211238418 -3.10107065677 67.1604076795 -83.2791838625 0 0.024
201 1.52435588837 117.28663 57.948056 -1.7072698 65.5663672298 101.799030365 2.48840322361 67.8077689782 -119.60564353 0 0.028
204 1.53897714615 117.37131 58.006137 -1.7818651 65.4641516929 109.44002601 -1.74512115866 73.0739216287 2.1052727617 0 0.03
207 1.5375688076 117.40314 57.989067 -1.8555926 66.6070673779 109.232325314 -1.83686984694 72.1533957378 1.07273473122 0 0.028
210 1.55380010605 117.02719 57.008887 -1.8977403 67.1728568536 101.847760575 2.99996573104 67.0520627347 -79.3821151258 0 0.044
213 1.5419960022 116.38504 55.250118 -1.9095407 61.1582805814 104.384431484 -2.28066894787 73.9200630236 -21.2640822612 0 0.03
216 1.5489051342 115.67443 53.450651 -1.9075572 59.7620455845 105.78115964 -3.01946370773 76.5811782724 -63.7075501063 0 0.058
219 1.54717206955 115.02136 51.574537 -1.9165104 54.0239893237 105.155139783 -2.87878385903 81.1884241999 -55.1342079397 0 0.026
222 1.53491806984 114.35753 49.684701 -1.9233127 64.604684687 98.1112537877 0.0253696204018 69.4296523946 111.651272571 0 0.006
225 1.5351729393 113.59486 47.870819 -1.9110101 50.9935213515 109.977098863 3.0066302767 88.1822975377 -78.2399612519 0 0.01
228 1.54699683189 112.87829 45.986656 -1.9118326 112.130605259 69.5300381054 1.45342824069 23.5552515044 -167.184756868 0 0.008
231 1.53271102905 112.17059 44.128463 -1.9122248 46.2657554777 109.184980633 2.84803823417 92.6056029622 -87.2570187698 0 0.01
234 1.5358850956 111.43202 42.277019 -1.9027456 42.3786709789 109.545518656 3.05387316951 96.4023654121 -76.0066638516 0 0.016
237 1.54883003235 110.82393 40.37458 -1.9174412 30.8871093703 79.6140308833 -1.59276319521 89.0484688134 18.6026793755 0 0.012
240 1.54856514931 110.14399 38.567468 -1.912432 74.4490105208 98.4572041159 -0.18528772018 69.7202413367 98.9580778438 0 0.012
243 1.54269504547 109.42625 36.696167 -1.9074722 68.7457438144 123.752869663 -2.09115210734 96.0925234454 -10.5240834721 0 0.004
246 1.53022813797 108.96452 35.308972 -1.917648 38.0697483311 103.039270776 -2.98560378591 98.0482637395 -61.1893592391 0 0.006
249 1.5303800106 108.91335 35.330429 -1.9171391 86.1437485887 51.0249913051 -2.49310456416 27.654548168 -33.0003902415 0 0.006
252 1.53747200966 108.9585 35.348205 -1.9450374 28.6037938022 11.3595340913 1.0288260769 83.859019432 170.389826074 0 0.006
255 1.53796291351 108.97674 35.368834 -2.0165302 38.7113445119 100.29790582 -2.87605229846 95.6713654677 -49.2469886402 0 0.006
258 1.53671884537 108.99865 35.397074 -2.0803106 25.2995269576 98.6281790893 0.0535437014713 104.898597936 122.26084557 0 0.006
261 1.54806089401 109.05048 35.474836 -2.159245 34.6358080934 94.6791620622 2.15984899567 95.0930892307 -112.534142728 0 0.01
264 1.54114699364 109.09365 35.518169 -2.2238592 78.0396175377 89.0772416012 -0.585917240808 61.9106387471 93.8471613491 0 0.008
267 1.53336215019 109.14301 35.568827 -2.2920109 43.3197732778 95.3372516362 -2.58239354489 88.9098592738 -16.6376999962 0 0.006
270 1.53373289108 109.24021 35.586114 -2.3597618 54.804581718 101.509741628 0.20883838867 85.49363898 147.169950067 0 0.01
273 1.53374814987 109.32691 35.57971 -2.4292889 107.812015493 56.4921107115 -1.82258515694 20.9671984034 34.7615638918 0 0.004
276 1.54625511169 109.34422 35.612178 -2.4970016 34.0084885506 94.4895006976 2.78221058842 95.6138669915 -57.5234224496 0 0.012
279 1.53244495392 109.45255 35.562283 -2.5751384 111.4090964 56.0819100277 0.434887127321 20.612694321 172.461758942 0 0.01
282 1.53395819664 109.51035 35.610832 -2.6455993 123.480689432 60.6513402036 2.65053922242 28.6739853341 -56.5536149488 0 0.006
285 1.5387840271 109.52669 35.619453 -2.7060079 34.4561514376 94.0862671778 2.96919248478 95.1522680767 -34.8349700611 0 0.016
288 1.53776907921 109.56751 35.667144 -2.7779359 37.9803479439 98.4905285557 3.09396538718 95.2444193551 -23.564838527 0 0.004
291 1.53498387337 109.58407 35.725569 -2.8421247 78.9438414193 88.8304513713 -1.6730829704 61.3102939085 66.9811571809 0 0.014
294 1.53400111198 109.62066 35.728072 -2.9074408 31.7912643519 94.6987854278 0.853293639519 97.6471191031 -144.525788746 0 0.016
297 1.53468894958 108.40689 35.538158 -2.9474042 79.5796027684 130.314139837 1.2367916394 99.0631072711 -120.263237746 0 0.01
300 1.54296302795 106.63579 35.154474 -2.9731605 36.0389394361 103.602510967 -1.69521454766 98.3313229554 73.2209095147 0 0.01
303 1.53902006149 104.74277 34.838538 -2.9724974 21.7487833844 36.122227987 0.909152323236 83.0039136085 -137.59785331 0 0.012
306 1.53256082535 102.71686 34.507066 -2.970186 64.592137226 103.89216911 0.964467429549 79.1693565734 -134.56096464 0 0.01
309 1.54280591011 100.87602 34.149296 -2.9774562 31.4379697914 89.1517185204 2.85930203128 88.5827821864 -25.5783873096 0 0.016
312 1.54119205475 98.917573 33.856952 -2.9648121 60.3146337813 104.537585683 -2.53292584048 80.5353269949 24.7452599 0 0.012
315 1.54151201248 96.872255 33.519705 -2.9713846 65.9664594723 106.038777196 -0.624200966019 78.8300959615 134.483715969 0 0.024
318 1.53352880478 94.700759 33.157106 -2.9752463 37.5029226357 94.2865999692 1.61062877077 83.716232104 -97.2487130705 0 0.014
321 1.54186797142 92.656194 32.878926 -2.9695623 115.375064737 28.0730305345 -0.0197883532593 23.2216217951 169.009597666 0 0.004
324 1.53972911835 90.628889 32.525228 -2.9736018 20.78265542 97.3854181233 2.94706614131 95.3170530815 -20.7707150645 0 0.012
327 1.53394699097 88.510396 32.191288 -2.9695852 33.5453502731 99.3883892364 2.15170875375 86.8136318001 -66.5714708041 0 0.01
330 1.53216505051 87.334812 32.006658 -2.9896435 90.5710600229 60.8915978782 2.59852379099 29.065667944 -39.8215990133 0 0.014
333 1.54451799393 87.328365 31.983283 -3.0015998 19.1394259688 87.8585936383 -0.621881527384 88.1577095048 136.347813451 0 0.004
336 1.54361701012 87.328448 32.00285 -3.0442403 124.521693117 116.618244615 2.25995353533 92.428905047 -56.0920795161 0 0.012
339 1.5373711586 87.480424 31.977098 -3.121648 16.3960115051 39.7555709789 1.66488267234 71.5087291289 -85.7519939651 0 0.004
342 1.547134161 87.509332 32.088761 3.0972389 78.5561378225 70.1021930316 -1.08061846761 39.0535619477 120.626405428 0 0.004
345 1.54352116585 87.537767 32.004513 3.0032565 85.7495974801 58.0442543626 1.95480280109 26.1010666537 -60.0719719626 0 0.014
348 1.54407501221 87.588829 31.971963 2.902116 44.7237251741 96.767619412 0.133478795503 77.6910176009 -158.631226821 0 0.01
351 1.53974509239 87.696053 31.883789 2.7788249 77.4717024596 66.7447548948 -0.993696556925 36.3293859994 143.850442396 0 0.008
354 1.54023790359 87.777704 31.698119 2.6376296 36.5054923006 134.710764406 1.61773163973 115.067131737 -58.4358486575 0 0.008
357 1.54681897163 87.896098 31.65995 2.4917922 58.0081769544 92.5588525775 -2.76348300583 67.8377782623 58.8949105264 0 0.014
360 1.54762411118 87.958395 31.594625 2.366513 101.35136986 109.14139738 1.1829678169 78.6948135658 -67.8121438547 0 0.006
363 1.53680801392 87.964094 31.460561 2.2184109 115.375816257 104.634126719 2.59522091998 78.1394473817 21.5896238232 0 0.006
366 1.54206299782 87.708527 31.831987 2.1125682 98.8906819804 88.2672399187 1.3227813115 57.5324114044 -45.2514554257 0 0.016
369 1.53710103035 86.721318 33.612273 2.0920166 68.8118661394 113.905304175 -0.447972470536 82.2661493031 -145.530653751 0 0.004
372 1.54890489578 85.724716 35.405361 2.0873093 73.4885479095 52.5680411051 0.883288299257 21.0779837254 -68.9853217877 0 0.004
375 1.53897809982 84.755772 37.248267 2.0862059 102.045268857 93.875135063 1.78557597367 59.2075070256 -17.2248259742 0 0.01
378 1.54248380661 83.690185 39.149374 2.0868314 36.12552467 21.4021798195 -2.80852426894 50.7677044349 79.5167809541 0 0.006
381 1.54847311974 82.666747 40.97523 2.090975 71.560951163 107.231403749 -0.649737567622 67.1804976239 -157.031262983 0 0.008
384 1.55064892769 81.635815 42.877142 2.0910396 101.670992686 102.015080912 1.67842750064 62.4396041287 -23.6409318694 0 0.014
387 1.53868794441 80.624097 44.699122 2.0805048 47.8677754206 78.5541423509 -1.47489473853 47.1077382855 156.29061196 0 0.008
390 1.54500293732 79.602515 46.546403 2.0762437 40.3215594225 35.1417466603 -1.91538837685 40.9030519315 131.296328627 0 0.004
393 1.53666305542 78.599692 48.40129 2.0808805 113.734535692 34.4387001511 2.97404495792 37.8075542259 51.1745538497 0 0.006
396 1.5883128643 77.532669 50.298142 2.0919608 36.1709528761 90.3240730051 1.21953047482 57.5575078816 -49.986575552 0 0.014
399 1.54491376877 76.53881 52.074716 2.0854653 96.0574942252 84.5359636034 -2.17894682793 37.8775874344 115.667182965 0 0.006
402 1.54611706734 75.533974 53.92833 2.0838411 36.3758391226 91.7724165202 -1.84502484172 54.4567205368 134.892563267 0 0.006
405 1.54617094994 74.451304 55.860797 2.0823704 96.840475135 61.2734150476 -2.26569790971 23.0341359343 110.874036819 0 0.008
408 1.54473185539 73.464188 57.689364 2.0801622 90.8584161925 91.3738990519 -0.187176658634 37.9105140571 -129.908947326 0 0.014
411 1.54236602783 72.461178 59.521835 2.0808323 26.063436139 74.1832593988 -1.73377471526 48.6590979694 141.439117525 0 0.008
414 1.53605818748 71.469371 61.42577 2.0898858 46.4876379297 15.3022772859 -0.218749833518 52.4543951194 -132.275078234 0 0.012
417 1.53739786148 70.386885 63.322712 2.0827703 55.5880843286 99.3659581921 -0.0680736623249 38.9630606777 -123.234281432 0 0.012
420 1.59230613708 69.38246 65.186025 2.0922796 54.5759751631 99.0333074121 0.332569069938 36.9441540695 -100.823986537 0 0.016
423 1.85864782333 68.400253 67.014087 2.0893798 33.5542881729 72.0098209174 -1.5201996543 35.2022530828 153.186331452 0 0.004
426 1.86313199997 67.30799 68.901204 2.089526 25.9214764362 58.1038056311 1.72971717467 42.7718051583 -20.6155271231 0 0.006
429 1.61478900909 66.315197 70.741557 2.0869248 141.847762036 45.6705041252 2.94263908735 79.5847100468 49.0288171344 0 0.006
432 1.55027389526 65.281228 72.464006 2.0745737 36.4199286581 104.258655561 -2.40633195133 42.9403579446 103.263017783 0 0.008
435 1.54730296135 64.283593 74.421326 2.0918621 33.3842292492 16.0764229777 -0.760559344718 66.0219538402 -163.431710175 0 0.004
438 1.5496160984 63.28447 76.191493 2.091939 85.1388696745 131.688911892 2.30823204672 59.6454381227 12.3926787149 0 0.012
441 1.54516005516 62.204887 78.125252 2.0893553 31.1142221532 73.0780768465 0.264794964621 31.49767321 -104.539606684 0 0.004
444 1.72897911072 61.273659 79.948227 2.0960183 73.847757869 31.5842863937 2.72371904578 49.9717791692 35.9646035304 0 0.006
447 1.54924106598 60.19879 81.787566 2.089809 36.2196279751 63.1156835672 1.65752021942 30.3914363761 -24.768322658 0 0.008
450 1.5684299469 59.161438 83.629466 2.0974137 56.4557056135 101.611242817 -2.02453658716 18.184204279 123.829645183 0 0.012
453 1.54157805443 58.11891 85.485673 2.0964985 53.6548411284 97.2599197415 -1.84988517576 12.5920926465 133.88887104 0 0.012
456 1.54057621956 57.036783 87.336936 2.0992423 29.7724620475 73.0997930768 -2.69751816597 30.757754073 85.1658699647 0 0.014
459 1.55288505554 56.357629 88.602308 2.124456 56.4094934453 94.8041328633 -1.85516775497 6.20204172479 131.98435479 0 0.032
462 1.55708599091 56.200217 88.720884 2.2094598 54.1546635264 95.0120215158 -1.46541883286 6.61533825715 149.444964114 0 0.024
465 1.55206298828 56.199637 89.07416 2.3631742 56.0613675596 98.4432065055 -1.782409883 9.3700667479 122.475528428 0 0.018
468 1.55944991112 56.109511 89.161307 2.4869631 43.8062466633 66.2398181643 0.767480472775 26.0147066827 -98.5190974861 0 0.01
471 1.55897188187 56.023191 89.233423 2.608836 42.7213588577 64.4915289347 1.25950685104 28.0909248741 -77.3108654093 0 0.01
474 1.55581116676 54.873312 89.789936 2.6823278 43.8757282183 65.8443396979 1.66345509933 26.3503022999 -58.3771056095 0 0.016
477 1.54229402542 52.997249 90.667048 2.6986067 107.762469607 116.939210793 2.89336056107 60.7408917118 11.1585742833 0 0.008
480 1.54605007172 51.122563 91.609157 2.7018871 32.476308037 76.7263235362 -0.629195720227 23.8575261931 169.143013192 0 0.006
483 1.54153203964 49.137432 92.566213 2.7007601 65.309063973 86.8404270174 -0.97530725956 17.1553579324 149.376855091 0 0.012
486 1.54708695412 47.308569 93.452781 2.7003868 82.4331048269 70.5205520925 1.57581467047 41.9478264004 -64.43323678 0 0.018
489 1.53887200356 45.360782 94.336008 2.7008969 81.6689777615 75.1320148284 1.45606841118 41.0740603446 -71.3234186273 0 0.028
492 1.53705692291 43.468079 95.251019 2.7064338 83.7830924534 76.4201179806 1.60860865886 44.4961025591 -62.9007472309 0 0.03
495 1.55089402199 41.590918 96.131677 2.7064065 80.697869912 77.7876202379 1.64813577212 43.1955797083 -60.63444629 0 0.044
498 1.54188990593 39.606214 97.06058 2.704478 84.007213887 80.0255163057 1.57439551859 47.556725981 -64.7489566866 0 0.042
501 1.53600692749 37.718719 97.944153 2.696243 82.9103413514 82.2587181362 1.51734567041 47.8363418085 -67.5458414645 0 0.028
504 1.54767990112 35.769603 98.891663 2.7044976 82.7606647 81.7496027774 1.31131580565 50.0200970448 -79.8234369105 0 0.032
507 1.54202413559 33.862509 99.822852 2.7013631 82.7744069862 85.1860205075 1.42163930147 51.0549762584 -73.322772598 0 0.036
510 1.53226709366 31.979521 100.73965 2.7066945 84.1972613297 87.8018143614 1.53130744988 53.7966541353 -67.3447172659 0 0.024
513 1.55475616455 30.015598 101.64307 2.7044148 86.9918376336 85.4128351964 0.613278135604 59.2428257645 -119.813305255 0 0.028
516 1.5386068821 28.083667 102.5122 2.7038251 83.0613721564 91.3684158787 1.5778304507 56.0957394889 -64.5147411594 0 0.006
519 1.53750014305 26.231599 103.44351 2.6987262 25.5249293996 96.8911558669 -3.11660860898 6.59035102325 26.8058589901 0 0.008
522 1.54450201988 24.326425 104.3449 2.7056645 78.3622872985 95.8528977821 1.58676940829 54.6990723505 -64.1079664731 0 0.008
525 1.55681991577 23.072168 104.95788 2.6888385 69.3362684916 91.8364453823 -0.854535190711 48.0888660786 156.979642285 0 0.006
528 1.55735397339 23.059574 104.94595 2.6093304 86.5894055026 61.8417086057 -0.728832453384 76.7724893235 168.737357174 0 0.006
531 1.54567193985 23.148655 105.02795 2.4881616 79.0948014887 100.257865185 1.58113027719 56.1491319264 -51.9690666831 0 0.008
534 1.54514193535 23.15609 104.97342 2.3614352 66.5841199888 87.3790762293 -1.49214634051 46.8567468081 139.206041719 0 0.01
537 1.54376506805 23.189116 104.80794 2.2179164 88.7684157141 73.6033517161 -1.31886368537 72.6248640684 157.357428042 0 0.008
540 1.54097986221 23.170444 104.45908 2.0515088 116.821711844 120.742985704 -0.268150345147 95.0564335216 -132.906678926 0 0.004
543 1.54086399078 23.203193 104.36781 1.9241471 34.4643990733 78.2144238243 1.78266845386 28.4748023817 -8.10612931505 0 0.004
546 1.55132985115 23.268475 104.40083 1.8086424 87.2603129781 60.2234527985 1.09159718307 77.7598610095 -41.0836646502 0 0.01
549 1.55297017097 23.269141 104.3114 1.6661585 19.5063965422 37.5381798558 -2.96519615641 66.8791535105 94.6429247592 0 0.004
552 1.54151916504 23.273746 104.22596 1.531085 88.9363069107 69.6629740672 -2.22000060852 74.2035841584 145.078626039 0 0.008
555 1.53893995285 23.201513 103.9692 1.3630267 48.2919904726 91.1275781039 1.99707981835 28.1857998419 36.3285676688 0 0.006
558 1.54245495796 23.573375 105.47089 1.3112874 47.0872461796 126.18833301 1.01477920807 31.3387074194 -16.9886679885 0 0.008
561 1.55343294144 24.091257 107.45193 1.3021436 49.5621466329 90.8743010342 0.622423117769 30.3905248527 -38.9451148804 0 0.008
564 1.5369758606 24.69734 109.54228 1.2971878 91.3970978171 92.7963086893 0.356920740567 68.7697989527 -53.8733341207 0 0.012
567 1.54594087601 25.24514 111.62222 1.291934 63.6088897179 39.7255320821 -0.973441661556 81.4917850215 -129.796464419 0 0.008
570 1.5494890213 25.838263 113.71051 1.2925571 91.8472891355 68.2713001415 2.35624726642 80.13684124 60.9449572456 0 0.006
573 1.54621291161 26.485855 115.66064 1.2984976 44.4739699855 63.9530412764 2.32496261513 54.7471282031 58.812113185 0 0.008
576 1.53218913078 26.666562 116.70228 1.2516028 72.1750348028 81.353418554 -0.422249548365 57.6243273485 -95.9046750894 0 0.006
579 1.54019713402 26.671044 116.66524 1.1445574 21.3857309521 115.137742871 0.572468572374 5.50161626189 -32.7782753296 0 0.01
582 1.54367184639 26.68282 116.71548 1.0360889 52.8567767219 98.5222601499 2.05760689254 31.8758413065 58.528669669 0 0.004
585 1.54976987839 26.598988 116.54426 0.86252405 55.3787835691 99.8038534987 -1.54463701388 33.2944115856 -137.920169568 0 0.008
588 1.53567910194 26.490987 116.49462 0.72378221 78.2756582471 122.568077589 -0.58126063512 52.1396112688 -74.7734471091 0 0.006
591 1.53421401978 26.414554 116.44154 0.58967497 103.533505059 111.776945792 2.90964852733 77.2598929044 132.924693417 0 0.008
594 1.54551815987 26.30131 116.37003 0.43724496 49.7562835658 83.6151689259 0.504121033991 40.2866815332 3.83171679011 0 0.008
597 1.54479312897 26.176025 116.35464 0.31453037 51.6279046815 84.9693855517 0.931157998821 40.4083206296 35.3301606626 0 0.01
600 1.53476190567 26.088883 116.46581 0.14702743 114.496940702 102.684928743 1.75322292437 89.4756802426 92.0282229004 0 0.006
603 1.5448820591 25.977812 116.45377 0.019989929 109.846053725 114.143636762 2.01598941509 83.9000517616 114.362346463 0 0.014
606 1.54118895531 25.890585 116.45549 -0.11586106 51.6694019156 61.607532553 1.76406557985 60.6040084292 107.711862258 0 0.004
609 1.54944300652 27.617035 116.21759 -0.13548047 97.0074871276 40.9301908042 0.762559870041 102.387632672 51.4539213168 0 0.008
612 1.54082584381 29.732468 115.90829 -0.14344069 60.4615393808 96.6374896688 1.37598891942 36.2717462129 87.0569038868 0 0.018
615 1.5398349762 31.744289 115.6014 -0.14068963 62.8195174271 97.8430269216 2.06796206845 35.7914743506 126.546420735 0 0.01
618 1.54032921791 33.87565 115.27561 -0.13567301 62.2364856035 102.012007154 1.81659278059 31.3091066079 111.856590289 0 0.018
621 1.5463988781 35.936054 114.9269 -0.14240112 57.4701701859 105.75203466 1.66701239894 23.4071850918 103.671758029 0 0.018
624 1.54662799835 38.113735 114.67885 -0.14674677 113.173698331 75.3832043559 0.838626237988 84.7239391308 56.4577146038 0 0.006
627 1.54055285454 40.163768 114.30534 -0.14012204 60.3829889784 109.020600871 1.93192020971 20.8984536423 118.719275881 0 0.008
630 1.54494285583 42.346763 113.98058 -0.16006212 54.7022341552 109.37247872 2.21931028762 13.1868216366 136.327996847 0 0.008
633 1.55914092064 44.341947 113.67079 -0.15507802 43.610387463 114.465733962 1.5754433188 1.08033108792 99.1515690704 0 0.01
636 1.54774904251 46.544067 113.30502 -0.15009707 68.1302420492 79.5191291331 -0.0253095651433 40.093009053 7.14979736426 0 0.01
639 1.53819108009 48.557097 112.97025 -0.14631805 50.7817878815 13.1003668268 -2.58629691363 99.8946585887 -139.800490987 0 0.006
642 1.54896593094 50.586062 112.64729 -0.14866611 14.3197889842 55.3898025659 -1.27072526781 67.7765625104 -64.2892541064 0 0.01
645 1.55332589149 52.747394 112.3225 -0.14488479 27.8136163759 64.9694800186 2.83530677088 53.516369159 170.752398579 0 0.006
648 1.53809714317 54.919709 111.95097 -0.14565598 49.5360233671 92.5525356387 1.01827246182 20.1316498743 66.6881873713 0 0.012
651 1.53959298134 56.9199 111.70562 -0.14317608 54.116641095 96.3741667856 0.418029138957 15.5856253694 32.1546904869 0 0.006
654 1.54688501358 58.963864 111.32719 -0.14485493 55.9054159488 91.0806240996 -0.959483076402 20.4762676101 -46.6747546614 0 0.014
657 1.54753708839 61.070196 111.0267 -0.15209978 75.5747152321 59.3407290527 2.66467679799 53.6825918797 161.38940975 0 0.01
660 1.54072213173 63.25691 110.67843 -0.1447313 37.2991059645 122.296784154 -2.91392181322 28.4392992808 -158.662929075 0 0.006
663 1.53990507126 65.338645 110.4192 -0.14848438 31.229226919 137.074400065 3.07639468106 43.2891683025 -175.228040361 0 0.014
666 1.55981016159 67.412523 110.08404 -0.1445869 107.132559174 114.380823819 -2.21720736089 39.9517662294 -118.752404941 0 0.004
669 1.54201078415 69.507235 109.73429 -0.15139682 65.2862597994 111.318254618 -0.0841589359205 4.50838946348 3.85244698115 0 0.03
672 1.53892803192 71.647859 109.39116 -0.14906575 68.0265863417 111.702842875 -0.111610934402 4.29621849764 2.14600285621 0 0.028
675 1.53919887543 73.702975 109.06139 -0.1559357 67.5644176139 111.333798839 -0.072426066885 6.54566487951 4.78474952617 0 0.022
678 1.54452610016 75.754203 108.72815 -0.15045699 73.042340104 112.52332518 0.364470525958 4.66449943859 29.5031734196 0 0.01
681 1.55000114441 77.860742 108.43703 -0.15243836 74.307485058 111.06746669 -0.053873305308 4.42095375177 5.64736164133 0 0.018
684 1.53918290138 79.97813 108.08555 -0.15170568 76.6134228373 107.148545172 -0.0189873862927 3.4927399472 7.60419809361 0 0.028
687 1.53874111176 82.120618 107.73965 -0.14888428 79.8065169211 108.03043126 -0.218565109124 2.33229876835 -3.99241742176 0 0.038
690 1.54581093788 84.192494 107.42985 -0.14593359 80.9344858736 107.009909561 0.0404687312635 3.28496071878 10.6800662998 0 0.03
693 1.55255079269 86.28045 107.15458 -0.15823172 82.235917952 107.546191268 -0.100461068195 4.06344667397 3.31001452813 0 0.042
696 1.54371404648 88.385341 106.75858 -0.15035877 82.2094485764 109.403171006 -0.0585091763151 6.7182965711 5.26259406814 0 0.044
699 1.55352210999 90.512184 106.42958 -0.15443508 85.3495835511 107.405654822 -0.0525336507826 5.25406180519 5.83852182051 0 0.064
702 1.54011511803 92.541412 106.11165 -0.15857271 89.3472483431 108.289107822 -0.0131600723915 3.86574753893 8.33153042283 0 0.068
705 1.54130983353 94.624435 105.7799 -0.14991569 91.8391570467 107.157163916 -0.130805987742 3.10718991535 1.09490528714 0 0.114
708 1.54043102264 96.812614 105.41142 -0.16008539 93.2340250254 105.986463355 -0.099645156658 3.62449636621 3.46297028328 0 0.05
711 1.55062413216 98.833392 105.05687 -0.15857643 93.6173621527 106.637629422 -0.123455322878 5.45029978251 2.0122912099 0 0.062
714 1.5381000042 100.9283 104.72764 -0.15390186 94.0614242199 106.42673119 -0.137544828875 7.07395885275 0.937188848829 0 0.03
717 1.5445189476 103.02648 104.38009 -0.15580909 97.7765628342 106.912101462 -0.067293603889 5.82861152338 5.07156377571 0 0.066
720 1.54842996597 103.56436 104.3046 -0.21764658 97.8136587671 106.411708383 -0.162065961304 6.12457920254 3.18453487403 0 0.062
723 1.55018401146 103.46604 104.39779 -0.32798619 99.25477856 106.886530264 -0.341734199392 4.89168181899 -0.787702914874 0 0.068
726 1.53210306168 103.43166 104.43448 -0.46455789 97.1155588602 104.950246635 -0.589210503839 6.33712465002 -7.14206867825 0 0.04
729 1.55104517937 103.35806 104.51276 -0.60050128 96.720522297 104.663158601 -0.609931075364 6.63924140981 -0.540287476046 0 0.056
732 1.53936481476 103.30537 104.5712 -0.75278089 99.2725046977 107.554883869 -0.762232256599 5.01660960959 -0.541523416756 0 0.018
735 1.53320908546 103.24477 104.73622 -0.88717849 96.9350529062 106.350425121 -0.749288675268 6.51292468682 7.900504422 0 0.032
738 1.54049992561 103.11543 104.83266 -1.0218313 98.8667345756 105.095835734 -1.29120909153 4.25683853063 -15.4342105495 0 0.036
741 1.54079794884 103.3336 104.43355 -1.1359167 97.982625541 102.429584978 -1.11628831948 5.71391314873 1.1246233626 0 0.022
744 1.53877592087 104.18264 102.5184 -1.1499809 100.831918487 104.229155205 -0.884264182063 3.76218261534 15.2244464839 0 0.016
747 1.54125905037 105.02068 100.61649 -1.1544373 102.714596816 101.927084059 -1.03672990305 2.65248495508 6.74413706254 0 0.034
750 1.55373096466 105.97315 98.645528 -1.1675657 104.916591792 101.773956411 -1.14073356452 3.30202658535 1.53736811858 0 0.042
753 1.54154419899 106.66644 96.709247 -1.154133 105.415177167 99.394628396 -1.08089453911 2.96258871914 4.1962547068 0 0.052
756 1.5335111618 107.65453 94.805864 -1.1707179 105.577302237 96.0039082622 -1.09221912119 2.39795438554 4.49764872261 0 0.074
759 1.54052901268 108.36584 92.821603 -1.1639211 108.458228701 98.9027501178 -0.977458166791 6.08184889163 10.6835391085 0 0.028
762 1.54257202148 109.18739 90.932737 -1.1605274 107.304720094 91.7413441806 -1.07527390209 2.04897329094 4.88466561903 0 0.054
765 1.5446460247 110.00551 88.971931 -1.1631703 109.614405395 88.297049293 -1.16326450092 0.780018032373 -0.00539731504471 0 0.042
768 1.5456161499 110.83946 87.051439 -1.1600004 108.678023353 89.0366161906 -1.14055744217 2.93474647235 1.11399942506 0 0.084
771 1.54014515877 111.68317 85.129972 -1.1502451 111.44491621 87.2044465775 -1.17221752349 2.08811150114 -1.25892713184 0 0.08
774 1.53338193893 112.49307 83.177328 -1.1488654 114.641042384 85.4606875622 -1.0619707259 3.13488696015 4.97869808786 0 0.068
777 1.52741289139 113.40329 81.226755 -1.149046 112.500280205 83.8773587077 -1.2058505255 2.80020119 -3.25465956855 0 0.106
780 1.53430104256 114.20236 79.347389 -1.1522317 111.837026708 82.1523879771 -1.0186778528 3.66917168338 7.65207178209 0 0.07
783 1.53948283195 115.10134 77.33273 -1.146946 115.729423114 76.4356562799 -0.899034413545 1.09509344684 14.2042875962 0 0.034
786 1.53690385818 115.87569 75.433999 -1.1405871 119.465084226 78.4949401703 -0.999950211525 4.71732040051 8.05790015345 0 0.048
789 1.54288697243 116.74641 73.521868 -1.1514597 114.795943316 74.8210376074 -1.12821492997 2.34353620677 1.33182721836 0 0.052
792 1.53926992416 117.66191 71.592443 -1.1472421 114.555836009 74.2792004793 -1.13325800629 4.10686758884 0.801229550129 0 0.03
795 1.53829407692 118.47567 69.543126 -1.1411103 116.938045112 70.920485647 -1.06039523481 2.06431826388 4.62463257876 0 0.05
798 1.53118896484 119.32773 67.660396 -1.1493947 129.169470304 71.8531548592 -0.829276601317 10.6976202522 18.3414160003 0 0.02
801 1.55059289932 120.23613 65.736718 -1.1477983 133.096874853 66.5317491984 -0.896566532878 12.8852952154 14.3945199357 0 0.016
804 1.53799414635 121.05504 63.851108 -1.1435448 119.12104722 65.3108930207 -1.04323143943 2.42307663508 5.74753218929 0 0.03
807 1.544039011 121.9387 61.889647 -1.1416966 119.951576353 62.4861014497 -1.18879277903 2.07470920872 -2.69841228968 0 0.03
810 1.54667210579 122.75206 59.947854 -1.134592 122.073418415 63.9507339192 -1.10059482724 4.06000025229 1.94789451453 0 0.032
813 1.54090595245 123.61313 58.017737 -1.1345099 121.783558013 62.0163950589 -1.03906615613 4.39734009687 5.46852370465 0 0.032
816 1.54517412186 124.50226 56.14403 -1.1250591 121.165461693 57.635262485 -1.11176950346 3.65485940448 0.761437793005 0 0.028
819 1.54507803917 125.37031 54.195354 -1.1346431 124.771798982 57.8621474632 -1.06193528146 3.71531825558 4.16585114004 0 0.046
822 1.53824400902 126.19009 52.293812 -1.120627 121.994343487 57.5355242545 -1.0170155969 6.71415193186 5.93649610729 0 0.018
825 1.54363107681 127.09539 50.434417 -1.1252352 125.414679946 54.8038424379 -1.09227561459 4.68152378419 1.88844513843 0 0.046
828 1.53881192207 127.94916 48.435924 -1.125081 126.034378782 50.2446668299 -0.980299774978 2.63399653334 8.29535314649 0 0.046
831 1.54361987114 128.83417 46.49897 -1.1135569 126.243116723 51.1058885211 -1.18622715292 5.28557048439 -4.16369878869 0 0.054
834 1.53388690948 129.69028 44.561049 -1.1141866 127.668631228 48.7870889398 -1.11314814466 4.68470674965 0.059499108479 0 0.068
837 1.5317029953 130.6504 42.689185 -1.1179531 124.878494475 45.1486523758 -1.06749849274 6.27406352849 2.89083605299 0 0.034
840 1.54373407364 131.56218 40.752166 -1.1133477 128.480677907 46.8578432875 -1.12165121376 6.83922146809 -0.475756293569 0 0.032
843 1.5292289257 131.80181 39.159633 -1.0655485 126.197516725 43.3354772182 -1.13746454336 6.98897546486 -4.12048576362 0 0.05
846 1.54015994072 89.526265 39.287264 -0.26055386 133.824557027 42.2852574223 -1.0878425368 44.3996243352 -47.4001496196 0 0.032
849 1.54163002968 49.129117 22.860079 0.57174269 134.590336382 41.765855974 -1.0813320751 87.5274152554 -94.7142072598 0 0.026
852 1.53376102448 45.693587 19.436118 1.0035584 28.8797533555 94.8180087464 -0.823959418469 77.2342828952 -104.709057983 0 0.01
855 1.53951501846 46.841947 21.209275 1.0214136 64.6476013819 103.654065318 -0.813229262389 84.3456269081 -105.117292929 0 0.02
858 1.53527808189 48.00008 22.972907 1.0079248 36.1961851835 84.4217889728 -1.35616367093 62.5723343703 -135.45229178 0 0.018
861 1.54059886932 49.170996 24.731115 1.014741 38.9218368469 88.5261167625 1.48525820915 64.6130599277 26.9586502723 0 0.022
864 1.54393577576 50.349541 26.532036 1.0144485 62.9673459063 103.782415139 -2.10217464237 78.2740702769 -178.56935239 0 0.012
867 1.54321599007 51.518278 28.351001 1.0069992 60.9338719812 100.914064264 -1.11515400876 73.1713848455 -121.590422342 0 0.016
870 1.54196977615 52.642563 30.101924 1.0170679 57.3220154981 104.075468845 -3.07650628038 74.1214045511 125.45547634 0 0.022
873 1.53844189644 53.80357 31.912095 1.0183648 55.3729294364 103.052204873 -2.79289662593 71.1574178973 141.630805673 0 0.014
876 1.54617786407 54.946688 33.671099 1.0064723 120.453569139 55.0613456947 1.36869805059 68.9107693337 20.7540067396 0 0.008
879 1.54658102989 56.161659 35.476636 1.0152563 22.3061843792 75.6353310622 -3.08311852617 52.5253648335 125.180419598 0 0.018
882 1.53666210175 57.333476 37.252395 1.017552 27.0101896616 61.8186973684 -2.1338574285 39.0256954636 179.437540229 0 0.008
885 1.54675889015 58.434052 39.044555 1.0099164 15.5562622908 74.2293722792 -3.08687116904 55.4659915383 125.271362732 0 0.012
888 1.55238699913 59.558673 40.733157 1.0155176 78.4145874225 85.3966107566 -0.184083771648 48.4806106622 -68.7320956936 0 0.01
891 1.53874182701 60.829575 42.673596 1.0256616 81.5081370259 115.986843642 0.710557276195 76.1737173003 -18.0541478603 0 0.004
894 1.54376888275 61.938983 44.298725 1.0235902 36.6183799102 5.74752667026 -2.34823743734 46.1229642747 166.808507135 0 0.004
897 1.54574298859 63.08776 46.123861 1.0214801 34.0217230087 9.55198131371 -2.43815701725 46.7154887609 161.777394535 0 0.004
900 1.53883910179 64.233274 47.872937 1.026201 87.2180560694 44.2440326444 0.472702469461 23.2694897581 -31.7131297666 0 0.006
903 1.54859304428 65.367062 49.701179 1.0288308 128.834996876 22.2358486066 -0.248278777842 69.1557888466 -73.1729887861 0 0.004
906 1.53809690475 66.47055 51.411163 1.0247772 3.22465917718 108.70487433 1.64298152533 85.338221589 35.4204987184 0 0.004
909 1.54571008682 67.601685 53.206336 1.0345375 93.755164013 86.803751298 -0.323132063075 42.5768808063 -77.7887359376 0 0.006
912 1.55077314377 68.713633 54.989386 1.0321621 59.3185789137 80.5068612666 2.10813556684 27.1920684256 61.6487385179 0 0.006
915 1.54045510292 69.889939 56.860516 1.0335194 132.643383786 36.6638474005 1.61937085804 65.9234423789 33.5668159674 0 0.004
918 1.53740596771 70.97178 58.665246 1.0279054 141.966371585 31.8440563564 -0.321191498202 75.8920829084 -77.2975584211 0 0.01
921 1.54731106758 72.083269 60.388926 1.0348295 132.767119033 57.3921825643 -0.258516651565 60.7577988911 -74.1032759342 0 0.006
924 1.54013204575 73.21006 62.180545 1.0389104 63.5239103247 75.2213965666 1.50260618976 16.2445469347 26.567811731 0 0.006
927 1.54977798462 74.211219 63.966291 1.0279221 93.0569278547 61.946373563 -0.0707961238401 18.9536489544 -62.9519171001 0 0.004
930 1.54352688789 75.394113 65.876292 1.0355825 65.97013204 70.6880247883 1.11998460879 10.5813132248 4.83588461575 0 0.006
933 1.5458278656 76.475569 67.55587 1.0353462 93.2850144927 135.18094081 -2.72833376521 69.6829079463 144.357022556 0 0.008
936 1.5428841114 77.652303 69.425792 1.0395167 41.1249491252 25.8326915565 3.11131205921 56.873596575 118.705130097 0 0.004
939 1.54895186424 78.72098 71.209083 1.0347632 91.7454012089 116.230461169 -1.29103254081 46.8674731561 -133.258279958 0 0.004
942 1.54341697693 79.923618 73.070281 1.0406815 27.6683420493 123.578781077 -3.09045492627 72.6754597142 123.303318182 0 0.004
945 1.54921507835 80.886825 74.813727 1.0240856 71.7414920617 99.7444559731 -1.51449256237 26.5551946271 -145.449814668 0 0.004
948 1.53837299347 82.003807 76.66259 1.0354781 77.8876668495 79.0265576888 1.20685616248 4.74667809868 9.81923968103 0 0.008
951 1.53922605515 83.149971 78.458347 1.0359732 39.7837073293 102.442176709 -2.08782842559 49.5566031149 -178.980649182 0 0.004
954 1.54731202126 84.209192 80.07724 1.046865 82.2215173546 80.1741680955 1.0373478159 1.99003657039 -0.545294481756 0 0.016
957 1.54554700851 84.421821 80.346791 1.1291589 37.7973566333 82.4597054061 -2.06018782362 46.6723160425 177.263893333 0 0.01
960 1.55625295639 84.549549 80.462185 1.2384433 36.2061281578 87.9169317029 2.46479403978 48.9148197087 70.2647215922 0 0.012
963 1.54077887535 84.477315 80.645515 1.377415 81.015608214 80.1487943682 1.31427680762 3.49716245809 -3.61755194934 0 0.02
966 1.53836607933 84.491575 80.745704 1.5042297 58.4367652142 106.71586966 -0.390083331595 36.7872616188 -108.536141787 0 0.016
969 1.5555870533 84.58151 81.604236 1.6242617 58.7765169518 95.7916629274 2.2260485794 29.4479328483 34.4798483561 0 0.01
972 1.54031395912 84.52138 83.606555 1.6450761 60.6996208346 99.2486759931 3.12818749361 28.4982834377 84.9760234017 0 0.01
975 1.54748487473 84.450105 85.633891 1.6510189 81.1109549167 86.4001583801 1.76671607181 3.4259435163 6.62895964644 0 0.028
978 1.5386390686 84.288283 87.799076 1.6553182 37.4723944483 95.0877040622 -1.23754238889 47.3798640766 -165.748702463 0 0.014
981 1.54170298576 84.219899 89.940013 1.6574582 81.0316929263 91.0200525656 2.62106106715 3.36617638156 55.2103774142 0 0.028
984 1.53767514229 84.085061 91.960688 1.6559816 79.0556307885 93.642379744 1.40988705309 5.30313637144 -14.1001788991 0 0.016
987 1.54391694069 83.972707 94.061302 1.6546883 42.5351806877 90.6860772335 -1.11206635816 41.5747607222 -158.523364861 0 0.014
990 1.53827190399 83.850194 96.236204 1.650278 75.4933688208 10.6550544431 -0.998156003702 85.9881950419 -151.744090731 0 0.008
993 1.54409193993 83.742141 98.372522 1.653672 41.4549700893 79.8929116116 -1.33742286653 46.1486817118 -171.377111976 0 0.014
996 1.56284499168 83.558608 100.37046 1.6603574 45.1106273252 86.2170731528 0.354670542831 40.9703011609 -74.8103462815 0 0.004
999 1.54775810242 83.448658 102.54165 1.6520527 99.4069679025 50.3124365761 -1.54144273406 54.6128042662 177.026189734 0 0.006
1002 1.54616594315 83.308795 104.69204 1.6576029 80.5082628 106.672756952 1.39595699886 3.43019245018 -14.9912058621 0 0.02
1005 1.54448318481 83.194681 106.76107 1.661421 55.8220475674 115.489096057 2.70589856486 28.7304629251 59.8441562623 0 0.01
1008 1.5405921936 83.066158 108.84686 1.6653468 80.0148359512 110.944481307 1.39541323338 3.70278022497 -15.4660541162 0 0.012
1011 1.54480195045 82.920912 111.09751 1.6564676 77.275604166 113.24104517 1.63642422272 6.03856303814 -1.14840092512 0 0.016
1014 1.54816913605 82.798446 113.12029 1.6519674 78.4382568757 112.177252371 1.95732618598 4.46100539896 17.4957696739 0 0.028
1017 1.54898023605 82.725101 115.25424 1.6521864 76.9389423192 116.230790705 1.63514178289 5.86798803332 -0.976584623965 0 0.014
1020 1.54981398582 82.605874 115.888 1.7134215 78.7765579207 116.79360945 1.70072501377 3.9349447406 -0.727455075422 0 0.034
1023 1.55430793762 82.650086 115.98425 1.8265292 50.890724087 82.6238193363 -2.25878285717 46.0605623412 125.92886113 0 0.006
1026 1.54428577423 82.697137 116.16336 1.9516157 77.4417694339 113.855792141 2.10638302411 5.73966529308 8.86751447798 0 0.006
1029 1.54521298409 82.611261 116.28116 2.0730733 78.3384056798 111.630949323 2.45177048032 6.31520007009 21.6977501461 0 0.018
1032 1.53877091408 82.517518 116.45008 2.1971216 94.7743679103 10.0950084591 -1.09921187507 107.059009953 171.134004011 0 0.004
1035 1.54281616211 82.418538 116.4581 2.3123831 95.369086814 122.289531691 -1.42597619553 14.2028979491 145.807790063 0 0.004
1038 1.53739619255 82.414024 116.83182 2.4679277 75.4563184688 114.145223414 2.59850762901 7.45838236313 7.48167882148 0 0.022
1041 1.54974389076 82.282962 116.94587 2.5874118 62.6489112169 87.0055448505 0.915076811859 35.8038967182 -95.8177367525 0 0.006
1044 1.52892589569 82.208722 116.96752 2.707272 102.952103221 109.747173364 1.73994612135 21.964090466 -55.4236902607 0 0.008
1047 1.53554391861 82.043289 117.20312 2.8493508 78.6177879518 119.148509993 3.05220828787 3.93936538721 11.6228778975 0 0.008
1050 1.54596614838 81.832352 117.28824 2.9891727 57.2758248817 94.7565314602 -2.72527295367 33.3271798062 32.5863817881 0 0.004
1053 1.54292011261 81.142386 117.29523 3.0875315 76.407298327 115.887080809 3.13010988174 4.94003435359 2.43956157236 0 0.01
1056 1.5449450016 79.131234 117.37152 3.1037602 76.3500540596 117.352954745 -2.94458387282 2.78124190415 13.4554115842 0 0.024
1059 1.53995919228 77.094643 117.50841 3.1079346 74.0828508595 114.792871872 -3.02813708667 4.05524835529 8.42898956437 0 0.02
1062 1.53758597374 74.899205 117.59033 3.115912 70.1251712762 117.860923525 3.1128420543 4.7816962317 -0.175894931767 0 0.024
1065 1.53821492195 72.824078 117.69503 3.116944 71.1683354973 115.862733971 3.03864964812 2.46957323704 -4.48593592268 0 0.022
1068 1.53991293907 70.711208 117.83017 3.1174699 96.8536179494 46.5257263882 1.14990030574 75.9456995277 -112.733433649 0 0.018
1071 1.54158902168 68.550781 117.88294 3.1169773 105.881837952 90.0437907321 -2.8314045929 46.5685091569 19.1828226047 0 0.014
1074 1.54243707657 66.454241 117.99143 3.11617 62.3925598848 117.502265843 -3.11953750436 4.09103105029 2.7202777221 0 0.024
1077 1.54245996475 64.352032 118.06903 3.1139299 59.0145237266 115.877520053 -3.12050426073 5.76989691569 2.79323493816 0 0.02
1080 1.54108595848 62.204954 118.16997 3.1178991 58.2195795804 117.636179708 -3.10085788091 4.02096273796 3.6914711763 0 0.026
1083 1.53712511063 60.134729 118.2293 3.1166836 57.7171043786 118.441822873 3.04569961103 2.42694762642 -4.06708298096 0 0.028
1086 1.53850293159 58.034017 118.36643 3.1239361 53.690856545 116.56472487 -3.12247074895 4.70204042008 2.10725043342 0 0.06
1089 1.54217600822 55.858025 118.47896 3.1251128 52.7013804687 116.920256581 3.12879006486 3.52050579382 0.210691756848 0 0.052
1092 1.5437040329 53.766425 118.55 3.1243401 49.2930498897 115.959668588 -3.09997871805 5.16922641207 3.37280138202 0 0.104
1095 1.53896689415 51.628528 118.603 3.1187628 47.9190093843 117.9024384 3.12622473141 3.77509137834 0.427537176774 0 0.138
1098 1.54808521271 49.494235 118.64783 3.1200968 47.6459613985 117.783345391 -3.12786769583 2.04045312248 2.01800384114 0 0.134
1101 1.54338884354 47.379245 118.80828 3.1260538 45.7208102301 116.474396702 3.08191185494 2.86311318908 -2.52914715161 0 0.134
1104 1.54333400726 45.313934 118.87713 3.1250737 45.3924215837 117.394453042 3.08771998566 1.48475293015 -2.14021018088 0 0.084
1107 1.54414820671 43.229975 118.9845 3.131291 46.1112622058 117.601436029 -3.10678238674 3.19604160031 2.58472264685 0 0.056
1110 1.54528594017 41.038059 119.03542 3.1300111 40.1018999449 117.818866469 -3.05327760385 1.53505578732 5.72365375835 0 0.07
1113 1.55086112022 38.877743 119.09254 3.1262084 35.8225087207 119.052312079 3.03769433944 3.05549910605 -5.07148209742 0 0.08
1116 1.54889178276 36.866989 119.17866 3.1252668 33.6936738361 117.870332984 3.04714375655 3.43244063449 -4.47612067245 0 0.09
1119 1.54498386383 34.67231 119.25843 3.1314701 31.699190695 119.550759336 3.04350551449 2.9874562495 -5.03999949606 0 0.078
1122 1.53688406944 32.567479 119.34722 3.1353596 30.4129768006 118.652407537 3.02648316384 2.26376767487 -6.23816028026 0 0.084
1125 1.54282593727 30.502201 119.36971 3.1349527 28.2256114002 116.7037079 3.12054147036 3.50577058657 -0.825702636181 0 0.022
1128 1.544932127 29.15421 119.31018 -3.13185 27.2345423408 116.772074233 3.11972458309 3.18231123645 -1.81116107742 0 0.034
1131 1.55626296997 28.938717 119.39146 -3.028318 27.6477496297 116.00546512 -2.98004996395 3.62374917441 2.76555475086 0 0.016
1134 1.55572485924 28.80706 119.32785 -2.9089456 27.6831068832 117.506421769 -2.93131291243 2.14029703766 -1.2815526013 0 0.024
1137 1.54653787613 28.607415 119.34948 -2.7753086 33.726704824 120.201376498 -2.9451391062 5.18968746122 -9.73057123785 0 0.03
1140 1.5557911396 28.309413 119.3977 -2.6319404 32.8654658158 122.046767522 -2.72804616165 5.27021593437 -5.50645452946 0 0.018
1143 1.54256892204 28.176965 119.31562 -2.5155106 56.9526202232 95.3877362322 -1.54740672793 37.4243497623 55.4682659997 0 0.012
1146 1.53565001488 28.13257 119.1422 -2.3876282 29.6458279348 73.6077102859 -2.46357718354 45.5596279956 -4.35155621534 0 0.02
1149 1.5497200489 28.071656 119.10664 -2.2643471 29.647403447 71.7299808887 -2.29737773868 47.4028565444 -1.89251619097 0 0.02
1152 1.54125595093 27.847582 119.05477 -2.1225081 30.3618876007 74.9635155873 -2.28481489407 44.1628854168 -9.29949428659 0 0.02
1155 1.55914998055 27.651134 118.95518 -2.0012288 30.9819105666 71.2069548816 -2.84417280418 47.8642567527 -48.2971338054 0 0.02
1158 1.54345798492 27.585975 118.8068 -1.8653126 31.7418096885 75.0380175972 -1.96224175845 43.9656374341 -5.55363169087 0 0.014
1161 1.54611301422 27.545652 118.66047 -1.7395281 42.1310542233 141.410465765 -2.18510390196 27.023994252 -25.5296129052 0 0.018
1164 1.5518989563 27.426878 118.54472 -1.6078392 30.1799641828 72.8887904107 -1.50092148312 45.7388608318 6.12593393241 0 0.022
1167 1.5576300621 27.408113 118.27266 -1.4907581 46.0264507436 95.9393110629 0.432874527022 29.0761237973 110.216030862 0 0.03
1170 1.54559612274 27.619078 117.43976 -1.368489 48.1167929801 93.5163295299 0.446649739141 31.5037592179 103.999788983 0 0.02
1173 1.53491997719 28.00462 115.50954 -1.3464267 50.1017377807 96.9726198291 0.42336227752 28.8426771233 101.401439041 0 0.026
1176 1.53267812729 28.352772 113.43776 -1.3439724 98.8998174128 108.160480045 -2.31058625607 70.7441538235 -55.3828943718 0 0.016
1179 1.54454493523 28.777386 111.37552 -1.3470791 94.9901514887 112.704310188 2.99156355187 66.2260975524 -111.414087232 0 0.01
1182 1.54825592041 29.292879 109.18718 -1.3487141 39.8273137543 131.578170534 -1.71211427667 24.7453181972 -20.8212963977 0 0.012
1185 1.55131196976 29.664866 107.14961 -1.3582731 107.654068344 10.3872162372 -2.08793080412 124.279026907 -41.806306935 0 0.01
1188 1.54594111443 30.155372 105.1583 -1.3627181 20.7653795962 79.9219712726 1.8540968925 26.9266456318 -175.690077455 0 0.018
1191 1.55036211014 30.584999 103.08809 -1.3538609 98.5565009213 117.223519348 2.12648675291 69.4257548485 -160.59076825 0 0.01
1194 1.54979991913 30.932942 101.04272 -1.3388863 37.6339449294 74.027255638 1.74381171828 27.8341293191 176.625585961 0 0.014
1197 1.55147314072 31.46397 98.886394 -1.3633561 53.2632170453 118.324188118 0.6372205087 29.2067631193 114.624596271 0 0.004
1200 1.5398709774 31.761459 96.890841 -1.3338862 35.9640531211 80.5979540668 2.18793808688 16.8261689629 -158.214332175 0 0.01
1203 1.56205391884 32.148779 94.808879 -1.340085 133.839162545 8.41589125399 -0.702582290375 133.434187662 36.5262146897 0 0.004
1206 1.54565811157 32.63242 92.742465 -1.3409888 11.5724018683 141.511093124 -3.00840314979 53.1215912112 -95.5358049423 0 0.008
1209 1.53897094727 33.223163 90.635151 -1.3443959 19.9912845549 121.57504853 -2.54043672582 33.6505552159 -68.528091445 0 0.006
1212 1.53997612 33.480467 88.544154 -1.3400822 77.2971340787 17.1470456526 -2.27537555943 83.7702058864 -53.5883621021 0 0.008
1215 1.57066702843 33.996344 86.523674 -1.3537744 119.625919334 70.2060213953 -0.406980235935 87.1704649429 54.2473096686 0 0.008
1218 1.71272611618 34.391099 84.502242 -1.3500462 14.2711983 116.764425352 -2.39738943062 38.0218210873 -60.0083468159 0 0.014
1221 1.55371809006 34.871654 82.311763 -1.3462417 118.310448798 42.9520013848 -1.33094389064 92.2562914482 0.876499912361 0 0.008
1224 1.54187107086 35.319079 80.358924 -1.358939 34.0210887985 79.0425123971 -1.35040511289 1.84870713511 0.488955714248 0 0.008
1227 1.58325695992 35.776446 78.250756 -1.3606991 32.9686935404 77.5545991577 -1.17761775332 2.89276826307 10.4897884723 0 0.01
1230 1.54273700714 36.167733 76.160289 -1.3496683 134.492339214 17.6227632665 1.42402941952 114.430634474 158.921172974 0 0.006
1233 1.54725408554 36.593873 74.026216 -1.3452321 73.2802294911 140.19493767 1.00161344432 75.6583668867 134.464344859 0 0.008
1236 1.55238890648 37.096668 72.068535 -1.358637 10.3092937417 73.3632644426 -2.5889073417 26.8186454539 -70.4892982394 0 0.008
1239 1.54061508179 37.456761 70.030489 -1.3570922 33.9528549374 68.9793177817 -1.1493353431 3.65818515465 11.9035910655 0 0.01
1242 1.53621196747 37.942935 67.912468 -1.3598503 36.2599867868 68.0780041448 -1.2317363039 1.69106975127 7.34039127285 0 0.018
1245 1.53533482552 38.381728 65.750541 -1.3597279 38.8854904046 65.7219978987 -1.5955854576 0.504570380503 -13.5136426169 0 0.012
1248 1.53888702393 38.78715 63.709446 -1.3638712 37.4953248641 59.8841863591 -1.21738588851 4.03750213647 8.39299010929 0 0.01
1251 1.54420804977 39.284372 61.704874 -1.358189 36.3049579667 60.6585121719 -1.15007303029 3.15781270143 11.9241667135 0 0.012
1254 1.53845715523 39.616785 59.610797 -1.3616912 40.076242919 59.8558435805 -1.29277889347 0.520720084061 3.94838432088 0 0.024
1257 1.54220414162 40.0981 57.483375 -1.3627524 37.2355944695 59.8459127698 -1.25955767428 3.71153911818 5.91262225155 0 0.018
1260 1.52910900116 40.478176 55.366289 -1.371191 36.3986766608 84.2928093674 1.3898766179 29.2127693898 158.197521456 0 0.012
1263 1.54003190994 40.927924 53.368372 -1.3697355 40.8233973553 53.8595494864 -1.346409468 0.502176405875 1.33648318651 0 0.04
1266 1.54656600952 41.311773 51.24524 -1.3687118 47.520272367 71.8729305627 -1.29201269358 21.5417520722 4.39453509051 0 0.028
1269 1.54560804367 41.752813 49.127024 -1.3690442 39.8141398817 50.3739067247 -1.2670667947 2.30503145068 5.84287492944 0 0.028
1272 1.54220199585 42.124468 46.999249 -1.3746445 42.0810819107 48.0682609748 -1.33159371599 1.06989202961 2.46662822844 0 0.046
1275 1.54777193069 42.489069 45.000812 -1.3756167 42.1172842366 47.6270263989 -1.25006878615 2.65240004135 7.19336559029 0 0.036
1278 1.53597307205 42.919623 42.847052 -1.3693623 42.7111754818 42.7109037682 -1.41877372083 0.248971301301 -2.83106587305 0 0.054
1281 1.54380106926 43.26925 40.76156 -1.3849404 41.344366776 42.610769848 -1.31457288382 2.66922319935 4.03176169211 0 0.044
1284 1.54588603973 43.723057 38.666685 -1.382086 43.0522829452 40.4154436255 -1.29137564488 1.87299080695 5.19732050641 0 0.05
1287 1.54580211639 44.069109 36.638541 -1.3748634 45.5363643893 38.0030814112 -1.32698506862 2.00369880747 2.74322631831 0 0.042
1290 1.54260087013 44.48264 34.512889 -1.372972 43.8523026921 37.0583659479 -1.33884851051 2.62236115251 1.95513192982 0 0.034
1293 1.55348277092 44.660959 33.544964 -1.3339999 45.3508265683 35.7235642193 -1.31627079956 2.28521687752 1.01580262984 0 0.064
1296 1.52866101265 44.654294 33.324157 -1.2074321 43.2707577925 33.9102883439 -1.14263023602 1.50257192504 3.71287331046 0 0.06
1299 1.53856086731 44.699557 33.107025 -1.0711259 44.2934167603 34.1888787786 -1.20393296026 1.15557669267 -7.60928404243 0 0.076
1302 1.53351092339 44.829945 32.953901 -0.95914547 43.4513078752 33.8013831315 -0.8088168428 1.61829116203 8.61319587853 0 0.048
1305 1.54440307617 44.914184 32.826307 -0.82117543 43.7555672702 34.3027368485 -0.679354741066 1.87676259126 8.12572692357 0 0.056
1308 1.53891801834 44.932468 32.690373 -0.70238554 45.5634529479 32.8388613078 -1.14789196856 0.648221244712 -25.5256381026 0 0.04
1311 1.55011701584 45.019913 32.619075 -0.56167342 42.5124721571 32.6569906256 -0.687488352706 2.50772749223 -7.20866464375 0 0.046
1314 1.53831791878 45.164806 32.47066 -0.44585332 41.9232330727 33.8038355314 -0.586344026526 3.50501812268 -8.04952454478 0 0.028
1317 1.54253792763 45.307079 32.373178 -0.30795343 41.6323088344 31.6783115815 0.0213417650517 3.73988971887 18.8672248904 0 0.042
1320 1.54762220383 45.468859 32.25314 -0.19105128 39.6498792192 32.3981568211 -0.235393499017 5.82078650766 -2.54062200394 0 0.032
1323 1.53518605232 46.833289 32.057508 -0.10389315 45.5026872566 32.9295495077 -0.0731354707666 1.59089829684 1.76228520769 0 0.046
1326 1.54240608215 48.863767 31.868312 -0.084237935 45.8205375002 30.6380730678 -0.0413361309113 3.28248893654 2.45809230778 0 0.026
1329 1.53894400597 51.033972 31.691587 -0.08198003 48.0870429263 31.9026304778 0.247919171049 2.9544763182 18.9018318848 0 0.04
1332 1.54649877548 53.111195 31.42619 -0.084122232 51.78690476 35.4810046491 0.00706176151192 4.26559098816 5.22445798738 0 0.04
1335 1.5390059948 55.206155 31.249451 -0.082409142 54.3075834158 34.7624361928 0.0445111753482 3.62608547292 7.27199851851 0 0.034
1338 1.54502916336 57.287235 31.07162 -0.080297126 54.96716469 32.1978917614 -0.102458583269 2.57899482821 -1.26975796937 0 0.044
1341 1.53935599327 59.516372 30.847745 -0.092608556 59.7344338337 32.7016772235 0.0480220706518 1.86671252549 8.05754137743 0 0.056
1344 1.52602791786 61.567611 30.670937 -0.091677002 59.4979088331 33.5070715285 0.0444308208813 3.51102921141 7.79840380981 0 0.05
1347 1.53465414047 63.68279 30.502969 -0.089332225 64.0030770931 32.204978374 -0.0709835880225 1.7318832903 1.05129945863 0 0.056
1350 1.54377412796 65.773678 30.270465 -0.081918863 67.1287348083 31.8333054359 -0.0390200784211 2.06848958943 2.45791930261 0 0.056
1353 1.55322217941 67.870787 30.052005 -0.080757136 66.8067997029 31.727930217 -0.0616767764095 1.98514339568 1.09322407613 0 0.072
1356 1.53955888748 69.978421 29.855203 -0.080851998 69.0781821098 32.8472982065 -0.109594465633 3.1245901786 -1.64682208817 0 0.106
1359 1.55308198929 72.04312 29.748383 -0.089661546 72.6993285135 29.2374156128 -0.144798775241 0.831683403703 -3.15913052955 0 0.09
1362 1.54697918892 74.192216 29.503442 -0.097083695 72.6658534488 30.1659469107 -0.0244190054738 1.66393972077 4.16338002948 0 0.084
1365 1.7244977951 76.337484 29.313327 -0.092202589 75.8152164068 30.4333586988 -0.103694264794 1.2358132728 -0.658424522541 0 0.108
1368 1.54590892792 78.469083 29.072242 -0.088851811 77.1531414146 30.4638112348 -0.0954286854496 1.91524598719 -0.37682714835 0 0.092
1371 1.55410313606 80.508884 28.860474 -0.08148585 79.5401829482 31.0182748299 -0.136247300672 2.36526661275 -3.13760000353 0 0.112
1374 1.53325104713 82.648681 28.706332 -0.092016755 80.8886432353 29.6032406501 -0.0765521196722 1.97539314059 0.88605833599 0 0.124
1377 1.54423308372 84.803463 28.469695 -0.089914919 83.6390617598 31.0705998836 -0.0537305381836 2.84965549878 2.07321230507 0 0.134
1380 1.53926801682 86.909059 28.274418 -0.095059786 84.8737270902 31.7008399152 -0.107331673989 3.98534102981 -0.703127388408 0 0.11
1383 1.54238295555 88.999768 28.069648 -0.093100738 86.5976439109 30.8661175275 -0.0489448328135 3.68652166106 2.52994700777 0 0.158
1386 1.53985619545 91.148907 27.8824 -0.087682683 89.7514454039 30.9584183229 -0.0880388334222 3.37857775338 -0.020405916064 0 0.176
1389 1.54489302635 93.191686 27.680334 -0.085944106 89.9766384279 29.8401465827 -0.0286457935286 3.87315391934 3.28295147783 0 0.144
1392 1.53566288948 94.597595 27.536443 -0.026113958 93.2869408218 30.5152204235 -0.0491953003897 3.25437080146 -1.32246350443 0 0.186
1395 1.55051803589 66.734672 23.138609 0.64678418 94.5046153124 30.4684911612 -0.00435069946849 28.721018855 -37.3072804873 0 0.178
1398 1.54135394096 41.954155 8.6979942 1.5862633 97.0527813345 32.132244527 0.00515514813677 59.8750591844 -90.5908240555 0 0.156
1401 1.55032610893 40.498777 7.6026468 1.6671323 101.17544335 32.424081689 0.088239787143 65.5573143848 -90.4638772915 0 0.09
1404 1.53236579895 40.36551 9.5759073 1.6613912 99.3018963378 30.6694230905 0.0195039790018 62.5973964551 -94.0732081997 0 0.148
1407 1.54082393646 40.15753 11.693798 1.6450717 101.981777205 29.8201853509 0.0506199444227 64.4267293976 -91.3553562318 0 0.136
1410 1.54864311218 40.017928 13.779826 1.6578436 103.008199805 30.1663717338 0.0119169241363 65.0868129742 -94.304651915 0 0.116
1413 1.54673790932 39.937066 15.922073 1.6651068 104.774965724 31.0628094043 0.0264388162918 66.5822434248 -93.8887594897 0 0.104
1416 1.54619693756 39.75755 17.953862 1.6630734 106.448408724 29.8515198736 0.0742047746054 67.7438181695 -91.0354664359 0 0.084
1419 1.52649092674 39.645384 20.177858 1.663423 109.990368104 31.2272513551 0.020245956642 71.2074847341 -94.1471095772 0 0.066
1422 1.53086709976 39.526919 22.292671 1.6684735 110.628893047 32.6890020304 0.0898187151969 71.858015644 -90.4502564774 0 0.06
1425 1.54401993752 39.303781 24.413998 1.6572417 111.065637113 34.2279009311 0.0255425146716 72.429805215 -93.4894767543 0 0.032
1428 1.53881406784 39.21094 26.55624 1.6661167 115.43123339 35.2168189199 0.0842214022291 76.7107473021 -90.6359241939 0 0.038
1431 1.53702902794 39.049874 28.673026 1.6660737 116.901262949 35.2032024279 0.134456849035 78.124784579 -87.7551813914 0 0.052
1434 1.52491402626 38.816051 30.701859 1.6598041 119.002595218 32.1621805545 0.178834502301 80.1998404781 -84.8533075354 0 0.024
1437 1.53968191147 38.695572 32.853799 1.6647394 122.76871167 34.3786870923 0.0979571467988 84.0869674658 -89.7700105244 0 0.076
1440 1.54559898376 38.58982 35.008607 1.6723781 123.277379531 34.329712781 0.0156556688976 84.6902806502 -94.9232031268 0 0.064
1443 1.54949498177 38.393816 37.160762 1.6689022 126.846712675 34.9455728349 0.149120235321 88.4806306105 -87.0770923562 0 0.074
1446 1.54157304764 38.314928 39.264936 1.6781402 129.609217518 37.7208466441 0.264915818392 91.3073464219 -80.9717925711 0 0.044
1449 1.53411817551 38.042909 41.445131 1.6601298 133.385540685 38.291788129 0.312026335797 95.3947639439 -77.2406388458 0 0.026
1452 1.53710198402 37.893052 43.482766 1.6655679 135.842225953 27.6043118661 -0.085435456613 99.2278488315 -100.325102247 0 0.02
1455 1.5451669693 37.737395 45.529248 1.6663309 138.320807354 26.7291638429 -0.00681906653777 102.325295041 -95.8644315751 0 0.032
1458 1.52759599686 37.667375 47.706088 1.6735516 141.132059216 25.649754182 -0.0548257009873 105.789520944 -99.0287247528 0 0.02
1461 1.54448413849 37.411337 49.793915 1.6717816 140.248651396 26.2355215474 -0.187136341042 105.501237595 -106.508152483 0 0.018
1464 1.53153014183 37.208006 51.943854 1.66906 142.63456542 43.2192348905 0.377700320791 105.786948201 -73.989459452 0 0.012
1467 1.54489398003 37.03196 53.963531 1.6741645 143.50242457 38.6448070302 0.72682410474 107.566830993 -54.2786064106 0 0.006
1470 1.53813409805 36.983983 56.143126 1.6856298 73.4451774794 69.0108704137 2.65221292881 38.6651981652 55.3811338292 0 0.006
1473 1.54047894478 36.720012 58.206076 1.6746777 107.145044033 95.5632575061 -2.26648408846 79.7197851661 134.188063143 0 0.008
1476 1.52594995499 36.536888 60.398002 1.6787317 24.7135069945 69.9977982679 -0.925061321682 15.2298531439 -149.186350868 0 0.004
1479 1.54066991806 36.401835 62.417273 1.6766351 31.8787268367 55.413972524 2.38611623481 8.33694938299 40.6502746686 0 0.004
1482 1.53204298019 36.239068 64.615141 1.6886647 130.406532802 116.377453922 2.89193089041 107.456263039 68.9420743411 0 0.004
1485 1.54317307472 35.99676 66.655908 1.678851 62.103875043 126.061999109 2.03141447415 64.8896379767 20.2003990792 0 0.006
1488 1.53641700745 35.830181 68.859683 1.6854848 116.910467133 126.30695111 1.60361199578 99.3690163623 -4.69096613857 0 0.012
1491 1.53213620186 35.575227 70.898859 1.683738 124.986895502 127.501463943 1.57198397044 105.822026774 -6.40303423742 0 0.006
1494 1.52576184273 35.463169 73.006353 1.6935188 88.4046658835 68.6273153348 2.15690080706 53.1222934665 26.5498333071 0 0.01
1497 1.53707909584 35.205801 75.07321 1.6913976 39.4527889053 84.5311407175 1.65384853524 10.3677075444 -2.15140293547 0 0.016
1500 1.53438401222 34.978045 77.287591 1.6912075 40.668761944 85.7738722618 2.33315738331 10.2176919601 36.7810189728 0 0.006
1503 1.54299211502 34.814043 79.320098 1.7000185 36.3815202353 91.8118781707 -2.09346234062 12.589740137 142.649558169 0 0.006
1506 1.5331799984 34.580736 81.372215 1.6970036 32.8525650484 74.0999291788 -1.92311927054 7.47480540904 152.582238199 0 0.01
1509 1.53774690628 34.345965 83.441951 1.6955247 16.6358829227 35.5544378194 -2.3960335571 51.0574277241 125.570980236 0 0.01
1512 1.54328417778 34.142398 85.698773 1.7034669 33.7518482854 85.9615431578 -2.05643765192 0.470719911806 144.573337803 0 0.018
1515 1.54275512695 33.910208 87.748137 1.7016389 28.2828074252 94.8665431514 -3.02793290961 9.07410289589 89.0154964051 0 0.008
1518 1.5413980484 33.670818 89.737713 1.6967853 121.283318047 67.8796742727 -0.585866116065 90.2979735178 -130.78629224 0 0.008
1521 1.53405809402 33.472926 91.900649 1.7056804 31.2834449528 91.9153184349 1.57481575239 2.18953018901 -7.49799199537 0 0.01
1524 1.53895497322 33.217902 94.036516 1.7078464 29.6569499347 91.6975377094 1.6222027421 4.26042240339 -4.90702013969 0 0.012
1527 1.54143190384 33.034075 96.178482 1.7177188 113.970916649 56.1110251986 -0.737737101708 90.3115354242 -140.687259948 0 0.008
1530 1.53586006165 32.713254 98.174723 1.7080491 28.3993815135 98.0948165803 1.67034482122 4.31461248152 -2.16029604359 0 0.012
1533 1.54363203049 32.45653 100.24821 1.7068362 75.4365509987 139.689180903 2.9255475231 58.3341442964 69.8270152585 0 0.004
1536 1.53960800171 32.217075 102.39435 1.7082962 35.6251337071 117.602994338 2.24926392137 15.5858181289 30.9951672873 0 0.006
1539 1.54338812828 31.955228 104.48204 1.7110577 44.8698296707 94.4335875446 0.159020432843 16.3633228001 -88.9251850551 0 0.012
1542 1.54295492172 31.741377 106.6002 1.7198575 133.310813519 44.0468455907 -0.253047891628 119.286514673 -113.039152319 0 0.004
1545 1.54932284355 31.439656 108.68741 1.7105287 14.3911223573 105.781910237 1.96580661512 17.2943467133 14.626347139 0 0.004
1548 1.53410601616 31.216018 110.75498 1.7177022 26.2102651013 109.835655679 1.61984646858 5.08947141567 -5.60672041132 0 0.012
1551 1.53997802734 30.916985 112.90957 1.719675 27.4987431686 112.860413945 1.83520611162 3.41859525765 6.61944509845 0 0.014
1554 1.54085803032 30.668641 114.94646 1.716506 11.5132597939 65.2052144138 -1.03776326745 53.3021588833 -157.808004667 0 0.008
1557 1.54467701912 30.419865 117.12266 1.716223 26.9901868076 112.918071544 1.60148990311 5.42597978146 -6.57372222214 0 0.01
1560 1.54460191727 30.132888 119.21343 1.725557 51.981610348 99.6321712352 2.03802012103 29.3392631649 17.9028180884 0 0.012
1563 1.54942202568 29.88258 121.34383 1.72867 72.3497693887 63.4069341371 -2.3933838732 71.8341567557 123.82371014 0 0.008
1566 1.54223680496 29.981486 120.5055 1.7055843 98.8080708037 117.451308927 2.10960442297 68.8943165932 23.1486478843 0 0.008
1569 1.54251980782 30.170653 118.4575 1.6900862 67.1696250543 94.7008597629 1.35693405516 43.9693289513 -19.0882118349 0 0.01
1572 1.54923200607 30.502618 115.6086 1.6745202 124.461392357 103.730664816 1.74702545884 94.7065817293 4.15424532388 0 0.02
1575 1.54497718811 30.699806 113.48782 1.6738205 25.6517148849 112.599192226 1.63411114078 5.1257080708 -2.27517869054 0 0.02
1578 1.54407215118 30.8492 111.36091 1.6697397 125.851518516 98.7665639631 1.79424736611 95.833491408 7.13376378496 0 0.016
1581 1.5218129158 30.973164 109.37107 1.6787837 124.617650358 96.8946794521 1.65588220102 94.4719542843 -1.31215923608 0 0.028
1584 1.53911304474 31.204408 107.09871 1.665475 120.331725502 93.8822757184 1.66404822719 90.1019026447 -0.0817480605151 0 0.02
1587 1.52573013306 31.322843 104.96751 1.6587885 125.209772677 91.117116514 1.68435938138 94.9030503399 1.4651035815 0 0.012
1590 1.55454993248 31.457099 102.91722 1.6541397 111.7406518 101.054903641 -2.64718819416 80.3051497255 113.552065363 0 0.018
1593 1.56779408455 31.546684 101.34427 1.631357 113.789241372 100.955759264 -2.79365093267 82.2434750219 106.465721146 0 0.018
1596 1.53458213806 31.536552 101.09899 1.5279681 115.245988618 96.6433078249 -2.85908399246 83.8279361698 108.640430598 0 0.03
1599 1.53605794907 31.522716 100.84711 1.3818466 114.773313131 99.3014889831 -2.97586071171 83.2649438056 110.321762685 0 0.026
1602 1.53291392326 31.33472 100.81397 1.2437751 116.189711936 96.2339702613 3.13388786548 84.9785034819 108.295484266 0 0.024
1605 1.53833818436 31.335612 100.76499 1.1262837 48.2710656017 98.7458900091 -0.756398252419 17.0553907451 -107.869730039 0 0.006
1608 1.5465528965 30.238332 99.003137 0.9296569 118.052106454 101.699173384 2.1025045899 87.8551512204 67.1992226428 0 0.008
1611 1.54136013985 28.772289 97.32743 0.78863198 121.875559679 90.1532042869 2.58732446214 93.3792724634 103.057487869 0 0.012
1614 1.54647397995 27.005154 95.945316 0.6582802 66.3939421047 103.208560249 -3.10804475683 40.052856894 144.205475699 0 0.008
1617 1.53262090683 26.209553 95.323497 0.64585939 119.179160204 95.9301105179 2.41586136304 92.9715862166 101.413642785 0 0.012
1620 1.53782606125 26.225548 95.299359 0.74214735 123.914493211 85.5959222675 2.23612593638 98.1696832061 85.5986676823 0 0.012
1623 1.54552817345 26.287241 95.304851 0.87876564 41.260070346 86.3213535605 -1.35267665183 17.4610665445 -127.852225549 0 0.008
1626 1.53739714622 26.503119 95.525486 1.0159202 136.91704299 101.593426834 2.82607781082 110.580534078 103.714391354 0 0.016
1629 1.5416560173 26.584147 95.637624 1.1414331 137.460989561 101.813610072 2.81424139476 111.048714627 95.844855224 0 0.016
1632 1.53798413277 26.62792 95.717086 1.2595284 48.322800045 86.2595230214 0.23513814227 23.6667132839 -58.6932383422 0 0.006
1635 1.5430290699 26.756174 95.797181 1.3910555 62.6753900091 43.1411503481 0.712520184777 63.7404709955 -38.8772098128 0 0.004
1638 1.54050397873 26.381693 93.77201 1.3952992 137.570616074 99.5452067991 3.02337811101 111.338701338 93.2820503152 0 0.012
1641 1.54420018196 26.011804 91.856332 1.39866 18.4266292883 91.2774029151 1.44985473475 7.60723565382 2.9332422345 0 0.008
1644 1.55379390717 25.609249 89.727224 1.3968171 20.8321393765 149.429467722 -2.00271232181 59.8930603813 165.2213118 0 0.004
1647 1.54312801361 25.2462 87.568251 1.3940659 21.028705337 87.2083816281 1.39802280758 4.23282024153 0.226714104344 0 0.004
1650 1.5415802002 24.820481 85.505592 1.4017015 145.779282856 102.241487067 -3.03459227775 122.11110486 105.819089855 0 0.014
1653 1.54710006714 24.493958 83.448062 1.398475 88.9541389619 85.3509517979 1.89444566294 64.4882618716 28.4170257488 0 0.008
1656 1.54956293106 24.080092 81.345956 1.3962744 88.0192317886 104.169702356 -0.015352530068 67.8906252339 -80.8802653399 0 0.006
1659 1.54215407372 23.622432 79.208855 1.3888608 85.2227636442 79.066720756 0.764431658257 61.6004956216 -35.7771544269 0 0.006
1662 1.54516100883 23.236261 77.182266 1.3737053 98.1607544987 91.398112126 -0.793932611477 76.261195946 -124.19650384 0 0.006
1665 1.55236411095 22.741503 75.111069 1.3685019 18.6076798807 74.8734217091 1.53014505157 4.14064847778 9.26147037231 0 0.012
1668 1.53575086594 22.23837 73.007777 1.3690406 19.7846487399 73.9820747999 1.53561792289 2.64007655669 9.54417756419 0 0.014
1671 1.53661704063 21.796618 70.8705 1.3677106 86.0116681512 30.6556782615 -0.0822890160072 75.7680972005 -83.0788582928 0 0.004
1674 1.53691387177 21.306705 68.900927 1.3588762 23.6358478848 67.6406634851 1.69411107587 2.64823917063 19.2075435332 0 0.014
1677 1.54567408562 20.800373 66.796896 1.3509317 20.1528563594 67.3940745636 1.50355749688 0.880851881227 8.74481400617 0 0.042
1680 1.54527401924 20.180988 64.758154 1.3339286 23.2299166859 67.5088169501 1.68969430586 4.10635030126 20.3838734415 0 0.014
1683 1.54550099373 19.716632 62.635567 1.3210663 20.6461411344 64.0753859662 1.57545661864 1.71378700145 14.575491607 0 0.01
1686 1.53926491737 19.127208 60.642471 1.320188 18.8472340044 60.2388717461 1.43385511984 0.49120036236 6.51264623621 0 0.014
1689 1.53794598579 18.573484 58.538556 1.3117791 121.843947195 82.4943025726 -1.35530629961 106.012576435 -152.812736999 0 0.006
1692 1.54822707176 18.03732 56.562177 1.3046299 65.6583329563 58.370810791 2.94089973787 47.6553463022 93.7513558543 0 0.004
1695 1.57881498337 17.470308 54.449011 1.30616 43.0552035068 98.6012743302 1.28552133299 51.0294937783 -1.18250851432 0 0.006
1698 1.5493979454 16.865167 52.414515 1.2995721 36.0001178181 85.7550728661 -1.34616532929 38.4413727855 -151.589588398 0 0.006
1701 1.54202604294 16.322269 50.452679 1.2871313 67.5210400631 102.424338377 0.37466508386 72.954558026 -52.2804631331 0 0.002
1704 1.54792809486 15.679585 48.421133 1.2791916 20.5161778876 49.2650373177 1.59981894024 4.90966447506 18.3705933922 0 0.006
1707 1.53964495659 15.049517 46.343459 1.2810584 96.2248878726 92.1613923115 1.80533574869 93.213324419 30.0388793742 0 0.01
1710 1.55213499069 14.370513 44.264129 1.2685694 126.909134181 90.6831526083 -2.13762828864 121.736054685 164.839248254 0 0.004
1713 1.54479408264 13.728985 42.398373 1.2622613 13.5381946603 41.6498411239 1.44055982268 0.772464188961 10.2157528431 0 0.02
1716 1.56476092339 13.116178 40.310007 1.2578142 14.120724625 40.1988642816 1.55120442804 1.01067632092 16.8100218172 0 0.014
1719 1.53918480873 12.482531 38.460523 1.239848 16.0695200371 38.6311889207 1.62384753528 3.59104681237 22.0015527063 0 0.018
1722 1.54420304298 12.331027 38.238303 1.1567887 17.0009042199 37.871125568 1.33630715516 4.68428996924 10.2856498251 0 0.014
1725 1.54124903679 12.263795 38.100898 1.043782 33.5110035619 45.0809467893 1.60205672594 22.364367927 31.9867856051 0 0.004
1728 1.55985188484 12.231882 38.075858 0.90529637 13.129639874 38.1801463785 1.29317648631 0.903794924895 22.2238936216 0 0.012
1731 1.54678893089 12.170047 37.918491 0.7605547 137.131805786 114.938273416 0.151110633617 146.790626548 -34.9185728531 0 0.004
1734 1.54543495178 11.9457 37.868652 0.60051086 126.156951719 61.4523114727 -0.595058199903 116.62074864 -68.5010612489 0 0.004
1737 1.54253816605 11.861848 37.85602 0.47073445 73.2594610215 16.4056497123 -1.12075976284 65.036799354 -91.1859015155 0 0.006
1740 1.54151797295 11.68598 37.868337 0.32347919 10.4558998001 35.5053414434 0.609102835979 2.66399048395 16.3650294438 0 0.012
1743 1.55108618736 11.634663 37.834152 0.18688423 11.1024327122 37.1062038698 1.40950948364 0.901763582879 70.0512669599 0 0.02
1746 1.54361605644 11.546787 37.799316 0.059161186 16.3502148481 38.1806999845 -0.460569250557 4.81854468022 -29.7783604992 0 0.01
1749 1.55056095123 11.461332 37.784444 -0.088384018 42.531835726 87.700257204 -1.08611220407 58.7959574257 -57.165614163 0 0.008
1752 1.5387609005 11.353119 37.809133 -0.22428348 14.0193987001 36.7718932588 0.0850587070444 2.86092882122 17.724001743 0 0.016
1755 1.54573512077 11.259101 37.929753 -0.36642208 14.7414306304 33.2740681779 0.628148131838 5.81395053448 56.9846755678 0 0.01
1758 1.54771518707 11.22919 38.083377 -0.50941267 14.7678790819 37.9575399611 -0.0115621060577 3.54092577988 28.5247361421 0 0.012
1761 1.55562496185 11.185129 38.110347 -0.64618684 40.9057623577 97.3024529207 0.0798264046253 66.2345940617 41.5974947876 0 0.008
1764 1.55408906937 11.588805 37.741111 -0.76036767 67.0848692047 102.340561053 1.84927506232 85.1639717799 149.521514599 0 0.01
1767 1.54285097122 13.063467 36.224873 -0.77289998 17.6860846788 36.9974932463 -0.956251500843 4.68674047171 -10.5052683116 0 0.014
1770 1.53493499756 14.493375 34.807156 -0.77803694 90.1495027193 54.778596353 -2.25517273222 78.2477353746 -84.6336466617 0 0.006
1773 1.53788590431 15.892318 33.28564 -0.77023756 23.475076056 34.4938682709 -0.531446575952 7.67841359205 13.6817155717 0 0.022
1776 1.53566908836 17.405154 31.857105 -0.77891679 31.6721043377 31.9845075427 -0.832847733552 14.2675191728 -3.09001545071 0 0.004
1779 1.53939986229 19.008966 30.381332 -0.78385491 26.8495221426 25.161473016 1.30702750277 9.4191957426 119.79873771 0 0.012
1782 1.5396668911 20.517371 28.856906 -0.78454873 21.1827525504 29.2780414976 -1.22396230969 0.787456484486 -25.1765435772 0 0.01
1785 1.54558706284 22.037399 27.308602 -0.78653789 32.5311836037 22.0086518282 -0.742462444672 11.7562318424 2.52533699744 0 0.014
1788 1.53914093971 23.470866 25.802264 -0.78746834 58.0447389007 36.6943186352 1.33189406779 36.2489936623 121.430521225 0 0.004
1791 1.55821800232 25.030138 24.239515 -0.79252133 45.5188911687 106.366189409 -1.45660365149 84.6438400348 -38.0491142706 0 0.006
1794 1.54374289513 26.508975 22.80392 -0.79210599 47.4524038404 8.96463484612 -2.22743447764 25.1028489452 -82.2382645569 0 0.008
1797 1.54153895378 27.961008 21.312251 -0.79564812 109.218923117 96.0814981132 -0.228174888377 110.423227099 32.5138211587 0 0.008
1800 1.54665780067 29.36401 19.750057 -0.78815021 28.5028623833 22.4501207323 -0.88281519757 2.83406410941 -5.42390425544 0 0.01
1803 1.54350399971 31.016391 18.179875 -0.79578372 29.7152370486 19.8510909948 -0.602978063292 2.11800956239 11.0469503956 0 0.012
1806 1.54007101059 32.405165 16.663972 -0.79079715 32.299750911 17.5236532082 -0.747906875886 0.866120032035 2.45743168889 0 0.018
1809 1.54722189903 33.875627 15.226881 -0.79213801 32.0895038462 13.9345025213 -0.999741918408 2.20464919041 -11.8948277622 0 0.018
1812 1.56094694138 34.400964 14.714584 -0.72873329 101.887671429 38.9508085295 -1.42292700039 71.7066960545 -39.7743697699 0 0.008
1815 1.57846999168 34.541831 14.529671 -0.59347242 32.9779284004 13.840000493 -0.67201468196 1.70922109437 -4.50014012373 0 0.008
1818 1.54258394241 34.648846 14.435796 -0.47955783 32.8323582648 12.487050558 -0.554431555797 2.66406390496 -4.28994848457 0 0.006
1821 1.55240011215 34.668797 14.324629 -0.34405458 132.235631926 60.2081930063 -2.51018733563 107.817385998 -124.110264762 0 0.006
1824 1.54115509987 34.864126 14.20779 -0.22615765 70.4796341829 59.7111908878 -2.24729099561 57.7842877907 -115.802410537 0 0.006
1827 1.53081893921 35.017605 14.088235 -0.094353638 37.0048552196 15.9687761897 -0.191995047864 2.73598220049 -5.5944406909 0 0.012
1830 1.53817105293 36.599142 14.0692 -0.022879679 39.015728538 14.2728558318 -0.359283107357 2.42515281861 -19.2744966586 0 0.014
1833 1.54447603226 38.63985 14.009333 -0.014813302 38.0311635071 15.0353571972 0.501496091504 1.19298989933 29.5823491708 0 0.014
1836 1.5331530571 40.768535 13.925491 -0.0089087199 41.9636843195 13.3511696054 -0.221530405856 1.32598150823 -12.1823252382 0 0.028
1839 1.54817199707 42.905865 13.952369 -0.011506708 45.7494926961 12.9697615718 -0.119128024356 3.00861028247 -6.16624721283 0 0.02
1842 1.53612303734 45.04117 13.838962 -0.010052037 46.3239544368 14.7248019495 -0.08601482863 1.5589253758 -4.35234736043 0 0.018
1845 1.53020405769 47.095509 13.764363 -0.008210261 47.5100454112 15.0116648739 0.0607134950519 1.31438289732 3.94904032997 0 0.016
1848 1.54015803337 49.256947 13.750747 -0.012245698 47.5904956035 14.8284821818 0.0404664048687 1.984583931 3.02018102364 0 0.02
1851 1.53440999985 51.347189 13.680192 -0.017629817 52.2396524461 14.6693779308 -0.0240560265967 1.33228368166 -0.368194688156 0 0.024
1854 1.53586697578 53.510554 13.649042 -0.0075411209 56.4106927064 16.7505270047 0.071635752094 4.24617636837 4.5365006576 0 0.018
1857 1.52237796783 55.608657 13.581194 -0.0077936973 56.3912113689 14.0233976864 0.163611510752 0.898852290758 9.82079500794 0 0.016
1860 1.54480004311 57.666716 13.591636 -0.01411162 57.8749467843 16.0281875396 0.0275862188147 2.4454331855 2.3891101789 0 0.066
1863 1.54033994675 59.905766 13.533857 -0.012519778 58.5410594735 14.9432907717 0.00334584786491 1.96186835953 0.909033401393 0 0.066
1866 1.54590702057 62.027534 13.447994 -0.021676244 61.281766546 14.6767272161 0.041567156871 1.43734283031 3.62357995196 0 0.066
1869 1.52870297432 64.181261 13.371995 -0.025327169 64.6736587864 15.4718110275 -0.0532255772561 2.1567760499 -1.59846104821 0 0.074
1872 1.53241205215 66.241252 13.310079 -0.024907545 66.3657439688 14.7286612837 0.0964990502369 1.42403439069 6.95608551213 0 0.082
1875 1.5434179306 68.444119 13.24669 -0.026304862 66.3834010981 16.3886490741 -0.036872704457 3.75745460313 -0.605492771348 0 0.094
1878 1.54383111 70.49734 13.123327 -0.017605166 69.3772094542 14.8783751422 0.00127996355603 2.08203900562 1.08203821912 0 0.136
1881 1.53662705421 72.634932 13.039101 -0.019360635 72.0167755251 14.6889990371 0.126927099055 1.76189697779 8.38166975589 0 0.118
1884 1.5449090004 74.720419 12.994859 -0.019347658 73.7712044289 13.905272317 0.0321119554622 1.31524169252 2.94841866676 0 0.11
1887 1.54819703102 76.914825 12.90632 -0.036038761 77.0187295139 14.4720997883 0.0308912569846 1.56922353203 3.83480755325 0 0.164
1890 1.54982209206 79.004774 12.78569 -0.032634565 78.4819020894 15.6275298326 -0.0316503490604 2.88954125578 0.0563914194694 0 0.224
1893 1.55565214157 81.177999 12.691712 -0.029848436 80.9563453617 14.7684748801 0.0360253027601 2.08855797037 3.7742872117 0 0.266
1896 1.5499048233 83.222919 12.597068 -0.02122413 81.8818445884 13.4133137377 -0.0293909597151 1.56994830545 -0.467924874675 0 0.168
1899 1.55335879326 85.390174 12.538762 -0.021700441 84.4905155262 12.2003290411 -0.00968836317608 0.96120873757 0.688241362493 0 0.206
1902 1.54480004311 87.449986 12.512039 -0.030894579 86.7249504784 14.6016649009 0.00638433864792 2.21183473913 2.13592464604 0 0.268
1905 1.55496501923 89.572355 12.414566 -0.034322832 89.2968807545 15.6972955197 -0.0133164719239 3.29426762113 1.20357577529 0 0.18
1908 1.54112195969 91.713838 12.339838 -0.030338307 89.7606003096 14.9964269922 0.0316565480486 3.29736296896 3.55204354581 0 0.238
1911 1.54001402855 93.866625 12.234111 -0.027880568 92.6259222271 14.1646660753 -0.0356511110812 2.29486083881 -0.445219323075 0 0.254
1914 1.54917907715 96.027017 12.118277 -0.016096141 94.1163724561 13.7862184883 0.0273123976927 2.53625538568 2.48712606192 0 0.23
1917 1.54457497597 98.003729 12.063433 -0.023465033 97.9430649804 15.4915859604 0.00437468771678 3.42868966851 1.59509849989 0 0.234
1920 1.54417800903 100.1865 11.996018 -0.023536261 99.2782711592 14.6199862161 0.0462810700117 2.77670467035 4.00023840384 0 0.29
1923 1.55196595192 102.26857 11.921444 -0.023061579 102.588478947 14.1457269844 0.0203639515147 2.24717078324 2.48809962161 0 0.296
1926 1.54916501045 104.50291 11.810699 -0.022632517 103.991452794 15.7385537718 0.0360718195799 3.96101395885 3.36351072514 0 0.332
1929 1.54091787338 106.528 11.779433 -0.025937223 105.018288245 15.5172648004 0.0547848162212 4.03120529773 4.62503216107 0 0.374
1932 1.54130315781 108.61821 11.737233 -0.017267816 108.021202923 14.3348033759 0.0281278531369 2.66529347502 2.60098024972 0 0.388
1935 1.54484081268 110.65428 11.638117 -0.015586443 109.489745031 15.2932819095 0.07175297535 3.83619241052 5.00418005658 0 0.282
1938 1.54856705666 112.94226 11.558687 -0.011710616 111.236526998 14.1959607709 0.0296420669635 3.14081804918 2.36933420535 0 0.254
1941 1.53887796402 114.89636 11.528856 -0.01668203 113.742723684 15.5996164515 -0.0230073089301 4.23107166136 -0.362411786939 0 0.358
1944 1.54452800751 117.03777 11.494892 -0.018548407 116.916291057 14.9472808897 0.0078694636841 3.45452546365 1.51363249392 0 0.294
1947 1.5444021225 119.07747 11.406331 -0.016261061 119.141738497 15.3768504935 0.0208869767335 3.9710395979 2.12842577932 0 0.282
1950 1.54153203964 121.291 11.334615 -0.012126455 119.911269616 14.9348666451 -0.0018415509858 3.8555762007 0.589281592711 0 0.298
1953 1.54023909569 123.43737 11.229443 0.0013807468 123.454132099 15.3526460297 -0.0279223208968 4.12323710116 -1.67894210581 0 0.31
1956 1.54862999916 125.58554 11.258252 -0.0049853053 125.221667696 15.8553135935 0.00148152649436 4.611439943 0.370522168638 0 0.238
1959 1.54327106476 127.50849 11.183265 -0.012828209 126.54334194 14.8086581214 -0.00782008406767 3.751664439 0.286944421897 0 0.246
1962 1.54517197609 130.28779 11.390648 -0.01314096 128.376275081 14.7654506572 -0.0169436479072 3.87855414587 -0.217877967889 0 0.32
1965 1.54759502411 132.78769 11.256475 0.0084755214 131.713521966 14.4090954485 0.0108014952255 3.33059343923 0.133268483457 0 0.35
1968 1.559030056 125.9239 10.596074 0.27888777 132.693179549 14.8872562678 -0.0700823650132 8.01482319589 -19.9945159124 0 0.274
1971 1.55451703072 93.936275 13.265891 0.84250578 132.158075123 13.8412927909 0.000330150118213 38.2261310079 -48.253109201 0 0.228
1974 1.54803180695 59.212281 6.4432491 1.3602712 132.476693281 13.7207147195 -0.017565822064 73.6249659612 -78.9442462211 0 0.162
1977 1.53686404228 41.747696 3.5851691 1.5088422 136.161363162 7.98533358515 -0.310726610773 94.5161467394 -104.253613391 0 0.078
1980 1.53868699074 40.889782 2.6549702 1.6071612 133.005111078 9.83611109151 -0.0147913015525 92.3948193121 -92.9310329096 0 0.046
1983 1.53044700623 40.408125 3.8011614 1.6070032 135.757372307 8.10810367265 -0.249097496463 95.4464704097 -106.346736259 0 0.034
1986 1.53411388397 40.388712 5.5337894 1.5172855 139.36599886 7.71110989622 -0.102141295872 99.0012325111 -92.7863206338 0 0.016
1989 1.53369402885 40.44034 7.6724587 1.5542124 33.6307188015 94.5540967982 2.11321027016 87.1480922309 32.0282187171 0 0.008
1992 1.53647994995 40.554207 9.7439313 1.5604739 65.7020196706 106.636826381 -1.89505504612 100.103174771 162.012775402 0 0.014
1995 1.5463449955 40.580821 11.876658 1.5652859 90.0062855097 114.696562046 -1.98673939571 114.082466708 156.483941832 0 0.006
1998 1.54032087326 40.665042 14.024391 1.567666 31.8903382844 88.0868930722 -1.86225384548 74.5804910046 163.480068786 0 0.008
2001 1.53586816788 40.771617 16.174621 1.5548315 82.8653696984 126.728756206 -0.886208928472 118.296664482 -139.861314172 0 0.004
2004 1.53169083595 40.847233 18.25792 1.5551713 124.991929229 82.8594994021 -1.52849956332 106.083429265 -176.681325876 0 0.004
2007 1.53294801712 40.88758 20.352438 1.5597309 19.6849190315 77.2316581238 2.43666580658 60.7025412486 50.2446690548 0 0.004
2010 1.54771280289 40.971014 22.508388 1.5678505 123.524977255 47.3120229518 1.83506441511 86.1996354746 15.3102295632 0 0.004
2013 1.55404806137 41.044823 24.54743 1.5705547 46.0011068182 113.206527051 3.11436169298 88.7975238345 88.4536250806 0 0.004
2016 1.54332900047 41.105608 26.696222 1.5717508 25.0789275994 84.0710924563 -0.189202132481 59.5712199349 -100.895170952 0 0.004
2019 1.54307699203 41.160404 28.869777 1.5672714 83.7945403979 57.8024050457 0.83121341068 51.5244267511 -42.1730162649 0 0.004
2022 1.54716587067 41.204205 31.003136 1.5608691 53.0224832551 85.012648455 -1.89137457802 55.2874229508 162.201007399 0 0.012
2025 1.53623914719 41.244227 33.116661 1.5660557 124.118532022 44.445215045 -1.65200611568 83.645003256 175.618639749 0 0.008
2028 1.54222488403 41.277887 35.228156 1.5643441 25.2725782294 104.430808327 2.77951500489 71.0294093873 69.6241642372 0 0.004
2031 1.54109787941 41.31792 37.33529 1.5797774 52.2994222581 23.8710816288 -1.77102380542 17.3746452887 168.013232942 0 0.006
2034 1.53655290604 41.419072 39.474789 1.5713492 50.9165585264 60.7382831352 2.28200356026 23.2881607937 40.7174955355 0 0.004
2037 1.54100513458 41.429937 41.518923 1.5745722 139.335019799 35.6430154082 1.48771007463 98.0812496241 -4.9768331834 0 0.008
2040 1.52809906006 41.494048 43.684079 1.5737379 69.4455380244 116.615872498 -1.34718921868 78.1046240467 -167.356796166 0 0.006
2043 1.5350651741 41.508319 45.798644 1.5762653 27.1085661757 118.821243126 2.89830386576 74.4288443047 75.7472301716 0 0.004
2046 1.54298186302 41.512588 47.943477 1.5772604 125.13856432 74.0925495326 -0.508831400983 87.6189357943 -119.524255873 0 0.006
2049 1.53429198265 41.583607 50.107906 1.5744728 87.5260657278 26.1331406957 3.00267698377 51.8217993256 81.8300720129 0 0.004
2052 1.54245591164 41.632502 52.265699 1.5728612 37.426195259 13.3141265798 -2.73456342882 39.1780296902 113.202748198 0 0.004
2055 1.53880095482 41.660201 54.305408 1.5732479 80.6895487987 73.1365882126 1.66649980563 43.3347820785 5.34294062391 0 0.004
2058 1.5397939682 41.689009 56.508616 1.5685378 63.6949131058 54.1128448596 -2.53957796012 22.135933115 124.622305194 0 0.006
2061 1.52813005447 41.794127 58.57462 1.5657057 40.3180999426 59.882520461 1.77683796787 1.97212055668 12.0969878681 0 0.012
2064 1.55596494675 41.856016 60.76704 1.5641567 69.8283267133 67.1479901714 1.29009887417 28.6908816827 -15.7023567625 0 0.01
2067 1.53512692451 41.858156 62.785084 1.5639758 40.0251929705 62.9635510172 1.76161083226 1.84163078373 11.3236532324 0 0.014
2070 1.54286599159 41.958088 65.023529 1.5767642 40.597775425 64.8536050972 2.11008533638 1.37088454455 30.5570502399 0 0.022
2073 1.53579306602 41.99726 67.044355 1.5737097 91.5195906305 54.0472442027 -2.52535138438 51.1994738269 125.141099899 0 0.006
2076 1.53765892982 42.044947 69.102812 1.5759217 36.9340169364 67.8290864546 1.62598200931 5.26725572567 2.86824444483 0 0.02
2079 1.53612422943 42.097902 71.261122 1.5727544 40.3783408325 72.3354496223 1.69754202227 2.02757748282 7.14980409174 0 0.03
2082 1.54643201828 42.114798 73.459441 1.5684742 38.1544966501 73.2963534949 1.59270786969 3.96365794646 1.38848699556 0 0.036
2085 1.5435090065 42.172982 75.545483 1.5804547 37.4829667063 74.9983323316 1.75631191561 4.72182351526 10.0758762514 0 0.052
2088 1.54235887527 42.213453 77.648417 1.5799022 38.1087830865 78.130556865 1.71230198516 4.13288929787 7.58594889821 0 0.058
2091 1.54365897179 42.308345 79.80823 1.5843424 38.9812146069 79.8717443702 1.79045338987 3.32773657726 11.8092898306 0 0.07
2094 1.54421401024 42.259747 81.948131 1.5870316 38.0668351046 85.1202098651 1.58128246444 5.25762251304 -0.329401203627 0 0.088
2097 1.54226899147 42.325886 84.065588 1.5841531 37.5948257663 85.0434039193 1.65864682152 4.83105111822 4.26817584348 0 0.122
2100 1.54052805901 42.338042 86.100283 1.5789413 39.1046155157 85.7258830023 1.68468602382 3.25503028979 6.0587263809 0 0.116
