3 6.42145395279 72.513547 45.80148 1.6808269 30.8327077118 26.0848196058 0.643287126583 46.1089911066 -59.4466500938 0 0.002
6 6.46583890915 72.505015 45.806851 1.6805552 80.4851081388 26.9085721389 1.82173535483 20.5140642101 8.08902702256 0 0.008
9 6.51550388336 72.51553 45.801787 1.6811119 142.722495974 15.8667846274 2.97743324027 76.3224897279 74.2737416902 0 0.006
12 6.52207708359 72.511327 45.798497 1.6805172 67.2322840336 113.307951599 -0.827887559602 67.7155429342 -143.721006036 0 0.008
15 6.47992396355 72.518426 45.80176 1.6806948 108.016481866 40.6380561713 2.67586798469 35.8716574396 57.0192233676 0 0.004
18 6.58684015274 72.509508 45.806599 1.6825332 104.886382455 74.4881136432 0.442377821312 43.2538007775 -71.0556691393 0 0.004
21 6.45375609398 72.510969 45.800989 1.6811293 101.590527529 131.011334541 -1.70200889662 90.0356802133 166.160459824 0 0.004
24 6.57153987885 72.522343 45.818169 1.6838228 26.469291227 38.5486404003 3.05812871287 46.6232734122 78.7419285676 0 0.006
27 6.50163578987 72.508499 45.799812 1.6808804 33.2942350418 104.54956325 -2.39962884922 70.6349189119 126.204041756 0 0.012
30 6.51996207237 72.523901 45.815543 1.6832165 62.5220576526 124.548887303 2.73553964121 79.3660908411 60.293674675 0 0.004
33 6.46517086029 72.511009 45.802779 1.6808191 124.764206965 133.953336605 -2.86022675411 102.473984521 99.8172379841 0 0.006
36 6.50356698036 72.527172 45.853315 1.6851825 32.8311673026 100.344759217 -0.645364985358 67.4172847405 -133.530534866 0 0.008
39 6.43340682983 72.188088 49.017093 1.6798669 61.204677282 111.306466055 -1.45046729229 63.2503067706 -179.354937684 0 0.008
42 6.45679807663 71.804616 53.279503 1.6643548 16.5507768499 139.502028542 1.75354794009 102.407571261 5.11039048868 0 0.008
45 6.52479410172 71.568933 57.324136 1.642571 75.7678749295 57.0614541513 1.817638229 4.20715047045 10.0306133529 0 0.006
48 6.64990496635 71.37336 61.652431 1.6431927 54.732132956 97.9001982349 -2.7179733914 39.8852236681 110.123589207 0 0.008
51 6.39018011093 71.165072 65.844712 1.6344026 105.626797736 71.0323308215 2.45278254547 34.8499918186 46.8897169137 0 0.006
54 6.40374803543 70.960331 70.343426 1.6128178 53.0762724949 89.577636814 -1.51982085812 26.2639375238 -179.48697385 0 0.008
57 6.36859989166 70.885213 74.631613 1.6236159 82.5223304975 68.3273295088 2.1761020061 13.2350479405 31.6551221189 0 0.006
60 6.54060006142 70.832043 79.069602 1.6124517 55.3455285809 127.636809513 2.4592703359 50.9765217962 48.5191338501 0 0.01
63 6.60508704185 70.841819 83.283634 1.5826474 60.3523153877 23.6529130622 -2.62440505511 60.5462844904 118.953650132 0 0.006
66 6.42239284515 70.897044 87.066595 1.5142468 81.6838000169 69.5430822683 -1.36373469708 20.5773565801 -164.8961933 0 0.012
69 6.45415306091 70.898205 87.488163 1.2381173 44.4905395544 133.684218653 2.38930744013 53.2112803092 65.9583364464 0 0.02
72 6.53459095955 70.648486 87.373684 0.94938085 46.1623904024 129.084805753 2.17725983404 48.367205372 70.352283538 0 0.026
75 6.57940912247 70.490448 87.162959 0.64684814 44.2908485119 133.185465833 1.75364386222 52.9574371407 63.4147236665 0 0.02
78 6.48502397537 73.090524 88.460194 0.4660111 44.8770562241 67.6512439759 2.68249911034 35.0572697888 126.995408334 0 0.014
81 6.54796600342 76.750616 90.291223 0.4640309 47.7938898404 108.563726733 2.94739032493 34.2399822218 142.286014063 0 0.016
84 6.46602702141 80.704264 92.172539 0.45240664 43.0431140918 107.221406372 3.02770093437 40.5565114575 147.553494072 0 0.014
87 6.39327406883 84.637734 93.972859 0.42386385 79.3056415588 96.5105129176 1.66855498952 5.90515852514 71.3155490918 0 0.01
90 6.52596211433 88.678811 95.730817 0.41656148 31.5918461421 71.4064277683 -2.87026372411 62.053182579 171.678787808 0 0.014
93 6.4732670784 92.647535 97.41769 0.40779386 112.428036642 90.7437306173 0.227222894121 20.8760623455 -10.3459542475 0 0.01
96 6.42868089676 96.759828 99.128022 0.39320766 20.1304108253 67.9781162019 -3.11944061739 82.7187053076 158.740078792 0 0.012
99 6.44142389297 100.07577 100.58602 0.32958371 83.0023222718 138.139724164 2.3385111413 41.2526764437 115.103063162 0 0.014
102 6.4213411808 100.12714 100.52966 0.1390585 83.1244147271 140.177330901 1.90543159814 43.1396624298 101.205723569 0 0.02
105 6.43578410149 100.08551 100.52401 -0.14356162 96.6593779967 103.056876686 -0.188669395384 4.26072695152 -2.58448515272 0 0.016
108 6.49455499649 99.772178 100.71077 -0.40700642 96.5546829974 104.685751444 -0.1662982328 5.11397610241 13.7915632208 0 0.018
111 6.43654584885 99.760338 100.7618 -0.66729138 13.7530210144 70.3542961537 2.21563847879 91.2243107139 165.179713541 0 0.012
114 6.66039800644 99.638101 100.95548 -0.8821311 97.1080951619 100.880315483 -0.749137292234 2.53112213169 7.61998388635 0 0.018
117 6.61348795891 99.549051 101.11221 -1.1251977 95.9609283349 102.864318278 -1.04867595752 3.99305743493 4.3843728852 0 0.022
120 6.52617001534 100.80276 98.46873 -1.1938854 98.7858159055 99.9772592468 -1.11451246659 2.51867504229 4.54773409203 0 0.024
123 6.53024506569 102.35582 94.496879 -1.1822805 100.110843688 96.5489594439 -1.19782550727 3.04153789846 -0.890663309149 0 0.034
126 6.50993585587 103.84912 90.431736 -1.1842505 102.83594958 91.9915810064 -1.18461237397 1.86000826435 -0.0207338511922 0 0.076
129 6.50826096535 105.46668 86.336829 -1.1831903 102.536511409 89.0821068563 -1.16535964767 4.01527564193 1.02162112423 0 0.046
132 6.49827289581 106.96067 82.891423 -1.1821311 104.742874072 84.6204387164 -1.17460085561 2.81213693199 0.431451222425 0 0.152
135 6.60768198967 108.13488 79.987125 -1.1809983 106.894867527 81.7064909768 -1.18162476921 2.11987034891 -0.0358940417439 0 0.238
138 6.45642280579 109.11096 77.465416 -1.174964 107.484054568 79.4612095116 -1.15953613112 2.57488116754 0.883951773426 0 0.3
141 6.53775906563 110.00241 75.115832 -1.1797573 108.752231892 77.3171044482 -1.16240845301 2.53151055557 0.994015712216 0 0.392
144 6.54286289215 110.9669 72.896666 -1.1819268 110.534496751 75.0305719449 -1.12995305058 2.17727516675 2.97787648729 0 0.39
147 6.53551006317 111.79529 70.750926 -1.1680053 109.191106229 73.6235142523 -1.17833135487 3.87731045715 -0.591639362917 0 0.306
150 6.46876907349 112.62755 68.634671 -1.166408 110.987242788 71.5716768296 -1.1588446414 3.36401709142 0.433348526439 0 0.456
153 6.53023791313 113.50263 66.493746 -1.1746568 111.304056544 69.4499995502 -1.15268923815 3.68417701704 1.25864858011 0 0.498
156 6.56573414803 114.39844 64.423702 -1.1690506 112.822891095 67.4650445896 -1.14433348123 3.42521810973 1.4161865873 0 0.51
159 6.5354681015 114.9392 62.935672 -1.1627449 113.899568149 66.1378274619 -1.13654508925 3.36669481655 1.50113857992 0 0.504
162 6.56716489792 115.58582 61.52951 -1.1720902 114.146712778 63.9902138481 -1.15295317402 2.85063028569 1.09647082081 0 0.52
165 6.58365392685 116.16312 60.165609 -1.1710096 114.504176802 62.669949574 -1.1596085758 3.00396641888 0.65323056906 0 0.528
168 6.51271510124 116.71267 58.758483 -1.1690165 114.815956481 60.9100309136 -1.14389228462 2.86821906373 1.43951150504 0 0.502
171 6.8596971035 117.29804 57.404001 -1.1730259 114.924620606 60.7757611415 -1.168614422 4.12333433892 0.252759070736 0 0.582
174 6.51460385323 117.3062 57.346669 -1.1782941 114.993803237 60.3506891857 -1.20781026084 3.79095186831 -1.69115144347 0 0.518
177 6.46843910217 117.30973 57.394113 -1.1925087 115.402553648 60.9603964162 -1.23735478868 4.04421797663 -2.56949160877 0 0.478
180 6.45304703712 117.3509 57.478875 -1.2542253 114.994361124 60.8336524993 -1.3030944177 4.09973261885 -2.79999419264 0 0.478
183 6.45247602463 117.31554 57.561663 -1.3141336 114.802405116 60.1323624609 -1.36449452221 3.5950441812 -2.88546829481 0 0.418
186 6.47280502319 117.31761 57.625945 -1.389572 114.34269545 60.2967538971 -1.41920894909 3.99791655036 -1.69807210065 0 0.448
189 6.48676204681 117.34247 57.653648 -1.4539696 114.690478434 60.300438135 -1.46286642484 3.74680627773 -0.509750514188 0 0.4
192 6.55183005333 117.36058 57.739095 -1.5147103 115.342921722 60.4199209998 -1.54019502926 3.35526049208 -1.46016742845 0 0.408
195 6.52822494507 117.34118 57.80351 -1.5718326 115.849097185 59.9781276536 -1.60262980253 2.63728516961 -1.7645497255 0 0.37
198 6.48558592796 117.32521 57.826191 -1.6475747 115.355197826 60.1325369242 -1.64153772193 3.03317976521 0.345893364543 0 0.344
201 6.44722604752 117.28663 57.948056 -1.7072698 116.637779607 60.0866267563 -1.72908532164 2.23483594746 -1.24993731763 0 0.31
204 6.61350488663 117.37131 58.006137 -1.7818651 116.984836485 60.2622832633 -1.76259423002 2.28900802521 1.10413951719 0 0.298
207 6.42007112503 117.40314 57.989067 -1.8555926 115.536785486 59.4805465826 -1.76158780187 2.38909826417 5.38607818666 0 0.27
210 6.41072201729 117.02719 57.008887 -1.8977403 117.082468021 59.7926389591 -1.83444005401 2.78430074333 3.62683693752 0 0.266
213 6.40288186073 116.38504 55.250118 -1.9095407 116.128434293 57.16318827 -1.84923539685 1.93020318793 3.45523935267 0 0.316
216 6.38776111603 115.67443 53.450651 -1.9075572 116.116105385 55.8699065752 -1.8510569835 2.45924270534 3.23722394707 0 0.298
219 6.43810606003 115.02136 51.574537 -1.9165104 114.575256522 53.3119975587 -1.88464216991 1.79381646403 1.8259150847 0 0.346
222 6.42587280273 114.35753 49.684701 -1.9233127 114.783678344 51.7501523648 -1.90467569622 2.10895513258 1.06782165954 0 0.34
225 6.41811800003 113.59486 47.870819 -1.9110101 113.536870905 49.8819233292 -1.88666516466 2.01194019746 1.39486204735 0 0.44
228 6.43858790398 112.87829 45.986656 -1.9118326 112.726417476 47.5263631751 -1.85513946021 1.54717919085 3.24827763754 0 0.334
231 6.40969014168 112.17059 44.128463 -1.9122248 112.815112251 44.2898581913 -1.81971604424 0.66442256142 5.30036127321 0 0.382
234 6.41779994965 111.43202 42.277019 -1.9027456 110.789979002 43.6361228427 -1.89389250683 1.50312338099 0.507244874446 0 0.346
237 6.42669200897 110.82393 40.37458 -1.9174412 110.492534519 42.5816654983 -1.9013107242 2.23182646316 0.924208184962 0 0.264
240 6.46960687637 110.14399 38.567468 -1.912432 109.59552614 40.8702029078 -1.91784145782 2.36715032499 -0.30993910238 0 0.278
243 6.41445302963 109.42625 36.696167 -1.9074722 109.489359618 38.0576414814 -1.89378146038 1.36293638417 0.784421598677 0 0.4
246 6.42189097404 108.96452 35.308972 -1.917648 108.730598484 37.4114810052 -1.91392702343 2.11548183463 0.213196253288 0 0.442
249 6.56089997292 108.91335 35.330429 -1.9171391 109.345878626 37.1512646165 -1.91198819813 1.87150296677 0.295124937745 0 0.434
252 6.50513100624 108.9585 35.348205 -1.9450374 109.745365385 36.9617051877 -1.96819537133 1.79514344562 -1.32685401904 0 0.416
255 6.56437015533 108.97674 35.368834 -2.0165302 108.953382025 37.4443147017 -2.02786965416 2.07561213572 -0.649702865585 0 0.434
258 6.49823999405 108.99865 35.397074 -2.0803106 109.32584789 36.7641184527 -2.11697185803 1.40565607277 -2.10053535702 0 0.366
261 6.58994412422 109.05048 35.474836 -2.159245 108.096337408 37.529162359 -2.16488847444 2.26509268569 -0.32334726729 0 0.34
264 6.49301695824 109.09365 35.518169 -2.2238592 108.4320767 37.6668639311 -2.21902574598 2.24823689542 0.276936516036 0 0.338
267 6.42216491699 109.14301 35.568827 -2.2920109 110.075031746 37.1685543318 -2.29311551006 1.85142973714 -0.0632894945622 0 0.37
270 6.44635891914 109.24021 35.586114 -2.3597618 108.202699969 38.7399173839 -2.28821026315 3.32007572936 4.09960107913 0 0.32
273 6.46654605865 109.32691 35.57971 -2.4292889 110.661344902 36.7902464824 -2.418459091 1.80169783362 0.620502348405 0 0.306
276 6.42933893204 109.34422 35.612178 -2.4970016 110.247406932 37.3275957387 -2.4536483907 1.93866053057 2.48395592121 0 0.324
279 6.4940559864 109.45255 35.562283 -2.5751384 109.209889465 37.6801362756 -2.49673733633 2.13170979088 4.49205005788 0 0.31
282 6.53877496719 109.51035 35.610832 -2.6455993 108.244548325 37.7135274863 -2.53370150977 2.45429871616 6.41127111702 0 0.266
285 6.43717622757 109.52669 35.619453 -2.7060079 110.485375107 37.2856883003 -2.5804189128 1.92234679787 7.19571892005 0 0.288
288 6.42653298378 109.56751 35.667144 -2.7779359 110.278699944 35.6751061088 -2.68873393231 0.711234512756 5.11089627281 0 0.282
291 6.52344107628 109.58407 35.725569 -2.8421247 110.403673321 36.1589098459 -2.7222836999 0.927110507134 6.86638351824 0 0.266
294 6.57430195808 109.62066 35.728072 -2.9074408 110.293426485 35.9417523624 -2.79584998485 0.705885288133 6.3936827403 0 0.256
297 6.55662202835 108.40689 35.538158 -2.9474042 109.760013142 37.2537207908 -2.91578875644 2.18497092105 1.81143148339 0 0.26
300 6.48420882225 106.63579 35.154474 -2.9731605 105.662230489 35.9257427293 -2.91119287123 1.24204411104 3.5504835948 0 0.302
303 6.48693585396 104.74277 34.838538 -2.9724974 105.410061371 36.1511593769 -2.88577584016 1.47249877861 4.96877937143 0 0.348
306 6.43227910995 102.71686 34.507066 -2.970186 102.933775735 36.3789307961 -2.89338344103 1.88439121494 4.40046248497 0 0.266
309 6.43335700035 100.87602 34.149296 -2.9774562 100.071780717 35.082707802 -2.87324818216 1.23209513263 5.97067961386 0 0.222
312 6.49691510201 98.917573 33.856952 -2.9648121 98.2824531865 35.0165709579 -2.89023782967 1.3221547962 4.27279095033 0 0.314
315 6.5243499279 96.872255 33.519705 -2.9713846 95.9503288762 34.5260999785 -2.91509084044 1.36483648493 3.22539483577 0 0.382
318 6.44477391243 94.700759 33.157106 -2.9752463 94.2278008856 34.3214361309 -2.86474677999 1.25672353037 6.33115613486 0 0.328
321 6.49427509308 92.656194 32.878926 -2.9695623 92.1161884586 33.9583688206 -2.92600946992 1.2069808564 2.49539334934 0 0.316
324 6.51940178871 90.628889 32.525228 -2.9736018 90.0031516633 33.6164172173 -2.9371541771 1.25787166376 2.08829496518 0 0.438
327 6.49100804329 88.510396 32.191288 -2.9695852 86.886313969 33.2965052657 -2.93552191951 1.96447134053 1.95168220827 0 0.432
330 6.49470901489 87.334812 32.006658 -2.9896435 86.1097677287 33.3470214255 -2.9985330722 1.81584899673 -0.509334968937 0 0.428
333 6.48413896561 87.328365 31.983283 -3.0015998 86.6913755998 33.8956121324 -3.04141023433 2.01562848921 -2.28096986784 0 0.402
336 6.45280599594 87.328448 32.00285 -3.0442403 86.5962339117 33.7624437208 -3.095238874 1.90586136263 -2.9220030516 0 0.336
339 6.4764380455 87.480424 31.977098 -3.121648 86.7426641715 34.1316750531 -2.98765661875 2.27738706463 7.67714063692 0 0.326
342 6.4620411396 87.509332 32.088761 3.0972389 86.6192748787 33.9258628711 3.14156696366 2.0413586074 2.53981096183 0 0.268
345 6.60443711281 87.537767 32.004513 3.0032565 86.2218373386 34.5839268836 -3.10898814451 2.89569453783 9.79417851829 0 0.266
348 6.50872898102 87.588829 31.971963 2.902116 86.2559679015 33.719908811 2.97321012615 2.19814314048 4.07339337634 0 0.21
351 6.44768404961 87.696053 31.883789 2.7788249 85.9901492513 33.5870943878 2.88720404923 2.4106755991 6.20966783807 0 0.172
354 6.56685185432 87.777704 31.698119 2.6376296 86.2564912161 34.2566758541 2.83977459376 2.97662585982 11.5820549922 0 0.12
357 6.49776601791 87.896098 31.65995 2.4917922 86.5277323635 33.9700917767 2.86251765316 2.68499153509 21.2410038243 0 0.094
360 6.46277713776 87.958395 31.594625 2.366513 87.0401653131 34.1886314848 2.65233330569 2.75172952909 16.3762972152 0 0.088
363 6.51770401001 87.964094 31.460561 2.2184109 86.0673526425 32.7651992222 2.37169638663 2.30210961252 8.78261144427 0 0.104
366 6.45322299004 87.708527 31.831987 2.1125682 85.1100523124 33.9785551674 2.19752411998 3.37043403727 4.86761565971 0 0.112
369 6.43344092369 86.721318 33.612273 2.0920166 84.3229927667 35.4089431417 2.24365596436 2.99666273092 8.68829558574 0 0.128
372 6.38752198219 85.724716 35.405361 2.0873093 84.3826200006 36.966111431 2.1211940739 2.05843716917 1.9414545344 0 0.134
375 6.39147806168 84.755772 37.248267 2.0862059 83.6028434094 38.1354830295 2.09521236458 1.45478404515 0.516032408854 0 0.16
378 6.40350484848 83.690185 39.149374 2.0868314 81.5663532005 40.5114619143 2.07435037292 2.52308243997 -0.71511017555 0 0.212
381 6.40297913551 82.666747 40.97523 2.090975 81.0180232742 42.2155495598 2.17045767938 2.06317292886 4.5540220728 0 0.28
384 6.43643403053 81.635815 42.877142 2.0910396 80.8393992017 43.988495687 2.14590845971 1.36725460002 3.143754088 0 0.274
387 6.59430098534 80.624097 44.699122 2.0805048 79.2932864141 45.4635170379 2.16276081731 1.53471710407 4.71292263167 0 0.286
390 6.43081903458 79.602515 46.546403 2.0762437 78.3404631875 47.03406313 2.10641716362 1.35299193632 1.7288121186 0 0.364
393 6.51039099693 78.599692 48.40129 2.0808805 77.2442294299 48.9661735308 2.10148575069 1.4684591184 1.18059390018 0 0.41
396 6.38313698769 77.532669 50.298142 2.0919608 75.5022121312 50.8759203436 2.12213895464 2.11106203373 1.72908089457 0 0.438
399 6.41613507271 76.53881 52.074716 2.0854653 75.1879536068 52.6959765952 2.08265940998 1.48686842795 -0.160765655672 0 0.542
402 6.41327595711 75.533974 53.92833 2.0838411 74.1760675831 54.9988605519 2.09766401515 1.72914588729 0.791994698741 0 0.492
405 6.40386605263 74.451304 55.860797 2.0823704 73.7461371766 55.8598693511 2.09371581263 0.705167433527 0.650044260791 0 0.52
408 6.42922711372 73.464188 57.689364 2.0801622 71.5946644642 58.0071626389 2.13264816282 1.89634232816 3.00722415347 0 0.366
411 6.41511702538 72.461178 59.521835 2.0808323 70.3045354065 60.2893347767 2.1493425014 2.28914027166 3.92534539398 0 0.41
414 6.42525291443 71.469371 61.42577 2.0898858 69.7130662678 61.4819718771 2.1254713532 1.75720373415 2.03890200986 0 0.406
417 6.46810793877 70.386885 63.322712 2.0827703 68.0695481069 64.0311439906 2.12289866384 2.42320576128 2.29918588663 0 0.474
420 6.36045098305 69.38246 65.186025 2.0922796 67.0342599428 64.8329873003 2.11766820353 2.37459030701 1.45465983015 0 0.434
423 6.37390613556 68.400253 67.014087 2.0893798 65.6783160697 67.4582251606 2.11700493584 2.75793389302 1.58280369201 0 0.552
426 6.43226003647 67.30799 68.901204 2.089526 64.5978395511 68.8031703195 2.12052176133 2.71192294477 1.77592630681 0 0.54
429 6.4232339859 66.315197 70.741557 2.0869248 63.6794397964 70.5776491664 2.12375848309 2.640848692 2.1104145847 0 0.554
432 6.36611199379 65.281228 72.464006 2.0745737 62.6542064365 72.4177338318 2.1037364577 2.6274290492 1.67090293525 0 0.59
435 6.40535497665 64.283593 74.421326 2.0918621 61.2779507554 74.3608751177 2.10419808075 3.00625009136 0.7067996334 0 0.646
438 6.40380597115 63.28447 76.191493 2.091939 60.282517258 75.7986279125 2.11242946873 3.02755070015 1.17401737828 0 0.654
441 6.39541196823 62.204887 78.125252 2.0893553 59.2448617342 78.1644884332 2.142200969 2.9602853024 3.02783379939 0 0.688
444 6.38370203972 61.273659 79.948227 2.0960183 57.6217581878 79.8108172037 2.12281258036 3.65448505182 1.53519917947 0 0.724
447 6.37832903862 60.19879 81.787566 2.089809 56.9695673889 81.9466910101 2.12137057758 3.23314080124 1.80834519035 0 0.62
450 6.37995409966 59.161438 83.629466 2.0974137 56.3806539647 83.9648052271 2.08803790202 2.80093060398 -0.537193653679 0 0.634
453 6.39692807198 58.11891 85.485673 2.0964985 55.6512299048 85.8485194555 2.07826106098 2.49421382452 -1.04492828476 0 0.584
456 6.45398592949 57.036783 87.336936 2.0992423 54.793154924 87.653101605 2.07778882245 2.26579514365 -1.2291937194 0 0.668
459 6.4539270401 56.357629 88.602308 2.124456 54.8437192905 88.7908365376 2.11698466201 1.52560336193 -0.428076134137 0 0.616
462 6.46683502197 56.200217 88.720884 2.2094598 54.5326938421 88.0244573654 2.20357501236 1.80710916648 -0.337173495171 0 0.494
465 6.39089608192 56.199637 89.07416 2.3631742 53.2770436094 88.1320076738 2.35516924303 3.07070075592 -0.458650249547 0 0.434
468 6.41257095337 56.109511 89.161307 2.4869631 53.0916052059 88.5395682499 2.50624085271 3.08128454637 1.10453386903 0 0.384
471 6.5219438076 56.023191 89.233423 2.608836 53.1940442675 89.5096076008 2.60205662458 2.84259549848 -0.388429599272 0 0.374
474 6.55868315697 54.873312 89.789936 2.6823278 52.1120726897 89.3353522285 2.67087224051 2.79840828584 -0.656355210626 0 0.41
477 6.48083996773 52.997249 90.667048 2.6986067 49.8650913912 90.2801428907 2.71359055512 3.15596369591 0.858511659274 0 0.476
480 6.42316913605 51.122563 91.609157 2.7018871 47.3586723114 90.6420040921 2.71241678266 3.88616235677 0.603306375823 0 0.508
483 6.56043291092 49.137432 92.566213 2.7007601 47.1003805386 91.9547762697 2.71633077862 2.1268365079 0.892134169023 0 0.306
486 6.43600511551 47.308569 93.452781 2.7003868 44.2638378832 92.4751331622 2.71228104111 3.19784034438 0.68148981615 0 0.476
489 6.50426697731 45.360782 94.336008 2.7008969 42.82732373 93.1845900188 2.69833717309 2.7828356353 -0.146661548643 0 0.566
492 6.44154906273 43.468079 95.251019 2.7064338 40.8459060724 94.5045647287 2.7039166519 2.72635009518 -0.14422196277 0 0.476
495 6.4629368782 41.590918 96.131677 2.7064065 38.254330007 95.0592355798 2.70990787853 3.50470398679 0.200614212495 0 0.496
498 6.43826293945 39.606214 97.06058 2.704478 36.0420172111 95.8425786368 2.72670290076 3.76656688122 1.27339301358 0 0.54
501 6.42158603668 37.718719 97.944153 2.696243 34.4884060639 96.1060393809 2.72518313925 3.7166629309 1.65814783759 0 0.55
504 6.42872810364 35.769603 98.891663 2.7044976 32.1950290756 96.7232963019 2.75423861057 4.18083638506 2.84994997409 0 0.516
507 6.50328207016 33.862509 99.822852 2.7013631 31.3366542276 98.0165042888 2.73685595016 3.10529135266 2.03359051687 0 0.476
510 6.43772697449 31.979521 100.73965 2.7066945 28.7216284135 99.0339527377 2.74530782989 3.67739952356 2.21238083584 0 0.452
513 6.46533298492 30.015598 101.64307 2.7044148 25.5517263914 98.3827284697 2.83225869735 5.52774607159 7.32491575494 0 0.322
516 6.47338199615 28.083667 102.5122 2.7038251 25.726808853 101.720806799 2.69461480695 2.486178498 -0.527710920126 0 0.36
519 6.52499604225 26.231599 103.44351 2.6987262 23.0695742021 101.975808841 2.707122973 3.48605041784 0.481099654517 0 0.466
522 6.55500888824 24.326425 104.3449 2.7056645 21.2080267649 103.741844311 2.69228171235 3.17617438385 -0.766777250408 0 0.442
525 6.54808688164 23.072168 104.95788 2.6888385 19.5802938828 104.216300459 2.66626991984 3.56975140114 -1.29308439252 0 0.568
528 6.65367603302 23.059574 104.94595 2.6093304 18.9713212515 104.570399711 2.5832154959 4.10546569292 -1.49627378755 0 0.538
531 6.41884899139 23.148655 105.02795 2.4881616 18.7434412604 104.453191329 2.46611059038 4.44255057611 -1.26342978539 0 0.502
534 6.47503399849 23.15609 104.97342 2.3614352 18.5490677982 103.513810127 2.33354547569 4.83271295953 -1.59796349449 0 0.426
537 6.54169511795 23.189116 104.80794 2.2179164 19.0296831348 104.109346042 2.22666612989 4.21769075186 0.501322594498 0 0.448
540 6.40104603767 23.170444 104.45908 2.0515088 18.7436070359 103.988383753 2.06841067687 4.45179070307 0.968406210229 0 0.446
543 6.43304896355 23.203193 104.36781 1.9241471 19.0534326195 104.238443491 1.93807516379 4.15177635591 0.798019271996 0 0.338
546 6.47264099121 23.268475 104.40083 1.8086424 19.3517245366 105.353278906 1.79082160206 4.03089234678 -1.02105650925 0 0.414
549 6.59323191643 23.269141 104.3114 1.6661585 19.1974933608 105.059411557 1.69275637806 4.1397869253 1.52394615711 0 0.4
552 6.42320799828 23.273746 104.22596 1.531085 19.0113004691 105.502040372 1.49132110923 4.44936209149 -2.27830311837 0 0.418
555 6.41731095314 23.201513 103.9692 1.3630267 18.9758885941 104.741638742 1.37310656331 4.29564468155 0.577533625799 0 0.384
558 6.40438818932 23.573375 105.47089 1.3112874 19.9817386156 105.592829213 1.35760477471 3.59370576002 2.65379008875 0 0.352
561 6.34357213974 24.091257 107.45193 1.3021436 19.4837630209 106.453538036 1.34043043714 4.71442332442 2.19367417905 0 0.28
564 6.45976090431 24.69734 109.54228 1.2971878 20.8282640911 108.555459141 1.30125591283 3.99293924276 0.233085695967 0 0.286
567 6.37039279938 25.24514 111.62222 1.291934 21.9867731149 111.376551989 1.31335321603 3.2676149604 1.22723067897 0 0.452
570 6.38807296753 25.838263 113.71051 1.2925571 22.348310828 113.706342878 1.31201605267 3.48995465981 1.11491586194 0 0.494
573 6.44418287277 26.485855 115.66064 1.2984976 22.0385571995 115.848037418 1.29667934797 4.4512442663 -0.10417816767 0 0.556
576 6.54891490936 26.666562 116.70228 1.2516028 22.1172624471 116.589432222 1.29213640894 4.55069896203 2.32240472079 0 0.472
579 6.54587006569 26.671044 116.66524 1.1445574 22.6718060578 116.611510886 1.1393383783 3.99959884688 -0.299027916701 0 0.462
582 6.41361498833 26.68282 116.71548 1.0360889 22.240717827 116.798750408 0.987953499535 4.44288258632 -2.75795529181 0 0.46
585 6.45311713219 26.598988 116.54426 0.86252405 22.7247509093 115.822444435 0.877888174589 3.94090481298 0.880299494874 0 0.488
588 6.34461188316 26.490987 116.49462 0.72378221 22.7184277849 115.692879519 0.762497289706 3.85681096644 2.21821067066 0 0.474
591 6.36649417877 26.414554 116.44154 0.58967497 21.5364128294 116.112416606 0.61208899993 4.88923138019 1.28422931688 0 0.486
594 6.38124608994 26.30131 116.37003 0.43724496 21.8069500565 115.924456714 0.490580417617 4.51639312448 3.05589661984 0 0.412
597 6.3611061573 26.176025 116.35464 0.31453037 21.7916546557 116.058726719 0.366718652632 4.39434500074 2.99016833487 0 0.368
600 6.49021601677 26.088883 116.46581 0.14702743 21.5672736935 115.967124308 0.224301290075 4.54902606502 4.42746604899 0 0.376
603 6.39186096191 25.977812 116.45377 0.019989929 21.3633326875 116.063313747 0.0890852506953 4.63096916543 3.95887031724 0 0.34
606 6.49821996689 25.890585 116.45549 -0.11586106 21.2298655075 116.320076552 -0.0647273317417 4.66268624178 2.92974681997 0 0.278
609 6.42144203186 27.617035 116.21759 -0.13548047 24.8853080831 115.871847538 -0.0542781790913 2.7535195294 4.65254855586 0 0.306
612 6.40748810768 29.732468 115.90829 -0.14344069 26.1854959302 115.112262516 -0.075058689444 3.63519884177 3.91800002652 0 0.41
615 6.44836592674 31.744289 115.6014 -0.14068963 27.6901174469 114.700362078 -0.148323219989 4.15309238014 -0.43737248889 0 0.454
618 6.48771905899 33.87565 115.27561 -0.13567301 29.7987796139 114.946090998 -0.111769873129 4.09016563445 1.36954885981 0 0.438
621 6.40262794495 35.936054 114.9269 -0.14240112 32.8925455235 114.141679972 -0.0897341594027 3.14316947337 3.01759456201 0 0.54
624 6.40785002708 38.113735 114.67885 -0.14674677 34.2398547321 114.673262261 -0.127962324618 3.87388429786 1.07626944088 0 0.518
627 6.43956398964 40.163768 114.30534 -0.14012204 36.7514210348 114.285457838 -0.0878090679668 3.41240488675 2.99731251129 0 0.57
630 6.39368987083 42.346763 113.98058 -0.16006212 39.1214681048 114.341953034 -0.0815633582115 3.24547648751 4.49764774748 0 0.636
633 6.42016601562 44.341947 113.67079 -0.15507802 40.8802372311 114.434276695 -0.116345003244 3.54490429462 2.21923838791 0 0.586
636 6.38942098618 46.544067 113.30502 -0.15009707 43.0039413284 114.381263863 -0.0775779458044 3.70010683937 4.15503975039 0 0.604
639 6.42523407936 48.557097 112.97025 -0.14631805 45.3270053716 114.489431752 -0.0923900039713 3.56951048792 3.08984943483 0 0.582
642 6.39851593971 50.586062 112.64729 -0.14866611 47.6048067353 114.081874818 -0.0806860181809 3.30846135755 3.89497235214 0 0.582
645 6.39938998222 52.747394 112.3225 -0.14488479 50.2077204587 114.175977586 -0.0607829046815 3.14409301065 4.81868307784 0 0.63
648 6.57521605492 54.919709 111.95097 -0.14565598 51.6187546059 113.652725872 -0.0565169027971 3.71379495387 5.10729291342 0 0.6
651 6.57356905937 56.9199 111.70562 -0.14317608 53.3645504392 113.881148849 -0.0759853657167 4.16814542357 3.8497443509 0 0.556
654 6.50077295303 58.963864 111.32719 -0.14485493 56.3242904952 113.55901184 -0.0691034868911 3.45664244775 4.34023798216 0 0.56
657 6.51434588432 61.070196 111.0267 -0.15209978 57.5609734523 112.092589532 -0.119038939955 3.66752823899 1.89424660171 0 0.492
660 6.37096500397 63.25691 110.67843 -0.1447313 60.1967382993 111.788893245 -0.119558788106 3.25542308397 1.44227869127 0 0.594
663 6.55348682404 65.338645 110.4192 -0.14848438 61.3613928936 111.548166494 -0.133037970945 4.13438020298 0.885014047492 0 0.59
666 6.37192988396 67.412523 110.08404 -0.1445869 63.3947892876 111.353104721 -0.107233586911 4.21339642695 2.14018719083 0 0.684
669 6.60364222527 69.507235 109.73429 -0.15139682 66.0097745776 110.779521304 -0.115234672649 3.65030654678 2.07193842134 0 0.716
672 6.37574911118 71.647859 109.39116 -0.14906575 67.8150582202 111.434359581 -0.116006544855 4.34338880879 1.89415292889 0 0.696
675 6.43484997749 73.702975 109.06139 -0.1559357 70.2467036381 111.686156232 -0.0871540678815 4.33995501127 3.94089722841 0 0.626
678 6.34289193153 75.754203 108.72815 -0.15045699 72.1123064182 109.992870785 -0.117019073731 3.85524699304 1.91585147795 0 0.602
681 6.45794296265 77.860742 108.43703 -0.15243836 74.6024893751 109.271118103 -0.147951339858 3.36331876738 0.25708731674 0 0.646
684 6.51253294945 79.97813 108.08555 -0.15170568 75.8050286812 109.311927866 -0.157797315658 4.34957208094 -0.349025013534 0 0.6
687 6.5174779892 82.120618 107.73965 -0.14888428 78.2505610458 108.895360238 -0.136099165342 4.03893636772 0.732533110512 0 0.67
690 6.37525582314 84.192494 107.42985 -0.14593359 80.5276123755 109.07633869 -0.151420241033 4.01774592618 -0.314361947846 0 0.618
693 6.50499391556 86.28045 107.15458 -0.15823172 82.0328352945 108.930190574 -0.126421070642 4.60380533868 1.8226159518 0 0.562
696 6.42184495926 88.385341 106.75858 -0.15035877 84.5255941162 108.575042609 -0.110557760371 4.26581556281 2.28042987209 0 0.594
699 6.4245288372 90.512184 106.42958 -0.15443508 87.0930351496 108.577686479 -0.103559425668 4.03793763042 2.91496027321 0 0.676
702 6.38335585594 92.541412 106.11165 -0.15857271 89.4916104669 108.097665378 -0.0927204519613 3.63944315406 3.77305645702 0 0.686
705 6.40956306458 94.624435 105.7799 -0.14991569 90.7405109213 107.952750067 -0.0924874801688 4.45040938145 3.29039404832 0 0.628
708 6.55168485641 96.812614 105.41142 -0.16008539 92.9442115703 107.0992977 -0.128098491631 4.22060048918 1.83271427628 0 0.6
711 6.49182891846 98.833392 105.05687 -0.15857643 94.8592255639 106.992141824 -0.151183689941 4.42032531533 0.423572804446 0 0.596
714 6.41278886795 100.9283 104.72764 -0.15390186 96.4644551628 107.070248171 -0.129128307684 5.04120261159 1.41941999128 0 0.398
717 6.52370619774 103.02648 104.38009 -0.15580909 98.4922376422 106.958057123 -0.131912035734 5.21586696999 1.36920035225 0 0.526
720 6.53732204437 103.56436 104.3046 -0.21764658 99.2470255411 106.156325392 -0.171396240204 4.69768706454 2.64994927133 0 0.528
723 6.45188593864 103.46604 104.39779 -0.32798619 99.6877135668 106.884581262 -0.318108345787 4.52326004284 0.565958784076 0 0.498
726 6.49300694466 103.43166 104.43448 -0.46455789 98.9934370108 106.630096558 -0.425065407907 4.95162148923 2.26275254645 0 0.46
729 6.57061815262 103.35806 104.51276 -0.60050128 99.131418526 106.606377713 -0.537912877014 4.71675028769 3.58605133756 0 0.38
732 6.4172039032 103.30537 104.5712 -0.75278089 100.632142753 106.19113214 -0.628493492529 3.12575175778 7.12114332174 0 0.314
735 6.54545497894 103.24477 104.73622 -0.88717849 99.6292970239 106.239778294 -0.763317655222 3.91565222959 7.09670307974 0 0.284
738 6.50612521172 103.11543 104.83266 -1.0218313 100.235124271 106.432613438 -0.880099057246 3.29484629338 8.12065933073 0 0.244
741 6.46797204018 103.3336 104.43355 -1.1359167 100.135010923 106.811215178 -1.07931986719 3.98550671605 3.24275965388 0 0.282
744 6.42975401878 104.18264 102.5184 -1.1499809 101.575903699 104.979122899 -1.08087476239 3.58472193158 3.95949002347 0 0.402
747 6.65562105179 105.02068 100.61649 -1.1544373 102.682025984 102.938843793 -1.07151550942 3.2958503829 4.7510686299 0 0.386
750 6.69054889679 105.97315 98.645528 -1.1675657 103.662028073 101.58118924 -1.04969894889 3.73622690391 6.75326738354 0 0.406
753 6.50999903679 106.66644 96.709247 -1.154133 104.622822328 98.9865169753 -1.09218340018 3.05979275927 3.54945061204 0 0.474
756 6.4688680172 107.65453 94.805864 -1.1707179 105.515683248 96.8548677746 -1.12757821777 2.96193887486 2.47172172156 0 0.53
759 6.43190407753 108.36584 92.821603 -1.1639211 105.580028033 95.0947724419 -1.08774358715 3.59555943161 4.36464998014 0 0.462
762 6.55185604095 109.18739 90.932737 -1.1605274 107.086124961 93.0805375723 -1.11592320958 3.00472329245 2.55563185974 0 0.444
765 6.42813301086 110.00551 88.971931 -1.1631703 108.166623917 90.6510926977 -1.1256872329 2.49019799107 2.14762154781 0 0.52
768 6.54476499557 110.83946 87.051439 -1.1600004 108.897055688 89.4703842264 -1.11612092363 3.10229439571 2.51410880353 0 0.52
771 6.49925303459 111.68317 85.129972 -1.1502451 110.730994613 86.9071445091 -1.12242071017 2.01617957891 1.59422010479 0 0.582
774 6.56420016289 112.49307 83.177328 -1.1488654 111.475765434 85.7961693069 -1.11774110366 2.80949076731 1.7832908208 0 0.558
777 6.51487398148 113.40329 81.226755 -1.149046 112.111501874 83.7052088609 -1.10103475816 2.79489715424 2.75084152656 0 0.556
780 6.62231898308 114.20236 79.347389 -1.1522317 112.004976005 81.8570739635 -1.14051617747 3.335718069 0.671249995475 0 0.45
783 6.60024785995 115.10134 77.33273 -1.146946 113.637595536 80.0657172901 -1.12010648849 3.10028504892 1.53779073353 0 0.422
786 6.43708300591 115.87569 75.433999 -1.1405871 113.480231513 78.1679151243 -1.11242349673 3.6349028509 1.61365560302 0 0.334
789 6.48065686226 116.74641 73.521868 -1.1514597 114.477554651 75.8473614456 -1.12267270251 3.24894203716 1.64937346119 0 0.44
792 6.52726101875 117.66191 71.592443 -1.1472421 115.83743469 74.3950638948 -1.12590248144 3.34415819583 1.22267007999 0 0.374
795 6.50242090225 118.47567 69.543126 -1.1411103 116.600112433 71.9346325639 -1.11289404548 3.0392465898 1.61667229783 0 0.458
798 6.50343084335 119.32773 67.660396 -1.1493947 116.989654329 69.9658833391 -1.1314545041 3.28357575155 1.02789750881 0 0.466
801 6.46082615852 120.23613 65.736718 -1.1477983 118.937575339 68.978328189 -1.11484924962 3.49203104602 1.88784152587 0 0.45
804 6.46169495583 121.05504 63.851108 -1.1435448 119.964529613 66.6572571913 -1.11083427496 3.01059565338 1.87417503053 0 0.516
807 6.48744988441 121.9387 61.889647 -1.1416966 120.33900975 64.5187790777 -1.12960090886 3.0775549352 0.693032052709 0 0.596
810 6.42411899567 122.75206 59.947854 -1.134592 121.041764797 62.8041632484 -1.10431855299 3.32920594214 1.73454074508 0 0.588
813 6.48078489304 123.61313 58.017737 -1.1345099 123.02268296 61.1472390041 -1.09035014506 3.18471513653 2.53016758213 0 0.512
816 6.68371701241 124.50226 56.14403 -1.1250591 123.269745012 59.307435551 -1.12964049923 3.39502987837 -0.262494840393 0 0.572
819 6.47399497032 125.37031 54.195354 -1.1346431 123.549011448 58.0815804117 -1.12091244526 4.29183924904 0.786708566272 0 0.478
822 6.51145410538 126.19009 52.293812 -1.120627 124.977013489 55.9050482369 -1.11850464613 3.80953826323 0.121601919171 0 0.452
825 6.50445795059 127.09539 50.434417 -1.1252352 125.97998197 54.4433420785 -1.12049642628 4.16120359501 0.271511734002 0 0.614
828 6.49214196205 127.94916 48.435924 -1.125081 126.916776214 51.9697410001 -1.0989269717 3.68153213642 1.49851543863 0 0.63
831 6.60761404037 128.83417 46.49897 -1.1135569 127.309789879 49.6366643259 -1.13312569707 3.48838937543 -1.12120948227 0 0.568
834 6.47465109825 129.69028 44.561049 -1.1141866 127.792678025 47.329834505 -1.13449278261 3.3566451148 -1.16345856142 0 0.542
837 6.43097805977 130.6504 42.689185 -1.1179531 129.054134329 45.4489313787 -1.12516308743 3.18814431386 -0.41310185025 0 0.548
840 6.39522719383 131.56218 40.752166 -1.1133477 130.200775074 43.3425807355 -1.11238690902 2.92637521079 0.0550492681483 0 0.432
843 6.43871617317 131.80181 39.159633 -1.0655485 131.75455571 42.2806534043 -1.10504979429 3.12137811428 -2.26325744824 0 0.418
846 6.53052687645 89.526265 39.287264 -0.26055386 132.29738084 41.156173542 -1.10704609364 42.8119279298 -48.5004323782 0 0.514
849 6.44572091103 49.129117 22.860079 0.57174269 133.842343036 39.9014162528 -1.07473629924 86.4102878183 -94.3362971406 0 0.346
852 6.72606015205 45.693587 19.436118 1.0035584 135.306930048 39.4235863927 -1.0298197345 91.8153045252 -116.503985261 0 0.092
855 6.43842506409 46.841947 21.209275 1.0214136 132.675827079 39.9680017369 -1.11251704736 87.8598019473 -122.265219867 0 0.024
858 6.57914996147 48.00008 22.972907 1.0079248 80.1122349581 136.388163917 -2.58280109877 117.87370783 154.266560612 0 0.012
861 6.48539996147 49.170996 24.731115 1.014741 39.9746173499 89.196933463 1.99677060832 65.1184699634 56.2661519136 0 0.012
864 6.59152793884 50.349541 26.532036 1.0144485 38.7670290505 92.8411489394 1.77022633721 67.313097105 43.3028803219 0 0.016
867 6.49332904816 51.518278 28.351001 1.0069992 116.776940787 58.315167449 -0.760738865789 71.809082571 -101.283930454 0 0.014
870 6.47255802155 52.642563 30.101924 1.0170679 35.9453468511 98.0700966582 1.70723390713 69.9890671577 39.5435993718 0 0.026
873 6.52259588242 53.80357 31.912095 1.0183648 36.1734006751 97.6055688384 1.72812460983 68.0180518346 40.6662415715 0 0.012
876 6.43608403206 54.946688 33.671099 1.0064723 36.8297637348 101.713376114 1.69125319243 70.4128853243 39.2350550276 0 0.028
879 6.54943418503 56.161659 35.476636 1.0152563 36.1666978815 104.897715357 1.68572755959 72.2432331029 38.4151734591 0 0.026
882 6.48076319695 57.333476 37.252395 1.017552 91.1006271857 49.9979027277 3.13801249739 36.0924987557 121.493437125 0 0.026
885 6.4257080555 58.434052 39.044555 1.0099164 87.1023950824 47.4160807926 2.97609544726 29.8656381011 112.653761175 0 0.02
888 6.50810408592 59.558673 40.733157 1.0155176 35.8250333812 109.055253418 1.6917941953 72.3269970934 38.747794694 0 0.012
891 6.39620304108 60.829575 42.673596 1.0256616 56.5119844721 136.524701671 3.05674312335 93.9503678739 116.372399135 0 0.01
894 6.52890300751 61.938983 44.298725 1.0235902 79.0793881945 51.0631042445 2.98535556888 18.4268911321 112.400876032 0 0.018
897 6.4822280407 63.08776 46.123861 1.0214801 34.9819148904 115.496213594 1.84785397758 74.8495947469 47.3477354853 0 0.01
900 6.63326501846 64.233274 47.872937 1.026201 74.2308983896 50.5038453681 3.04144637195 10.3379965311 115.465054496 0 0.012
903 6.51677703857 65.367062 49.701179 1.0288308 73.0989678205 49.5188306824 2.99026294306 7.73405576176 112.381783599 0 0.006
906 6.6433300972 66.47055 51.411163 1.0247772 14.8118139752 68.2329630953 1.93049095363 54.328610935 51.8935755299 0 0.012
909 6.53436398506 67.601685 53.206336 1.0345375 102.181323274 54.8497516315 1.69603491444 34.6186683463 37.9010100063 0 0.004
912 6.43757891655 68.713633 54.989386 1.0321621 145.583883504 80.1851061204 1.42806909246 80.8941266401 22.6837997478 0 0.01
915 6.61150217056 69.889939 56.860516 1.0335194 77.8927265365 80.3401639148 -1.6029184813 24.8060169023 -151.056763547 0 0.014
918 6.47433710098 70.97178 58.665246 1.0279054 20.4875619548 62.1033542012 2.55212770275 50.6011547263 87.3315049875 0 0.004
921 6.60302495956 72.083269 60.388926 1.0348295 25.4540114005 54.2758906675 -1.71152316976 47.0282560304 -157.354417032 0 0.006
924 6.45916700363 73.21006 62.180545 1.0389104 70.6907751305 64.0538390324 1.31593529222 3.13943096524 15.8723571443 0 0.014
927 6.52548980713 74.211219 63.966291 1.0279221 71.4594776199 65.7522991049 1.02038725434 3.28053434274 -0.431714855368 0 0.02
930 6.46468806267 75.394113 65.876292 1.0355825 74.0347240331 68.0229245391 1.15649357602 2.54086001611 6.92769435237 0 0.008
933 6.48386001587 76.475569 67.55587 1.0353462 73.7464425835 68.8717525433 0.979189417661 3.02979832081 -3.21754661906 0 0.018
936 6.57816410065 77.652303 69.425792 1.0395167 74.5181770946 69.7118328216 1.16732893042 3.14715181434 7.32310137325 0 0.052
939 6.54210090637 78.72098 71.209083 1.0347632 74.602991773 72.4121638741 1.12913300887 4.29013177275 5.40699176183 0 0.054
942 6.42615485191 79.923618 73.070281 1.0406815 77.2111974131 73.7684665885 1.10332763738 2.80083711709 3.58935927454 0 0.134
945 6.46629810333 80.886825 74.813727 1.0240856 79.6004897187 75.8459994467 1.01643853764 1.64931648268 -0.43814439916 0 0.15
948 6.36939311028 82.003807 76.66259 1.0354781 80.047459018 78.2085390991 1.03489137344 2.49344260883 -0.0336169554725 0 0.182
951 6.41429805756 83.149971 78.458347 1.0359732 81.047115506 79.897921534 1.0114310054 2.5484065742 -1.40616417057 0 0.29
954 6.43478488922 84.209192 80.07724 1.046865 81.9027012063 80.7742413403 1.02064688711 2.4095042332 -1.50218721565 0 0.348
957 6.42958784103 84.421821 80.346791 1.1291589 81.373694373 80.3357882911 1.10746227096 3.04814648495 -1.24312527389 0 0.294
960 6.42789411545 84.549549 80.462185 1.2384433 81.5199669834 80.8432923028 1.20036123371 3.05345869 -2.18194167347 0 0.33
963 6.53326511383 84.477315 80.645515 1.377415 81.8001352202 81.2147624092 1.34424233371 2.73703017638 -1.90065377374 0 0.312
966 6.39310503006 84.491575 80.745704 1.5042297 82.7451337971 79.8973324265 1.49033711096 1.94159501495 -0.79598671875 0 0.248
969 6.42453694344 84.58151 81.604236 1.6242617 80.970750659 83.1336672746 1.5741633212 3.92131904365 -2.8704256657 0 0.26
972 6.40433597565 84.52138 83.606555 1.6450761 81.2466448107 83.5856963312 1.63564036257 3.27480161904 -0.540627931116 0 0.398
975 6.45800900459 84.450105 85.633891 1.6510189 80.7516737914 86.9951104826 1.60128334247 3.94097854407 -2.8496375381 0 0.376
978 6.49508094788 84.288283 87.799076 1.6553182 80.8823899755 87.8852124355 1.60343479559 3.40698206332 -2.97270009942 0 0.394
981 6.51732087135 84.219899 89.940013 1.6574582 81.0027268091 90.478312062 1.60251853195 3.26189558172 -3.14781110715 0 0.444
984 6.43673205376 84.085061 91.960688 1.6559816 80.4913738972 93.1055170171 1.60675181172 3.77163366078 -2.82065909471 0 0.464
987 6.43590497971 83.972707 94.061302 1.6546883 80.1543706732 95.1002273357 1.66220648857 3.95715278418 0.430760474577 0 0.396
990 6.5152130127 83.850194 96.236204 1.650278 80.395820195 95.9270240645 1.72204523833 3.4681826101 4.11195986345 0 0.252
993 6.5524790287 83.742141 98.372522 1.653672 79.8845479758 98.9966614815 1.67481850772 3.90775818502 1.21160564361 0 0.424
996 6.49247694016 83.558608 100.37046 1.6603574 80.0902182422 101.199016411 1.67182174263 3.56598278723 0.65685844756 0 0.438
999 6.50044393539 83.448658 102.54165 1.6520527 79.7264277123 102.574981675 1.64086858589 3.72237952326 -0.640802535975 0 0.418
1002 6.45788812637 83.308795 104.69204 1.6576029 80.1211784966 104.995274463 1.65512797157 3.2020072006 -0.141802953496 0 0.51
1005 6.47398710251 83.194681 106.76107 1.661421 78.9781007989 107.81516643 1.67276759997 4.3463395951 0.650112289818 0 0.498
1008 6.54587697983 83.066158 108.84686 1.6653468 78.721413896 109.437412257 1.68924979915 4.38469534829 1.36954096923 0 0.462
1011 6.5861928463 82.920912 111.09751 1.6564676 78.7083483006 111.636138666 1.67589007502 4.24685928205 1.11282584644 0 0.588
1014 6.43242502213 82.798446 113.12029 1.6519674 78.0904480667 113.55442461 1.66285807609 4.72797180614 0.623989775721 0 0.63
1017 6.42648696899 82.725101 115.25424 1.6521864 78.834996808 116.147459087 1.66835184047 3.99133448377 0.926211512627 0 0.558
1020 6.44471406937 82.605874 115.888 1.7134215 79.1141705978 117.324412548 1.73397581146 3.77561566598 1.17767529753 0 0.584
1023 6.66010093689 82.650086 115.98425 1.8265292 78.7217068054 117.638713055 1.8467675971 4.2625592191 1.15957473801 0 0.54
1026 6.42042088509 82.697137 116.16336 1.9516157 78.5000975643 116.739709676 1.97267905012 4.23642761926 1.20684106404 0 0.502
1029 6.55676102638 82.611261 116.28116 2.0730733 78.4395349634 117.208399627 2.0970618212 4.27353149645 1.37444102143 0 0.526
1032 6.53254508972 82.517518 116.45008 2.1971216 78.9188968035 116.531781113 2.24239195688 3.59954852559 2.5938003863 0 0.502
1035 6.59932112694 82.418538 116.4581 2.3123831 78.2799717287 116.430860026 2.34601495962 4.13865591688 1.92696361332 0 0.476
1038 6.49679803848 82.414024 116.83182 2.4679277 78.5553860642 115.415056268 2.52082839112 4.11051167043 3.03098633457 0 0.412
1041 6.54520201683 82.282962 116.94587 2.5874118 78.6187437543 115.934407637 2.63318980807 3.80125656375 2.62288665707 0 0.332
1044 6.46469187737 82.208722 116.96752 2.707272 78.500613444 115.562281688 2.75288914514 3.96544622678 2.61366988978 0 0.326
1047 6.48663592339 82.043289 117.20312 2.8493508 78.0739625523 117.721801967 2.88137963291 4.00307174948 1.83511694862 0 0.29
1050 6.45741796494 81.832352 117.28824 2.9891727 78.179889691 117.245760675 3.0125180147 3.6527093248 1.33758800395 0 0.276
1053 6.53248405457 81.142386 117.29523 3.0875315 78.6166459179 117.105903261 3.11095750228 2.53282600596 1.34221106175 0 0.272
1056 6.51850390434 79.131234 117.37152 3.1037602 75.1507333161 116.291458222 -3.12881590898 4.12442955312 2.89969346123 0 0.444
1059 6.47674608231 77.094643 117.50841 3.1079346 74.267453541 117.518270228 -3.10592556147 2.82720665342 3.97203826349 0 0.362
1062 6.63701200485 74.899205 117.59033 3.115912 72.0727490863 117.567336621 -3.12407144792 2.82654943839 2.47528420244 0 0.478
1065 6.64569807053 72.824078 117.69503 3.116944 69.2614542401 116.740059766 -3.12772315055 3.68839480015 2.20692780956 0 0.568
1068 6.59483098984 70.711208 117.83017 3.1174699 68.4377107451 116.91381726 -3.09969367341 2.45122257493 3.78276670099 0 0.526
1071 6.56382894516 68.550781 117.88294 3.1169773 65.6906319379 117.377871074 -3.12661554954 2.90440136297 2.26848072328 0 0.566
1074 6.53525900841 66.454241 117.99143 3.11617 63.736319356 116.926035094 -3.13279569267 2.91927463055 1.96063948803 0 0.534
1077 6.4663541317 64.352032 118.06903 3.1139299 60.888846845 117.678610953 3.13469684228 3.48512244401 1.18985814613 0 0.59
1080 6.53374004364 62.204954 118.16997 3.1178991 59.8152255236 117.528304783 3.1296230841 2.47437597005 0.671734808232 0 0.604
1083 6.6948890686 60.134729 118.2293 3.1166836 56.8748568382 117.209814819 3.12162335885 3.41556972494 0.283027333885 0 0.678
1086 6.60479998589 58.034017 118.36643 3.1239361 55.0424650524 117.551436871 3.12746856148 3.10058008358 0.202395133829 0 0.662
1089 6.50331497192 55.858025 118.47896 3.1251128 52.6907040689 116.87795376 3.13848738278 3.54896363215 0.766307145785 0 0.678
1092 6.43810200691 53.766425 118.55 3.1243401 50.6800369197 117.017194402 -3.12586921543 3.44605345027 1.88938515226 0 0.606
1095 6.48465704918 51.628528 118.603 3.1187628 48.3935264251 117.063065221 -3.1346547005 3.58282490688 1.70556968792 0 0.65
1098 6.59470200539 49.494235 118.64783 3.1200968 46.870736154 117.01352844 3.13159263355 3.0909040397 0.65866274445 0 0.632
1101 6.52770996094 47.379245 118.80828 3.1260538 44.9940923597 117.286640528 3.12998125331 2.82919419633 0.225026498745 0 0.608
1104 6.42955303192 45.313934 118.87713 3.1250737 42.3188795909 117.423946209 3.1390473957 3.32897792792 0.800633787913 0 0.42
1107 6.43290400505 43.229975 118.9845 3.131291 41.7868052601 117.478626574 -3.13831068775 2.08575973506 0.778284063983 0 0.394
1110 6.48764300346 41.038059 119.03542 3.1300111 38.9556862996 117.472222063 3.12787429313 2.60381716966 -0.122430015419 0 0.476
1113 6.43925023079 38.877743 119.09254 3.1262084 36.5607267209 117.725797572 3.11820371622 2.69008351231 -0.458634597102 0 0.466
1116 6.40211391449 36.866989 119.17866 3.1252668 34.1892686213 118.702861635 3.08825812889 2.71966367598 -2.12044065977 0 0.472
1119 6.52218794823 34.67231 119.25843 3.1314701 32.5890055954 118.719395424 3.08485403318 2.15190973708 -2.67090388654 0 0.516
1122 6.520373106 32.567479 119.34722 3.1353596 30.9124714941 118.268982216 3.08757183375 1.97525860695 -2.7380373186 0 0.386
1125 6.4406747818 30.502201 119.36971 3.1349527 27.7887562564 117.943909919 3.12591194816 3.06523869322 -0.517996924075 0 0.378
1128 6.48728895187 29.15421 119.31018 -3.13185 26.4609938996 117.881576596 -3.11969608731 3.04865882813 0.696367901958 0 0.376
1131 6.46326494217 28.938717 119.39146 -3.028318 26.5724801353 117.540624038 -3.00467513722 3.00410896242 1.35463625302 0 0.326
1134 6.50898003578 28.80706 119.32785 -2.9089456 26.5693920184 117.899686446 -2.88532016488 2.65458266636 1.35363772142 0 0.304
1137 6.48939108849 28.607415 119.34948 -2.7753086 26.816664654 117.141975329 -2.75832978001 2.84251010129 0.972814726609 0 0.296
1140 6.4563369751 28.309413 119.3977 -2.6319404 26.9621150074 116.760328918 -2.62284418349 2.96157696292 0.521174815459 0 0.25
1143 6.43524479866 28.176965 119.31562 -2.5155106 25.6754134339 117.643052346 -2.47591630183 3.00919304722 2.26858617802 0 0.266
1146 6.53199195862 28.13257 119.1422 -2.3876282 25.8249868958 117.693862831 -2.41418110876 2.72444863011 -1.52136960574 0 0.262
1149 6.41849589348 28.071656 119.10664 -2.2643471 25.654865634 118.68838954 -2.21300758761 2.45271464316 2.94153738216 0 0.218
1152 6.43615794182 27.847582 119.05477 -2.1225081 25.4085144739 118.813057111 -2.13032570897 2.45101520139 -0.447916000119 0 0.176
1155 6.47625494003 27.651134 118.95518 -2.0012288 25.1968431731 118.897838583 -2.00693043408 2.45496059054 -0.326679569336 0 0.144
1158 6.52156591415 27.585975 118.8068 -1.8653126 26.0967277 118.056677804 -1.96603902257 1.6674953762 -5.77119889882 0 0.12
1161 6.4704580307 27.545652 118.66047 -1.7395281 25.5755837702 117.820945672 -1.77990332708 2.14148778353 -2.31333010837 0 0.094
1164 6.42765593529 27.426878 118.54472 -1.6078392 26.1896322137 118.964350477 -1.55571251898 1.30647115277 2.98663882221 0 0.074
1167 6.48370599747 27.408113 118.27266 -1.4907581 25.6425638767 117.517211483 -1.4629658149 1.92038177695 1.59238063938 0 0.054
1170 6.43628907204 27.619078 117.43976 -1.368489 27.1626506466 117.080584957 -1.36849579259 0.580803443897 -0.000389186547215 0 0.096
1173 6.74195289612 28.00462 115.50954 -1.3464267 26.6209554142 116.456010158 -1.33606700678 1.67640491689 0.593566698276 0 0.052
1176 6.4925057888 28.352772 113.43776 -1.3439724 25.9838518379 113.441650874 -1.35252453125 2.36892335745 -0.490001026262 0 0.066
1179 6.47093296051 28.777386 111.37552 -1.3470791 26.6222497345 110.947556688 -1.38176870758 2.19721754023 -1.9875681072 0 0.122
1182 6.45917487144 29.292879 109.18718 -1.3487141 26.2777509108 109.786762582 -1.37225615046 3.0741660115 -1.34886013229 0 0.056
1185 6.4672369957 29.664866 107.14961 -1.3582731 26.7642880091 107.292642144 -1.38690157588 2.90410242165 -1.64029084194 0 0.16
1188 6.3871178627 30.155372 105.1583 -1.3627181 27.6133670699 105.98915408 -1.43160176967 2.67434245518 -3.94674354918 0 0.242
1191 6.49107098579 30.584999 103.08809 -1.3538609 26.9086984329 103.841931785 -1.40170317681 3.75279406534 -2.7411605434 0 0.31
1194 6.50787901878 30.932942 101.04272 -1.3388863 28.3908690552 101.136035452 -1.3769275188 2.54378509907 -2.17960128496 0 0.3
1197 6.47784900665 31.46397 98.886394 -1.3633561 29.8609248804 98.937520132 -1.43161364882 1.6038601987 -3.9108694675 0 0.36
1200 6.43402099609 31.761459 96.890841 -1.3338862 30.7219612228 97.0709280665 -1.36474173082 1.05498198108 -1.76789169049 0 0.262
1203 6.42676901817 32.148779 94.808879 -1.340085 30.4232265784 94.9506741106 -1.35737846291 1.73136853761 -0.990842437726 0 0.26
1206 6.44817996025 32.63242 92.742465 -1.3409888 31.2299759944 92.7941336616 -1.32625484847 1.40339546793 0.844193238016 0 0.374
1209 6.50506091118 33.223163 90.635151 -1.3443959 31.3451860361 91.1851749872 -1.28660850806 1.95686582668 3.31097366722 0 0.276
1212 6.533411026 33.480467 88.544154 -1.3400822 31.633401082 88.9913410545 -1.34066274454 1.90042857455 -0.0332627518971 0 0.334
1215 6.56120705605 33.996344 86.523674 -1.3537744 32.2960466949 86.6146212685 -1.34393593784 1.70272790875 0.563702358451 0 0.53
1218 6.53336811066 34.391099 84.502242 -1.3500462 32.1345587952 84.5768384341 -1.34428499352 2.25777286808 0.330092816093 0 0.528
1221 6.44319009781 34.871654 82.311763 -1.3462417 33.4201370381 83.1507340687 -1.34558404093 1.67653629394 0.0376810888149 0 0.482
1224 6.44705891609 35.319079 80.358924 -1.358939 34.5029402652 80.7471581048 -1.33882350943 0.903774393689 1.15253271222 0 0.604
1227 6.51876807213 35.776446 78.250756 -1.3606991 33.9307693835 78.0736863704 -1.32724157455 1.85415097186 1.91697500103 0 0.562
1230 6.41326093674 36.167733 76.160289 -1.3496683 34.7892702657 76.921240626 -1.34995264235 1.57454974097 -0.0162916166501 0 0.48
1233 6.44583201408 36.593873 74.026216 -1.3452321 34.6013562513 74.84001703 -1.37041111363 2.15229995825 -1.4426512131 0 0.59
1236 6.42682814598 37.096668 72.068535 -1.358637 35.0967268824 72.34687459 -1.39476365694 2.01921702675 -2.06990497055 0 0.618
1239 6.57389092445 37.456761 70.030489 -1.3570922 35.4832442547 70.0378243261 -1.39477872805 1.97353037755 -2.15927900195 0 0.608
1242 6.5450899601 37.942935 67.912468 -1.3598503 35.6430682861 68.318498805 -1.39288342826 2.33543313253 -1.89265883321 0 0.67
1245 6.52012991905 38.381728 65.750541 -1.3597279 37.3018025586 65.2556703949 -1.36243253897 1.18791240202 -0.154964398024 0 0.628
1248 6.43130588531 38.78715 63.709446 -1.3638712 37.6139370349 63.2874421642 -1.35706848837 1.24680226933 0.389766665757 0 0.676
1251 6.75470995903 39.284372 61.704874 -1.358189 37.8780597599 61.640091077 -1.35814197497 1.40780358844 0.00269433560334 0 0.634
1254 6.45272803307 39.616785 59.610797 -1.3616912 38.1330710276 59.5953627921 -1.36862671244 1.48379424679 -0.397375591407 0 0.702
1257 6.42665481567 40.0981 57.483375 -1.3627524 38.9799917103 58.2275105065 -1.33206666912 1.34309485871 1.75816287086 0 0.648
1260 6.43472003937 40.478176 55.366289 -1.371191 39.5186802072 56.6201337756 -1.32289653098 1.57884733198 2.76706924868 0 0.568
1263 6.47508716583 40.927924 53.368372 -1.3697355 40.5391389804 53.8541752124 -1.32950134555 0.622220662322 2.30524724213 0 0.634
1266 6.53297686577 41.311773 51.24524 -1.3687118 40.7594698232 51.4038844936 -1.34375906181 0.574636297522 1.42968658586 0 0.698
1269 6.41901111603 41.752813 49.127024 -1.3690442 40.8650354292 50.3405875916 -1.33429319085 1.50362415721 1.99108615828 0 0.648
1272 6.48591208458 42.124468 46.999249 -1.3746445 41.4830484869 47.7929106451 -1.35298527311 1.02044980216 1.24098228832 0 0.682
1275 6.42776203156 42.489069 45.000812 -1.3756167 41.5029047902 45.966115941 -1.3722488579 1.37997519802 0.192963138159 0 0.698
1278 6.41458487511 42.919623 42.847052 -1.3693623 41.4954379621 43.8012574599 -1.37344906907 1.71429608928 -0.234154619505 0 0.636
1281 6.4047088623 43.26925 40.76156 -1.3849404 43.0528717875 42.06462436 -1.34041316393 1.32090736132 2.55122270026 0 0.546
1284 6.51307296753 43.723057 38.666685 -1.382086 43.7807332189 38.7970966398 -1.33895272696 0.142596430586 2.47135450199 0 0.548
1287 6.4577858448 44.069109 36.638541 -1.3748634 44.3820638116 36.8222842485 -1.3381721865 0.362908108847 2.10225167905 0 0.57
1290 6.46028208733 44.48264 34.512889 -1.372972 43.6566383242 35.5478271221 -1.36685974813 1.32415092984 0.350206235586 0 0.528
1293 6.42299413681 44.660959 33.544964 -1.3339999 44.1737661546 34.1455397449 -1.31029746596 0.773335692962 1.35804943472 0 0.566
1296 6.35863304138 44.654294 33.324157 -1.2074321 44.5470776124 33.6407299484 -1.21334711386 0.334236122232 -0.33890532977 0 0.588
1299 6.44280695915 44.699557 33.107025 -1.0711259 43.8427923051 33.0768900615 -1.05648605473 0.857294498399 0.83880134693 0 0.518
1302 6.48721408844 44.829945 32.953901 -0.95914547 43.7264143464 32.4497693513 -1.02657017022 1.21323065518 -3.86315075779 0 0.496
1305 6.45154285431 44.914184 32.826307 -0.82117543 44.144598291 33.3986192365 -0.889251979968 0.959063845431 -3.90049899698 0 0.488
1308 6.45821499825 44.932468 32.690373 -0.70238554 43.4537057932 33.2906889952 -0.763719667498 1.59596897163 -3.51418664573 0 0.476
1311 6.5781018734 45.019913 32.619075 -0.56167342 42.8254898823 32.7278126244 -0.686155412729 2.19711553872 -7.13229280874 0 0.45
1314 6.50209307671 45.164806 32.47066 -0.44585332 42.7387506659 33.0442372934 -0.607595088013 2.49293710219 -9.26712067812 0 0.382
1317 6.40039300919 45.307079 32.373178 -0.30795343 42.8772862847 31.9582649036 -0.47404704058 2.46496359346 -9.51646289033 0 0.376
1320 6.54467606544 45.468859 32.25314 -0.19105128 43.3691777818 32.9038252788 -0.468948147201 2.19819301932 -15.9223176305 0 0.342
1323 6.90560483932 46.833289 32.057508 -0.10389315 44.7919934186 32.6222366576 -0.331330229248 2.11797216865 -13.0311847457 0 0.348
1326 6.4787299633 48.863767 31.868312 -0.084237935 46.6622360227 31.0119802562 -0.400398359955 2.36221140027 -18.114657999 0 0.344
1329 6.53807115555 51.033972 31.691587 -0.08198003 48.5497743696 30.8511355248 -0.391520610516 2.62251721621 -17.7353688516 0 0.28
1332 6.42976403236 53.111195 31.42619 -0.084122232 51.0868421461 33.6989553819 -0.0888152552166 3.04359441424 -0.268890423469 0 0.216
1335 6.44697403908 55.206155 31.249451 -0.082409142 53.8975582984 32.4318355406 0.0126312747653 1.76364920805 5.44541476381 0 0.298
1338 6.57845616341 57.287235 31.07162 -0.080297126 57.2414188714 33.0245922393 -0.0105720503236 1.9535095815 3.99495256249 0 0.358
1341 6.47987914085 59.516372 30.847745 -0.092608556 59.1035665786 33.5986551312 -0.0271846561021 2.78171078042 3.74851334343 0 0.4
1344 6.49704289436 61.567611 30.670937 -0.091677002 60.4788518583 33.2487321589 -0.0100153472865 2.79828954002 4.67886816314 0 0.532
1347 6.43438196182 63.68279 30.502969 -0.089332225 62.9366434477 32.3013358211 -0.0687785417264 1.94701255795 1.17763930503 0 0.396
1350 6.4527220726 65.773678 30.270465 -0.081918863 65.5984693429 31.9357527623 -0.0848337310208 1.67447944291 -0.16700963543 0 0.464
1353 6.42137694359 67.870787 30.052005 -0.080757136 67.711853324 31.8124318373 -0.0778939538413 1.76758664928 0.164048253669 0 0.53
1356 6.44106006622 69.978421 29.855203 -0.080851998 69.3355757494 31.8681974305 -0.0848610733817 2.1131485025 -0.229703099119 0 0.568
1359 6.43181800842 72.04312 29.748383 -0.089661546 70.1276669832 30.9251784475 -0.1151601893 2.2480675668 -1.46096464441 0 0.46
1362 6.89969110489 74.192216 29.503442 -0.097083695 72.4293429507 30.9225695202 -0.10538529176 2.26310501451 -0.475646457568 0 0.492
1365 6.43135213852 76.337484 29.313327 -0.092202589 75.1894262151 30.3857944559 -0.08581731304 1.57105796242 0.365849363532 0 0.582
1368 6.49758291245 78.469083 29.072242 -0.088851811 77.4687594351 29.9486026007 -0.0878718932374 1.32990794302 0.0561451520654 0 0.596
1371 6.44275212288 80.508884 28.860474 -0.08148585 79.223494525 29.796481062 -0.0881343126192 1.59007399914 -0.380928848329 0 0.566
1374 6.49493312836 82.648681 28.706332 -0.092016755 81.4226023631 30.255460991 -0.0612124586047 1.97561875234 1.76495617432 0 0.616
1377 6.44633197784 84.803463 28.469695 -0.089914919 83.836442122 30.4504166609 -0.0666911018905 2.20417505577 1.33062670456 0 0.63
1380 6.48706698418 86.909059 28.274418 -0.095059786 85.192836145 30.0029780181 -0.0599403614974 2.43584495077 2.01219480293 0 0.598
1383 6.47901105881 88.999768 28.069648 -0.093100738 86.9639674525 30.1859979703 -0.0514472127399 2.93656620327 2.38657119924 0 0.712
1386 6.4248290062 91.148907 27.8824 -0.087682683 89.4824990262 30.1095506532 -0.0720245230755 2.78156710635 0.897146478615 0 0.698
1389 6.43381214142 93.191686 27.680334 -0.085944106 90.8282032544 29.9208660903 -0.0675080843202 3.25669076462 1.05630623326 0 0.602
1392 6.42683601379 94.597595 27.536443 -0.026113958 93.0493938506 30.6401173722 -0.0598576018115 3.46838887776 -1.93336837579 0 0.708
1395 6.81394791603 66.734672 23.138609 0.64678418 94.7901606149 30.5998418264 -0.0178249160711 29.030680955 -38.0792962309 0 0.542
1398 6.55238199234 41.954155 8.6979942 1.5862633 97.7638193291 31.4738318533 0.0189858408631 60.2781669706 -89.7983837345 0 0.548
1401 6.46699690819 40.498777 7.6026468 1.6671323 99.8880440584 31.7113129682 0.00296743089816 64.0961217715 -95.3496234135 0 0.402
1404 6.45752000809 40.36551 9.5759073 1.6613912 101.786900292 31.2079157575 -0.0324723199963 65.1193594506 -97.051230767 0 0.456
1407 6.41283988953 40.15753 11.693798 1.6450717 102.209823692 30.5418780898 -0.0253217960545 64.8516559191 -95.70649745 0 0.45
1410 6.42734408379 40.017928 13.779826 1.6578436 102.914533179 29.7182549882 -0.0318124260015 64.8846396437 -96.8101591187 0 0.32
1413 6.39740514755 39.937066 15.922073 1.6651068 104.027296821 30.1415165287 0.00110468949474 65.6486881887 -95.3402980328 0 0.168
1416 6.46343612671 39.75755 17.953862 1.6630734 106.422385449 31.5563824232 0.00282846873403 68.0384365438 -95.1250275195 0 0.16
1419 6.45806002617 39.645384 20.177858 1.663423 108.364620858 29.4275144683 -0.0304980150932 69.338947635 -97.0545249934 0 0.136
1422 6.56670999527 39.526919 22.292671 1.6684735 111.230411096 32.0801738467 0.0440263719062 72.3684046439 -93.0739644819 0 0.18
1425 6.54039311409 39.303781 24.413998 1.6572417 112.370187088 32.549153674 0.074792679277 73.5178920835 -90.667650182 0 0.122
1428 6.59258198738 39.21094 26.55624 1.6661167 116.286321832 33.6307352827 0.0962848408573 77.3993731759 -89.9447400741 0 0.104
1431 6.40672302246 39.049874 28.673026 1.6660737 118.397903409 35.4261315945 0.108216500059 79.6348805884 -89.2586426407 0 0.08
1434 6.56557798386 38.816051 30.701859 1.6598041 119.892223536 34.5551975686 0.162161379694 81.1676904388 -85.808607092 0 0.15
1437 6.45640611649 38.695572 32.853799 1.6647394 122.649677992 35.0605989733 0.110508689973 83.9831047239 -89.0508600742 0 0.228
1440 6.53696799278 38.58982 35.008607 1.6723781 124.373114141 35.1970406584 0.115941644495 85.7835010993 -89.1772399807 0 0.168
1443 6.51788115501 38.393816 37.160762 1.6689022 126.721797768 35.7711268264 0.10121555139 88.3389124287 -89.8218285643 0 0.278
1446 6.40805411339 38.314928 39.264936 1.6781402 129.268969163 37.3245083924 0.145528125231 90.9747375001 -87.812203515 0 0.254
1449 6.54609489441 38.042909 41.445131 1.6601298 130.010654353 37.3724009632 0.119256715207 92.0578802455 -88.2855245239 0 0.172
1452 6.52950286865 37.893052 43.482766 1.6655679 135.873271974 26.9552948255 -0.0588246478817 99.364384009 -98.8004152174 0 0.106
1455 6.45780181885 37.737395 45.529248 1.6663309 137.980130196 27.3128325105 -0.0986898970959 101.884462765 -101.128242426 0 0.22
1458 6.50233697891 37.667375 47.706088 1.6735516 141.179092391 25.9277785458 -0.117004697359 105.777929645 -102.591318819 0 0.176
1461 6.48587703705 37.411337 49.793915 1.6717816 141.660173847 25.9811230948 -0.103224718701 106.9339471 -101.700370671 0 0.11
1464 6.4395210743 37.208006 51.943854 1.66906 138.262213713 36.270462741 0.2418541079 102.262447116 -81.7728741135 0 0.018
1467 6.57367706299 37.03196 53.963531 1.6741645 141.077838416 37.3862789547 0.152147440327 105.35819902 -87.2051538662 0 0.028
1470 6.37544083595 36.983983 56.143126 1.6856298 84.4388121971 64.3338037638 -2.7090318279 48.1564950589 108.204436333 0 0.02
1473 6.45551896095 36.720012 58.206076 1.6746777 134.494914745 72.5550765516 -0.0079553628732 98.8221909472 -96.4077729718 0 0.012
1476 6.61114788055 36.536888 60.398002 1.6787317 80.6144046882 65.4170806549 2.64631827014 44.3623559782 55.4386267827 0 0.01
1479 6.67168498039 36.401835 62.417273 1.6766351 138.546841195 55.6453282909 -0.098172555635 102.369241112 -101.688988115 0 0.008
1482 6.46660709381 36.239068 64.615141 1.6886647 126.019375293 114.138280789 2.12665614153 102.533140751 25.0950610625 0 0.008
1485 6.39718914032 35.99676 66.655908 1.678851 34.0453072317 67.0789451214 1.70296470419 1.99677948532 1.38161347835 0 0.024
1488 6.49209094048 35.830181 68.859683 1.6854848 33.0300684212 67.5489304892 1.64586238589 3.09171515482 -2.2701971029 0 0.034
1491 6.43266606331 35.575227 70.898859 1.683738 32.4496700771 70.9045992089 1.63092627952 3.12556219393 -3.02588869242 0 0.064
1494 6.47939991951 35.463169 73.006353 1.6935188 32.6835707126 73.8744055981 1.66928891404 2.9119893462 -1.38827020343 0 0.064
1497 6.45281291008 35.205801 75.07321 1.6913976 31.4458631848 74.4238256537 1.70868832263 3.8156038059 0.99068543126 0 0.102
1500 6.54914712906 34.978045 77.287591 1.6912075 33.1995946831 75.3131085062 1.76621472243 2.6573420269 4.29759727802 0 0.07
1503 6.6078851223 34.814043 79.320098 1.7000185 30.7988177812 77.8390621026 1.74981506222 4.27966130519 2.85313284932 0 0.138
1506 6.38434100151 34.580736 81.372215 1.6970036 30.7226311974 80.4407414236 1.67241109037 3.96895649904 -1.40904700928 0 0.132
1509 6.55803203583 34.345965 83.441951 1.6955247 30.1614255529 83.053001506 1.68623083213 4.20257683964 -0.53249940424 0 0.192
1512 6.49978208542 34.142398 85.698773 1.7034669 30.3761250133 85.3960759177 1.71223145732 3.77841735835 0.502172143647 0 0.262
1515 6.46983003616 33.910208 87.748137 1.7016389 30.3684064901 87.0363796196 1.65562764064 3.61261076016 -2.63625097151 0 0.304
1518 6.49406695366 33.670818 89.737713 1.6967853 30.3013637662 89.7992219212 1.67016174798 3.37001560543 -1.52541716631 0 0.392
1521 6.42400097847 33.472926 91.900649 1.7056804 29.8076076274 91.5328648722 1.69603407697 3.68372419397 -0.552693597294 0 0.472
1524 6.38261294365 33.217902 94.036516 1.7078464 30.0065632041 93.8937020993 1.70153498158 3.21451282038 -0.36161763823 0 0.462
1527 6.49619913101 33.034075 96.178482 1.7177188 28.5005985092 96.40920992 1.7261164159 4.53934405673 0.481147949307 0 0.554
1530 6.50915503502 32.713254 98.174723 1.7080491 28.0574845011 96.811216273 1.70715123797 4.8513235536 -0.0514437047513 0 0.352
1533 6.45274400711 32.45653 100.24821 1.7068362 27.6227914806 99.9352243002 1.71068190638 4.84386086937 0.2203427451 0 0.548
1536 6.5110809803 32.217075 102.39435 1.7082962 27.7089834116 101.936768732 1.69137636521 4.53125483568 -0.969435123441 0 0.612
1539 6.43712806702 31.955228 104.48204 1.7110577 28.7021349736 103.789044992 1.68710078545 3.32608723864 -1.37263009379 0 0.556
1542 6.52832102776 31.741377 106.6002 1.7198575 27.7871339154 105.859531902 1.68880972855 4.02301225501 -1.7789062676 0 0.628
1545 6.57281494141 31.439656 108.68741 1.7105287 27.6102388598 108.215756693 1.66425961043 3.85835359647 -2.65102355443 0 0.676
1548 6.34518694878 31.216018 110.75498 1.7177022 27.5640266347 110.13680266 1.70794076773 3.70394170515 -0.559288871249 0 0.582
1551 6.44688391685 30.916985 112.90957 1.719675 26.8394988808 112.450583619 1.68939514779 4.10323793491 -1.73490773587 0 0.674
1554 6.47832298279 30.668641 114.94646 1.716506 27.5981868677 114.610659011 1.67278165769 3.0887620307 -2.50522027639 0 0.6
1557 6.37563610077 30.419865 117.12266 1.716223 27.1253505324 115.244350217 1.66914170854 3.79234402696 -2.69755929484 0 0.558
1560 6.5413620472 30.132888 119.21343 1.725557 26.6996788099 116.941130307 1.70851821056 4.117070711 -0.976250722955 0 0.396
1563 6.42565894127 29.88258 121.34383 1.72867 25.7799381287 119.854545356 1.70462328375 4.3645892217 -1.37777535252 0 0.51
1566 6.56138586998 29.981486 120.5055 1.7055843 26.4343371901 120.03018046 1.73167706224 3.57885363558 1.49500515235 0 0.47
1569 6.54322004318 30.170653 118.4575 1.6900862 27.1479234969 117.939280888 1.70739732387 3.06682974692 0.991854336654 0 0.402
1572 6.39503598213 30.502618 115.6086 1.6745202 27.4977644803 114.433982411 1.6741764314 3.22627822041 -0.0196964900556 0 0.426
1575 6.54620909691 30.699806 113.48782 1.6738205 27.8523868325 112.351950583 1.6738450808 3.06561498678 0.00140837622184 0 0.468
1578 6.60549092293 30.8492 111.36091 1.6697397 27.4982135199 111.116484963 1.65681986402 3.35988898453 -0.740252073498 0 0.49
1581 6.49474596977 30.973164 109.37107 1.6787837 28.8994864984 109.116914923 1.74884832504 2.08919438631 4.01440730819 0 0.402
1584 6.39393305779 31.204408 107.09871 1.665475 28.4012464202 107.595700554 1.71764467143 2.84687801859 2.98910199165 0 0.424
1587 6.41384983063 31.322843 104.96751 1.6587885 27.6395796064 105.036474526 1.66681148959 3.6839089745 0.459683442656 0 0.468
1590 6.44944882393 31.457099 102.91722 1.6541397 27.6052475664 103.083742645 1.65244596071 3.85544929393 -0.0970441126823 0 0.56
1593 6.49565291405 31.546684 101.34427 1.631357 28.7993777919 101.88132902 1.68824037589 2.7993077345 3.25917736307 0 0.544
1596 6.40333008766 31.536552 101.09899 1.5279681 28.619238794 101.805360706 1.57454917399 3.00161221945 2.66889894509 0 0.518
1599 6.46591091156 31.522716 100.84711 1.3818466 28.8624706265 102.20703004 1.46783962812 2.98768940196 4.9270375789 0 0.492
1602 6.41179203987 31.33472 100.81397 1.2437751 28.3095363259 102.315836832 1.31538518348 3.37747542457 4.10295555397 0 0.474
1605 6.52015399933 31.335612 100.76499 1.1262837 27.9395530151 101.666832055 1.17336452856 3.51376375429 2.69753277262 0 0.438
1608 6.4947810173 30.238332 99.003137 0.9296569 28.9961067439 99.9457651352 1.04299738603 1.55938173268 6.4939314973 0 0.386
1611 6.4902009964 28.772289 97.32743 0.78863198 26.0871114746 99.1358232966 0.869053458997 3.2373545772 4.60781132871 0 0.382
1614 6.41351604462 27.005154 95.945316 0.6582802 25.115900641 96.7750029185 0.739073645109 2.0634094691 4.62912341707 0 0.394
1617 6.42270112038 26.209553 95.323497 0.64585939 24.7054541755 95.731383718 0.728055554892 1.55842383476 4.70949334046 0 0.42
1620 6.37652087212 26.225548 95.299359 0.74214735 23.7557245178 94.9096197905 0.833260523183 2.50038490735 5.22040028144 0 0.364
1623 6.41934514046 26.287241 95.304851 0.87876564 23.5748456223 94.4747198618 0.928612390955 2.83658357741 2.85600845216 0 0.366
1626 6.42041993141 26.503119 95.525486 1.0159202 23.2120953306 93.760295052 1.08748556756 3.7345328858 4.10039352047 0 0.28
1629 6.43545198441 26.584147 95.637624 1.1414331 25.2249553205 95.109418156 1.19486659077 1.45821926861 3.06151350569 0 0.21
1632 6.38568091393 26.62792 95.717086 1.2595284 26.1714824428 96.1981313599 1.32497047014 0.663128857636 3.74955442155 0 0.186
1635 6.49650597572 26.756174 95.797181 1.3910555 23.2151745709 97.1233717524 1.35245471718 3.78119807322 -2.21166194134 0 0.172
1638 6.42697501183 26.381693 93.77201 1.3952992 23.0802067831 94.3914306548 1.4437936643 3.3590911253 2.77852813389 0 0.244
1641 6.39022994041 26.011804 91.856332 1.39866 22.8344215307 91.3772053568 1.51224899129 3.21330385993 6.50816980033 0 0.284
1644 6.44878816605 25.609249 89.727224 1.3968171 22.9211652783 90.138919014 1.46362596641 2.71942767495 3.82786607928 0 0.344
1647 6.52852296829 25.2462 87.568251 1.3940659 23.2875565035 88.1816993313 1.50668914477 2.05246271624 6.45283660065 0 0.384
1650 6.50928807259 24.820481 85.505592 1.4017015 22.7723938195 85.7787172904 1.49040717848 2.06621841135 5.08246099579 0 0.396
1653 6.50024199486 24.493958 83.448062 1.398475 20.9623581778 84.504590465 1.43235251489 3.68625144309 1.94103862343 0 0.358
1656 6.54612708092 24.080092 81.345956 1.3962744 20.4708424997 81.7702738156 1.43590473118 3.63410615751 2.2706507172 0 0.422
1659 6.45968008041 23.622432 79.208855 1.3888608 20.5372114613 78.7539809183 1.44404622364 3.118572783 3.16189186542 0 0.468
1662 6.39664888382 23.236261 77.182266 1.3737053 19.7095267605 77.560990682 1.41668013936 3.54701096429 2.46227692035 0 0.448
1665 6.45666599274 22.741503 75.111069 1.3685019 19.1224557577 75.4129583039 1.40171893289 3.63161673274 1.90319579252 0 0.54
1668 6.46781086922 22.23837 73.007777 1.3690406 19.1462006932 72.4861075898 1.43211132694 3.13586511118 3.61368646423 0 0.57
1671 6.71450591087 21.796618 70.8705 1.3677106 19.8949526339 71.81261148 1.45519180849 2.12224060968 5.01230403337 0 0.35
1674 6.61582708359 21.306705 68.900927 1.3588762 20.3921200325 69.2556034942 1.48517887351 0.980949070155 7.23661013338 0 0.536
1677 6.61533808708 20.800373 66.796896 1.3509317 20.2089471685 67.3294972605 1.48759510315 0.795894852863 7.83023621413 0 0.578
1680 6.56457805634 20.180988 64.758154 1.3339286 19.6625797687 65.5845193575 1.45151550228 0.975513607492 6.73723322691 0 0.484
1683 6.43696022034 19.716632 62.635567 1.3210663 17.9116554713 63.2334147944 1.42116447848 1.90141059594 5.73520316393 0 0.496
1686 6.5216190815 19.127208 60.642471 1.320188 16.8251163332 60.8256666377 1.39891630123 2.30936932606 4.510799389 0 0.438
1689 6.61915898323 18.573484 58.538556 1.3117791 16.0260827717 58.6435323601 1.36970672865 2.54956330655 3.31900863911 0 0.364
1692 6.42838811874 18.03732 56.562177 1.3046299 17.187275866 56.5680997425 1.43010495224 0.850064767306 7.18919092737 0 0.49
1695 6.45910406113 17.470308 54.449011 1.30616 17.6723094119 54.4638657357 1.47807330674 0.202546867618 9.84990691835 0 0.49
1698 6.53588604927 16.865167 52.414515 1.2995721 15.0442688424 52.2833894717 1.38140813808 1.82561332285 4.68885959419 0 0.402
1701 6.48769283295 16.322269 50.452679 1.2871313 15.1007212334 50.5414503559 1.40419398865 1.22476908018 6.70719799838 0 0.226
1704 6.49352502823 15.679585 48.421133 1.2791916 15.1434456752 48.5205064393 1.40992160645 0.545270993187 7.49027762539 0 0.39
1707 6.49977016449 15.049517 46.343459 1.2810584 14.0851271189 45.8341343644 1.40182856414 1.09062341219 6.91962069611 0 0.436
1710 6.44633603096 14.370513 44.264129 1.2685694 13.3566465322 44.8909927373 1.36675149487 1.19200812063 5.62541965994 0 0.436
1713 6.4476339817 13.728985 42.398373 1.2622613 13.3828874294 42.4237996081 1.36977581062 0.347030316753 6.16012769475 0 0.538
1716 6.49762487411 13.116178 40.310007 1.2578142 13.2676390624 40.0804262908 1.39835401613 0.275041370446 8.05233831776 0 0.534
1719 6.52378296852 12.482531 38.460523 1.239848 12.5100263058 39.1492970389 1.33921669752 0.689322615694 5.69340698389 0 0.544
1722 6.46291399002 12.331027 38.238303 1.1567887 11.3626326659 38.0324196423 1.28940458514 0.990038152466 7.59833051508 0 0.284
1725 6.44380283356 12.263795 38.100898 1.043782 12.5016678034 37.568088973 1.16103126006 0.58349715495 6.71788775245 0 0.25
1728 6.52702593803 12.231882 38.075858 0.90529637 11.4721577405 37.642604958 1.04235262311 0.874579412622 7.8527448591 0 0.308
1731 6.48668193817 12.170047 37.918491 0.7605547 10.830599077 38.219544838 0.867223940962 1.37286348625 6.11169731102 0 0.214
1734 6.45768213272 11.9457 37.868652 0.60051086 11.3463687061 37.2716610388 0.753029373159 0.845929197744 8.73866710163 0 0.294
1737 6.47937202454 11.861848 37.85602 0.47073445 11.2871413913 37.7351302375 0.608595377869 0.58728359483 7.89884932666 0 0.284
1740 6.4437789917 11.68598 37.868337 0.32347919 12.380471074 37.4105247737 0.501864641624 0.831811208381 10.2207335046 0 0.316
1743 6.43405818939 11.634663 37.834152 0.18688423 11.7170071502 36.3869325934 0.276463564438 1.44956012978 5.13251779488 0 0.29
1746 6.50760698318 11.546787 37.799316 0.059161186 11.777753792 36.4975271194 0.181266832438 1.32211949109 6.99613819559 0 0.288
1749 6.57550096512 11.461332 37.784444 -0.088384018 10.8506897416 37.7814484483 -0.13692334369 0.610649605814 -2.78109850248 0 0.308
1752 6.54115891457 11.353119 37.809133 -0.22428348 12.2717242709 38.5870858947 -0.167261927391 1.20376341118 3.26709430577 0 0.294
1755 6.57992005348 11.259101 37.929753 -0.36642208 13.5624694104 36.8927793984 -0.0792638917452 2.52602855973 16.4529522396 0 0.262
1758 6.46138501167 11.22919 38.083377 -0.50941267 11.4307050578 37.1544303791 -0.273576952388 0.950552546208 13.5123912776 0 0.242
1761 6.42937088013 11.185129 38.110347 -0.64618684 13.9586508099 37.3905491894 -0.523397154859 2.86540261015 7.03533072633 0 0.244
1764 6.4641020298 11.588805 37.741111 -0.76036767 11.0896009837 37.2748227433 -0.626643093871 0.683102765545 7.66185382938 0 0.2
1767 6.45236110687 13.063467 36.224873 -0.77289998 12.0964569561 36.7192519147 -0.710448156509 1.08605659901 3.57822590892 0 0.216
1770 6.51420211792 14.493375 34.807156 -0.77803694 14.0623327563 35.6317228258 -0.747593108319 0.930434235209 1.74430306752 0 0.224
1773 6.46674799919 15.892318 33.28564 -0.77023756 15.5683102201 33.9438620191 -0.736092919125 0.733646555184 1.95634381515 0 0.278
1776 6.39907503128 17.405154 31.857105 -0.77891679 17.3946462125 31.9654660891 -0.748472189619 0.108869367691 1.7443471108 0 0.338
1779 6.46886706352 19.008966 30.381332 -0.78385491 18.6782725664 31.0994329007 -0.749223467972 0.790586523126 1.98423546666 0 0.36
1782 6.53853201866 20.517371 28.856906 -0.78454873 20.589526171 28.9256166216 -0.785343924601 0.0996369320322 -0.0455612945249 0 0.496
1785 6.53973793983 22.037399 27.308602 -0.78653789 21.5017347707 27.4040627714 -0.767737041167 0.544103781873 1.07720928939 0 0.442
1788 6.5528819561 23.470866 25.802264 -0.78746834 23.8748087874 25.7299509751 -0.750429738457 0.410364410063 2.12215554747 0 0.45
1791 6.4419901371 25.030138 24.239515 -0.79252133 25.3012849734 24.683617521 -0.790522443479 0.520334248684 0.114527761363 0 0.436
1794 6.38347411156 26.508975 22.80392 -0.79210599 26.1982124439 23.2377603325 -0.767000189533 0.533657943217 1.43845640804 0 0.438
1797 6.50000214577 27.961008 21.312251 -0.79564812 28.3317537287 21.490045423 -0.790638211669 0.411173019776 0.28704660312 0 0.546
1800 6.69635391235 29.36401 19.750057 -0.78815021 29.2699655311 20.0794303758 -0.786721687334 0.342536396314 0.0818483196812 0 0.564
1803 6.41053795815 31.016391 18.179875 -0.79578372 30.6841688781 19.4289845822 -0.761090741528 1.29253482994 1.98776124518 0 0.548
1806 6.48069190979 32.405165 16.663972 -0.79079715 32.2172066984 17.5073954025 -0.778972702875 0.864113047622 0.677490915334 0 0.608
1809 6.73970580101 33.875627 15.226881 -0.79213801 33.386974827 16.0139488346 -0.816422437205 0.92642146049 -1.39139518673 0 0.6
1812 6.50259184837 34.400964 14.714584 -0.72873329 33.5963276679 14.821215151 -0.759274814312 0.811671010505 -1.749900443 0 0.524
1815 6.42921805382 34.541831 14.529671 -0.59347242 33.8496313545 15.0569723807 -0.701494150307 0.870164981686 -6.1891892423 0 0.472
1818 6.4909760952 34.648846 14.435796 -0.47955783 33.9879572201 15.2887809364 -0.519987831009 1.07905388234 -2.31646842355 0 0.56
1821 6.57720208168 34.668797 14.324629 -0.34405458 33.9832918518 14.9798008215 -0.405234015196 0.948244390364 -3.50532342975 0 0.546
1824 6.39594507217 34.864126 14.20779 -0.22615765 34.578892858 15.0722933969 -0.239044753276 0.910342830202 -0.738376627853 0 0.532
1827 6.36621403694 35.017605 14.088235 -0.094353638 35.4730621415 15.5196202106 -0.160613698301 1.50210013944 -3.79642180552 0 0.458
1830 6.59751486778 36.599142 14.0692 -0.022879679 36.7327857551 15.4463143394 -0.0700702889839 1.38358395373 -2.70382278473 0 0.516
1833 6.47445583344 38.63985 14.009333 -0.014813302 38.7629380752 14.8487305437 -0.0604254449626 0.848374275133 -2.61338328631 0 0.54
1836 6.50318002701 40.768535 13.925491 -0.0089087199 40.8636364786 13.7901449957 -0.0706138943809 0.165417145814 -3.53544607187 0 0.5
1839 6.54797077179 42.905865 13.952369 -0.011506708 42.6290483187 14.9397649853 -0.0326893322622 1.02546492232 -1.21367496923 0 0.558
1842 6.45955705643 45.04117 13.838962 -0.010052037 44.9639528573 15.1691263395 -0.0177806022597 1.33240371407 -0.442814171071 0 0.542
1845 6.34784317017 47.095509 13.764363 -0.008210261 46.4273370886 15.3689034889 0.00631432954492 1.73810353075 0.832197737379 0 0.488
1848 6.3967859745 49.256947 13.750747 -0.012245698 48.5423054511 15.3816560613 -0.0163582806999 1.78061138648 -0.2356336316 0 0.568
1851 6.35707807541 51.347189 13.680192 -0.017629817 50.6355741226 14.6832551333 0.00827715752687 1.22985014666 1.48436030034 0 0.664
1854 6.41073894501 53.510554 13.649042 -0.0075411209 52.4666216729 15.2657606744 -0.00291988743812 1.92446719271 0.26477717351 0 0.602
1857 6.37199497223 55.608657 13.581194 -0.0077936973 54.6515862496 15.1137652316 0.0149611768751 1.80686441139 1.30375825359 0 0.656
1860 6.44450807571 57.666716 13.591636 -0.01411162 56.2663182297 14.9805083487 0.0143089571894 1.97232865318 1.62837912428 0 0.628
1863 6.41097998619 59.905766 13.533857 -0.012519778 59.1022554546 15.4434310319 0.0141912107421 2.0717389266 1.53042692154 0 0.666
1866 6.47051405907 62.027534 13.447994 -0.021676244 60.58119243 14.5898078798 -0.000241030987983 1.84272702079 1.22814723855 0 0.566
1869 6.38581395149 64.181261 13.371995 -0.025327169 62.9398554781 15.2137927961 -0.0106340150925 2.22110485832 0.841855706638 0 0.676
1872 6.41149806976 66.241252 13.310079 -0.024907545 65.3736741194 14.845783421 0.0117094438861 1.76382523157 2.09799892165 0 0.71
1875 6.3800098896 68.444119 13.24669 -0.026304862 66.8296496024 14.969485408 -0.00584017649772 2.36104541546 1.17254010834 0 0.696
1878 6.49812197685 70.49734 13.123327 -0.017605166 69.2178399541 14.8091659812 0.00947758452387 2.11640578298 1.55172730262 0 0.698
1881 6.36914110184 72.634932 13.039101 -0.019360635 71.99209812 15.0051951053 0.00964045274925 2.06851672176 1.66163992932 0 0.76
1884 6.39557409286 74.720419 12.994859 -0.019347658 73.6159217948 14.8693930839 0.0205649970857 2.17572794899 2.28682668557 0 0.676
1887 6.39105010033 76.914825 12.90632 -0.036038761 76.0471563966 15.0447287897 0.000643750618775 2.30773502746 2.1017530977 0 0.7
1890 6.44886684418 79.004774 12.78569 -0.032634565 78.0252558847 15.1081759752 0.00676270903501 2.52059454161 2.25729752653 0 0.692
1893 6.36731505394 81.177999 12.691712 -0.029848436 80.7322955514 14.6856120712 0.00626912272783 2.04310769615 2.06938368142 0 0.684
1896 6.40007400513 83.222919 12.597068 -0.02122413 81.9219914476 14.6641978944 -0.0230850218687 2.44242471668 -0.106621250205 0 0.592
1899 6.48455405235 85.390174 12.538762 -0.021700441 84.3068076282 14.4264206654 0.00708385576241 2.17645076502 1.64921872074 0 0.71
1902 6.52771091461 87.449986 12.512039 -0.030894579 86.8949865371 14.9908516774 -0.00320774643216 2.54018438176 1.58633865422 0 0.652
1905 6.41931509972 89.572355 12.414566 -0.034322832 88.5075230972 14.8622943408 -0.00101322670154 2.66931470828 1.90849980085 0 0.61
1908 6.48472499847 91.713838 12.339838 -0.030338307 90.1847357718 14.9126408713 0.0092772307429 2.99290297852 2.26980311581 0 0.688
1911 6.41825199127 93.866625 12.234111 -0.027880568 92.8894835674 15.1083031614 0.00668383076571 3.03575130075 1.98039417068 0 0.698
1914 6.45373916626 96.027017 12.118277 -0.016096141 95.0997826001 14.4779375681 0.00347493064862 2.53530306449 1.12133980601 0 0.63
1917 6.43355298042 98.003729 12.063433 -0.023465033 97.5402988369 14.9185387203 -0.00443356829681 2.89247233183 1.09042260545 0 0.658
1920 6.47246599197 100.1865 11.996018 -0.023536261 98.9709793874 15.004479115 -0.00592098624947 3.24473860886 1.00928089817 0 0.724
1923 6.42429804802 102.26857 11.921444 -0.023061579 101.778160617 14.995426503 0.0141012498408 3.11285556874 2.12927324734 0 0.73
1926 6.4980070591 104.50291 11.810699 -0.022632517 103.704852938 15.1469944516 0.0152528750964 3.43041723626 2.17067307232 0 0.702
1929 6.43960905075 106.528 11.779433 -0.025937223 105.682916865 15.3138488177 0.0225165701822 3.63404192003 2.77619785074 0 0.662
1932 6.59766888618 108.61821 11.737233 -0.017267816 108.149717427 14.9299613525 0.00992751521851 3.22691797608 1.55817770128 0 0.696
1935 6.60801720619 110.65428 11.638117 -0.015586443 109.50931268 15.4152444966 0.00393630671022 3.94685220006 1.11857116289 0 0.628
1938 6.54136896133 112.94226 11.558687 -0.011710616 111.552684043 14.74719848 0.0105447924636 3.47814991029 1.2751409763 0 0.68
1941 6.53692603111 114.89636 11.528856 -0.01668203 113.942462424 15.0133616283 0.0116704468298 3.61271366969 1.62447726109 0 0.702
1944 6.50406289101 117.03777 11.494892 -0.018548407 116.885850916 15.168630897 0.0109654849472 3.67687868868 1.69102144558 0 0.638
1947 6.46282696724 119.07747 11.406331 -0.016261061 118.111508563 14.9226851649 -0.00733252313281 3.64661872283 0.511567537013 0 0.586
1950 6.48937320709 121.291 11.334615 -0.012126455 120.208638912 14.8192093299 0.00687354639917 3.64882216189 1.08861989092 0 0.638
1953 6.50064587593 123.43737 11.229443 0.0013807468 122.695223768 15.124649099 -0.0122214610217 3.96527572611 -0.779349100244 0 0.698
1956 6.59899997711 125.58554 11.258252 -0.0049853053 124.024138028 14.8524347538 0.0154216554774 3.91868929459 1.16923272523 0 0.562
1959 6.57448792458 127.50849 11.183265 -0.012828209 126.083973203 14.8973734719 -0.00174758851236 3.97792029162 0.634872788328 0 0.698
1962 6.50360012054 130.28779 11.390648 -0.01314096 128.972003932 15.3036506955 -0.00817399537743 4.12830268641 0.284586109864 0 0.7
1965 6.49799394608 132.78769 11.256475 0.0084755214 131.306353451 14.7666940619 0.0145330051883 3.80998632996 0.347068255541 0 0.678
1968 6.4942111969 125.9239 10.596074 0.27888777 132.798991456 14.1303238981 -0.00279416944993 7.7303172555 -16.1391862955 0 0.642
1971 6.43598818779 93.936275 13.265891 0.84250578 133.03016082 14.7244247205 -0.0091159944811 39.1210842017 -48.7943334192 0 0.482
1974 6.4779150486 59.212281 6.4432491 1.3602712 133.407417198 13.6061226979 -0.0283079601156 74.5400898421 -79.5597253944 0 0.13
1977 6.39723300934 41.747696 3.5851691 1.5088422 138.906522916 13.4326022979 -0.0638317055244 97.6565900911 -90.1075773369 0 0.064
1980 6.6110868454 40.889782 2.6549702 1.6071612 140.036317136 11.8976990617 -0.0983780162804 99.5764202326 -97.7201988869 0 0.018
1983 6.39348888397 40.408125 3.8011614 1.6070032 32.1973283092 92.3821438224 -2.86873871863 88.9607083449 103.558877873 0 0.018
1986 6.49804496765 40.388712 5.5337894 1.5172855 62.753397427 101.556827346 -1.94820822815 98.5931182725 161.441835448 0 0.02
1989 6.52839589119 40.44034 7.6724587 1.5542124 117.618274016 63.3936163679 1.43812100373 95.1907606379 -6.65154704416 0 0.026
1992 6.5050599575 40.554207 9.7439313 1.5604739 34.7968772702 96.4041006366 3.10915870461 86.8512049143 88.7331031004 0 0.016
1995 6.42797899246 40.580821 11.876658 1.5652859 36.1410826788 83.2703330467 -1.38773217347 71.5315882183 -169.195472436 0 0.032
1998 6.43659687042 40.665042 14.024391 1.567666 33.4551940307 84.7984178164 -1.98892906451 71.140317539 156.222113367 0 0.024
2001 6.43136692047 40.771617 16.174621 1.5548315 31.3538975542 81.5750620623 -2.18362797032 66.0750416625 145.80205047 0 0.016
2004 6.39820599556 40.847233 18.25792 1.5551713 57.974090281 79.9119225314 -0.346287658414 63.9886339006 -108.945573234 0 0.02
2007 6.44688010216 40.88758 20.352438 1.5597309 59.6660811863 78.7630571722 -0.219892081567 61.3549715906 -101.964885968 0 0.032
2010 6.46676087379 40.971014 22.508388 1.5678505 61.1667205982 77.8607680723 -0.429836364146 58.9215796179 -114.459026104 0 0.034
2013 6.55487585068 41.044823 24.54743 1.5705547 64.2126313531 74.4616524959 -0.459458967522 55.028873796 -116.311215503 0 0.032
2016 6.50151586533 41.105608 26.696222 1.5717508 63.5940262486 74.2792855139 -0.402594660463 52.6296198798 -113.121662185 0 0.016
2019 6.50787711143 41.160404 28.869777 1.5672714 64.0227899118 76.265528525 -0.442860201475 52.6217250972 -115.17205703 0 0.012
2022 6.49471211433 41.204205 31.003136 1.5608691 108.52112308 21.9412663481 -0.0613451723715 67.9241116345 -92.9460312728 0 0.01
2025 6.49487900734 41.244227 33.116661 1.5660557 119.51303907 57.8465530834 1.79786071335 82.0827296407 13.2814489348 0 0.008
2028 6.42361307144 41.277887 35.228156 1.5643441 68.5848200376 76.1200911872 -0.209058714916 49.1713224886 -101.608496671 0 0.006
2031 6.45420694351 41.31792 37.33529 1.5797774 115.613355342 21.0681563218 -0.044948328304 76.0554491848 -93.0899270981 0 0.012
2034 6.52925300598 41.419072 39.474789 1.5713492 104.472654855 107.1801246 2.25519341458 92.5190076667 39.1813873396 0 0.018
2037 6.54449820518 41.429937 41.518923 1.5745722 120.348645918 21.9031239186 0.0122465948236 81.3199987144 -89.5146634018 0 0.042
2040 6.6077849865 41.494048 43.684079 1.5737379 38.8797570694 43.9171084939 1.55927255803 2.62465613271 -0.828803043948 0 0.02
2043 6.46223592758 41.508319 45.798644 1.5762653 38.7472035905 46.4888066671 1.58319109525 2.84606444264 0.396818837373 0 0.03
2046 6.42387986183 41.512588 47.943477 1.5772604 39.6453356213 48.2430900464 1.61855361552 1.8911370715 2.36592697182 0 0.038
2049 6.38307499886 41.583607 50.107906 1.5744728 39.1956491392 49.9938711985 1.58598117169 2.39067912547 0.65938112694 0 0.082
2052 6.41645812988 41.632502 52.265699 1.5728612 38.7658009923 51.8226447007 1.52151742283 2.90073642026 -2.94178173606 0 0.084
2055 6.48914599419 41.660201 54.305408 1.5732479 38.3344162219 54.4386660809 1.55182200513 3.32845341053 -1.22761334815 0 0.13
2058 6.47580814362 41.689009 56.508616 1.5685378 38.8880489694 56.5943148807 1.5587042863 2.80227075621 -0.563418832846 0 0.216
2061 6.47304296494 41.794127 58.57462 1.5657057 38.8495619301 58.1388150507 1.57686301196 2.97664062409 0.63926688589 0 0.17
2064 6.49334621429 41.856016 60.76704 1.5641567 38.8090532776 60.2270655344 1.57534541098 3.09443924727 0.641065917465 0 0.334
2067 6.45527482033 41.858156 62.785084 1.5639758 38.9492762023 62.5038102841 1.57725722257 2.92244701934 0.760969459073 0 0.382
2070 6.45049786568 41.958088 65.023529 1.5767642 39.2992460265 64.719646192 1.60283114104 2.67615122908 1.49352570631 0 0.366
2073 6.51416301727 41.99726 67.044355 1.5737097 39.3744587871 66.3925372154 1.58383801846 2.70258258461 0.580309901585 0 0.498
2076 6.5350830555 42.044947 69.102812 1.5759217 39.0259130418 69.1444121821 1.59359971027 3.01932055533 1.01287537893 0 0.63
2079 6.58173394203 42.097902 71.261122 1.5727544 39.046630866 71.26440738 1.59682685259 3.05127290273 1.37924993585 0 0.6
2082 6.51573300362 42.114798 73.459441 1.5684742 39.0394854589 72.650854872 1.59334832686 3.17983627748 1.42518248822 0 0.58
2085 6.73935317993 42.172982 75.545483 1.5804547 38.824850514 75.2021354845 1.57027070995 3.36569041414 -0.583499648722 0 0.644
2088 6.50463199615 42.213453 77.648417 1.5799022 39.2043257612 77.7435245714 1.58044769221 3.01062986589 0.0312544012168 0 0.626
2091 6.49940896034 42.308345 79.80823 1.5843424 38.8205159546 80.2942821203 1.57805665756 3.5215334889 -0.360146512706 0 0.702
2094 6.38394212723 42.259747 81.948131 1.5870316 38.8226353274 82.1614851506 1.57017219728 3.44372714421 -0.965972620914 0 0.668
2097 6.40258002281 42.325886 84.065588 1.5841531 38.298869778 84.2178155724 1.56740994295 4.02989241615 -0.959312234413 0 0.664
2100 6.42214798927 42.338042 86.100283 1.5789413 38.0080608754 85.9041098536 1.60763854113 4.33442273467 1.64423080059 0 0.53
