3 1.54008483887 72.513547 45.80148 1.6808269 125.598001653 73.9518039743 2.38704588753 60.0866047104 40.4633673976 0 0.006
6 1.53250813484 72.505015 45.806851 1.6805552 139.501189783 132.079468879 -2.48928777703 109.231186166 121.085596184 0 0.01
9 1.54701399803 72.51553 45.801787 1.6811119 31.8199929302 21.6951689004 -2.3685816277 47.2996381974 127.969652541 0 0.006
12 1.54019188881 72.511327 45.798497 1.6805172 31.3654900408 109.037595854 2.60244144166 75.4464281656 52.8223680777 0 0.002
15 1.54205608368 72.518426 45.80176 1.6806948 125.483544584 53.7286423251 1.0741262187 53.5550114369 -34.753819694 0 0.008
18 1.53999495506 72.509508 45.806599 1.6825332 99.2426788731 121.245434196 -2.90722728371 80.0354938804 97.0260953076 0 0.004
21 1.54288887978 72.510969 45.800989 1.6811293 34.1600585395 84.8388611515 1.30787165507 54.7242888968 -21.3860877252 0 0.008
24 1.54384207726 72.522343 45.818169 1.6838228 65.9617444191 100.439718329 2.75477217135 55.0141355006 61.3608790505 0 0.004
27 1.5410888195 72.508499 45.799812 1.6808804 86.001734223 73.1589899546 -2.60344001366 30.5056062902 114.526522215 0 0.006
30 1.54069805145 72.523901 45.815543 1.6832165 30.0455338711 94.3138536005 0.261855892744 64.470906656 -81.4379639619 0 0.008
33 1.54840707779 72.511009 45.802779 1.6808191 29.1983390252 91.2356782495 1.09298592257 62.770500353 -33.6803601243 0 0.012
36 1.55316996574 72.527172 45.853315 1.6851825 68.2665772273 99.1338519382 2.9042206555 53.4506153775 69.8457413754 0 0.014
39 1.55011320114 72.188088 49.017093 1.6798669 57.6294354645 102.694422678 0.808064375533 55.6166349671 -49.9506052208 0 0.008
42 1.53749203682 71.804616 53.279503 1.6643548 109.039319631 74.4744160305 -2.94702797328 42.8444569673 95.7872293718 0 0.016
45 1.5415699482 71.568933 57.324136 1.642571 35.5335531938 86.4794157683 -1.21099718928 46.3527662189 -163.497413799 0 0.006
48 1.52552485466 71.37336 61.652431 1.6431927 57.2896582427 112.915906238 0.429229725178 53.1629057584 -69.5549549425 0 0.006
51 1.53373503685 71.165072 65.844712 1.6344026 71.8932697681 76.3723824401 -2.80636671951 10.5528250665 105.562660201 0 0.004
54 1.53690004349 70.960331 70.343426 1.6128178 50.6893428326 100.092534291 0.664101438128 35.998922281 -54.3574434903 0 0.006
57 1.53891396523 70.885213 74.631613 1.6236159 61.7559035412 86.8363215668 -0.550068705441 15.2413648469 -124.542953884 0 0.006
60 1.54344701767 70.832043 79.069602 1.6124517 85.0882125199 28.6789039039 -2.35052085695 52.3685098508 132.93839816 0 0.006
63 1.54424405098 70.841819 83.283634 1.5826474 69.9711220515 81.3220627681 -0.864159284699 2.14613020902 -140.191696318 0 0.004
66 1.5547440052 70.897044 87.066595 1.5142468 119.247559571 128.987295167 3.0677848718 63.9931047726 89.011174827 0 0.004
69 1.53788208961 70.898205 87.488163 1.2381173 107.492809957 108.836380395 1.27057753881 42.3663958566 1.85983468553 0 0.008
72 1.54559803009 70.648486 87.373684 0.94938085 45.5085869165 71.7201467992 -2.31165751668 29.6149920281 173.156264759 0 0.012
75 1.53267788887 70.490448 87.162959 0.64684814 31.6301038893 76.8812588423 -3.12727165136 40.1975086608 143.758864578 0 0.008
78 1.52922296524 73.090524 88.460194 0.4660111 44.3201766118 134.346379053 2.03956040853 54.1597162799 90.1577342347 0 0.006
81 1.52968811989 76.750616 90.291223 0.4640309 71.6828399648 18.4099073644 -1.16872532436 72.0597383526 -93.5500406293 0 0.004
84 1.54156804085 80.704264 92.172539 0.45240664 42.7450876036 93.5115595052 -1.91788576745 37.9827862144 -135.807751159 0 0.008
87 1.5454890728 84.637734 93.972859 0.42386385 106.453541546 105.082044474 1.43301468908 24.4814922092 57.8200839715 0 0.008
90 1.53690505028 88.678811 95.730817 0.41656148 65.4474694161 109.529950614 1.19258308638 27.0205721679 44.4627628564 0 0.012
93 1.53424310684 92.647535 97.41769 0.40779386 91.9147751433 87.2664617149 -0.834840600159 10.1776408221 -71.1977100446 0 0.016
96 1.54309201241 96.759828 99.128022 0.39320766 36.5282480017 106.823588854 0.849337938823 60.7212069898 26.1343398847 0 0.006
99 1.55502510071 100.07577 100.58602 0.32958371 95.8169832293 82.2064484288 -0.779760365426 18.8665289838 -63.5607335498 0 0.012
102 1.55208110809 100.12714 100.52966 0.1390585 13.6906335659 70.9505628566 3.05058101077 91.3574990483 166.817951824 0 0.014
105 1.54567193985 100.08551 100.52401 -0.14356162 83.7036545622 139.26518866 1.81336293411 42.0623835692 112.123517776 0 0.008
108 1.54580187798 99.772178 100.71077 -0.40700642 119.500071154 66.4760323632 0.0127988330395 39.5121124387 24.0530692166 0 0.006
111 1.55796504021 99.760338 100.7618 -0.66729138 19.8693661469 52.0942804993 0.796573786205 93.5472866415 83.8732957998 0 0.008
114 1.54172110558 99.638101 100.95548 -0.8821311 14.073926762 72.4710995869 2.24176915509 90.1808618309 178.986300236 0 0.014
117 1.54414892197 99.549051 101.11221 -1.1251977 47.0952572002 80.3335033088 -0.819274115285 56.4194570672 17.5281302577 0 0.004
120 1.53690481186 100.80276 98.46873 -1.1938854 14.3960490556 67.5917942738 1.5559636709 91.7578599144 157.554746061 0 0.012
123 1.54647493362 102.35582 94.496879 -1.1822805 35.1306545627 82.7332600038 -1.67920715142 68.2466526649 -28.4717998537 0 0.006
126 1.53238201141 103.84912 90.431736 -1.1842505 83.8316844465 84.75028592 2.67277397656 20.8080898006 -139.008776015 0 0.006
129 1.53019309044 105.46668 86.336829 -1.1831903 18.0336147646 82.620056868 1.31500625631 87.5120294105 143.136119071 0 0.01
132 1.54417085648 106.96067 82.891423 -1.1821311 51.4844667203 81.2719518008 -0.0588096736092 55.4998361916 64.3615767688 0 0.008
135 1.54400205612 108.13488 79.987125 -1.1809983 32.9241286209 91.2773347762 0.730080381386 76.0534414724 109.496742761 0 0.006
138 1.53181099892 109.11096 77.465416 -1.174964 39.7661491415 89.2982313333 2.99358720006 70.3471272456 -121.159609552 0 0.024
141 1.53437495232 110.00241 75.115832 -1.1797573 76.9500989922 133.893090623 1.36999340283 67.4330882739 146.089954083 0 0.012
144 1.53688192368 110.9669 72.896666 -1.1819268 41.6518745094 105.244491101 1.99146553656 76.4915325217 -178.178012376 0 0.01
147 1.54609107971 111.79529 70.750926 -1.1680053 38.8591467623 110.004703124 1.51192003568 82.8283768334 153.548411145 0 0.01
150 1.53697800636 112.62755 68.634671 -1.166408 119.540083897 30.578627191 -1.31550946494 38.6787486259 -8.54288466008 0 0.01
153 1.54166984558 113.50263 66.493746 -1.1746568 84.2292698217 80.6988464518 -1.09149233307 32.5378932166 4.76497296072 0 0.012
156 1.54414701462 114.39844 64.423702 -1.1690506 26.6656679453 100.050045066 2.48523221236 94.6904198569 -150.625017705 0 0.01
159 1.55400514603 114.9392 62.935672 -1.1627449 76.7596249265 127.320998533 1.54149184948 74.8541931061 154.941352549 0 0.014
162 1.54304099083 115.58582 61.52951 -1.1720902 114.226568696 63.1945859302 -0.477208587399 2.14942828696 39.8137836633 0 0.02
165 1.54553604126 116.16312 60.165609 -1.1710096 107.435960605 52.4542334054 -1.49143399863 11.6459703185 -18.3589656946 0 0.008
168 1.54148697853 116.71267 58.758483 -1.1690165 37.7891285228 84.9217941449 3.05814911102 83.1471241196 -117.801251186 0 0.014
171 1.54956817627 117.29804 57.404001 -1.1730259 65.940010982 105.093462898 -2.19134454845 70.0851761839 -58.3453607559 0 0.032
174 1.53733897209 117.3062 57.346669 -1.1782941 64.359087013 107.940231729 -2.25916286078 73.2332258153 -61.9292182003 0 0.018
177 1.52275395393 117.30973 57.394113 -1.1925087 59.5259119254 104.500376818 -0.491807559825 74.5517922132 40.147218032 0 0.03
180 1.53354787827 117.3509 57.478875 -1.2542253 64.2170719767 105.539107266 -0.663335921249 71.6448854129 33.8554675615 0 0.024
183 1.5389509201 117.31554 57.561663 -1.3141336 58.0992253292 102.737138572 0.268822976883 74.480839928 90.6967310079 0 0.034
186 1.53139400482 117.31761 57.625945 -1.389572 64.7081009487 105.651017565 -0.45171956007 71.2331947726 53.7349866141 0 0.018
189 1.52387595177 117.34247 57.653648 -1.4539696 58.7001547793 107.506670986 -0.501434657594 76.9691174127 54.5762320386 0 0.02
192 1.54202580452 117.36058 57.739095 -1.5147103 68.3510995845 101.704350505 2.79731619176 65.8397513831 -112.939080874 0 0.016
195 1.54850101471 117.34118 57.80351 -1.5718326 63.9237790825 103.453616372 0.579353016876 70.2662858885 123.253856796 0 0.016
198 1.54759788513 117.32521 57.826191 -1.6475747 65.9358671427 104.436029769 -2.79482848207 69.3782504057 -65.7327997431 0 0.02
201 1.53011107445 117.28663 57.948056 -1.7072698 63.0296209915 107.272606396 -1.5206204852 73.3262183552 10.6942179872 0 0.026
204 1.54424595833 117.37131 58.006137 -1.7818651 54.3480185997 100.655769584 0.0120908348677 76.0981367609 102.7861037 0 0.018
207 1.52594995499 117.40314 57.989067 -1.8555926 77.8415865179 127.78563975 1.14819767706 80.2289105099 172.104505418 0 0.024
210 1.53320097923 117.02719 57.008887 -1.8977403 71.3497255717 103.510610184 2.75793414559 65.1831344422 -93.2495034809 0 0.022
213 1.53610301018 116.38504 55.250118 -1.9095407 59.3423498203 106.187465795 2.82291382682 76.4753679516 -88.8503288754 0 0.026
216 1.53268814087 115.67443 53.450651 -1.9075572 57.9374203009 103.732658708 -3.07660932503 76.5626709833 -66.9817527953 0 0.022
219 1.54460096359 115.02136 51.574537 -1.9165104 62.490545755 102.049669898 -0.291091418021 72.8507068346 93.1296476079 0 0.024
222 1.53519010544 114.35753 49.684701 -1.9233127 36.8358804326 95.3920560299 1.75569865562 89.993157826 -149.208176542 0 0.016
225 1.52609300613 113.59486 47.870819 -1.9110101 121.579885245 61.8328002962 -0.0306621690047 16.0840775263 107.736000462 0 0.01
228 1.53849101067 112.87829 45.986656 -1.9118326 76.6449734142 96.1182070446 -0.0641544712526 61.8548756441 105.864158676 0 0.01
231 1.53996682167 112.17059 44.128463 -1.9122248 47.6590755197 109.658310539 3.0346623362 91.9559482526 -76.5642453684 0 0.01
234 1.53692603111 111.43202 42.277019 -1.9027456 73.530317963 95.510295694 -0.441824306065 65.3476913508 83.7046243433 0 0.01
237 1.54737496376 110.82393 40.37458 -1.9174412 116.252506127 36.9064932978 0.304019209899 6.4418214927 127.280305843 0 0.004
240 1.53280615807 110.14399 38.567468 -1.912432 84.1038800072 72.6652892803 -2.36378049988 42.9039478894 -25.8603641325 0 0.006
243 1.54155492783 109.42625 36.696167 -1.9074722 79.2227430921 101.88894901 -0.110612997165 71.8495000378 102.952448702 0 0.006
246 1.53288602829 108.96452 35.308972 -1.917648 21.0350634748 20.8002259145 -2.79359492832 89.1184214278 -50.18806207 0 0.012
249 1.55234098434 108.91335 35.330429 -1.9171391 68.4845720746 109.432420672 -1.72900279999 84.4132172961 10.779415964 0 0.01
252 1.54156804085 108.9585 35.348205 -1.9450374 110.378833209 36.8611585079 -1.97877215946 2.07518065311 -1.93285934019 0 0.01
255 1.54958701134 108.97674 35.368834 -2.0165302 107.297892512 38.7449833896 -2.16316497744 3.77053226853 -8.40155387736 0 0.014
258 1.54593992233 108.99865 35.397074 -2.0803106 120.826213392 62.3494349598 -2.9418024009 29.4333317362 -49.3598442769 0 0.006
261 1.54892706871 109.05048 35.474836 -2.159245 137.53485169 56.1950455942 2.81604366412 35.2233802492 -74.9369576866 0 0.008
264 1.5337600708 109.09365 35.518169 -2.2238592 69.9193836267 112.011455948 -2.30822220693 85.9409453872 -4.83364424394 0 0.01
267 1.53824591637 109.14301 35.568827 -2.2920109 122.748486574 66.9889696884 -0.524721489707 34.2393685597 101.258224388 0 0.016
270 1.53049206734 109.24021 35.586114 -2.3597618 123.596549718 62.0708331409 -2.75985740624 30.1254848603 -22.9237896392 0 0.018
273 1.52831506729 109.32691 35.57971 -2.4292889 108.389611984 38.5706267361 -2.33845790497 3.13434371015 5.20423266399 0 0.01
276 1.53921508789 109.34422 35.612178 -2.4970016 82.6407466426 88.1023770316 -1.18160612466 58.8922446824 75.3666091279 0 0.012
279 1.54662799835 109.45255 35.562283 -2.5751384 61.3180164455 107.853007295 -1.38684176612 86.8497676428 68.0843819309 0 0.006
282 1.57870697975 109.51035 35.610832 -2.6455993 122.914634625 66.3177766802 3.11347894632 33.5050936114 -30.0291226001 0 0.014
285 1.54177188873 109.52669 35.619453 -2.7060079 54.6112445001 101.881744162 0.248544315792 86.0604286797 169.283372316 0 0.018
288 1.52930212021 109.56751 35.667144 -2.7779359 125.234457336 58.8953884647 2.76330544571 28.0179331812 -42.5102576276 0 0.018
291 1.53600811958 109.58407 35.725569 -2.8421247 124.076841574 63.2557056469 3.07315390845 31.1118763771 -21.0795010919 0 0.018
294 1.54820084572 109.62066 35.728072 -2.9074408 31.5324882136 85.7518825058 0.600356859915 92.7369623746 -159.017998701 0 0.01
297 1.5449860096 108.40689 35.538158 -2.9474042 88.5476963259 87.7633481386 -3.03874582048 55.8735899902 -5.2334893474 0 0.01
300 1.55664920807 106.63579 35.154474 -2.9731605 121.366106575 65.4002154722 -2.85125091188 33.6420436893 6.98490488149 0 0.01
303 1.54018497467 104.74277 34.838538 -2.9724974 65.6901411296 107.612343922 -2.04410385803 82.5901607337 53.1930316821 0 0.012
306 1.54038786888 102.71686 34.507066 -2.970186 64.3582706168 105.342197687 -3.00654582102 80.5543124895 -2.0832642885 0 0.026
309 1.53165221214 100.87602 34.149296 -2.9774562 63.2470687744 110.277977113 -2.44479027251 84.920633879 30.5195095356 0 0.026
312 1.53671598434 98.917573 33.856952 -2.9648121 60.8606350364 104.157527074 -2.92707329648 79.9406115999 2.16227416579 0 0.02
315 1.56127405167 96.872255 33.519705 -2.9713846 58.1338967603 103.460786102 -2.35116550635 79.9525811018 35.5359364395 0 0.018
318 1.54213786125 94.700759 33.157106 -2.9752463 61.2346022476 101.640096043 -1.05912433893 76.2227234692 109.785701402 0 0.02
321 1.54048800468 92.656194 32.878926 -2.9695623 41.7555132659 89.3369282492 0.0107316984437 76.0156912563 170.758267819 0 0.01
324 1.53867888451 90.628889 32.525228 -2.9736018 93.9188141781 32.3976347762 -2.7327353228 3.2923984735 13.80063257 0 0.01
327 1.54538607597 88.510396 32.191288 -2.9695852 91.7332956179 23.4533143392 -2.9331901077 9.31339173685 2.0852851837 0 0.008
330 1.5378780365 87.334812 32.006658 -2.9896435 74.7547724494 74.1894193871 -2.26529203519 44.0186636932 41.5022818177 0 0.01
333 1.54097509384 87.328365 31.983283 -3.0015998 41.9193800536 74.0711197533 -0.764946213612 61.9141495656 128.150810733 0 0.012
336 1.5375418663 87.328448 32.00285 -3.0442403 41.858944695 70.7598821071 -0.735602350406 59.7459895604 132.275210935 0 0.014
339 1.55022192001 87.480424 31.977098 -3.121648 46.6062569916 72.7043101833 -1.21297786584 57.7009821481 109.35874317 0 0.012
342 1.5470790863 87.509332 32.088761 3.0972389 45.0530872333 74.2376581543 -1.51301737552 59.8252643205 95.8517729389 0 0.018
345 1.53947520256 87.537767 32.004513 3.0032565 42.5895631309 72.2069315863 -1.46638434227 60.3040254979 103.908443799 0 0.038
348 1.54009699821 87.588829 31.971963 2.902116 49.653320359 93.9464462097 0.506735456041 72.6631914036 -137.245195497 0 0.008
351 1.5497481823 87.696053 31.883789 2.7788249 12.0667417891 52.1158410103 2.05236257373 78.2887517002 -41.6232252703 0 0.008
354 1.53942203522 87.777704 31.698119 2.6376296 45.6060704225 69.8738713515 -1.79903125546 56.8843980912 105.798057851 0 0.02
357 1.53753089905 87.896098 31.65995 2.4917922 44.9034755222 72.3476188482 -1.6638230014 59.1933440838 121.90078768 0 0.024
360 1.54313802719 87.958395 31.594625 2.366513 90.3876158746 57.1687522692 2.00663650046 25.6892409315 -20.6194045698 0 0.01
363 1.54410886765 87.964094 31.460561 2.2184109 42.753582677 73.6823799367 -2.49721205387 61.8601028807 89.8147069685 0 0.022
366 1.54619193077 87.708527 31.831987 2.1125682 88.1949839317 60.4949099151 1.65260366388 28.6670506049 -26.3540266454 0 0.014
369 1.54218292236 86.721318 33.612273 2.0920166 40.6527329515 69.5481792887 -2.24378626758 58.4269106591 111.576794887 0 0.02
372 1.53902888298 85.724716 35.405361 2.0873093 52.0595018482 115.41129288 1.37764294136 86.8003213119 -40.6608872126 0 0.006
375 1.5486779213 84.755772 37.248267 2.0862059 100.826847814 91.1800610991 1.69253983544 56.2753755435 -22.555404037 0 0.016
378 1.54464006424 83.690185 39.149374 2.0868314 102.120069147 97.7951287186 1.48280869538 61.4734509864 -34.6079517046 0 0.006
381 1.55175590515 82.666747 40.97523 2.090975 52.5763917491 122.38455537 2.45995812619 86.7923253305 21.141175842 0 0.006
384 1.53063106537 81.635815 42.877142 2.0910396 101.285578443 101.586500605 1.54775844052 61.9104352369 -31.1277175272 0 0.01
387 1.53003501892 80.624097 44.699122 2.0805048 104.057835586 102.32986683 1.20392406338 62.2128833428 -50.2243766105 0 0.01
390 1.53764390945 79.602515 46.546403 2.0762437 134.366172239 80.6753511609 0.554281203807 64.5278486911 -87.2020276091 0 0.006
393 1.54498696327 78.599692 48.40129 2.0808805 62.8811130642 107.917907553 -2.24745662816 61.5573024805 112.004550246 0 0.008
396 1.53684806824 77.532669 50.298142 2.0919608 101.610781789 93.1591159068 -0.760793780458 49.1611492921 -163.450797447 0 0.008
399 1.53386688232 76.53881 52.074716 2.0854653 75.9603496389 10.4727760727 0.197437012223 41.6059613769 -108.176052491 0 0.006
402 1.53662490845 75.533974 53.92833 2.0838411 92.9137321681 118.529294306 -1.66617992832 66.8979863913 145.139621992 0 0.004
405 1.54723501205 74.451304 55.860797 2.0823704 109.434792483 110.081561316 1.27817209296 64.527015656 -46.0771688847 0 0.01
408 1.53207921982 73.464188 57.689364 2.0801622 113.148670974 112.783620504 0.470600362635 67.8987134541 -92.2211001463 0 0.012
411 1.53926301003 72.461178 59.521835 2.0808323 112.447788592 114.608057155 1.22916497388 68.0692360607 -48.796943336 0 0.012
414 1.53421807289 71.469371 61.42577 2.0898858 45.851023182 114.937782922 0.944239779116 59.3281996343 -65.6406818126 0 0.01
417 1.54444503784 70.386885 63.322712 2.0827703 53.0252128809 89.8908180435 -1.89887771375 31.7378625227 131.868373305 0 0.012
420 1.53851008415 69.38246 65.186025 2.0922796 11.8121251116 97.0565903773 1.7732540618 65.8033160003 -18.2788168957 0 0.006
423 1.5425992012 68.400253 67.014087 2.0893798 113.41214698 125.434447754 1.33593018603 73.749638306 -43.1694829565 0 0.012
426 1.53421998024 67.30799 68.901204 2.089526 52.5538556565 60.8902237503 2.12009218331 16.7886951484 1.75131329966 0 0.006
429 1.54720902443 66.315197 70.741557 2.0869248 95.9095978747 37.0976598527 2.60259685784 44.8078160413 29.5458325269 0 0.004
432 1.5349009037 65.281228 72.464006 2.0745737 85.1944186127 17.3011806959 -2.81374072259 58.647015746 79.9202146526 0 0.004
435 1.53511691093 64.283593 74.421326 2.0918621 64.0313383916 42.3766599442 0.0724936683953 32.0456589107 -115.701288413 0 0.004
438 1.54404306412 63.28447 76.191493 2.091939 102.564960237 74.5084942851 0.356508203756 39.3165283047 -99.4328602618 0 0.004
441 1.54887008667 62.204887 78.125252 2.0893553 108.41186845 64.3018908313 -1.08667921477 48.230389266 178.026626716 0 0.006
444 1.5420589447 61.273659 79.948227 2.0960183 135.201497183 93.330923716 0.0197035944938 75.1293672923 -118.964069566 0 0.014
447 1.53369498253 60.19879 81.787566 2.089809 101.891665119 93.4544735603 -2.59265191047 43.2944865745 91.7147520952 0 0.008
450 1.54126095772 59.161438 83.629466 2.0974137 58.681526766 81.5950015391 2.17325325102 2.09030151778 4.34528619368 0 0.014
453 1.54697990417 58.11891 85.485673 2.0964985 56.6923308077 84.7715108993 1.99590748472 1.59535441143 -5.76344063264 0 0.014
456 1.54279112816 57.036783 87.336936 2.0992423 55.7874686928 88.6075238364 2.03778003575 1.78190338914 -3.52152834083 0 0.028
459 1.54008483887 56.357629 88.602308 2.124456 53.496860353 89.787412343 1.72220759214 3.09652540037 -23.0471360862 0 0.03
462 1.54014611244 56.200217 88.720884 2.2094598 53.6152292803 89.1809686523 2.24187443862 2.62561219492 1.85722198752 0 0.012
465 1.53645801544 56.199637 89.07416 2.3631742 52.3446705096 90.6706123045 2.16957709384 4.17246049745 -11.0922971092 0 0.02
468 1.5504899025 56.109511 89.161307 2.4869631 54.6216595387 91.6281720679 2.17001817808 2.88082023637 -18.1596063642 0 0.02
471 1.58082699776 56.023191 89.233423 2.608836 51.0960116846 87.2164709349 2.53299522666 5.32402025159 -4.34535622733 0 0.02
474 1.54391098022 54.873312 89.789936 2.6823278 52.1718395916 91.470385794 2.7925177538 3.18148780974 6.31341929726 0 0.018
477 1.53973698616 52.997249 90.667048 2.6986067 47.9878930564 90.7810696286 2.73322940314 5.01065344054 1.98373476516 0 0.008
480 1.54335093498 51.122563 91.609157 2.7018871 48.638392849 93.2039706921 2.60724504189 2.95203862635 -5.42259049385 0 0.008
483 1.54829716682 49.137432 92.566213 2.7007601 90.5262467366 104.748711922 -0.973996193749 43.1444928732 149.451973629 0 0.006
486 1.54873514175 47.308569 93.452781 2.7003868 47.7769107031 94.4423591739 2.57061007297 1.09480998953 -7.43565873761 0 0.012
489 1.55199289322 45.360782 94.336008 2.7008969 101.601286668 76.525280335 1.08592480212 58.9933588235 -92.5310852402 0 0.01
492 1.54048204422 43.468079 95.251019 2.7064338 41.4188300389 95.0116861572 2.8058746669 2.06317752858 5.6975419845 0 0.012
495 1.54519605637 41.590918 96.131677 2.7064065 108.504255604 90.1306936384 -2.60425645167 67.1818915379 55.7214264527 0 0.006
498 1.54371213913 39.606214 97.06058 2.704478 36.9936290861 93.3093981503 2.66802236267 4.57131985333 -2.08875415838 0 0.02
501 1.53890109062 37.718719 97.944153 2.696243 33.0342854479 98.9309944771 2.87051715829 4.78725117424 9.98517374824 0 0.022
504 1.5567278862 35.769603 98.891663 2.7044976 33.872634027 96.5791088218 3.00913815182 2.99105301051 17.4546178879 0 0.046
507 1.54202795029 33.862509 99.822852 2.7013631 32.0087331313 100.215127935 2.98781593966 1.89482595 16.4125387419 0 0.02
510 1.55274915695 31.979521 100.73965 2.7066945 29.4643116783 99.0941570011 2.74695227433 3.00564887196 2.30660056171 0 0.028
513 1.53328490257 30.015598 101.64307 2.7044148 25.3054943907 91.6433707164 -1.88443346124 11.0534637908 97.0783618051 0 0.008
516 1.54021906853 28.083667 102.5122 2.7038251 47.3923867984 89.3568012117 -0.125023596566 23.3643141892 -162.081091194 0 0.008
519 1.55336809158 26.231599 103.44351 2.6987262 23.0423993122 103.912119957 2.93501383372 3.2234438013 13.5382841631 0 0.03
522 1.53960680962 24.326425 104.3449 2.7056645 21.7876814181 103.961505472 2.74816662327 2.56753000736 2.435192284 0 0.026
525 1.54499697685 23.072168 104.95788 2.6888385 18.3758120792 105.451282551 2.68705849136 4.72220340648 -0.101986982334 0 0.046
528 1.54362511635 23.059574 104.94595 2.6093304 18.6584522543 105.630237837 2.61583783886 4.45400072571 0.372848782217 0 0.058
531 1.55246806145 23.148655 105.02795 2.4881616 17.1278126969 102.79455602 2.40010296478 6.42172801585 -5.04538814776 0 0.05
534 1.53555607796 23.15609 104.97342 2.3614352 19.0017962897 102.787530278 2.41893981616 4.69428057387 3.29477180826 0 0.04
537 1.54642510414 23.189116 104.80794 2.2179164 18.6110417796 105.317272797 2.27656247446 4.60631994829 3.3601725518 0 0.06
540 1.53670883179 23.170444 104.45908 2.0515088 18.7922841639 106.205510329 2.07366407715 4.71362943427 1.2694038747 0 0.044
543 1.54400610924 23.203193 104.36781 1.9241471 18.0407725332 105.870561548 1.99077068599 5.37669482969 3.81725029344 0 0.03
546 1.53261399269 23.268475 104.40083 1.8086424 17.9257412436 105.459686557 1.76809725702 5.44664862101 -2.32306557243 0 0.064
549 1.53995513916 23.269141 104.3114 1.6661585 19.8324700623 104.177186712 1.74872294352 3.43929067403 4.73059415133 0 0.054
552 1.53307008743 23.273746 104.22596 1.531085 19.1288804692 103.1725776 1.6122386695 4.27662539263 4.64976275457 0 0.068
555 1.53377699852 23.201513 103.9692 1.3630267 21.8835546283 104.993356185 1.48847480761 1.66910459857 7.18764711371 0 0.056
558 1.54267191887 23.573375 105.47089 1.3112874 20.6105829621 106.904231126 1.40752220867 3.29129206289 5.51384837923 0 0.028
561 1.54564213753 24.091257 107.45193 1.3021436 18.7804819423 108.371203793 1.32549531412 5.38974916112 1.33795466371 0 0.02
564 1.53517913818 24.69734 109.54228 1.2971878 21.2072778271 107.355603969 1.36915473873 4.11850531556 4.12340185357 0 0.014
567 1.54787802696 25.24514 111.62222 1.291934 20.9738203524 109.671318489 1.43304385771 4.69576279623 8.08499929465 0 0.03
570 1.53677105904 25.838263 113.71051 1.2925571 24.2157406726 114.17583172 1.38653312421 1.68792861393 5.38442956293 0 0.042
573 1.55864310265 26.485855 115.66064 1.2984976 22.855969934 115.912385802 1.30545343656 3.63860433975 0.398540077836 0 0.058
576 1.54140090942 26.666562 116.70228 1.2516028 21.7288113865 117.631943742 1.23282954267 5.02450552735 -1.07562841291 0 0.052
579 1.5416200161 26.671044 116.66524 1.1445574 23.9039498127 114.52798453 1.28298161248 3.49637972543 7.93112315772 0 0.048
582 1.5414891243 26.68282 116.71548 1.0360889 23.02550457 115.419681243 1.0303982201 3.88008383576 -0.326051941008 0 0.064
585 1.55410599709 26.598988 116.54426 0.86252405 21.4644008746 115.232643675 0.807185012328 5.29946434386 -3.17069330089 0 0.082
588 1.54621505737 26.490987 116.49462 0.72378221 21.4853691824 115.361977372 0.743937824412 5.13216222054 1.15483163928 0 0.062
591 1.55142092705 26.414554 116.44154 0.58967497 21.4896889327 115.440298644 0.777982339695 5.02561241879 10.7892175347 0 0.024
594 1.57333111763 26.30131 116.37003 0.43724496 22.393368202 118.656161857 0.42542349724 4.52751675476 -0.677319923832 0 0.034
597 1.53935885429 26.176025 116.35464 0.31453037 21.8703799011 117.344381431 0.35746131868 4.41793705449 2.45976216984 0 0.024
600 1.5459280014 26.088883 116.46581 0.14702743 21.5225024095 117.099762957 0.263647292032 4.61017657457 6.68182590182 0 0.026
603 1.54176902771 25.977812 116.45377 0.019989929 21.0188764936 117.274657036 -0.0251492038036 5.02641988723 -2.58628180052 0 0.032
606 1.55115509033 25.890585 116.45549 -0.11586106 24.0614816812 119.192635875 -0.128836930828 3.29204898085 -0.74346263396 0 0.02
609 1.55030488968 27.617035 116.21759 -0.13548047 26.3959906314 117.411751032 0.164884655683 1.70791390898 17.2096540146 0 0.03
612 1.53968310356 29.732468 115.90829 -0.14344069 27.2056781835 113.940628596 -0.0935082341699 3.20255494532 2.86091897979 0 0.032
615 1.53354001045 31.744289 115.6014 -0.14068963 26.5997600567 114.692393624 -0.0769955775126 5.22421962021 3.64940038761 0 0.046
618 1.53507494926 33.87565 115.27561 -0.13567301 30.060164178 116.426057584 -0.165684889649 3.98515516638 -1.71955403913 0 0.034
621 1.53230905533 35.936054 114.9269 -0.14240112 31.4319285303 115.645381983 -0.222514692697 4.56107033565 -4.59016959723 0 0.048
624 1.54195594788 38.113735 114.67885 -0.14674677 35.2798807582 114.856709537 -0.216303522879 2.83943020314 -3.98530837663 0 0.05
627 1.54682803154 40.163768 114.30534 -0.14012204 36.5373652921 116.021392415 -0.057742622535 4.01193625196 4.71999293949 0 0.056
630 1.54149699211 42.346763 113.98058 -0.16006212 39.2525949641 114.881457885 -0.0668849574582 3.22264748278 5.33865816065 0 0.082
633 1.54725503922 44.341947 113.67079 -0.15507802 39.453802339 114.702615474 -0.0691638909937 4.99586049012 4.9225169926 0 0.048
636 1.53480386734 46.544067 113.30502 -0.15009707 42.8132242188 115.157081434 -0.0529216792943 4.16525142238 5.56773975997 0 0.1
639 1.54561710358 48.557097 112.97025 -0.14631805 45.694929984 115.128186115 -0.121962070773 3.58450670291 1.39549481564 0 0.064
642 1.54050588608 50.586062 112.64729 -0.14866611 47.3443995047 113.12564025 0.0468482254386 3.27676588957 11.2021462549 0 0.102
645 1.53829312325 52.747394 112.3225 -0.14488479 49.7636095696 115.017954051 -0.136481574358 4.0210001327 0.48146879062 0 0.11
648 1.53345704079 54.919709 111.95097 -0.14565598 51.8162731722 115.624846679 -0.0841784846547 4.80922902272 3.52240101832 0 0.086
651 1.54771709442 56.9199 111.70562 -0.14317608 53.6241640993 114.212019423 -0.0748178654064 4.14052088475 3.91663719126 0 0.084
654 1.54088878632 58.963864 111.32719 -0.14485493 56.4088879468 112.832102383 -0.0744208375578 2.96524263951 4.03557623077 0 0.074
657 1.5474050045 61.070196 111.0267 -0.15209978 58.1943031309 111.335405479 -0.145195893721 2.89241402078 0.395563546053 0 0.1
660 1.55084705353 63.25691 110.67843 -0.1447313 59.7890748237 112.427241455 -0.153640023892 3.88384118036 -0.510432279846 0 0.102
663 1.55029702187 65.338645 110.4192 -0.14848438 60.7698735973 111.456856937 -0.123833567509 4.68512583067 1.41238751729 0 0.108
666 1.54717206955 67.412523 110.08404 -0.1445869 62.867081822 111.201526097 -0.12304305263 4.68079167237 1.23437152878 0 0.128
669 1.54888296127 69.507235 109.73429 -0.15139682 66.4572545519 111.051903473 -0.0961036546978 3.32242170668 3.16806500774 0 0.194
672 1.54430007935 71.647859 109.39116 -0.14906575 68.7367998023 109.679915954 -0.0817961911274 2.92534539041 3.8542618131 0 0.17
675 1.54657411575 73.702975 109.06139 -0.1559357 69.3032017194 111.82430192 -0.0463501436433 5.19535246144 6.27878987483 0 0.202
678 1.5439479351 75.754203 108.72815 -0.15045699 71.9513091146 109.931716764 -0.174546632478 3.98880619471 -1.38023484394 0 0.168
681 1.54746007919 77.860742 108.43703 -0.15243836 74.4187025906 109.199845979 -0.172695919371 3.52555293736 -1.16067265519 0 0.224
684 1.54401993752 79.97813 108.08555 -0.15170568 75.6875711788 108.330363009 -0.158308657528 4.29753748183 -0.37832274459 0 0.214
687 1.55997800827 82.120618 107.73965 -0.14888428 79.3595836509 109.266360069 -0.177830565241 3.15502049294 -1.65849997689 0 0.218
690 1.55748105049 84.192494 107.42985 -0.14593359 81.177486417 107.997637037 -0.174782804204 3.06800470082 -1.65293821616 0 0.262
693 1.53303003311 86.28045 107.15458 -0.15823172 82.2089247167 109.710854115 -0.121422666197 4.80747911964 2.10900343079 0 0.212
696 1.5358839035 88.385341 106.75858 -0.15035877 84.9652871856 104.0201685 -0.2887922164 4.38128584264 -7.93165222218 0 0.16
699 1.53714084625 90.512184 106.42958 -0.15443508 86.9295073221 109.061360167 -0.094083196616 4.44542900378 3.45790820357 0 0.224
702 1.53814291954 92.541412 106.11165 -0.15857271 89.7608466395 107.862820659 -0.136822785103 3.28605270831 1.2461789013 0 0.262
705 1.53184103966 94.624435 105.7799 -0.14991569 90.5818221932 107.471000187 -0.103421136071 4.38207007554 2.66394171046 0 0.21
708 1.52879285812 96.812614 105.41142 -0.16008539 92.971661516 106.539712151 -0.157261023087 4.00324358027 0.161824303938 0 0.296
711 1.53780508041 98.833392 105.05687 -0.15857643 94.5513261751 107.135162321 -0.158955060511 4.75976750481 -0.0216939302745 0 0.218
714 1.53189587593 100.9283 104.72764 -0.15390186 95.4101863169 105.800606317 -0.131786859147 5.62146202831 1.26709621279 0 0.144
717 1.54025006294 103.02648 104.38009 -0.15580909 98.6896380668 107.07774867 -0.164811606911 5.10740249568 -0.515806224005 0 0.2
720 1.53457713127 103.56436 104.3046 -0.21764658 98.5381004645 106.371326956 -0.233118750287 5.43457866172 -0.886490057341 0 0.17
723 1.53734493256 103.46604 104.39779 -0.32798619 98.8106219947 106.693967803 -0.317430013556 5.19089099369 0.604824358009 0 0.188
726 1.53541588783 103.43166 104.43448 -0.46455789 98.5342673398 106.432974773 -0.506787460033 5.2894646447 -2.41957613356 0 0.162
729 1.53938102722 103.35806 104.51276 -0.60050128 100.168979868 108.006388161 -0.571994639898 4.73029278273 1.63331016595 0 0.108
732 1.53592610359 103.30537 104.5712 -0.75278089 99.4105701005 106.626874929 -0.661284935859 4.40400563943 5.24233201482 0 0.08
735 1.54847002029 103.24477 104.73622 -0.88717849 97.7650353851 105.016753453 -0.890609630627 5.48691083106 -0.196589876852 0 0.102
738 1.54597616196 103.11543 104.83266 -1.0218313 97.7901652065 105.304774978 -0.950199896524 5.34615166951 4.10417709975 0 0.046
741 1.54393601418 103.3336 104.43355 -1.1359167 98.9541332702 108.513538872 -1.00472824577 5.98548561397 7.51654474815 0 0.066
744 1.5471830368 104.18264 102.5184 -1.1499809 100.239643797 103.706960169 -0.935243753043 4.11823922738 12.3035322253 0 0.062
747 1.54207801819 105.02068 100.61649 -1.1544373 104.052848355 101.912998606 -1.06569063675 1.6179099656 5.08480925025 0 0.086
750 1.53664183617 105.97315 98.645528 -1.1675657 104.461465292 101.993706418 -0.99975826997 3.67362074492 9.61465751168 0 0.1
753 1.54478287697 106.66644 96.709247 -1.154133 104.412644258 100.420267623 -1.13122635237 4.34180484483 1.31245423214 0 0.086
756 1.54420304298 107.65453 94.805864 -1.1707179 104.308465877 96.5360050012 -1.07819635014 3.76689965314 5.30109432112 0 0.104
759 1.55203485489 108.36584 92.821603 -1.1639211 106.040571724 97.0985223335 -1.14124813098 4.86815278514 1.29906543366 0 0.082
762 1.54809880257 109.18739 90.932737 -1.1605274 105.752265872 91.8554421218 -0.968221451175 3.55688944386 11.018319243 0 0.064
765 1.53442692757 110.00551 88.971931 -1.1631703 107.791092663 91.8937778674 -1.07035929003 3.66617419926 5.3176791634 0 0.084
768 1.54123687744 110.83946 87.051439 -1.1600004 110.575646801 87.9569732333 -1.15747919882 0.943180604032 0.144454186889 0 0.146
771 1.56180596352 111.68317 85.129972 -1.1502451 109.672244137 86.9747923938 -1.02806466649 2.7289531168 7.00042317946 0 0.144
774 1.55773282051 112.49307 83.177328 -1.1488654 113.399656129 85.7787933039 -1.05175818981 2.7549083716 5.56383330444 0 0.172
777 1.54902219772 113.40329 81.226755 -1.149046 113.495140701 83.8470807619 -1.1110537774 2.62193509639 2.17679400906 0 0.192
780 1.54391694069 114.20236 79.347389 -1.1522317 110.270089811 82.8729221154 -1.22881617398 5.28130027443 -4.38796713553 0 0.072
783 1.54835796356 115.10134 77.33273 -1.146946 113.546866786 79.9729679493 -1.12807559081 3.06386086531 1.08119480424 0 0.09
786 1.54451322556 115.87569 75.433999 -1.1405871 119.721661598 75.824778562 -0.933065741119 3.86577368723 11.8900980227 0 0.066
789 1.5459280014 116.74641 73.521868 -1.1514597 120.758952984 74.6129501382 -0.95254674286 4.15824018431 11.3968729346 0 0.07
792 1.54367804527 117.66191 71.592443 -1.1472421 124.177668098 74.5457840638 -0.653722923003 7.1538330303 28.2765659507 0 0.032
795 1.5493888855 118.47567 69.543126 -1.1411103 116.53043234 70.5846783296 -0.952835207783 2.20653139807 10.7873681714 0 0.046
798 1.54549002647 119.32773 67.660396 -1.1493947 116.477653564 70.5548855744 -1.20430370681 4.06214297993 -3.14605434755 0 0.062
801 1.55186009407 120.23613 65.736718 -1.1477983 118.079092147 67.8212424585 -1.06798642945 2.99967573528 4.57288333756 0 0.04
804 1.55430293083 121.05504 63.851108 -1.1435448 120.426415667 66.2530907804 -1.07808317687 2.48287934241 3.75067472561 0 0.05
807 1.54413986206 121.9387 61.889647 -1.1416966 121.833593541 64.6672609396 -1.20344841576 2.77960187167 -3.53811842023 0 0.052
810 1.54815411568 122.75206 59.947854 -1.134592 123.148964787 63.7398534288 -1.17487762907 3.8127146599 -2.30819652099 0 0.046
813 1.54228997231 123.61313 58.017737 -1.1345099 123.269783947 61.2054995365 -0.988227815043 3.20619969775 8.38134608642 0 0.064
816 1.5433549881 124.50226 56.14403 -1.1250591 121.874533855 59.3647703201 -1.04237363108 4.15669494946 4.73752839621 0 0.076
819 1.55285716057 125.37031 54.195354 -1.1346431 123.182142179 58.8091783379 -0.988872668738 5.10641297146 8.3520304891 0 0.046
822 1.54685211182 126.19009 52.293812 -1.120627 123.767256197 55.3068787439 -1.16751910174 3.86635420549 -2.68671952229 0 0.026
825 1.54415416718 127.09539 50.434417 -1.1252352 125.409923596 54.6640156099 -1.04922374835 4.55305407408 4.35513537434 0 0.046
828 1.54046821594 127.94916 48.435924 -1.125081 128.913654435 51.3156637289 -1.11419251149 3.03696401379 0.623864436775 0 0.064
831 1.54967808723 128.83417 46.49897 -1.1135569 127.725302181 50.1791331362 -1.13280915875 3.84359058038 -1.10307317242 0 0.058
834 1.54768300056 129.69028 44.561049 -1.1141866 127.699164052 49.2278392077 -1.03132355501 5.07380267266 4.7477027553 0 0.092
837 1.54531884193 130.6504 42.689185 -1.1179531 128.023474023 46.7271904475 -1.13355502274 4.81728430576 -0.893924325527 0 0.074
840 1.54183197021 131.56218 40.752166 -1.1133477 131.349805088 43.3172539724 -1.15279308258 2.57386468356 -2.26005394311 0 0.054
843 1.5507619381 131.80181 39.159633 -1.0655485 130.218969138 45.0118727155 -1.04127626397 6.06251555739 1.39069668381 0 0.058
846 1.53415584564 89.526265 39.287264 -0.26055386 132.337870598 40.8298388075 -1.03954744286 42.8393873777 -44.6330445657 0 0.07
849 1.54195904732 49.129117 22.860079 0.57174269 132.438987003 41.1680147192 -0.91459836894 85.2978015553 -85.1610695943 0 0.042
852 1.54246592522 45.693587 19.436118 1.0035584 36.6687722275 84.185137227 -0.597439602016 65.3749399429 -91.7304285244 0 0.018
855 1.53890514374 46.841947 21.209275 1.0214136 65.5339946883 102.95557977 0.335286452475 83.8561326933 -39.3121897625 0 0.018
858 1.54370808601 48.00008 22.972907 1.0079248 122.951872199 61.3786619898 -0.687529785082 84.2186034687 -97.1423920813 0 0.01
861 1.53300309181 49.170996 24.731115 1.014741 73.5957323913 109.260304257 0.640532282347 87.9872239832 -21.4405801785 0 0.012
864 1.55597710609 50.349541 26.532036 1.0144485 25.3679647474 32.1173646369 -2.78524971667 25.5983407284 142.293328762 0 0.006
867 1.54957699776 51.518278 28.351001 1.0069992 109.109308245 46.9887514978 -0.984825141404 60.5317479365 -114.123128294 0 0.006
870 1.54552388191 52.642563 30.101924 1.0170679 29.0976611317 76.0561503516 -1.70247827275 51.634807287 -155.81851789 0 0.006
873 1.53270292282 53.80357 31.912095 1.0183648 79.7944511496 100.728934887 1.37597316165 73.5614257266 20.4894498413 0 0.006
876 1.53625607491 54.946688 33.671099 1.0064723 24.8720565408 25.8929587074 -1.33338694793 31.0641742819 -134.064059561 0 0.01
879 1.54235100746 56.161659 35.476636 1.0152563 50.3920649007 102.33232254 1.90640253541 67.1041804867 51.0589182179 0 0.012
882 1.53490805626 57.333476 37.252395 1.017552 121.200825305 44.7398149834 -1.00741029238 64.3047413902 -116.021793026 0 0.008
885 1.54472589493 58.434052 39.044555 1.0099164 89.5735680201 68.2220396161 2.16164389019 42.6731187809 65.9891243368 0 0.006
888 1.55362892151 59.558673 40.733157 1.0155176 136.490375761 77.317495257 1.22257126311 85.1874444703 11.8633010289 0 0.004
891 1.54853606224 60.829575 42.673596 1.0256616 20.0505170724 56.5325326929 -2.1078307974 43.069730574 -179.535889507 0 0.006
894 1.54152011871 61.938983 44.298725 1.0235902 119.191985739 37.8597801449 -0.541910174475 57.61394218 -89.6965642836 0 0.004
897 1.53857302666 63.08776 46.123861 1.0214801 34.7909800065 119.46032201 1.5006294597 78.6062610199 27.4532360671 0 0.008
900 1.5456829071 64.233274 47.872937 1.026201 30.167665251 3.18348100774 -3.13197140796 56.192643436 121.754270536 0 0.006
903 1.57491493225 65.367062 49.701179 1.0288308 76.3292530593 47.8368084974 -2.28194459454 11.1196002712 170.306542977 0 0.004
906 1.55418395996 66.47055 51.411163 1.0247772 32.0587474888 87.0099575456 -2.92835870859 49.5120826179 133.501996596 0 0.006
909 1.5371568203 67.601685 53.206336 1.0345375 101.319161553 133.72439527 0.800804437063 87.2927608321 -13.3919180389 0 0.006
912 1.54407000542 68.713633 54.989386 1.0321621 71.3521546933 54.4107650822 1.3515751249 2.70122174073 18.3010182483 0 0.008
915 1.55204582214 69.889939 56.860516 1.0335194 71.0470877678 57.0207399324 2.05490398988 1.16818876017 58.52102626 0 0.006
918 1.5506567955 70.97178 58.665246 1.0279054 132.791004643 71.3704392185 0.425321615963 63.1113180832 -34.5255076283 0 0.006
921 1.54252195358 72.083269 60.388926 1.0348295 85.7101715827 68.8546884199 -0.855458197739 16.0424938008 -108.305507146 0 0.01
924 1.54097890854 73.21006 62.180545 1.0389104 68.9100197244 65.4318659234 1.39713489075 5.39086580422 20.5247514381 0 0.006
927 1.54499197006 74.211219 63.966291 1.0279221 114.282967067 114.84775471 -1.87937776926 64.7662592902 -166.576012287 0 0.004
930 1.55004310608 75.394113 65.876292 1.0355825 12.3523692426 105.241832412 0.448705352633 74.3229925928 -33.6255836368 0 0.006
933 1.54390192032 76.475569 67.55587 1.0353462 71.4437184678 71.357339051 0.887696534837 6.30640045706 -8.45970266037 0 0.006
936 1.53575515747 77.652303 69.425792 1.0395167 114.181304918 101.389465559 -2.54584581798 48.5391018511 154.573859695 0 0.01
939 1.55726408958 78.72098 71.209083 1.0347632 11.289643262 61.1487224533 -1.25886395751 68.1776798418 -131.415155902 0 0.002
942 1.54897689819 79.923618 73.070281 1.0406815 78.4677243924 75.5585510905 1.17260735359 2.88290031735 7.55879461917 0 0.018
945 1.5464849472 80.886825 74.813727 1.0240856 79.4991865286 76.8211023944 1.23535393821 2.44030664084 12.1047841243 0 0.028
948 1.5478181839 82.003807 76.66259 1.0354781 81.197749248 77.4287279633 1.1847874494 1.11206855833 8.55479556269 0 0.026
951 1.53749203682 83.149971 78.458347 1.0359732 84.2165229505 79.4208564515 1.00811817186 1.43664801093 -1.59597555054 0 0.034
954 1.54399299622 84.209192 80.07724 1.046865 83.5844726015 79.9648223402 1.11248525923 0.634753540414 3.7597639047 0 0.058
957 1.53671193123 84.421821 80.346791 1.1291589 80.7078859021 80.3587171311 1.10439121462 3.71395424631 -1.41908384083 0 0.036
960 1.54434609413 84.549549 80.462185 1.2384433 83.5348927772 82.0049058722 1.47271872807 1.84648718923 13.422993272 0 0.04
963 1.53719091415 84.477315 80.645515 1.377415 81.4169677174 80.7649839014 1.23528291977 3.06267829003 -8.14356833074 0 0.046
966 1.53440999985 84.491575 80.745704 1.5042297 83.8196808641 79.051762354 1.48944559666 1.82232818943 -0.847066725159 0 0.046
969 1.55288696289 84.58151 81.604236 1.6242617 80.8100284949 81.9662709311 1.56612471415 3.78881802604 -3.33100392278 0 0.04
972 1.53677892685 84.52138 83.606555 1.6450761 79.1895433578 83.4331796178 1.44902151932 5.33465472195 -11.2331000273 0 0.046
975 1.54881596565 84.450105 85.633891 1.6510189 80.3314550681 86.4415517657 1.58869117203 4.1970934197 -3.57111575907 0 0.086
978 1.55187988281 84.288283 87.799076 1.6553182 80.8695433042 87.4027708473 1.62357524679 3.44163317074 -1.81873724834 0 0.066
981 1.55017590523 84.219899 89.940013 1.6574582 80.7507830867 90.2729844238 1.66794669196 3.48505885015 0.600946322675 0 0.056
984 1.54553699493 84.085061 91.960688 1.6559816 80.7655577475 92.9750457979 1.65945603812 3.47102630146 0.199070640294 0 0.052
987 1.54780507088 83.972707 94.061302 1.6546883 78.5853964031 94.5516106748 1.6702065985 5.40957651433 0.889133009109 0 0.028
990 1.54500317574 83.850194 96.236204 1.650278 28.3352474765 93.9030304034 1.79369775542 55.5639540218 8.21734668457 0 0.014
993 1.54433107376 83.742141 98.372522 1.653672 81.326844484 99.1636230481 1.67319742972 2.54155427413 1.11872471594 0 0.036
996 1.55094909668 83.558608 100.37046 1.6603574 77.662492152 101.544810193 1.6114710819 6.01192818214 -2.80097970289 0 0.024
999 1.54395413399 83.448658 102.54165 1.6520527 79.0265933696 101.400303692 1.80876186106 4.56698226292 8.97877353978 0 0.028
1002 1.53997898102 83.308795 104.69204 1.6576029 79.8957168518 106.345563242 1.69605242431 3.79252443078 2.20299546746 0 0.036
1005 1.55764985085 83.194681 106.76107 1.661421 78.931766185 109.381347766 1.69029629471 5.00382836354 1.65443251886 0 0.042
1008 1.55569005013 83.066158 108.84686 1.6653468 78.2559844593 108.360715402 1.72915681773 4.83467745168 3.6560447066 0 0.036
1011 1.54123091698 82.920912 111.09751 1.6564676 77.4403525218 111.252531969 1.59002446882 5.48275149944 -3.8069109945 0 0.042
1014 1.53488898277 82.798446 113.12029 1.6519674 79.2707549573 113.578857265 1.69414781641 3.5573709435 2.41675983841 0 0.058
1017 1.55100607872 82.725101 115.25424 1.6521864 78.4927160391 117.022579946 1.6542311834 4.58694981664 0.117157458996 0 0.042
1020 1.56487011909 82.605874 115.888 1.7134215 77.4552893989 118.050532148 1.70075719781 5.58614957032 -0.72561106591 0 0.058
1023 1.54229688644 82.650086 115.98425 1.8265292 79.6334771878 114.75764664 1.88763490543 3.25645275235 3.50109902552 0 0.036
1026 1.56265807152 82.697137 116.16336 1.9516157 78.8205294583 116.614482636 2.09481523598 3.90276794918 8.20472903964 0 0.036
1029 1.54485702515 82.611261 116.28116 2.0730733 80.2632969839 116.232552655 2.1793076471 2.34846709475 6.0867797281 0 0.034
1032 1.53752708435 82.517518 116.45008 2.1971216 79.1815681646 117.305027927 2.31833971132 3.44376207979 6.94528617932 0 0.038
1035 1.54705381393 82.418538 116.4581 2.3123831 77.7723683095 115.170837333 2.4310065045 4.82119673604 6.79662042936 0 0.042
1038 1.54607415199 82.414024 116.83182 2.4679277 78.5288082043 114.680663319 2.53745185052 4.4409882733 3.98344039918 0 0.028
1041 1.54988098145 82.282962 116.94587 2.5874118 77.0834121122 119.082112563 2.52896129794 5.62128555781 -3.34896707825 0 0.018
1044 1.53943586349 82.208722 116.96752 2.707272 77.9897270875 116.068679608 2.74412190963 4.31367964994 2.11134429717 0 0.022
1047 1.53744888306 82.043289 117.20312 2.8493508 77.9035721183 115.677597598 2.95020165627 4.41185612418 5.77832842457 0 0.032
1050 1.55176711082 81.832352 117.28824 2.9891727 74.7123289519 113.099435581 2.96707589239 8.26079963814 -1.26605381687 0 0.018
1053 1.55172014236 81.142386 117.29523 3.0875315 78.6308182416 117.126975297 -3.11655235949 2.51719730063 4.53217910625 0 0.028
1056 1.54885005951 79.131234 117.37152 3.1037602 75.9381024099 116.414470673 -3.10673683242 3.33347157875 4.16473136364 0 0.028
1059 1.54942202568 77.094643 117.50841 3.1079346 74.7311012248 114.807387414 -3.05578472272 3.5891298017 6.84489670519 0 0.03
1062 1.53952407837 74.899205 117.59033 3.115912 71.5246026405 117.370343873 3.10361369102 3.38176506878 -0.704641199502 0 0.048
1065 1.54558300972 72.824078 117.69503 3.116944 68.7768195321 115.343780045 3.08948996209 4.68067062042 -1.57300050299 0 0.068
1068 1.54665112495 70.711208 117.83017 3.1174699 68.3907657451 115.003511977 3.07686949893 3.65710921852 -2.32623162795 0 0.06
1071 1.55120921135 68.550781 117.88294 3.1169773 65.8417135542 117.822351546 -3.12194374976 2.70974489324 2.53615513369 0 0.044
1074 1.54148983955 66.454241 117.99143 3.11617 61.5234401043 116.305663679 3.11180522187 5.21100811387 -0.250083365561 0 0.048
1077 1.55175304413 64.352032 118.06903 3.1139299 60.6065858908 117.098037252 3.07213815155 3.8692626523 -2.39449080438 0 0.088
1080 1.54232811928 62.204954 118.16997 3.1178991 58.5280486313 118.187777036 3.10040095314 3.67694848764 -1.00256996459 0 0.05
1083 1.54870605469 60.134729 118.2293 3.1166836 56.9403790282 117.763429355 3.09540396022 3.22814299565 -1.21923354901 0 0.12
1086 1.54957199097 58.034017 118.36643 3.1239361 54.895051119 116.320996885 3.12320745377 3.74658556939 -0.0417483539093 0 0.122
1089 1.54998397827 55.858025 118.47896 3.1251128 53.5676423493 117.772203445 -3.11313862356 2.39694754099 2.57452188844 0 0.156
1092 1.55036497116 53.766425 118.55 3.1243401 50.0667061936 115.389225139 -3.11400244421 4.86604736594 2.56930105986 0 0.148
1095 1.54662799835 51.628528 118.603 3.1187628 48.6692872703 117.437105475 -3.08919975039 3.18063134281 4.30994648719 0 0.212
1098 1.54666113853 49.494235 118.64783 3.1200968 47.9642214273 117.451513148 3.13501932491 1.94219348741 0.854997696967 0 0.24
1101 1.54619503021 47.379245 118.80828 3.1260538 45.693151241 117.402302937 3.13118496898 2.19537779595 0.293994326344 0 0.23
1104 1.54901099205 45.313934 118.87713 3.1250737 45.3466258975 117.82882568 3.12200820784 1.04881395232 -0.175639762915 0 0.162
1107 1.55195593834 43.229975 118.9845 3.131291 42.4728851508 116.850633312 -3.13968813279 2.26419347287 0.699362276573 0 0.134
1110 1.55120015144 41.038059 119.03542 3.1300111 40.4250912819 117.347002147 -3.11916618767 1.79624170647 1.94851598767 0 0.156
1113 1.55011487007 38.877743 119.09254 3.1262084 35.9106593508 116.804929764 3.07658980536 3.74656455584 -2.84293605825 0 0.138
1116 1.56362485886 36.866989 119.17866 3.1252668 33.9815592927 119.497499429 3.05734899582 2.90299210765 -3.89140353352 0 0.142
1119 1.56678104401 34.67231 119.25843 3.1314701 32.6849006837 120.692089765 -3.12170028998 2.45054608449 1.71972807782 0 0.106
1122 1.5565469265 32.567479 119.34722 3.1353596 31.3248076651 118.252180687 3.01658841541 1.65630406149 -6.80508760466 0 0.098
1125 1.55149197578 30.502201 119.36971 3.1349527 27.6625329189 116.507042712 3.11026210455 4.03219280468 -1.4146669131 0 0.062
1128 1.56866383553 29.15421 119.31018 -3.13185 26.3282281684 115.964577835 3.07518252829 4.37940945289 -4.36323282871 0 0.07
1131 1.56919002533 28.938717 119.39146 -3.028318 32.5194406857 119.797323513 -3.13591040556 3.60365193999 -6.16459074646 0 0.052
1134 1.5653629303 28.80706 119.32785 -2.9089456 25.95759467 116.011883154 -2.77688870747 4.3720806018 7.56630259748 0 0.04
1137 1.54331994057 28.607415 119.34948 -2.7753086 32.5242544641 121.550825165 -2.85029597375 4.49305596692 -4.29646003253 0 0.032
1140 1.54540085793 28.309413 119.3977 -2.6319404 34.2579620824 120.667017276 -2.76604069693 6.08246681315 -7.68338104557 0 0.032
1143 1.54868388176 28.176965 119.31562 -2.5155106 31.9126829202 125.230094767 -2.48757804261 6.99546997369 1.60041764972 0 0.018
1146 1.54914307594 28.13257 119.1422 -2.3876282 58.1719647387 94.9278547037 -1.94999603601 38.5836721217 25.0744759759 0 0.014
1149 1.53655695915 28.071656 119.10664 -2.2643471 58.0416412435 91.9750064755 -2.12451611616 40.4267925169 8.01172521937 0 0.024
1152 1.54599404335 27.847582 119.05477 -2.1225081 103.230755245 109.267409099 -2.3064275156 76.0158880884 -10.5378062844 0 0.014
1155 1.54128789902 27.651134 118.95518 -2.0012288 41.2418842105 130.691848165 2.34909053419 17.9571119866 -110.745062617 0 0.006
1158 1.5460050106 27.585975 118.8068 -1.8653126 50.7673291616 102.241347847 -0.732850066467 28.4919179032 64.8853236282 0 0.01
1161 1.54282283783 27.545652 118.66047 -1.7395281 29.0586550685 129.058715039 -1.51654875932 10.5077437246 12.7757751397 0 0.012
1164 1.54938197136 27.426878 118.54472 -1.6078392 115.151614502 114.023060952 -2.17050313563 87.8411907641 -32.2382687961 0 0.006
1167 1.55240797997 27.408113 118.27266 -1.4907581 19.4786461313 70.0381235331 0.815530170618 48.8819696105 132.140584247 0 0.02
1170 1.5397400856 27.619078 117.43976 -1.368489 41.6325238713 137.18129203 -2.19498335234 24.2096004118 -47.3546381806 0 0.014
1173 1.54403185844 28.00462 115.50954 -1.3464267 102.356234587 109.808329215 -2.63217131931 74.5698759292 -73.6677402183 0 0.022
1176 1.54291605949 28.352772 113.43776 -1.3439724 94.7745395557 43.5541028438 2.99689751193 96.4135713619 -111.286474631 0 0.012
1179 1.53385782242 28.777386 111.37552 -1.3470791 54.2271809529 95.7252249501 1.10920976806 29.8768103768 140.734985405 0 0.012
1182 1.54130911827 29.292879 109.18718 -1.3487141 100.565562211 114.102723986 -0.871063835333 71.4419900675 27.3673442487 0 0.012
1185 1.55740690231 29.664866 107.14961 -1.3582731 92.3987080189 100.673429621 -2.39210231655 63.06723275 -59.2340508454 0 0.01
1188 1.55326414108 30.155372 105.1583 -1.3627181 35.4166097976 58.7374928276 -0.96787374062 46.7180046845 22.622915357 0 0.012
1191 1.55109190941 30.584999 103.08809 -1.3538609 26.5529593778 77.78476274 0.63582302376 25.6225625951 114.000491397 0 0.01
1194 1.54584097862 30.932942 101.04272 -1.3388863 42.6089019271 97.0556300184 2.59317699138 12.3379466177 -134.709368626 0 0.006
1197 1.54050803185 31.46397 98.886394 -1.3633561 39.6692570129 82.536272337 2.12506626415 18.2935292757 -160.128121375 0 0.008
1200 1.54556107521 31.761459 96.890841 -1.3338862 26.2928659836 127.167099563 -2.46578035408 30.7661720427 -64.8527578841 0 0.008
1203 1.54373407364 32.148779 94.808879 -1.340085 25.0943606549 123.86155938 -2.68830947292 29.8968736738 -77.2475721347 0 0.01
1206 1.54323220253 32.63242 92.742465 -1.3409888 43.2708926352 51.6329195332 -0.522808320626 42.4637707758 46.8782883481 0 0.004
1209 1.54498910904 33.223163 90.635151 -1.3443959 7.17839005801 70.0823787888 2.40870364838 33.1775020634 -144.963235785 0 0.006
1212 1.54219007492 33.480467 88.544154 -1.3400822 76.5369057111 89.1855478135 -2.9287691432 43.0612157342 -91.0250568128 0 0.008
1215 1.54650306702 33.996344 86.523674 -1.3537744 33.0675395468 84.6938518946 -1.30378082945 2.05205425115 2.86442059551 0 0.006
1218 1.5573079586 34.391099 84.502242 -1.3500462 92.1874060959 79.3227288172 -0.133390466101 58.0279283685 69.7092386728 0 0.008
1221 1.54961585999 34.871654 82.311763 -1.3462417 39.1579915517 95.6238317956 1.55815228485 13.9851301469 166.409517375 0 0.008
1224 1.54988503456 35.319079 80.358924 -1.358939 94.0022666902 76.4021980913 -0.555348815437 58.8164279552 46.0423260336 0 0.01
1227 1.56315398216 35.776446 78.250756 -1.3606991 25.568385196 30.2371937791 1.29251773131 49.0867259299 152.018126567 0 0.004
1230 1.56079101562 36.167733 76.160289 -1.3496683 84.6688303091 37.8299982429 2.41544079561 61.8188290872 -144.275139415 0 0.006
1233 1.55632805824 36.593873 74.026216 -1.3452321 132.04937402 36.9010762147 -0.489067830965 102.420841038 49.0545991856 0 0.008
1236 1.55766701698 37.096668 72.068535 -1.358637 38.3727809544 61.2204511153 -0.851227858238 10.9228836962 29.0724023093 0 0.004
1239 1.55416893959 37.456761 70.030489 -1.3570922 35.7002129336 68.7757632178 -1.3464521075 2.15865650301 0.609632394037 0 0.008
1242 1.55795502663 37.942935 67.912468 -1.3598503 37.1752118859 67.4878306055 -1.48510105852 0.877334426949 -7.17633984407 0 0.008
1245 1.56225299835 38.381728 65.750541 -1.3597279 136.184540706 121.883729343 0.384638735704 112.76668394 99.9448461493 0 0.006
1248 1.5596280098 38.78715 63.709446 -1.3638712 38.7344318461 63.419673629 -1.43333871535 0.29452882833 -3.98019544307 0 0.024
1251 1.56046891212 39.284372 61.704874 -1.358189 83.416772406 82.4297992464 -2.76235448852 48.7564487229 -80.4527562299 0 0.008
1254 1.56077289581 39.616785 59.610797 -1.3616912 39.5922670524 59.173247299 -1.49242826755 0.438236090026 -7.49068219659 0 0.022
1257 1.54461598396 40.0981 57.483375 -1.3627524 87.3507366832 123.082589401 -0.324246556944 80.8459560124 59.5020018068 0 0.006
1260 1.55300188065 40.478176 55.366289 -1.371191 87.9257154023 81.2872810122 2.92276111615 54.0663187412 -113.974666313 0 0.006
1263 1.55202007294 40.927924 53.368372 -1.3697355 69.0889511259 26.6269643235 3.04124011391 38.8348597694 -107.269713788 0 0.01
1266 1.53498983383 41.311773 51.24524 -1.3687118 41.0524891438 51.9253082663 -1.18701737903 0.727819321611 10.4103234825 0 0.008
1269 1.53900909424 41.752813 49.127024 -1.3690442 40.4081640453 50.0657397812 -1.30016205812 1.63989881677 3.94665601363 0 0.026
1272 1.54523301125 42.124468 46.999249 -1.3746445 41.0611214083 49.8354551749 -1.44134199978 3.02898851769 -3.82148524169 0 0.032
1275 1.53812384605 42.489069 45.000812 -1.3756167 41.7210251917 45.4988532186 -1.37226740542 0.915388631675 0.191900444039 0 0.042
1278 1.55833911896 42.919623 42.847052 -1.3693623 41.9216521796 43.0506242785 -1.4289445237 1.01852217989 -3.41380995224 0 0.042
1281 1.55273509026 43.26925 40.76156 -1.3849404 43.187021479 44.4126736117 -1.38679161874 3.65203944874 -0.106067020629 0 0.032
1284 1.55226802826 43.723057 38.666685 -1.382086 44.2888145622 38.0203573034 -1.32510154126 0.85896513932 3.26496898337 0 0.03
1287 1.55785489082 44.069109 36.638541 -1.3748634 45.7980902422 38.4842307159 -1.4087904241 2.52902089025 -1.94387529227 0 0.014
1290 1.56583809853 44.48264 34.512889 -1.372972 44.3142817414 34.9753316943 -1.36929164616 0.492135904807 0.210868742372 0 0.038
1293 1.55290222168 44.660959 33.544964 -1.3339999 45.4743538645 33.4706467031 -1.37813927074 0.816782875838 -2.52899965402 0 0.042
1296 1.53770089149 44.654294 33.324157 -1.2074321 44.0047833013 34.0100382947 -1.22148349598 0.944614894112 -0.805085685735 0 0.038
1299 1.54856514931 44.699557 33.107025 -1.0711259 46.3446482896 34.6030487928 -1.23329445044 2.22360350325 -9.29157351001 0 0.046
1302 1.57604694366 44.829945 32.953901 -0.95914547 42.1620782057 32.8080984796 -0.706323156957 2.67184797605 14.4856515041 0 0.046
1305 1.54995107651 44.914184 32.826307 -0.82117543 42.9716237732 31.7516859555 -0.636762442128 2.21998887928 10.5660858925 0 0.05
1308 1.54447102547 44.932468 32.690373 -0.70238554 42.4123757796 34.8539634043 -0.699203862773 3.32144369767 0.182296676878 0 0.028
1311 1.55509185791 45.019913 32.619075 -0.56167342 42.0925918068 35.470448502 -0.604542479474 4.08650709234 -2.45621617956 0 0.044
1314 1.55270004272 45.164806 32.47066 -0.44585332 42.3711710153 34.2719194388 -0.528799786392 3.32399338048 -4.75248244978 0 0.032
1317 1.55308890343 45.307079 32.373178 -0.30795343 41.829173556 32.1376718005 -0.538574678068 3.48586996999 -13.2136241804 0 0.036
1320 1.54264783859 45.468859 32.25314 -0.19105128 30.1476132317 86.5984716862 0.726903581877 56.4637551707 52.5949393691 0 0.022
1323 1.53859591484 46.833289 32.057508 -0.10389315 39.1295741348 32.5583869423 0.0142433571823 7.71998072787 6.76872326797 0 0.01
1326 1.53857088089 48.863767 31.868312 -0.084237935 46.2095034435 31.2383385679 -0.127454691154 2.72799955136 -2.47613773187 0 0.034
1329 1.55388903618 51.033972 31.691587 -0.08198003 47.0790189936 35.6514667853 -0.274364245925 5.59663302326 -11.0228036174 0 0.018
1332 1.54635500908 53.111195 31.42619 -0.084122232 49.574505881 30.0440459272 -0.0600205003481 3.79716896682 1.38092750261 0 0.018
1335 1.54430603981 55.206155 31.249451 -0.082409142 50.9527531206 31.8253226821 -0.120893809672 4.29220872537 -2.20500903358 0 0.012
1338 1.55321407318 57.287235 31.07162 -0.080297126 57.6764994342 33.5162025442 -0.0205446357291 2.47538090304 3.42356550792 0 0.016
1341 1.5506401062 59.516372 30.847745 -0.092608556 59.621238268 32.8407093651 0.0990960492356 1.9957213971 10.9838647932 0 0.03
1344 1.55204296112 61.567611 30.670937 -0.091677002 59.5719921395 32.8778789657 -0.0033374136775 2.97541383276 5.0614855748 0 0.05
1347 1.54816484451 63.68279 30.502969 -0.089332225 65.2009842849 32.1847715769 -0.0918912218711 2.2656949915 -0.1466197205 0 0.022
1350 1.54746103287 65.773678 30.270465 -0.081918863 64.2861104568 34.4790468459 -0.201207060955 4.46374487948 -6.83471028855 0 0.022
1353 1.57182812691 67.870787 30.052005 -0.080757136 68.5330072017 31.4695881899 0.0110079069981 1.56463340618 5.25774967063 0 0.052
1356 1.55587315559 69.978421 29.855203 -0.080851998 69.066115117 31.36542771 -0.2004712855 1.76439244466 -6.85368032211 0 0.074
1359 1.5660598278 72.04312 29.748383 -0.089661546 70.8833865373 30.7367925964 -0.168112570176 1.52378976062 -4.49491258377 0 0.046
1362 1.56113696098 74.192216 29.503442 -0.097083695 72.5039793205 30.9085910929 -0.0873913991997 2.19649426572 0.555327643152 0 0.058
1365 1.55115699768 76.337484 29.313327 -0.092202589 76.2097313032 30.8722626281 -0.226555115 1.56416145077 -7.69783270675 0 0.052
1368 1.53633189201 78.469083 29.072242 -0.088851811 78.6925170022 31.2936205784 -0.14530951781 2.23258718572 -3.23478832119 0 0.066
1371 1.54206895828 80.508884 28.860474 -0.08148585 79.664299301 29.2823911876 -0.0304152254769 0.944106682005 2.92613124227 0 0.076
1374 1.54194307327 82.648681 28.706332 -0.092016755 81.8728678749 31.042921387 -0.101476386837 2.46201867755 -0.541996980001 0 0.074
1377 1.54265403748 84.803463 28.469695 -0.089914919 83.3735799777 32.3230480178 -0.0358264895161 4.11009670656 3.09903872992 0 0.07
1380 1.54814791679 86.909059 28.274418 -0.095059786 85.4046535255 29.8081074471 -0.178615511004 2.14835731471 -4.78739039687 0 0.064
1383 1.54546117783 88.999768 28.069648 -0.093100738 88.1195275867 30.6166686213 -0.0624706551136 2.69483528816 1.75497447552 0 0.11
1386 1.5464758873 91.148907 27.8824 -0.087682683 89.597583548 29.8940229051 -0.0677394869104 2.54032107524 1.14266096594 0 0.122
1389 1.5468981266 93.191686 27.680334 -0.085944106 91.3891187127 28.7054825496 0.0144022033107 2.07368714469 5.74942001321 0 0.076
1392 1.54061317444 94.597595 27.536443 -0.026113958 93.5845429712 30.274050769 -0.0553888723901 2.91903592131 -1.67732904016 0 0.106
1395 1.54445505142 66.734672 23.138609 0.64678418 94.8671751669 29.8456667444 0.0118493039894 28.9209674462 -36.3790886611 0 0.08
1398 1.53765320778 41.954155 8.6979942 1.5862633 96.6879578623 32.5063416122 -0.0101217263767 59.6877423118 -91.4661244893 0 0.114
1401 1.53753089905 40.498777 7.6026468 1.6671323 99.4535913649 29.5583059831 0.119104596263 62.9104212906 -88.6954539934 0 0.076
1404 1.54283690453 40.36551 9.5759073 1.6613912 102.392763699 31.0323623722 -0.00906864061755 65.6335254704 -95.7102987135 0 0.106
1407 1.55681991577 40.15753 11.693798 1.6450717 100.791089024 30.5130501794 -0.0310178459758 63.4869493082 -96.0328570704 0 0.084
1410 1.55217194557 40.017928 13.779826 1.6578436 101.428989256 30.2764142721 0.0245651010579 63.5881739727 -93.5799647588 0 0.046
1413 1.53671693802 39.937066 15.922073 1.6651068 105.079114047 31.34923906 0.114577467556 66.9438860266 -88.8387867603 0 0.052
1416 1.54244494438 39.75755 17.953862 1.6630734 107.210975479 32.2846014823 -0.106894161536 68.9589349027 -101.411671151 0 0.05
1419 1.542760849 39.645384 20.177858 1.663423 107.036819149 27.2887192586 0.0332153394328 67.7655508303 -93.4040186804 0 0.032
1422 1.55024695396 39.526919 22.292671 1.6684735 110.62790438 32.3498080243 0.0924370442864 71.8087468708 -90.3002372711 0 0.036
1425 1.54240608215 39.303781 24.413998 1.6572417 110.495975275 32.5486817467 -0.323747561671 71.6554366769 -113.502323954 0 0.04
1428 1.5498650074 39.21094 26.55624 1.6661167 112.710528601 34.2738642774 0.116074732346 73.903661946 -88.8108628147 0 0.026
1431 1.55196499825 39.049874 28.673026 1.6660737 120.78119304 30.0697432963 0.431218117514 81.7432525115 -70.7520131846 0 0.02
1434 1.54231905937 38.816051 30.701859 1.6598041 119.411819446 32.9147412113 0.128998120034 80.6261417847 -87.7087219054 0 0.03
1437 1.549243927 38.695572 32.853799 1.6647394 122.329831089 33.8916098995 0.10779366288 83.6406978978 -89.2064196679 0 0.028
1440 1.54505395889 38.58982 35.008607 1.6723781 122.5255033 34.2332822618 0.0903875728853 83.9392641107 -90.6413804333 0 0.024
1443 1.54637098312 38.393816 37.160762 1.6689022 125.891338643 34.8992673952 0.109776825756 87.5267434935 -89.3313036759 0 0.048
1446 1.54100704193 38.314928 39.264936 1.6781402 131.514234891 30.4539009768 0.0563888802603 93.6148767193 -92.9195060409 0 0.014
1449 1.54147386551 38.042909 41.445131 1.6601298 129.471262528 37.4169230669 0.347647292966 91.5170491653 -75.1997083378 0 0.02
1452 1.54263281822 37.893052 43.482766 1.6655679 135.175167166 27.0135253281 -0.0891700312901 98.6663357966 -100.539077614 0 0.018
1455 1.53363084793 37.737395 45.529248 1.6663309 137.258667644 27.9488754984 -0.111117098347 101.062125478 -101.840268609 0 0.014
1458 1.55846405029 37.667375 47.706088 1.6735516 139.731897765 27.1614597346 -0.029357954721 104.111711915 -97.569530378 0 0.008
1461 1.54980397224 37.411337 49.793915 1.6717816 137.126553698 33.1888845586 0.28906658344 101.08833502 -79.2237347182 0 0.01
1464 1.55385494232 37.208006 51.943854 1.66906 90.7913078743 44.6116491365 1.02298166244 54.0826355489 -37.0175619768 0 0.006
1467 1.55021595955 37.03196 53.963531 1.6741645 31.6144164419 13.0702820324 0.275224870507 41.2505465337 -80.1533365635 0 0.006
1470 1.5378510952 36.983983 56.143126 1.6856298 53.4312761236 67.2675317042 2.01736329041 19.8561288615 19.0069289238 0 0.004
1473 1.52886295319 36.720012 58.206076 1.6746777 96.3570177242 102.549160126 2.0939603756 74.3160922115 24.0231277351 0 0.01
1476 1.53077697754 36.536888 60.398002 1.6787317 137.865259999 35.6009438765 -1.60306834712 104.318421496 171.966708094 0 0.008
1479 1.52756404877 36.401835 62.417273 1.6766351 93.1852898917 106.150505557 -0.959702386879 71.672563644 -151.05101137 0 0.004
1482 1.54032492638 36.239068 64.615141 1.6886647 46.7852038364 97.7859812809 -3.03227982101 34.806976686 89.5098036305 0 0.004
1485 1.54096794128 35.99676 66.655908 1.678851 36.6400916628 47.0449960154 -3.0474744338 19.6214613242 89.2015000379 0 0.004
1488 1.53813290596 35.830181 68.859683 1.6854848 55.1225629996 126.043018138 0.970524035759 60.3500606522 -40.9642343085 0 0.004
1491 1.54403090477 35.575227 70.898859 1.683738 128.679532289 19.0493922364 -0.593581845242 106.568188813 -130.480815734 0 0.004
1494 1.54810714722 35.463169 73.006353 1.6935188 36.3305242724 79.8928527554 2.57517632466 6.94090657264 50.5152551388 0 0.008
1497 1.53520083427 35.205801 75.07321 1.6913976 40.5260011642 87.6017795646 1.01568705388 13.6113770472 -38.7153624652 0 0.006
1500 1.54962086678 34.978045 77.287591 1.6912075 30.7545760387 80.8065501329 0.997994243506 5.49734148896 -39.7181938997 0 0.012
1503 1.56396794319 34.814043 79.320098 1.7000185 59.9281743689 104.228120048 -2.10198194534 35.3713041429 142.161420775 0 0.01
1506 1.54576206207 34.580736 81.372215 1.6970036 31.0732884461 81.3611763666 1.70366834208 3.50746492427 0.381861592889 0 0.014
1509 1.55059409142 34.345965 83.441951 1.6955247 39.5594901473 79.317403031 0.327146482523 6.64776206024 -78.4022966391 0 0.006
1512 1.5567920208 34.142398 85.698773 1.7034669 32.152806336 84.1960917064 2.50470752236 2.49329622375 45.9077060358 0 0.012
1515 1.54279398918 33.910208 87.748137 1.7016389 31.6198212071 85.3983640568 2.26318941652 3.28135711953 32.17447458 0 0.018
1518 1.54624891281 33.670818 89.737713 1.6967853 33.9628090526 89.132497029 2.13333767605 0.671971090446 25.0126086841 0 0.016
1521 1.53897690773 33.472926 91.900649 1.7056804 29.040574135 91.2876567022 1.87272180966 4.47453937431 9.57076777739 0 0.024
1524 1.54491209984 33.217902 94.036516 1.7078464 28.5949718506 91.4790472748 1.92042266092 5.28319311091 12.1797225755 0 0.034
1527 1.54755282402 33.034075 96.178482 1.7177188 30.5076044242 97.3268696217 1.79597211826 2.77522029759 4.48358486903 0 0.026
1530 1.54855489731 32.713254 98.174723 1.7080491 31.0617702896 97.6234759503 1.62222486605 1.74105478251 -4.9173663851 0 0.03
1533 1.52995300293 32.45653 100.24821 1.7068362 26.910461936 99.3897188016 1.82560752864 5.6121188608 6.80509585815 0 0.04
1536 1.52446198463 32.217075 102.39435 1.7082962 27.6912807272 101.767188189 1.79332175598 4.5690421027 4.87160550855 0 0.06
1539 1.54727005959 31.955228 104.48204 1.7110577 29.2326359115 104.06226497 1.83063367474 2.754762922 6.85119868364 0 0.026
1542 1.54009914398 31.741377 106.6002 1.7198575 26.3482830924 105.586136532 1.7050845471 5.4876029934 -0.846427852352 0 0.036
1545 1.54962396622 31.439656 108.68741 1.7105287 28.3702273755 108.000752517 1.7088278054 3.14529658065 -0.0974540820588 0 0.052
1548 1.53692483902 31.216018 110.75498 1.7177022 27.052287491 111.027171632 1.77934236493 4.17261788764 3.531721299 0 0.04
1551 1.54966592789 30.916985 112.90957 1.719675 27.4845554688 112.787411488 1.72685742154 3.43460262463 0.411522440879 0 0.08
1554 1.547093153 30.668641 114.94646 1.716506 27.7164848128 114.263359473 1.73240376672 3.03015717149 0.910874937008 0 0.056
1557 1.55733585358 30.419865 117.12266 1.716223 27.1810295757 113.685824356 1.74852145782 4.72248813111 1.85056531786 0 0.056
1560 1.52978301048 30.132888 119.21343 1.725557 27.6295106474 116.49402563 1.73371382075 3.69622216589 0.467351403033 0 0.044
1563 1.5450360775 29.88258 121.34383 1.72867 26.9302332368 118.901786198 1.81786851139 3.83143959131 5.11069824128 0 0.042
1566 1.54416394234 29.981486 120.5055 1.7055843 28.0627250234 120.431864669 1.77491308984 1.92017338986 3.97224705679 0 0.032
1569 1.54688096046 30.170653 118.4575 1.6900862 26.4742261685 119.506789963 1.67521794422 3.8424706567 -0.851888304635 0 0.034
1572 1.53896307945 30.502618 115.6086 1.6745202 26.5080073488 116.077720929 1.66350170346 4.02206274205 -0.63131334816 0 0.026
1575 1.5528690815 30.699806 113.48782 1.6738205 28.0640758045 111.893804982 1.70091315568 3.08025283708 1.55229482635 0 0.048
1578 1.54496002197 30.8492 111.36091 1.6697397 25.5500765375 112.286820386 1.50725919659 5.37940698522 -9.30944709845 0 0.03
1581 1.5376021862 30.973164 109.37107 1.6787837 27.6998297851 109.731435964 1.71250580985 3.29311106867 1.93213457093 0 0.028
1584 1.54825496674 31.204408 107.09871 1.665475 33.1931798656 107.902428489 1.90567020561 2.14503541773 13.7621715408 0 0.014
1587 1.54731607437 31.322843 104.96751 1.6587885 25.1733847137 104.684435004 1.55441500099 6.15597016469 -5.98016098612 0 0.028
1590 1.54925084114 31.457099 102.91722 1.6541397 27.2651271261 102.947428371 1.68732950064 4.19208071696 1.90163549949 0 0.038
1593 1.55373883247 31.546684 101.34427 1.631357 30.2052261049 102.740220113 1.75717946716 1.93602324419 7.20909633624 0 0.036
1596 1.5409719944 31.536552 101.09899 1.5279681 27.1414221191 102.867092286 1.64490580515 4.73744154187 6.70003697093 0 0.024
1599 1.52447915077 31.522716 100.84711 1.3818466 21.7285029012 49.0979671725 -2.42966928315 52.6678307281 141.616226348 0 0.006
1602 1.52908420563 31.33472 100.81397 1.2437751 26.4994032309 103.962499323 1.20544794916 5.77005417249 -2.19598398368 0 0.014
1605 1.52085494995 31.335612 100.76499 1.1262837 29.2025024752 73.1751715071 -2.92037621669 27.6721564161 128.143465649 0 0.012
1608 1.52096509933 30.238332 99.003137 0.9296569 30.793475592 102.089981912 1.16479435465 3.13636667484 13.4723837567 0 0.014
1611 1.52692818642 28.772289 97.32743 0.78863198 25.6547878149 101.500606447 0.794087023988 5.20905128579 0.312550997544 0 0.016
1614 1.54139208794 27.005154 95.945316 0.6582802 22.1849872763 99.1948520952 0.596650174534 5.81321701622 -3.53114035048 0 0.024
1617 1.53792190552 26.209553 95.323497 0.64585939 22.2456338599 97.0753166326 0.628948329387 4.33376591136 -0.968932400195 0 0.018
1620 1.53735280037 26.225548 95.299359 0.74214735 26.9495351499 92.7009339867 1.04436763501 2.69740058996 17.3159468145 0 0.012
1623 1.52597212791 26.287241 95.304851 0.87876564 22.7242014362 93.4134461365 1.00689118641 4.03393893002 7.34105305697 0 0.028
1626 1.54248785973 26.503119 95.525486 1.0159202 23.5175180295 94.283718434 1.0005624442 3.2335429243 -0.879934590182 0 0.028
1629 1.54832196236 26.584147 95.637624 1.1414331 24.3951064529 96.4936857832 1.32354478654 2.3504766099 10.4342310387 0 0.026
1632 1.58105516434 26.62792 95.717086 1.2595284 23.6588926876 97.5484184992 1.11252845706 3.48839531939 -8.42247631888 0 0.01
1635 1.5496609211 26.756174 95.797181 1.3910555 21.8451634332 94.2864298531 1.52257517247 5.13813135439 7.53552215555 0 0.01
1638 1.54791498184 26.381693 93.77201 1.3952992 81.9603430536 68.7544627849 2.47252353921 60.9496842522 61.7204082258 0 0.004
1641 1.55310106277 26.011804 91.856332 1.39866 22.4366585463 92.480172826 1.42541040469 3.6291655227 1.53268528921 0 0.024
1644 1.54429888725 25.609249 89.727224 1.3968171 23.8378075657 89.8372593462 1.49544667742 1.77485563712 5.65105852157 0 0.01
1647 1.55667710304 25.2462 87.568251 1.3940659 22.0612672952 89.075780766 1.47836249107 3.52369725283 4.82983889572 0 0.024
1650 1.54537296295 24.820481 85.505592 1.4017015 22.2276618558 84.8546445979 1.57089344482 2.67328330611 9.69398436556 0 0.018
1653 1.54381585121 24.493958 83.448062 1.398475 19.7060344664 83.8405899407 1.41409022096 4.80398688053 0.89468625718 0 0.016
1656 1.54571986198 24.080092 81.345956 1.3962744 18.630353877 82.7248180726 1.39242016024 5.62146833345 -0.220831671709 0 0.022
1659 1.5346930027 23.622432 79.208855 1.3888608 21.2794106009 78.5173587081 1.51863969052 2.44293192667 7.43578269671 0 0.024
1662 1.54519510269 23.236261 77.182266 1.3737053 21.1574170952 77.9681191145 1.5000128007 2.22242144923 7.23688671124 0 0.032
1665 1.54451489449 22.741503 75.111069 1.3685019 18.9019080808 76.0262128784 1.44846106368 3.94714801622 4.58132261207 0 0.04
1668 1.54378294945 22.23837 73.007777 1.3690406 21.7905641 72.2585554303 1.57542156465 0.872847686913 11.8247582465 0 0.038
1671 1.54673910141 21.796618 70.8705 1.3677106 18.2656444099 70.6243938161 1.51684982247 3.53953990619 8.54504800724 0 0.024
1674 1.54588794708 21.306705 68.900927 1.3588762 20.9008582414 68.6436605864 1.53188265342 0.48051805276 9.91253960958 0 0.068
1677 1.53582310677 20.800373 66.796896 1.3509317 20.6578998919 67.7812134046 1.55410827802 0.994574954216 11.6411604162 0 0.088
1680 1.55564403534 20.180988 64.758154 1.3339286 22.6375633094 63.9980358975 1.60077709645 2.57148629792 15.2892926157 0 0.052
1683 1.56834411621 19.716632 62.635567 1.3210663 20.238054474 63.8092941563 1.64469420746 1.28433517193 18.5425132303 0 0.024
1686 1.56095790863 19.127208 60.642471 1.320188 18.3365194312 60.6908294144 1.4906683045 0.79216598581 9.76780193813 0 0.036
1689 1.54680109024 18.573484 58.538556 1.3117791 20.2276543708 58.3646041652 1.53370547169 1.66329157288 12.7154444607 0 0.038
1692 1.54476618767 18.03732 56.562177 1.3046299 15.6705097665 56.1797691336 1.36213293485 2.39750421434 3.29468120607 0 0.03
1695 1.54579997063 17.470308 54.449011 1.30616 16.9914724008 56.0496287021 1.40710792649 1.67070660484 5.78389013871 0 0.042
1698 1.54985594749 16.865167 52.414515 1.2995721 15.8928010958 52.8488064105 1.42052868701 1.06494341671 6.93030194015 0 0.04
1701 1.55186581612 16.322269 50.452679 1.2871313 13.8276811917 50.7201872298 1.3836752887 2.50888999083 5.53156308963 0 0.012
1704 1.55241703987 15.679585 48.421133 1.2791916 18.695743903 49.0570441507 1.4689183055 3.08246614252 10.870539486 0 0.034
1707 1.56837701797 15.049517 46.343459 1.2810584 13.9570613235 47.1442107943 1.37713697369 1.35449726513 5.50489677404 0 0.012
1710 1.54467391968 14.370513 44.264129 1.2685694 95.6545131647 28.7997476553 0.4640749641 82.7419831352 -46.0941358188 0 0.006
1713 1.53975009918 13.728985 42.398373 1.2622613 13.4300857287 42.812926585 1.45101416204 0.511072841402 10.8147423658 0 0.038
1716 1.53760504723 13.116178 40.310007 1.2578142 14.3417352275 38.973183115 1.46164358867 1.81358446655 11.6785637116 0 0.042
1719 1.53346896172 12.482531 38.460523 1.239848 14.4306599359 39.7242067198 1.46448649296 2.32209019947 12.870837563 0 0.054
1722 1.53295016289 12.331027 38.238303 1.1567887 14.4544391119 37.66977148 1.32628904382 2.19820542405 9.7116543269 0 0.04
1725 1.54421305656 12.263795 38.100898 1.043782 12.339497472 36.3585658642 1.21929898743 1.74397595614 10.0563826125 0 0.022
1728 1.54017686844 12.231882 38.075858 0.90529637 10.7069578486 36.5485314631 1.21565680761 2.15826782814 17.7823432027 0 0.024
1731 1.53089618683 12.170047 37.918491 0.7605547 10.4434058168 39.2102703013 0.828051967685 2.15638204845 3.867308567 0 0.016
1734 1.56929302216 11.9457 37.868652 0.60051086 19.3237120678 37.837049025 0.936108615302 7.37807975161 19.2283349929 0 0.018
1737 1.54125595093 11.861848 37.85602 0.47073445 17.8092341385 37.5013831383 0.82901463652 5.95795008237 20.5279425707 0 0.018
1740 1.53742289543 11.68598 37.868337 0.32347919 9.8343681344 36.4203597969 0.732663945651 2.35055407971 23.4445595399 0 0.01
1743 1.5492208004 11.634663 37.834152 0.18688423 11.3752220961 35.164961647 0.441090916087 2.68176932697 14.5649702368 0 0.012
1746 1.5581240654 11.546787 37.799316 0.059161186 11.4296005622 36.9941954117 0.29476035813 0.813604217609 13.4988382198 0 0.022
1749 1.53892993927 11.461332 37.784444 -0.088384018 13.0590761852 39.0043192437 -0.00200553943725 2.01019454068 4.94912226241 0 0.026
1752 1.53725099564 11.353119 37.809133 -0.22428348 12.691885633 38.3463353874 -0.396198378847 1.44252643045 -9.84999813933 0 0.042
1755 1.55647516251 11.259101 37.929753 -0.36642208 13.4301476402 37.2435681868 -0.222064489379 2.27690428251 8.27108068324 0 0.048
1758 1.54597592354 11.22919 38.083377 -0.50941267 11.6585546043 40.340535474 -0.414838918977 2.29763320406 5.41867678635 0 0.04
1761 1.54683113098 11.185129 38.110347 -0.64618684 14.1037219633 35.9547929657 -0.0897049245057 3.62830512497 31.8840651332 0 0.02
1764 1.55434703827 11.588805 37.741111 -0.76036767 10.9031420661 38.9856955873 -0.65087448311 1.42095899098 6.27349749421 0 0.022
1767 1.54062914848 13.063467 36.224873 -0.77289998 15.3143330319 35.8029932079 -0.730753783528 2.29006123338 2.41479918036 0 0.036
1770 1.54574012756 14.493375 34.807156 -0.77803694 16.7106295844 33.8823683614 -0.349972849588 2.40238424664 24.5262657417 0 0.016
1773 1.53586983681 15.892318 33.28564 -0.77023756 17.6370739107 35.6670018953 -0.913458342887 2.95212765039 -8.20594639798 0 0.024
1776 1.53818893433 17.405154 31.857105 -0.77891679 18.9983265074 31.1337229569 -0.785341523295 1.74970860967 -0.368110102286 0 0.042
1779 1.54747891426 19.008966 30.381332 -0.78385491 19.8485358288 31.3803087882 -0.941298765623 1.30492609777 -9.02086843749 0 0.026
1782 1.53899002075 20.517371 28.856906 -0.78454873 21.7068265003 29.8606885521 -0.714811170403 1.55640091206 3.99566783843 0 0.036
1785 1.54434394836 22.037399 27.308602 -0.78653789 21.3133229526 26.8750273159 -0.878829334354 0.843962753371 -5.28791024666 0 0.026
1788 1.53191804886 23.470866 25.802264 -0.78746834 23.1434464241 25.4237303175 -0.638220695608 0.500491086264 8.55126012594 0 0.026
1791 1.53750300407 25.030138 24.239515 -0.79252133 24.4176449676 24.0758121523 -0.776022938342 0.633992379331 0.945288210747 0 0.02
1794 1.54061198235 26.508975 22.80392 -0.79210599 30.2611766752 19.2813580111 -0.847852599302 5.14659697056 -3.19404543518 0 0.012
1797 1.55445599556 27.961008 21.312251 -0.79564812 27.4074756411 21.4700636526 -0.74505147342 0.575589181343 2.89897430656 0 0.048
1800 1.54804706573 29.36401 19.750057 -0.78815021 29.5360224003 18.6183505252 -0.656180009136 1.14470424604 7.56133553099 0 0.04
1803 1.54974603653 31.016391 18.179875 -0.79578372 31.2157546608 18.4914700196 -0.861182212851 0.369915295028 -3.7470576269 0 0.032
1806 1.54760909081 32.405165 16.663972 -0.79079715 32.5309602158 16.9076628756 -0.732891859407 0.274243831645 3.31772876246 0 0.06
1809 1.54397797585 33.875627 15.226881 -0.79213801 31.2921148727 14.2883233076 -0.924461123636 2.74871341788 -7.5815559434 0 0.062
1812 1.53758883476 34.400964 14.714584 -0.72873329 32.2802920678 14.4805737066 -0.733886442178 2.13354406123 -0.295253871015 0 0.066
1815 1.55320501328 34.541831 14.529671 -0.59347242 32.9060350227 14.7463082505 -0.754189875083 1.65007883988 -9.20843187034 0 0.044
1818 1.55592083931 34.648846 14.435796 -0.47955783 34.2547884433 14.2271809704 -0.4461535878 0.445871717617 1.9139220959 0 0.046
1821 1.54262018204 34.668797 14.324629 -0.34405458 34.1809240816 15.6095312359 -0.420235927609 1.37440668665 -4.36486969564 0 0.038
1824 1.55580711365 34.864126 14.20779 -0.22615765 34.6307129479 15.4878988904 -0.277581408601 1.30121497998 -2.94636433451 0 0.034
1827 1.54803109169 35.017605 14.088235 -0.094353638 37.8843825497 14.6160833414 -0.0361849786016 2.91496781994 3.33281868346 0 0.034
1830 1.54211902618 36.599142 14.0692 -0.022879679 39.0973852056 12.4834900995 -0.027290316918 2.95900236614 -0.252710937659 0 0.034
1833 1.54847407341 38.63985 14.009333 -0.014813302 38.9743334118 13.0586499113 0.023263255542 1.00780825952 2.18162604555 0 0.056
1836 1.53989505768 40.768535 13.925491 -0.0089087199 40.7269213582 15.4695230586 -0.146994242581 1.54459272724 -7.91171766148 0 0.066
1839 1.54184389114 42.905865 13.952369 -0.011506708 41.3002239686 14.8210125518 -0.0708044539739 1.82554779227 -3.39751057894 0 0.064
1842 1.54492211342 45.04117 13.838962 -0.010052037 45.4248317142 13.6212022697 0.0868894260181 0.441152593813 5.55433669076 0 0.07
1845 1.54660201073 47.095509 13.764363 -0.008210261 47.0704846994 15.4318739473 -0.0444688013837 1.66769870631 -2.07746133529 0 0.062
1848 1.54986619949 49.256947 13.750747 -0.012245698 48.9520442195 16.110415503 -0.112680201906 2.37928584861 -5.75447319128 0 0.068
1851 1.52655792236 51.347189 13.680192 -0.017629817 53.2263083028 17.6758145557 0.0100708154799 4.41543757305 1.58712933094 0 0.056
1854 1.54336810112 53.510554 13.649042 -0.0075411209 52.8351022446 15.5673570684 0.0175746226814 2.03375705912 1.43902610655 0 0.072
1857 1.53454208374 55.608657 13.581194 -0.0077936973 57.2727777197 16.1095828832 0.0972074044447 3.02688752923 6.01611997419 0 0.084
1860 1.54576396942 57.666716 13.591636 -0.01411162 58.9242150841 15.9926076815 0.056372165701 2.71034480498 4.03842344477 0 0.12
1863 1.54660391808 59.905766 13.533857 -0.012519778 58.7652530544 14.2852925288 0.0953577540998 1.36580567174 6.18092729361 0 0.144
1866 1.54784488678 62.027534 13.447994 -0.021676244 59.7263949599 14.8399061593 0.0452355043977 2.6893605822 3.83376078303 0 0.13
1869 1.54557085037 64.181261 13.371995 -0.025327169 64.0667558117 14.8389582788 0.0196951850341 1.47142539715 2.5795908699 0 0.172
1872 1.55305886269 66.241252 13.310079 -0.024907545 66.067575098 16.2317689592 -0.0185610850506 2.92684743091 0.363625369947 0 0.208
1875 1.54989385605 68.444119 13.24669 -0.026304862 66.829224659 15.9894805581 -0.0356871647908 3.18288921861 -0.537566352026 0 0.192
1878 1.54956817627 70.49734 13.123327 -0.017605166 69.1548174946 16.3698234958 -0.0242912027751 3.51313338413 -0.383081688881 0 0.218
1881 1.53889513016 72.634932 13.039101 -0.019360635 71.8396788788 15.299320212 -0.0166375921729 2.39604223944 0.156018861425 0 0.24
1884 1.54420399666 74.720419 12.994859 -0.019347658 74.1250305794 14.8141467218 0.0243646480405 1.9142348827 2.5045306489 0 0.23
1887 1.54800391197 76.914825 12.90632 -0.036038761 77.3889291944 15.3356822067 0.010047885335 2.47519201652 2.64057032691 0 0.284
1890 1.54195189476 79.004774 12.78569 -0.032634565 77.5646869461 14.8149402914 0.0815823335958 2.4883141819 6.54414623861 0 0.308
1893 1.54161810875 81.177999 12.691712 -0.029848436 80.3653470023 15.5238675559 -0.0263158778202 2.94643994714 0.202400674585 0 0.326
1896 1.54219007492 83.222919 12.597068 -0.02122413 81.2468452836 14.9807414015 0.0304993042385 3.09625034805 2.96353448379 0 0.252
1899 1.55109000206 85.390174 12.538762 -0.021700441 84.2351247271 13.488497517 -0.00431954281428 1.4953716511 0.995852110189 0 0.33
1902 1.55116701126 87.449986 12.512039 -0.030894579 87.4785292674 13.8103151192 0.0243713230385 1.29858985045 3.16650293779 0 0.292
1905 1.56053805351 89.572355 12.414566 -0.034322832 88.0420750065 13.1778219082 0.0370476471815 1.71006328533 4.08922723893 0 0.196
1908 1.54360079765 91.713838 12.339838 -0.030338307 89.5197889408 14.1053555089 0.0367981314931 2.81618595772 3.84663457719 0 0.2
1911 1.54058599472 93.866625 12.234111 -0.027880568 92.9980741654 13.9575483833 0.0134378358048 1.92992667385 2.36737015423 0 0.328
1914 1.53861713409 96.027017 12.118277 -0.016096141 94.3919116631 14.2198470467 0.0176787460318 2.66273658551 1.93515848045 0 0.258
1917 1.54299497604 98.003729 12.063433 -0.023465033 98.1034538866 15.1150970344 -0.00488951101469 3.05329304713 1.06429901201 0 0.272
1920 1.53750991821 100.1865 11.996018 -0.023536261 99.7644558898 15.1218732569 0.0313487578414 3.15421817855 3.14467993811 0 0.288
1923 1.53321790695 102.26857 11.921444 -0.023061579 101.806809907 15.0979138926 0.0482158668426 3.20985721825 4.08389682125 0 0.304
1926 1.54284596443 104.50291 11.810699 -0.022632517 102.704419217 15.7000235999 0.0260840259763 4.28502216342 2.79125230501 0 0.334
1929 1.54781794548 106.528 11.779433 -0.025937223 105.177086803 14.4578893927 0.0591760179412 2.99984918167 4.87662948661 0 0.35
1932 1.54453110695 108.61821 11.737233 -0.017267816 108.542550309 15.2086073669 0.00746987150126 3.47219878231 1.41736508874 0 0.322
1935 1.5432407856 110.65428 11.638117 -0.015586443 109.89338962 15.5282760407 -0.0119561199576 3.96387329926 0.208002188601 0 0.274
1938 1.54559707642 112.94226 11.558687 -0.011710616 111.591372077 15.0956760594 0.00312947825576 3.78618406668 0.850274768431 0 0.31
1941 1.54539895058 114.89636 11.528856 -0.01668203 113.679252571 14.6691439075 -0.00589250267379 3.36790122119 0.618194378733 0 0.4
1944 1.53880977631 117.03777 11.494892 -0.018548407 116.769784941 13.9936058951 0.0191605235048 2.51304339822 2.16056256787 0 0.278
1947 1.53745794296 119.07747 11.406331 -0.016261061 118.486405254 16.2836012135 0.00666844378469 4.91295453569 1.31376385049 0 0.274
1950 1.5471599102 121.291 11.334615 -0.012126455 120.585955796 14.5020763136 0.0162478517338 3.24498050878 1.62572802246 0 0.314
1953 1.55002593994 123.43737 11.229443 0.0013807468 121.934806851 15.4649004563 0.0139179841583 4.49408454321 0.718330787382 0 0.308
1956 1.54285693169 125.58554 11.258252 -0.0049853053 124.236613818 15.4215306889 -0.0410444436852 4.37635593681 -2.06603644235 0 0.286
1959 1.53030514717 127.50849 11.183265 -0.012828209 126.681276252 14.8406821285 0.00991792393805 3.74979767937 1.30325741759 0 0.306
1962 1.53529906273 130.28779 11.390648 -0.01314096 129.354738886 14.4849163489 0.0384433145365 3.23188505315 2.95556122019 0 0.322
1965 1.54632210732 132.78769 11.256475 0.0084755214 130.762733731 14.3947434029 0.00379765035868 3.73485963038 -0.268022267774 0 0.318
1968 1.54915094376 125.9239 10.596074 0.27888777 132.634286893 14.7116934199 -0.0585839179267 7.87195118521 -19.3357034234 0 0.308
1971 1.5364010334 93.936275 13.265891 0.84250578 132.241473056 13.9251101773 -0.0438605658584 38.3108701025 -50.7850507201 0 0.266
1974 1.53491806984 59.212281 6.4432491 1.3602712 132.89640056 13.9329460188 -0.0549399744417 74.0637903111 -81.0856274153 0 0.15
1977 1.53948402405 41.747696 3.5851691 1.5088422 134.667459001 11.7875690467 -0.0812523293641 93.2810898358 -91.1057055594 0 0.088
1980 1.54424905777 40.889782 2.6549702 1.6071612 137.62812229 11.2297568862 -0.177811950404 97.1176268698 -102.271428062 0 0.048
1983 1.54085302353 40.408125 3.8011614 1.6070032 139.590118458 12.6519976109 -0.046708420087 99.5761272995 -94.7506963627 0 0.03
1986 1.54258298874 40.388712 5.5337894 1.5172855 77.3082726397 132.095032019 0.783014313639 131.836270014 -42.0706399966 0 0.012
1989 1.54849600792 40.44034 7.6724587 1.5542124 35.5907546501 96.1902086903 -0.977277871108 88.6504965661 -145.043708413 0 0.014
1992 1.55218601227 40.554207 9.7439313 1.5604739 113.508797218 71.4768422098 -0.733065848946 95.5684284858 -131.41014776 0 0.01
1995 1.55807185173 40.580821 11.876658 1.5652859 39.7458118097 86.5953814337 -0.0748098019903 74.7233890553 -93.9705617216 0 0.01
1998 1.54591917992 40.665042 14.024391 1.567666 78.3808104357 128.07596522 1.26602078267 120.125937128 -17.2829978631 0 0.008
2001 1.53903913498 40.771617 16.174621 1.5548315 26.6525860956 95.3017733737 2.59918208119 80.3769449311 59.836880634 0 0.01
2004 1.53879904747 40.847233 18.25792 1.5551713 120.506658407 98.8793380305 -1.1410439129 113.337712618 -154.481752358 0 0.008
2007 1.55183982849 40.88758 20.352438 1.5597309 16.1645371048 86.2796390628 -0.863533633659 70.4104018592 -138.842830422 0 0.014
2010 1.54953694344 40.971014 22.508388 1.5678505 52.2169463958 31.9724031147 1.28990931109 14.6982508327 -15.9248570772 0 0.004
2013 1.54536104202 41.044823 24.54743 1.5705547 41.5408239291 111.582724983 2.20910335356 87.0367082887 36.5861428629 0 0.006
2016 1.54289007187 41.105608 26.696222 1.5717508 117.816379589 49.7248023692 1.02562684833 80.0928086131 -31.2905975217 0 0.006
2019 1.55885100365 41.160404 28.869777 1.5672714 67.7959848083 90.169714392 -2.79865094549 66.83664032 109.851075921 0 0.006
2022 1.5523788929 41.204205 31.003136 1.5608691 108.150979714 118.925106137 1.24864194886 110.508567439 -17.8892980097 0 0.01
2025 1.5563249588 41.244227 33.116661 1.5660557 23.636198618 90.6897153951 0.418151587242 60.2054752982 -65.7700609468 0 0.008
2028 1.55587983131 41.277887 35.228156 1.5643441 65.0925046126 127.997626044 3.07735233029 95.7774012195 86.6889859643 0 0.006
2031 1.55471301079 41.31792 37.33529 1.5797774 82.9502828157 29.193288994 -0.340888119513 42.4210539001 -110.046028124 0 0.004
2034 1.54645395279 41.419072 39.474789 1.5713492 126.554974927 67.982879147 1.07600133464 89.7821428294 -28.381342076 0 0.008
2037 1.55122303963 41.429937 41.518923 1.5745722 129.200301239 120.70742916 -0.58140218467 118.213604743 -123.52823298 0 0.008
2040 1.54378199577 41.494048 43.684079 1.5737379 49.5315841154 106.38536193 1.32621350175 63.2143406817 -14.1821033464 0 0.008
2043 1.5452299118 41.508319 45.798644 1.5762653 81.5493148262 107.922976152 -2.44932792501 73.9101751595 129.350498171 0 0.006
2046 1.54565691948 41.512588 47.943477 1.5772604 12.9189008428 118.213582832 -1.97278057991 75.864924167 156.597634753 0 0.008
2049 1.55189681053 41.583607 50.107906 1.5744728 115.974663406 138.258433295 -2.1619010994 115.345328191 145.921544881 0 0.004
2052 1.55119490623 41.632502 52.265699 1.5728612 133.877714998 26.5701804793 -1.79722120318 95.7571876837 166.908501687 0 0.006
2055 1.53622794151 41.660201 54.305408 1.5732479 68.8969295489 23.9744645035 2.56022592201 40.76524887 56.5496751331 0 0.004
2058 1.55216097832 41.689009 56.508616 1.5685378 78.0698873115 29.7641195321 2.77457060622 45.1534760349 69.1005897505 0 0.004
2061 1.57183980942 41.794127 58.57462 1.5657057 41.052037742 35.6540010845 -0.649552179484 22.9326288929 -126.924927028 0 0.008
2064 1.55620789528 41.856016 60.76704 1.5641567 78.358088498 44.2545124474 -2.5496183341 40.0632607612 124.29805268 0 0.006
2067 1.55297780037 41.858156 62.785084 1.5639758 86.5290234984 75.8600755099 -2.95361993094 46.5450513594 101.160831071 0 0.014
2070 1.54132390022 41.958088 65.023529 1.5767642 55.0611122851 84.3850102164 -2.9582169835 23.3785414495 100.164718014 0 0.006
2073 1.55150103569 41.99726 67.044355 1.5737097 54.8493169091 73.6414203357 0.69821732811 14.4463364851 -50.1620179052 0 0.006
2076 1.54355382919 42.044947 69.102812 1.5759217 76.248975122 77.0610708849 -3.05400455434 35.1176511778 94.7247661697 0 0.004
2079 1.54276990891 42.097902 71.261122 1.5727544 93.319336685 47.7714400825 0.842467454778 56.3506923451 -41.8423597947 0 0.01
2082 1.54388809204 42.114798 73.459441 1.5684742 129.032054235 126.006089515 0.434860621529 101.566528451 -64.9512736451 0 0.008
2085 1.5380051136 42.172982 75.545483 1.5804547 97.2824939935 121.438018235 2.13625453451 71.7159891688 31.8449847716 0 0.004
2088 1.55323600769 42.213453 77.648417 1.5799022 37.046845546 77.9738053052 2.14035110457 5.17684364574 32.1113568648 0 0.012
2091 1.55585217476 42.308345 79.80823 1.5843424 62.5539965961 39.4570917273 2.62972357883 45.1453294201 59.8959295296 0 0.008
2094 1.55146384239 42.259747 81.948131 1.5870316 39.0857823126 82.3949863363 1.65641886525 3.20526621801 3.97559745079 0 0.022
2097 1.55164885521 42.325886 84.065588 1.5841531 39.0410327974 85.8585479593 1.8809036025 3.74232093467 17.0025513619 0 0.04
2100 1.54145789146 42.338042 86.100283 1.5789413 36.5220183732 90.5831660748 1.8118257372 7.3431853776 13.3432953658 0 0.026
