3 6.35295796394 72.513547 45.80148 1.6808269 94.2616313622 9.93975645245 1.99070913542 41.9409392983 17.7549442357 0 0.004
6 6.31234908104 72.505015 45.806851 1.6805552 34.7475391125 40.6422559407 -0.450885301147 38.1090544034 -122.122544999 0 0.002
9 6.35496592522 72.51553 45.801787 1.6811119 132.533470413 69.0631017717 2.21040386237 64.3680195155 30.326195574 0 0.006
12 6.29977607727 72.511327 45.798497 1.6805172 33.3492502263 83.9323092897 0.833048890164 54.6612833455 -48.5563574247 0 0.004
15 6.31637501717 72.518426 45.80176 1.6806948 71.5004037474 29.6738298756 -1.98038100133 16.1600278281 150.235808107 0 0.008
18 6.37273907661 72.509508 45.806599 1.6825332 113.032526698 76.7106038782 2.56493230625 50.9624622827 50.5577446341 0 0.004
21 6.35124993324 72.510969 45.800989 1.6811293 136.8596923 3.44539629611 2.58490918818 77.0373573255 51.7827732014 0 0.004
24 6.31440901756 72.522343 45.818169 1.6838228 65.3399990364 110.356534745 -1.22931318912 64.9367901722 -166.910397324 0 0.012
27 6.34994411469 72.508499 45.799812 1.6808804 99.6431762777 28.5925627726 0.719703830964 32.1306728367 -55.0713607727 0 0.006
30 6.27297115326 72.523901 45.815543 1.6832165 36.8179601676 21.5325859477 -0.093316599033 43.180738923 -101.78784874 0 0.004
33 6.31713008881 72.511009 45.802779 1.6808191 65.8352992012 97.5924553881 1.93930675934 52.2181547137 14.8102519363 0 0.006
36 6.39101696014 72.527172 45.853315 1.6851825 123.174678835 61.5576776063 -3.03280821606 53.0263797886 89.679044188 0 0.008
39 6.75511884689 72.188088 49.017093 1.6798669 67.4552816205 110.860687393 -0.114409931332 62.0244276369 -102.804489713 0 0.006
42 6.42985391617 71.804616 53.279503 1.6643548 102.838032121 48.6282786615 -1.8810076787 31.3800383045 156.865693127 0 0.01
45 6.34154391289 71.568933 57.324136 1.642571 27.023448311 117.418785393 2.76176641675 74.8041916729 64.12517383 0 0.006
48 6.22517609596 71.37336 61.652431 1.6431927 127.965059695 51.3819596095 -2.73341650785 57.5161112818 109.238763812 0 0.004
51 6.36134600639 71.165072 65.844712 1.6344026 138.779459482 54.8585716342 -0.67408376133 68.5010998066 -132.266525568 0 0.008
54 6.34212493896 70.960331 70.343426 1.6128178 120.574773528 78.0780647136 1.30152972861 50.2137186774 -17.8354927033 0 0.006
57 6.34042906761 70.885213 74.631613 1.6236159 43.8916480871 71.9188239609 -1.08737229157 27.1295368755 -155.328181687 0 0.01
60 6.44423508644 70.832043 79.069602 1.6124517 30.4652386073 88.2167271323 -1.61108288524 41.3902016795 175.305073151 0 0.006
63 6.51799893379 70.841819 83.283634 1.5826474 126.451037509 89.1528241068 1.48741572811 55.9180880902 -5.45637287534 0 0.006
66 6.29906988144 70.897044 87.066595 1.5142468 46.944433406 129.116381373 2.6369202196 48.3933062343 64.3244487144 0 0.012
69 6.29022598267 70.898205 87.488163 1.2381173 97.6875328156 138.766342151 1.67506922085 57.8542975228 25.0355009149 0 0.008
72 6.32289004326 70.648486 87.373684 0.94938085 45.933015306 129.171122791 2.12985023753 48.5580104728 67.6359137499 0 0.008
75 6.28746008873 70.490448 87.162959 0.64684814 32.8430579648 139.443980599 0.1270346951 64.4253924776 -29.7831165269 0 0.014
78 6.30348801613 73.090524 88.460194 0.4660111 72.8617642324 109.70823217 1.71931968047 21.2492695662 71.8092920884 0 0.006
81 6.26190590858 76.750616 90.291223 0.4640309 94.0166830656 100.588382622 2.56269480123 20.1034466746 120.244584157 0 0.012
84 6.35249686241 80.704264 92.172539 0.45240664 46.0107577621 110.595687147 2.75876574226 39.281697554 132.144642601 0 0.01
87 6.33076882362 84.637734 93.972859 0.42386385 105.30542438 47.1455034442 -0.933116615475 51.1854926127 -77.7492535534 0 0.008
90 6.36818814278 88.678811 95.730817 0.41656148 93.7060028791 128.989575928 2.2640543327 33.6365530878 105.85354314 0 0.004
93 6.4245929718 92.647535 97.41769 0.40779386 88.7440088026 133.722207446 2.82372144606 36.5137714259 138.42245429 0 0.01
96 6.28898406029 96.759828 99.128022 0.39320766 87.6151602256 136.85210471 2.13605791122 38.8166377341 99.857963718 0 0.026
99 6.3559679985 100.07577 100.58602 0.32958371 85.4206378924 139.629633421 2.2287469415 41.7034368612 108.814037771 0 0.024
102 6.4308450222 100.12714 100.52966 0.1390585 83.9352081715 140.782721517 1.95281743597 43.3876436074 103.920732085 0 0.026
105 6.37722706795 100.08551 100.52401 -0.14356162 43.9016098813 71.0761361402 2.29526957045 63.4334920008 139.734734157 0 0.01
108 6.38436985016 99.772178 100.71077 -0.40700642 100.744831701 57.468360565 -1.15503050931 43.2533470262 -42.8586232916 0 0.01
111 6.50298404694 99.760338 100.7618 -0.66729138 13.5302975005 69.6148720014 2.29050557696 91.6828828533 169.469282291 0 0.008
114 6.42929887772 99.638101 100.95548 -0.8821311 109.567961422 111.951270008 -1.86438012527 14.8158538695 -56.2787235788 0 0.006
117 6.328758955 99.549051 101.11221 -1.1251977 102.460319665 59.6109834957 -2.6840639824 41.6032124553 -89.316458807 0 0.008
120 6.3386259079 100.80276 98.46873 -1.1938854 12.3741930834 70.6464223766 1.50051148871 92.7021695993 154.377570056 0 0.012
123 6.30814385414 102.35582 94.496879 -1.1822805 101.860802905 92.5660244023 0.0280845706859 1.99329912502 69.3488102204 0 0.012
126 6.33191514015 103.84912 90.431736 -1.1842505 103.158126544 91.2867744068 -1.18399929137 1.09934645752 0.0143931943641 0 0.014
129 6.3671040535 105.46668 86.336829 -1.1831903 103.266619255 87.3857071702 -1.0540699781 2.43729618548 7.39804949396 0 0.016
132 6.35235595703 106.96067 82.891423 -1.1821311 105.855499539 82.9067996244 -1.14500440002 1.10527742627 2.12720321583 0 0.026
135 6.41597294807 108.13488 79.987125 -1.1809983 106.283975385 80.895969971 -1.1391937391 2.06200074546 2.39522490417 0 0.07
138 6.36184477806 109.11096 77.465416 -1.174964 106.553530621 79.3102352932 -1.15778079762 3.15337965601 0.984524975171 0 0.1
141 6.40426802635 110.00241 75.115832 -1.1797573 109.634640649 77.2462042786 -1.11516126725 2.16188351701 3.70108004981 0 0.126
144 6.40439891815 110.9669 72.896666 -1.1819268 109.963687579 75.038471984 -1.11102313111 2.36511480378 4.06248097933 0 0.172
147 6.28911304474 111.79529 70.750926 -1.1680053 109.456161251 74.4076480602 -1.13660796369 4.34086852243 1.79893485853 0 0.11
150 6.49371695518 112.62755 68.634671 -1.166408 111.464357891 71.5603703694 -1.13731123805 3.14844925038 1.66712165723 0 0.194
153 6.70108604431 113.50263 66.493746 -1.1746568 111.508800686 69.8108558505 -1.16221159496 3.87021615614 0.713057724111 0 0.284
156 6.30661392212 114.39844 64.423702 -1.1690506 112.794138842 67.9617466716 -1.12022140621 3.88478343096 2.79770672104 0 0.346
159 6.31802105904 114.9392 62.935672 -1.1627449 113.650285995 65.5931076297 -1.11783870052 2.95351713037 2.57293570405 0 0.354
162 6.55556297302 115.58582 61.52951 -1.1720902 114.13231091 64.916797607 -1.1237114777 3.68597422766 2.7718966061 0 0.364
165 6.49419307709 116.16312 60.165609 -1.1710096 114.304080329 62.7646532261 -1.15517317824 3.19547482994 0.907360129244 0 0.428
168 6.33993887901 116.71267 58.758483 -1.1690165 114.904492438 62.6113101526 -1.15001903464 4.25602903699 1.08847458655 0 0.474
171 6.31040406227 117.29804 57.404001 -1.1730259 114.955993747 60.5878903317 -1.14788212704 3.95250957334 1.44063207148 0 0.43
174 6.34948706627 117.3062 57.346669 -1.1782941 115.09570466 60.1106257206 -1.18150523323 3.53917312391 -0.183984381668 0 0.466
177 6.38879084587 117.30973 57.394113 -1.1925087 114.401218135 60.2352783632 -1.24553702188 4.06591464373 -3.03829903835 0 0.406
180 6.36713004112 117.3509 57.478875 -1.2542253 114.653688649 60.4307481262 -1.27572955217 3.99856274504 -1.23210289087 0 0.44
183 6.29404306412 117.31554 57.561663 -1.3141336 114.7317696 61.0461999969 -1.35470218873 4.33795661152 -2.32440891527 0 0.37
186 6.38198804855 117.31761 57.625945 -1.389572 115.377499148 61.164379067 -1.4154736708 4.03541147384 -1.48405641909 0 0.358
189 6.45384407043 117.34247 57.653648 -1.4539696 114.557374591 60.0072332567 -1.46609438157 3.64638451036 -0.694698811526 0 0.356
192 6.30450606346 117.36058 57.739095 -1.5147103 114.293073528 60.1671744415 -1.4940613867 3.91218170954 1.18309558376 0 0.314
195 6.43188595772 117.34118 57.80351 -1.5718326 115.285675346 60.4131987597 -1.58388287007 3.32198356473 -0.690429617101 0 0.352
198 6.40605020523 117.32521 57.826191 -1.6475747 115.827118292 60.8916688696 -1.62164920555 3.41195447446 1.48542141378 0 0.27
201 6.31850504875 117.28663 57.948056 -1.7072698 116.574657415 60.9120614732 -1.66253706331 3.04831648735 2.56299701868 0 0.24
204 6.31256389618 117.37131 58.006137 -1.7818651 115.16257212 60.0936217819 -1.70842324351 3.03909784951 4.20790841621 0 0.206
207 6.30383682251 117.40314 57.989067 -1.8555926 117.809577384 60.2797743983 -1.76941627259 2.3264848445 4.9375398548 0 0.194
210 6.31451392174 117.02719 57.008887 -1.8977403 116.083300454 59.1818082573 -1.81108268099 2.36907455904 4.96511583194 0 0.16
213 6.39199399948 116.38504 55.250118 -1.9095407 115.728006719 57.2727795313 -1.82157954967 2.12669988528 5.03980267492 0 0.264
216 6.30007982254 115.67443 53.450651 -1.9075572 116.309685003 55.3605242374 -1.82140414716 2.0127505314 4.93620631975 0 0.242
219 6.40707707405 115.02136 51.574537 -1.9165104 113.85419345 54.1244004308 -1.85896833095 2.80429692997 3.29691770102 0 0.306
222 6.28038597107 114.35753 49.684701 -1.9233127 114.283121984 51.4900409745 -1.87669155211 1.80687270616 2.67119501013 0 0.358
225 6.41955900192 113.59486 47.870819 -1.9110101 113.474263035 50.0465796941 -1.88323657266 2.17910032486 1.59130589871 0 0.38
228 6.35473513603 112.87829 45.986656 -1.9118326 112.181536653 47.5069251228 -1.88986625883 1.67232874524 1.25857864011 0 0.276
231 6.41267514229 112.17059 44.128463 -1.9122248 112.421255683 45.0297519258 -1.87912501003 0.935497200738 1.89647826807 0 0.3
234 6.34537100792 111.43202 42.277019 -1.9027456 113.090217753 41.9430969831 -1.83713980743 1.69148564886 3.75893502576 0 0.276
237 6.32436585426 110.82393 40.37458 -1.9174412 110.119702817 42.7248454347 -1.91052423731 2.45350433842 0.396312769333 0 0.246
240 6.34188580513 110.14399 38.567468 -1.912432 109.939935879 40.7232070571 -1.87839955801 2.16537501755 1.94991529263 0 0.272
243 6.54618787766 109.42625 36.696167 -1.9074722 109.287061755 38.2335264138 -1.88946347906 1.5436474127 1.03182370404 0 0.344
246 6.58677506447 108.96452 35.308972 -1.917648 108.782544918 38.0142042029 -1.89781829999 2.71134582859 1.13615811964 0 0.364
249 6.67339301109 108.91335 35.330429 -1.9171391 108.977419607 36.2976562924 -1.92270141268 0.969346970757 -0.318697041084 0 0.376
252 6.32777285576 108.9585 35.348205 -1.9450374 108.923713764 37.6066183883 -1.97293730021 2.25868127779 -1.59854653064 0 0.372
255 6.41644120216 108.97674 35.368834 -2.0165302 108.420787097 37.425879907 -2.04266758858 2.13084994635 -1.49756205299 0 0.368
258 6.340280056 108.99865 35.397074 -2.0803106 109.669997835 37.4805277202 -2.09965989586 2.18894662335 -1.10863298919 0 0.376
261 6.40409803391 109.05048 35.474836 -2.159245 108.971838868 37.5003535732 -2.1417314373 2.0270436273 1.00345322716 0 0.4
264 6.34168195724 109.09365 35.518169 -2.2238592 108.896489229 38.0703245281 -2.21952917772 2.55975979523 0.248092002111 0 0.344
267 6.45984196663 109.14301 35.568827 -2.2920109 108.903350647 37.9428458334 -2.29451795743 2.38608508371 -0.143643809482 0 0.374
270 6.48846077919 109.24021 35.586114 -2.3597618 108.854002419 37.5883340458 -2.36788199093 2.03912760934 -0.465252669329 0 0.328
273 6.35245084763 109.32691 35.57971 -2.4292889 109.414557123 37.5005884616 -2.39630873879 1.92287703253 1.88962404507 0 0.316
276 6.32448506355 109.34422 35.612178 -2.4970016 109.445366954 37.7597238462 -2.46623070702 2.1499264796 1.76304229985 0 0.298
279 6.28974485397 109.45255 35.562283 -2.5751384 110.157747851 36.9687786153 -2.48796672792 1.57338295555 4.99456890301 0 0.338
282 6.36966991425 109.51035 35.610832 -2.6455993 109.831162742 37.062259221 -2.55161787448 1.4864594826 5.38473903468 0 0.334
285 6.38355302811 109.52669 35.619453 -2.7060079 108.796437428 36.2479636172 -2.6467371251 0.963480365796 3.39596525016 0 0.272
288 6.31292486191 109.56751 35.667144 -2.7779359 109.504180984 36.5847701089 -2.65437371385 0.9198088062 7.07959177386 0 0.292
291 6.3097641468 109.58407 35.725569 -2.8421247 109.838533078 36.3557504053 -2.74401061524 0.67961758478 5.62152296765 0 0.258
294 6.34296298027 109.62066 35.728072 -2.9074408 110.513677697 36.2529274911 -2.80426517657 1.03583487764 5.91152777108 0 0.258
297 6.33707904816 108.40689 35.538158 -2.9474042 110.392895252 37.4114546687 -2.87697688002 2.73010206229 4.03518819721 0 0.21
300 6.3644759655 106.63579 35.154474 -2.9731605 105.209790397 36.6633347046 -2.89048484197 2.07608658123 4.73696627383 0 0.274
303 6.31809616089 104.74277 34.838538 -2.9724974 104.317289995 36.4455688704 -2.93661387821 1.66240231389 2.05597435254 0 0.312
306 6.41503286362 102.71686 34.507066 -2.970186 102.164719298 35.9571763786 -2.89970818162 1.55166989559 4.03808154269 0 0.304
309 6.46608686447 100.87602 34.149296 -2.9774562 99.9603370874 35.7304916457 -2.843126326 1.827198639 7.69653484271 0 0.274
312 6.43744707108 98.917573 33.856952 -2.9648121 97.788051695 34.7718461458 -2.88312806636 1.45356447277 4.68015038141 0 0.32
315 6.49306702614 96.872255 33.519705 -2.9713846 96.348572852 34.7729929328 -2.90955087406 1.35829806545 3.54281152768 0 0.404
318 6.44941997528 94.700759 33.157106 -2.9752463 94.5521966333 33.7900291871 -2.87580399358 0.650125016844 5.69762446281 0 0.36
321 6.40521788597 92.656194 32.878926 -2.9695623 92.5285378763 34.1158427785 -2.90726759403 1.24348671193 3.5692237381 0 0.336
324 6.35593605042 90.628889 32.525228 -2.9736018 89.8140374184 33.7364517686 -2.92652924277 1.45981030199 2.69705886004 0 0.406
327 6.43104982376 88.510396 32.191288 -2.9695852 87.6843483255 33.6138840772 -2.94813374317 1.64503323961 1.22907794064 0 0.42
330 6.49796390533 87.334812 32.006658 -2.9896435 86.4163703247 33.2785717058 -2.98996790224 1.56885295233 -0.0185868794035 0 0.4
333 6.35939002037 87.328365 31.983283 -3.0015998 86.2447723322 33.8953194399 -3.03879278959 2.19773893289 -2.13100133084 0 0.382
336 6.40200304985 87.328448 32.00285 -3.0442403 85.8590963662 33.976643949 -3.06376967208 2.46066185751 -1.11895059679 0 0.368
339 6.32938718796 87.480424 31.977098 -3.121648 86.6404204204 33.8537737217 -3.00315061863 2.05609284283 6.78939983605 0 0.298
342 6.35247707367 87.509332 32.088761 3.0972389 87.2505148011 33.7544430462 3.12516242853 1.68566990287 1.59990033362 0 0.256
345 6.6643409729 87.537767 32.004513 3.0032565 86.2128422893 34.3743228568 3.11859987464 2.71503669337 6.60868856176 0 0.226
348 6.49049901962 87.588829 31.971963 2.902116 86.4430517609 33.331680338 2.9473506575 1.77809918759 2.59175496238 0 0.208
351 6.32948493958 87.696053 31.883789 2.7788249 86.3431636898 33.3270459753 2.89092965588 1.97820630427 6.42312937504 0 0.142
354 6.3682949543 87.777704 31.698119 2.6376296 86.435035754 33.5897634149 2.86167058567 2.31971476939 12.8366029169 0 0.14
357 6.33588004112 87.896098 31.65995 2.4917922 86.1985249198 33.4255576745 2.78490498342 2.44931109148 16.7941254112 0 0.076
360 6.42913889885 87.958395 31.594625 2.366513 85.4213242342 33.1143448348 2.43938477205 2.95741042921 4.17524498398 0 0.11
363 6.33256196976 87.964094 31.460561 2.2184109 86.112490514 34.4011565568 2.4999932687 3.47498743859 16.133481312 0 0.13
366 6.35687279701 87.708527 31.831987 2.1125682 84.9994851863 34.9673955552 2.30774942606 4.1436329901 11.1830604933 0 0.12
369 6.32548499107 86.721318 33.612273 2.0920166 85.1000306126 33.821731794 2.06041011042 1.63476168872 -1.8109184582 0 0.092
372 6.34933710098 85.724716 35.405361 2.0873093 84.4787017028 36.5460481679 2.13996112581 1.6892953691 3.01672740259 0 0.124
375 6.37429594994 84.755772 37.248267 2.0862059 82.9438056495 38.9120812326 2.01216171257 2.45997964547 -4.24241943709 0 0.16
378 6.37189507484 83.690185 39.149374 2.0868314 81.9254028086 40.1512356337 2.14511121788 2.02933065713 3.33918759553 0 0.24
381 6.35557889938 82.666747 40.97523 2.090975 80.9499441405 41.5948226139 2.15019382193 1.82518685774 3.3929885643 0 0.24
384 6.40402603149 81.635815 42.877142 2.0910396 79.9410395254 44.1306405941 2.13908311355 2.10796646908 2.75269055921 0 0.272
387 6.34696388245 80.624097 44.699122 2.0805048 78.5703841014 45.21938241 2.10945110669 2.11858621825 1.65850120582 0 0.288
390 6.34904003143 79.602515 46.546403 2.0762437 77.9974529107 47.6818474912 2.12037482168 1.96607693211 2.52852701716 0 0.404
393 6.43352794647 78.599692 48.40129 2.0808805 77.1254612727 49.0607071228 2.08583754945 1.61498829068 0.284018012597 0 0.396
396 6.3197581768 77.532669 50.298142 2.0919608 76.2110529648 50.9022826054 2.0941909349 1.45315340397 0.127777317249 0 0.402
399 6.3741080761 76.53881 52.074716 2.0854653 75.1603314944 52.8487169368 2.11113984239 1.580911269 1.47104291979 0 0.506
402 6.37284994125 75.533974 53.92833 2.0838411 73.9914484157 54.9274407449 2.10309324442 1.83782683044 1.10306662208 0 0.478
405 6.32547593117 74.451304 55.860797 2.0823704 73.0569187741 55.9906853692 2.10183334978 1.40042177454 1.11514487947 0 0.502
408 6.45151996613 73.464188 57.689364 2.0801622 71.5250052104 57.6394969943 2.1539208046 1.93982386044 4.22605674659 0 0.358
411 6.40430998802 72.461178 59.521835 2.0808323 70.3890154865 59.7573393576 2.16373557827 2.08550228598 4.75000795281 0 0.394
414 6.24988698959 71.469371 61.42577 2.0898858 68.94846421 61.3641149189 2.10892872477 2.52166064189 1.09107921873 0 0.398
417 6.34930801392 70.386885 63.322712 2.0827703 68.17018925 63.6396055086 2.13253819217 2.23923235595 2.85149017664 0 0.502
420 6.35295391083 69.38246 65.186025 2.0922796 66.8618805321 65.3972771144 2.13546010338 2.52941659471 2.47406060113 0 0.492
423 6.32047390938 68.400253 67.014087 2.0893798 65.6178247059 67.4069517704 2.11901353808 2.81002667949 1.69788812343 0 0.56
426 6.31963992119 67.30799 68.901204 2.089526 64.2376272422 68.7325152988 2.11226796571 3.07499322639 1.30301865299 0 0.522
429 6.46139287949 66.315197 70.741557 2.0869248 63.3865179199 70.6226623462 2.10238695554 2.93109145078 0.88591625461 0 0.516
432 6.31404495239 65.281228 72.464006 2.0745737 62.6720433538 72.6282763402 2.11993127801 2.61435063882 2.59879778913 0 0.646
435 6.32168793678 64.283593 74.421326 2.0918621 60.9244128851 74.739804701 2.13945922878 3.37424357856 2.72711459577 0 0.648
438 6.30275011063 63.28447 76.191493 2.091939 60.1607429955 75.9934380576 2.11173958386 3.12999938638 1.13448988685 0 0.66
441 6.31129980087 62.204887 78.125252 2.0893553 58.9294303019 77.9933352216 2.12419175794 3.27811205075 1.9959820131 0 0.66
444 6.31444692612 61.273659 79.948227 2.0960183 57.7252287312 79.7021535598 2.1156553942 3.55695227838 1.12512261955 0 0.688
447 6.35961294174 60.19879 81.787566 2.089809 56.8254867358 81.5450258995 2.12257423818 3.38201132651 1.87730986229 0 0.606
450 6.36048197746 59.161438 83.629466 2.0974137 56.564320925 83.6288319113 2.0929678687 2.59711715241 -0.254727369789 0 0.646
453 6.29584503174 58.11891 85.485673 2.0964985 56.0008045738 85.9212054207 2.08648083514 2.16241972939 -0.573969916961 0 0.614
456 6.2846698761 57.036783 87.336936 2.0992423 55.5344970822 87.5055447758 2.09731941219 1.51171819405 -0.110173355742 0 0.632
459 6.24910116196 56.357629 88.602308 2.124456 53.9024283331 88.1618448822 2.11058672528 2.49439733657 -0.794650906402 0 0.556
462 6.27087783813 56.200217 88.720884 2.2094598 54.0954128779 88.6472631659 2.20440489886 2.10609126571 -0.289624501357 0 0.48
465 6.26372218132 56.199637 89.07416 2.3631742 53.4729006461 88.1790312437 2.373580356 2.86990359318 0.596228819927 0 0.432
468 6.3447868824 56.109511 89.161307 2.4869631 53.1753790859 88.7357542691 2.49182384353 2.96483139757 0.278500089395 0 0.394
471 6.3826880455 56.023191 89.233423 2.608836 52.5592796395 88.3939734629 2.58582670755 3.56417696511 -1.31833534684 0 0.398
474 6.47331500053 54.873312 89.789936 2.6823278 51.9887662231 89.431766486 2.70595959866 2.90669739395 1.35400232551 0 0.406
477 6.32133293152 52.997249 90.667048 2.6986067 49.9684757067 90.2863544337 2.72637667677 3.05260466713 1.59110246591 0 0.484
480 6.29748296738 51.122563 91.609157 2.7018871 47.3524548247 91.1438109016 2.72671881282 3.79871855294 1.42275234283 0 0.508
483 6.30084395409 49.137432 92.566213 2.7007601 46.3301554763 91.6471348756 2.72083762745 2.9538967618 1.15035758596 0 0.32
486 6.30341100693 47.308569 93.452781 2.7003868 44.8529074267 92.690801033 2.72267481218 2.57116456742 1.27700903192 0 0.512
489 6.32666683197 45.360782 94.336008 2.7008969 42.5736055504 93.8889146654 2.70976834771 2.82280800113 0.508296512179 0 0.516
492 6.31393694878 43.468079 95.251019 2.7064338 41.3835753744 93.5581397408 2.70601010926 2.68532969139 -0.0242756911456 0 0.46
495 6.31260800362 41.590918 96.131677 2.7064065 38.2686533385 94.9498582908 2.71473235118 3.52620730281 0.477036133692 0 0.444
498 6.37990403175 39.606214 97.06058 2.704478 37.0663744 95.7263175876 2.71837805322 2.86897915275 0.796414384722 0 0.532
501 6.4045381546 37.718719 97.944153 2.696243 33.9779624401 96.7357065042 2.74290845003 3.93110704177 2.67373333557 0 0.558
504 6.32393598557 35.769603 98.891663 2.7044976 32.216387952 97.2140434648 2.75494725878 3.92934402701 2.8905525258 0 0.512
507 6.38578391075 33.862509 99.822852 2.7013631 30.5745841316 97.8498976118 2.77787327301 3.83444897711 4.38371000344 0 0.466
510 6.38383102417 31.979521 100.73965 2.7066945 27.6572551494 97.7141272169 2.82976729392 5.27596154215 7.05155166439 0 0.462
513 6.43183088303 30.015598 101.64307 2.7044148 27.4097525856 100.552295812 2.71812919354 2.82492807927 0.785776868439 0 0.312
516 6.39511203766 28.083667 102.5122 2.7038251 25.9506616855 101.61058225 2.7233462616 2.31573449229 1.11848017083 0 0.42
519 6.43921709061 26.231599 103.44351 2.6987262 23.3661397529 102.648623207 2.72497490786 2.97366805662 1.50394017785 0 0.486
522 6.43761992455 24.326425 104.3449 2.7056645 21.6873076902 103.445054191 2.70602449734 2.78830820655 0.0206263281471 0 0.45
525 6.45891904831 23.072168 104.95788 2.6888385 19.6099824229 104.295407088 2.67444516097 3.52499635883 -0.824677579259 0 0.574
528 6.36106801033 23.059574 104.94595 2.6093304 19.26035103 103.82888004 2.58580745844 3.9600429887 -1.34776527312 0 0.536
531 6.34640002251 23.148655 105.02795 2.4881616 18.7109203912 103.608219634 2.46922356266 4.65930496652 -1.08506961184 0 0.524
534 6.31238508224 23.15609 104.97342 2.3614352 18.5629609383 103.533684906 2.35415160907 4.81348851855 -0.417319019781 0 0.448
537 6.43698883057 23.189116 104.80794 2.2179164 19.2483776813 104.446896122 2.22130515622 3.9572428758 0.194161429277 0 0.468
540 6.4400138855 23.170444 104.45908 2.0515088 18.4350637967 104.52730433 2.08209790426 4.73587164408 1.75262657319 0 0.418
543 6.42645692825 23.203193 104.36781 1.9241471 19.5616444374 104.509535259 1.98723469628 3.64430541845 3.61465300642 0 0.388
546 6.41237711906 23.268475 104.40083 1.8086424 19.8482748715 104.36502734 1.85169791213 3.42038751453 2.46689913001 0 0.454
549 6.393846035 23.269141 104.3114 1.6661585 19.1796054991 104.035676513 1.6941764803 4.09881983684 1.60531202178 0 0.452
552 6.39307880402 23.273746 104.22596 1.531085 19.5758309683 105.354062232 1.5200683541 3.86615962262 -0.6312073145 0 0.398
555 6.49367403984 23.201513 103.9692 1.3630267 19.7832756015 104.880415005 1.42232133953 3.53760649272 3.39733259276 0 0.362
558 6.41399002075 23.573375 105.47089 1.3112874 20.1360763143 105.574184829 1.34468642406 3.43885040037 1.91362311846 0 0.376
561 6.36042308807 24.091257 107.45193 1.3021436 19.3039514837 106.805026797 1.33951553535 4.83081544462 2.14125416769 0 0.288
564 6.32799100876 24.69734 109.54228 1.2971878 21.1784443201 108.59499218 1.29442597079 3.64417082759 -0.158241157714 0 0.278
567 6.52691602707 25.24514 111.62222 1.291934 21.1661943934 111.629871322 1.30506770754 4.07895278276 0.752506011485 0 0.432
570 6.33503007889 25.838263 113.71051 1.2925571 22.2718987149 113.881587344 1.31054543626 3.57046518987 1.03065574817 0 0.51
573 6.47054100037 26.485855 115.66064 1.2984976 22.3208952646 115.943958881 1.32135146218 4.17458491176 1.30942984842 0 0.55
576 6.3846681118 26.666562 116.70228 1.2516028 21.9268610295 116.902334131 1.26248589539 4.74392105174 0.623555434128 0 0.548
579 6.34638214111 26.671044 116.66524 1.1445574 22.4945435112 116.452782117 1.11219692341 4.18190084592 -1.85411873163 0 0.518
582 6.47069096565 26.68282 116.71548 1.0360889 22.7738801923 116.372603964 0.996351136408 3.92394882689 -2.27680614109 0 0.482
585 6.37929105759 26.598988 116.54426 0.86252405 23.0107806205 116.012271368 0.877515309447 3.627429407 0.858935895872 0 0.472
588 6.3991549015 26.490987 116.49462 0.72378221 22.3653695449 115.967068998 0.76246192696 4.15921019496 2.21618453455 0 0.496
591 6.33018112183 26.414554 116.44154 0.58967497 22.3230764423 116.346330102 0.60501883739 4.09258518909 0.879138842874 0 0.454
594 6.4634449482 26.30131 116.37003 0.43724496 21.8475796495 116.54520454 0.492854460093 4.45717400988 3.18618965614 0 0.426
597 6.24684405327 26.176025 116.35464 0.31453037 22.0802207161 116.430404404 0.3828481156 4.09650497091 3.91431848872 0 0.366
600 6.26258015633 26.088883 116.46581 0.14702743 21.2726536313 115.928577538 0.218256370323 4.84609988034 4.08111765971 0 0.332
603 6.29463791847 25.977812 116.45377 0.019989929 22.3636156257 115.935496191 0.112339991977 3.65116737133 5.29126884636 0 0.406
606 6.31956601143 25.890585 116.45549 -0.11586106 23.0847716358 115.410578343 0.0270077022086 2.99406563162 8.18577709881 0 0.274
609 6.34981894493 27.617035 116.21759 -0.13548047 24.5704004821 116.82781865 -0.0979243481709 3.10714674442 2.15180727569 0 0.338
612 6.30368995667 29.732468 115.90829 -0.14344069 26.8840861901 115.753406281 -0.105724800495 2.85258968327 2.16096128922 0 0.382
615 6.50658011436 31.744289 115.6014 -0.14068963 27.6986731631 114.623289613 -0.0772094463734 4.16217580469 3.63714660452 0 0.39
618 6.31041717529 33.87565 115.27561 -0.13567301 30.1721633349 114.596267068 -0.0952525515846 3.76527824974 2.31592167319 0 0.454
621 6.33834600449 35.936054 114.9269 -0.14240112 32.8094787523 114.570203665 -0.0946467496473 3.14685637665 2.73612387451 0 0.528
624 6.34060907364 38.113735 114.67885 -0.14674677 34.6499567538 113.934095013 -0.0930894279917 3.54293941939 3.07433923696 0 0.524
627 6.40577101707 40.163768 114.30534 -0.14012204 36.7753884284 114.936666952 -0.107457546654 3.44669259446 1.87153760865 0 0.558
630 6.37325191498 42.346763 113.98058 -0.16006212 38.8924686862 114.907743934 -0.100887400163 3.57656010245 3.39046170055 0 0.668
633 6.31991696358 44.341947 113.67079 -0.15507802 40.7735480388 114.657396407 -0.101671305589 3.70227812966 3.05997933342 0 0.626
636 6.30774188042 46.544067 113.30502 -0.15009707 42.9457106537 114.828242382 -0.0663841818103 3.90747678447 4.79639518412 0 0.634
639 6.38936781883 48.557097 112.97025 -0.14631805 45.0698046338 113.7812053 -0.053165106234 3.58034307664 5.33727052701 0 0.6
642 6.41781401634 50.586062 112.64729 -0.14866611 47.806473472 113.769377959 -0.0700996183869 2.99753127979 4.50152838058 0 0.606
645 6.33136081696 52.747394 112.3225 -0.14488479 50.3064440576 114.339748089 -0.0851764952305 3.16662698659 3.42103329222 0 0.584
648 6.38764595985 54.919709 111.95097 -0.14565598 51.3301773445 114.412078907 -0.0622631235121 4.35221720038 4.7780587183 0 0.636
651 6.25292301178 56.9199 111.70562 -0.14317608 53.9055255227 114.340396437 -0.0910389469904 4.00356096027 2.98723767736 0 0.538
654 6.32954597473 58.963864 111.32719 -0.14485493 56.950300323 114.045403487 -0.040203964722 3.38276857692 5.9960586324 0 0.488
657 6.32453799248 61.070196 111.0267 -0.15209978 57.7351079124 112.117462761 -0.12507079653 3.50892803457 1.54864667737 0 0.524
660 6.40016293526 63.25691 110.67843 -0.1447313 59.4306858392 112.057142372 -0.141970453773 4.0670430455 0.158184836701 0 0.56
663 6.39204287529 65.338645 110.4192 -0.14848438 61.7213486869 111.633622863 -0.131048078379 3.81571166441 0.999026493212 0 0.592
666 6.36322593689 67.412523 110.08404 -0.1445869 63.3148199649 111.774562657 -0.120727609507 4.43272343123 1.36703664742 0 0.686
669 6.41118979454 69.507235 109.73429 -0.15139682 66.1886483838 111.841469002 -0.126021733611 3.93105844228 1.45388535489 0 0.682
672 6.43891000748 71.647859 109.39116 -0.14906575 68.249257148 111.260126178 -0.112306966047 3.87859886094 2.10612318056 0 0.69
675 6.41817593575 73.702975 109.06139 -0.1559357 70.1047549869 111.535538936 -0.0810809896388 4.36676083833 4.28885898037 0 0.636
678 6.2492108345 75.754203 108.72815 -0.15045699 72.183468474 110.226927241 -0.134538712405 3.87252866667 0.912050123311 0 0.592
681 6.34883213043 77.860742 108.43703 -0.15243836 73.9759043213 109.63093187 -0.135797240729 4.06415618122 0.953465900588 0 0.604
684 6.40903997421 79.97813 108.08555 -0.15170568 75.7692881175 108.952234257 -0.156128374366 4.29714924026 -0.253401721257 0 0.64
687 6.40033602715 82.120618 107.73965 -0.14888428 78.0203516642 109.025113882 -0.164168662338 4.2970456615 -0.87573060044 0 0.652
690 6.50352787971 84.192494 107.42985 -0.14593359 80.6564285289 107.904707635 -0.112859200164 3.56780728024 1.89502294759 0 0.672
693 6.35766100883 86.28045 107.15458 -0.15823172 82.2219136971 108.38668122 -0.110670295744 4.24143729636 2.72506887752 0 0.612
696 6.4352388382 88.385341 106.75858 -0.15035877 84.6848008726 108.902336403 -0.113636612819 4.27664456686 2.1040246211 0 0.6
699 6.40835189819 90.512184 106.42958 -0.15443508 87.1330575129 108.815628974 -0.104771722212 4.13663214743 2.84550079769 0 0.69
702 6.36076903343 92.541412 106.11165 -0.15857271 89.1138573358 108.391759687 -0.103161114489 4.11667719913 3.17485055887 0 0.65
705 6.34828615189 94.624435 105.7799 -0.14991569 91.0950760554 108.057748511 -0.124561545826 4.20059143435 1.45268545433 0 0.656
708 6.42615008354 96.812614 105.41142 -0.16008539 93.5351656866 107.322326457 -0.129838605868 3.7938411845 1.73301307462 0 0.582
711 6.45112991333 98.833392 105.05687 -0.15857643 94.5611743439 107.005557071 -0.138875487377 4.69566023049 1.12878086473 0 0.562
714 6.34790301323 100.9283 104.72764 -0.15390186 96.005436872 107.552763456 -0.143408842034 5.67590555962 0.601205643796 0 0.386
717 6.36088585854 103.02648 104.38009 -0.15580909 99.0892764077 106.82116016 -0.134042937714 4.63253663278 1.24710866225 0 0.518
720 6.40843701363 103.56436 104.3046 -0.21764658 98.7724940128 106.504133555 -0.211470128955 5.2725636554 0.353884577271 0 0.502
723 6.36007189751 103.46604 104.39779 -0.32798619 99.3759758427 106.76800434 -0.306700960606 4.72721279709 1.21955381024 0 0.486
726 6.38671588898 103.43166 104.43448 -0.46455789 99.4587626547 107.184961287 -0.429330236477 4.83208657047 2.01839586904 0 0.442
729 6.62001299858 103.35806 104.51276 -0.60050128 99.8607973588 107.125757725 -0.554423752699 4.36561600375 2.64004784476 0 0.382
732 6.7499320507 103.30537 104.5712 -0.75278089 100.916468507 106.577317922 -0.66807952938 3.11951269592 4.85303048255 0 0.252
735 6.4641160965 103.24477 104.73622 -0.88717849 99.7602264442 107.582837798 -0.782728214877 4.49947515607 5.98455993355 0 0.284
738 6.36880302429 103.11543 104.83266 -1.0218313 100.45309125 106.520708272 -0.928500499954 3.15238871166 5.34746094121 0 0.302
741 6.75116419792 103.3336 104.43355 -1.1359167 100.067685674 106.888715369 -1.05409652182 4.08583325336 4.68795088897 0 0.264
744 6.35396099091 104.18264 102.5184 -1.1499809 101.552614763 105.092983464 -1.07809418879 3.68042290553 4.11880515567 0 0.386
747 6.63957190514 105.02068 100.61649 -1.1544373 102.58055659 103.593418398 -1.06792621738 3.84919536258 4.95671991517 0 0.398
750 6.40723204613 105.97315 98.645528 -1.1675657 104.10544384 100.911004347 -1.04395310902 2.93610445611 7.08247975811 0 0.458
753 6.37654781342 106.66644 96.709247 -1.154133 104.724419269 98.5429316451 -1.08430192889 2.67092566271 4.00102565332 0 0.484
756 6.46380901337 107.65453 94.805864 -1.1707179 105.128647365 97.2522334906 -1.09490035002 3.51636271864 4.3440256266 0 0.514
759 6.35327720642 108.36584 92.821603 -1.1639211 106.15786195 95.5372565086 -1.08551289125 3.49999157811 4.49245944054 0 0.482
762 6.39157795906 109.18739 90.932737 -1.1605274 107.609453321 93.0107755592 -1.13303435353 2.60923904947 1.57523552849 0 0.468
765 6.37281608582 110.00551 88.971931 -1.1631703 107.827698919 90.4862864648 -1.12710377312 2.65257112559 2.06645977166 0 0.556
768 6.4586558342 110.83946 87.051439 -1.1600004 108.783490995 89.1430966066 -1.11203845099 2.93292347189 2.74801725529 0 0.556
771 6.3646068573 111.68317 85.129972 -1.1502451 110.126689169 86.3947064046 -1.0873995842 2.0055387538 3.60078281655 0 0.53
774 6.35639095306 112.49307 83.177328 -1.1488654 110.843385745 85.8535051338 -1.09863792427 3.14378469222 2.87782237486 0 0.536
777 6.45323300362 113.40329 81.226755 -1.149046 111.881257784 83.4829264933 -1.1079551031 2.72156055873 2.35433496905 0 0.57
780 6.3248360157 114.20236 79.347389 -1.1522317 112.285140655 81.9219885688 -1.12244967492 3.21003005532 1.70638434222 0 0.428
783 6.54709100723 115.10134 77.33273 -1.146946 113.434539624 79.9028114909 -1.13164282017 3.06325682303 0.876807617573 0 0.392
786 6.40240502357 115.87569 75.433999 -1.1405871 113.095447877 77.7409234617 -1.11938317273 3.61270628957 1.21489554158 0 0.354
789 6.34210181236 116.74641 73.521868 -1.1514597 114.354153443 75.754431129 -1.14577026941 3.27219033039 0.325980360793 0 0.374
792 6.37550401688 117.66191 71.592443 -1.1472421 115.41492459 74.4765306899 -1.1157924687 3.65607784887 1.80193114075 0 0.382
795 6.35133194923 118.47567 69.543126 -1.1411103 116.474238593 72.0702562083 -1.10968389313 3.2236803137 1.80060047883 0 0.47
798 6.28978013992 119.32773 67.660396 -1.1493947 117.244690094 70.1061650036 -1.11824482513 3.2126066162 1.78475636252 0 0.466
801 6.36861014366 120.23613 65.736718 -1.1477983 118.844880772 68.4033879996 -1.10592303023 3.0077738116 2.39927622355 0 0.482
804 6.37464785576 121.05504 63.851108 -1.1435448 119.86104991 66.2534073388 -1.11392768863 2.68265809387 1.69693548278 0 0.576
807 6.352820158 121.9387 61.889647 -1.1416966 120.203301276 64.3203942187 -1.12795104984 2.98666047149 0.787562011236 0 0.58
810 6.37981677055 122.75206 59.947854 -1.134592 121.670029117 62.6094026268 -1.12465951598 2.87308752462 0.56908941441 0 0.548
813 6.32399702072 123.61313 58.017737 -1.1345099 122.467491826 61.2938540071 -1.08450810637 3.47065260004 2.86489174299 0 0.55
816 6.38208413124 124.50226 56.14403 -1.1250591 123.237551642 59.1389042759 -1.12853777668 3.25096280503 -0.199313492313 0 0.564
819 6.30973005295 125.37031 54.195354 -1.1346431 123.525259019 58.0268953955 -1.10876991182 4.25263713342 1.48242448511 0 0.462
822 6.30075907707 126.19009 52.293812 -1.120627 124.741335604 56.173205978 -1.10987761657 4.14108523659 0.615894302978 0 0.474
825 6.39200186729 127.09539 50.434417 -1.1252352 125.50440633 53.940672667 -1.10776070279 3.85033217263 1.00121493914 0 0.596
828 6.3747780323 127.94916 48.435924 -1.125081 126.92474345 51.5133995898 -1.08993130736 3.24349892458 2.0139290393 0 0.618
831 6.36812090874 128.83417 46.49897 -1.1135569 127.380084395 50.1752698231 -1.10462843046 3.95342197796 0.511563622016 0 0.568
834 6.27787017822 129.69028 44.561049 -1.1141866 127.417795542 46.8224226225 -1.14163085161 3.20593142028 -1.57243978921 0 0.452
837 6.2862341404 130.6504 42.689185 -1.1179531 129.107328077 45.9980638399 -1.14796669802 3.65099303418 -1.71965249428 0 0.514
840 6.39204621315 131.56218 40.752166 -1.1133477 130.417732075 43.9172207996 -1.11893865349 3.36561033642 -0.320338038472 0 0.452
843 6.46640396118 131.80181 39.159633 -1.0655485 131.632204304 42.3833727754 -1.09423790849 3.22819829494 -1.64378202306 0 0.394
846 6.36335992813 89.526265 39.287264 -0.26055386 132.885835904 40.7622378231 -1.09657291442 43.3846509355 -47.9003634107 0 0.502
849 6.41120004654 49.129117 22.860079 0.57174269 133.782787491 39.9787659906 -1.05632123521 86.3672007879 -93.2811916918 0 0.308
852 6.45686411858 45.693587 19.436118 1.0035584 134.813042288 39.80074043 -1.04228726829 91.4166021983 -117.218322328 0 0.094
855 6.32299304008 46.841947 21.209275 1.0214136 37.4577191068 84.6604178569 0.327080779571 64.1413381759 -39.782340188 0 0.012
858 6.39293909073 48.00008 22.972907 1.0079248 133.644282121 31.6205295062 -1.14830788677 86.0796766488 -123.5430326 0 0.01
861 6.34395599365 49.170996 24.731115 1.014741 27.5193581409 93.2921326879 1.09741446086 71.8985853017 4.73684038513 0 0.018
864 6.42319393158 50.349541 26.532036 1.0144485 64.3794094596 104.007968554 1.92875118543 78.7359977023 52.3856850725 0 0.012
867 6.33524990082 51.518278 28.351001 1.0069992 57.6946833785 105.136270387 3.06374642651 77.033275785 117.842935604 0 0.018
870 6.45988678932 52.642563 30.101924 1.0170679 58.3649944206 102.761125887 -2.63082055587 72.884194722 150.991387344 0 0.022
873 6.31967401505 53.80357 31.912095 1.0183648 59.3809914008 99.8558791501 -2.54570931496 68.1723216131 155.793595341 0 0.034
876 6.29431200027 54.946688 33.671099 1.0064723 67.6440437594 95.2867733048 -0.734293762835 62.9103661038 -99.7385485201 0 0.014
879 6.30654096603 56.161659 35.476636 1.0152563 37.5809282052 104.087355745 1.57911367528 71.0821666859 32.3066478507 0 0.014
882 6.30645799637 57.333476 37.252395 1.017552 93.9162522074 69.9416665471 1.84055565316 49.0600447342 47.15463585 0 0.006
885 6.43329811096 58.434052 39.044555 1.0099164 35.9415685041 108.522343538 1.65703606141 73.0279050361 37.0772254387 0 0.018
888 6.49026203156 59.558673 40.733157 1.0155176 37.648637607 110.659369633 1.66151400609 73.2784065338 37.0128676496 0 0.014
891 6.54092001915 60.829575 42.673596 1.0256616 57.7657671944 44.0317956422 1.0978651481 3.3513615946 4.13695857196 0 0.02
894 6.36748480797 61.938983 44.298725 1.0235902 75.8806758044 87.9309459225 -0.631993388897 45.8054745732 -94.8579522749 0 0.016
897 6.30636882782 63.08776 46.123861 1.0214801 59.6981636261 46.7648003844 1.01871973745 3.44966184903 -0.158157123755 0 0.018
900 6.42239999771 64.233274 47.872937 1.026201 62.4637517097 47.4376332689 1.06008202658 1.82227837447 1.94123982854 0 0.01
903 6.27285289764 65.367062 49.701179 1.0288308 63.008826566 50.7608395774 0.980940526499 2.5853732615 -2.74391055135 0 0.028
906 6.34110593796 66.47055 51.411163 1.0247772 63.247814459 52.3604404163 1.05905754711 3.35963569162 1.96411920979 0 0.02
909 6.34698605537 67.601685 53.206336 1.0345375 66.1463846904 53.6827075056 0.989180398684 1.53128338408 -2.59877047634 0 0.076
912 6.30365490913 68.713633 54.989386 1.0321621 66.6659949055 55.3964655941 0.92521350714 2.08771060299 -6.12770299574 0 0.098
915 6.34635901451 69.889939 56.860516 1.0335194 66.6204097177 58.698359709 0.992661626703 3.7506654378 -2.34097797024 0 0.066
918 6.35099387169 70.97178 58.665246 1.0279054 67.6978669344 60.4444380251 0.979865563655 3.72612815439 -2.7524798711 0 0.072
921 6.31491518021 72.083269 60.388926 1.0348295 69.7176882795 62.2541173166 1.02637911208 3.01245925998 -0.48417156318 0 0.102
924 6.45782899857 73.21006 62.180545 1.0389104 70.5632638093 62.899558738 1.02207945571 2.74271960481 -0.964342073317 0 0.158
927 6.30152988434 74.211219 63.966291 1.0279221 71.293060823 65.4315861808 1.01995291535 3.2653846807 -0.456600646379 0 0.222
930 6.30380821228 75.394113 65.876292 1.0355825 72.5402371479 66.760965689 1.00938338045 2.98785122042 -1.50109897733 0 0.252
933 6.42416787148 76.475569 67.55587 1.0353462 72.7922711742 69.0394545185 0.994659902922 3.97085707337 -2.33115310658 0 0.27
936 6.32243108749 77.652303 69.425792 1.0395167 74.9489683405 70.7614207255 1.00746761031 3.015281475 -1.83627757629 0 0.358
939 6.33835196495 78.72098 71.209083 1.0347632 75.3702851857 72.5883554278 0.973331636204 3.62347183913 -3.51976933441 0 0.4
942 6.34743785858 79.923618 73.070281 1.0406815 78.0606551191 73.8681881465 1.00465397355 2.02664414979 -2.06422521174 0 0.486
945 6.29376602173 80.886825 74.813727 1.0240856 78.0566891376 75.9316748777 1.02761876938 3.04293878622 0.202435694023 0 0.492
948 6.35418891907 82.003807 76.66259 1.0354781 79.8236605431 77.6394563508 0.993024671995 2.3889969529 -2.43240225054 0 0.562
951 6.34910082817 83.149971 78.458347 1.0359732 81.6164505924 79.6113265706 0.982078543342 1.91860541294 -3.0879363648 0 0.544
954 6.35057401657 84.209192 80.07724 1.046865 81.8553016111 80.7843814337 1.00092688787 2.45781385995 -2.63205994366 0 0.562
957 6.31954407692 84.421821 80.346791 1.1291589 82.0388937839 81.072289614 1.07015773131 2.49092158768 -3.3805179524 0 0.546
960 6.31709504128 84.549549 80.462185 1.2384433 81.7550119909 80.9476597836 1.20106399172 2.83639257875 -2.14167660549 0 0.528
963 6.29724884033 84.477315 80.645515 1.377415 82.5518834251 80.1740266533 1.33626007371 1.98231884692 -2.35800358284 0 0.512
966 6.3007349968 84.491575 80.745704 1.5042297 82.3419880699 80.1924771886 1.47269142954 2.219635978 -1.80700979075 0 0.464
969 6.29153609276 84.58151 81.604236 1.6242617 81.2616193558 81.5860863319 1.6024331725 3.31994025549 -1.25068249886 0 0.49
972 6.37642407417 84.52138 83.606555 1.6450761 81.3129588981 83.8007053096 1.62715309677 3.21429001648 -1.02691244142 0 0.526
975 6.353484869 84.450105 85.633891 1.6510189 81.2603213245 87.1969079077 1.63573160547 3.55214607673 -0.87589745687 0 0.504
978 6.31251883507 84.288283 87.799076 1.6553182 80.6771341306 88.1843682951 1.59299747582 3.63164512443 -3.57071447151 0 0.514
981 6.36239409447 84.219899 89.940013 1.6574582 81.2504017579 90.6415641419 1.60618465476 3.05124366043 -2.9377577429 0 0.568
984 6.35995197296 84.085061 91.960688 1.6559816 80.6976230654 92.5999720554 1.61317167091 3.44723365384 -2.45282825826 0 0.482
987 6.34297394753 83.972707 94.061302 1.6546883 80.2763240017 94.7065981233 1.65783905428 3.75228655045 0.180524922506 0 0.492
990 6.39771199226 83.850194 96.236204 1.650278 79.7360310998 96.3054809915 1.61379479738 4.11474612469 -2.09033353327 0 0.34
993 6.37505793571 83.742141 98.372522 1.653672 80.5023248255 98.871215462 1.65942123151 3.27797254617 0.329406701214 0 0.436
996 6.36584401131 83.558608 100.37046 1.6603574 79.7050175505 101.173329396 1.65681262846 3.93633822467 -0.20310044857 0 0.5
999 6.27997493744 83.448658 102.54165 1.6520527 79.5331642214 102.409701866 1.67357325729 3.91771640626 1.23303710546 0 0.4
1002 6.33744120598 83.308795 104.69204 1.6576029 79.6385762734 104.765687846 1.63385947623 3.67095757352 -1.36039797347 0 0.538
1005 6.32879686356 83.194681 106.76107 1.661421 78.9995763291 107.56578322 1.68254108307 4.27158829554 1.21009162296 0 0.482
1008 6.3530600071 83.066158 108.84686 1.6653468 78.4707105708 108.979563032 1.66135944026 4.59736306692 -0.228458884217 0 0.486
1011 6.35046195984 82.920912 111.09751 1.6564676 78.4688800342 111.372644949 1.66171316038 4.46052551442 0.300548470711 0 0.642
1014 6.38027095795 82.798446 113.12029 1.6519674 78.0035503251 113.785945534 1.65284356415 4.84088027358 0.0502005077218 0 0.61
1017 6.31289291382 82.725101 115.25424 1.6521864 77.8037779588 116.571796796 1.6459190648 5.09464192929 -0.359091855768 0 0.564
1020 6.42476010323 82.605874 115.888 1.7134215 78.7346645135 117.556862988 1.69618303479 4.21560986817 -0.987691301923 0 0.628
1023 6.36292791367 82.650086 115.98425 1.8265292 79.126141608 117.168204161 1.85393396179 3.71751685055 1.57017718898 0 0.57
1026 6.31580686569 82.697137 116.16336 1.9516157 78.404783318 117.09839352 1.95310428839 4.39301579948 0.085289831968 0 0.476
1029 6.47832894325 82.611261 116.28116 2.0730733 78.3692352913 116.755948401 2.08080250421 4.26851334054 0.442850779953 0 0.53
1032 6.436825037 82.517518 116.45008 2.1971216 78.9106407433 117.193323449 2.22858283372 3.68265860078 1.80259591048 0 0.508
1035 6.33076000214 82.418538 116.4581 2.3123831 78.5197466594 117.02897144 2.35161182325 3.94036395767 2.24764027768 0 0.464
1038 6.48299002647 82.414024 116.83182 2.4679277 78.9320414518 117.320412748 2.51535217306 3.51609518344 2.71722215208 0 0.432
1041 6.5617108345 82.282962 116.94587 2.5874118 78.6498317555 117.146276188 2.61597262538 3.63865332418 1.63641475395 0 0.316
1044 6.41505694389 82.208722 116.96752 2.707272 78.595700659 116.152538261 2.75227925437 3.70379784088 2.57872572274 0 0.368
1047 6.37966513634 82.043289 117.20312 2.8493508 78.180711011 117.053154259 2.85410446182 3.86548812502 0.272364759299 0 0.312
1050 6.39788007736 81.832352 117.28824 2.9891727 77.6328281817 116.782757541 2.99962116573 4.22983602716 0.598652989002 0 0.378
1053 6.50051307678 81.142386 117.29523 3.0875315 77.1464471867 116.28835356 3.13618970226 4.12084058967 2.78790962836 0 0.33
1056 6.47998118401 79.131234 117.37152 3.1037602 75.8442690086 116.383183042 3.13742395511 3.43233867751 1.92879109055 0 0.394
1059 6.32073402405 77.094643 117.50841 3.1079346 74.6251304227 116.407276169 -3.09983023286 2.70388388841 4.32127486726 0 0.42
1062 6.34714317322 74.899205 117.59033 3.115912 71.7348388233 116.62497655 3.13973901844 3.3083410622 1.36518759479 0 0.48
1065 6.34021496773 72.824078 117.69503 3.116944 69.5679844583 116.506442061 3.13712719336 3.46624962176 1.15641179634 0 0.574
1068 6.35940790176 70.711208 117.83017 3.1174699 68.3768337404 117.044623258 -3.13208619848 2.46300362718 1.92681172667 0 0.572
1071 6.46741700172 68.550781 117.88294 3.1169773 65.8312338294 116.794916266 3.13331773994 2.92911803414 0.93623824397 0 0.558
1074 6.57079601288 66.454241 117.99143 3.11617 63.5459725732 117.041595907 3.13815505083 3.05944603603 1.25965062511 0 0.58
1077 6.3803229332 64.352032 118.06903 3.1139299 60.6987653875 117.423347771 -3.13615094745 3.70988712539 1.8967458253 0 0.588
1080 6.43469405174 62.204954 118.16997 3.1178991 59.1726199516 117.496354056 3.10739767768 3.106253084 -0.601687177836 0 0.556
1083 6.35774493217 60.134729 118.2293 3.1166836 57.1570521794 117.322807152 3.12596172988 3.11260156969 0.531597683789 0 0.654
1086 6.36219716072 58.034017 118.36643 3.1239361 54.8351059234 117.556178257 3.13568942521 3.29993029678 0.673415930056 0 0.65
1089 6.36570882797 55.858025 118.47896 3.1251128 52.1972743221 116.586992976 3.13775166567 4.12075657461 0.724153660696 0 0.656
1092 6.42799019814 53.766425 118.55 3.1243401 50.0502077307 116.517952594 -3.13662014526 4.2355032114 1.27340224735 0 0.616
1095 6.41684699059 51.628528 118.603 3.1187628 48.2265296033 116.557081751 3.13723567897 3.96980787612 1.05841800017 0 0.63
1098 6.34058403969 49.494235 118.64783 3.1200968 47.0753947059 116.751404884 3.1185526417 3.07363247482 -0.0884737532479 0 0.586
1101 6.42856097221 47.379245 118.80828 3.1260538 45.4780147663 117.639747268 3.13587268956 2.23162388111 0.562580931024 0 0.53
1104 6.37964081764 45.313934 118.87713 3.1250737 43.4157488699 117.743765671 3.11455095546 2.21079657364 -0.602908850863 0 0.516
1107 6.46781897545 43.229975 118.9845 3.131291 41.0896513488 117.14815117 3.11777425203 2.8201351664 -0.774452611279 0 0.412
1110 6.47191405296 41.038059 119.03542 3.1300111 38.1682580196 117.593876932 3.13249152179 3.21151118379 0.142117699949 0 0.498
1113 6.45117282867 38.877743 119.09254 3.1262084 35.9458077367 117.907211483 3.10691264432 3.16247499294 -1.10556536272 0 0.498
1116 6.33883309364 36.866989 119.17866 3.1252668 33.6837850062 118.420374449 3.08636624518 3.27227514785 -2.22883761184 0 0.552
1119 6.33593988419 34.67231 119.25843 3.1314701 32.0677680319 118.77247469 3.08134251568 2.64948889922 -2.87209901897 0 0.524
1122 6.36586594582 32.567479 119.34722 3.1353596 30.1785450223 117.954914809 3.09354474449 2.76505321725 -2.39581474143 0 0.322
1125 6.37841296196 30.502201 119.36971 3.1349527 26.9851285056 118.237716652 3.13996586456 3.69475410148 0.287233171471 0 0.38
1128 6.39251089096 29.15421 119.31018 -3.13185 26.3286613574 117.575043487 -3.10831771972 3.31578404744 1.34830034232 0 0.336
1131 6.37748789787 28.938717 119.39146 -3.028318 26.4323404107 117.316012161 -3.03809534644 3.25413695751 -0.560200685987 0 0.334
1134 6.35479187965 28.80706 119.32785 -2.9089456 26.5932122317 117.285475735 -2.9212858508 3.0120449167 -0.707044288831 0 0.318
1137 6.3905608654 28.607415 119.34948 -2.7753086 26.6377622529 117.654361553 -2.77882987733 2.59864551131 -0.201754329441 0 0.302
1140 6.41860389709 28.309413 119.3977 -2.6319404 25.7976145275 117.892905608 -2.63555038901 2.92806040394 -0.20683713463 0 0.258
1143 6.37761616707 28.176965 119.31562 -2.5155106 26.4388552226 118.178303243 -2.48632296359 2.07714106516 1.67232838049 0 0.208
1146 6.43686389923 28.13257 119.1422 -2.3876282 26.3406519501 117.74964493 -2.39469302246 2.26940078434 -0.404784509805 0 0.242
1149 6.40489315987 28.071656 119.10664 -2.2643471 26.0248785011 118.107415557 -2.22690751845 2.27766275305 2.14513000967 0 0.204
1152 6.33184695244 27.847582 119.05477 -2.1225081 25.381331739 118.919544759 -2.14363072517 2.46995469907 -1.21023727471 0 0.15
1155 6.45246100426 27.651134 118.95518 -2.0012288 24.0570949907 119.720785967 -1.95944076924 3.67467942778 2.39427779699 0 0.088
1158 6.45469903946 27.585975 118.8068 -1.8653126 25.3467429701 119.217894 -1.88408786917 2.27665508157 -1.07574368285 0 0.092
1161 6.39005994797 27.545652 118.66047 -1.7395281 25.3092818215 117.778699592 -1.68512684233 2.40392816624 3.11696246469 0 0.068
1164 6.44747900963 27.426878 118.54472 -1.6078392 24.6042077966 118.064535835 -1.58941391116 2.86322264411 1.05569128669 0 0.1
1167 6.40990591049 27.408113 118.27266 -1.4907581 26.5026746278 117.092270251 -1.52324505712 1.48766212765 -1.86136553192 0 0.066
1170 6.37723612785 27.619078 117.43976 -1.368489 26.6755200549 116.516660571 -1.37244974244 1.32000536014 -0.22693382547 0 0.096
1173 6.3964548111 28.00462 115.50954 -1.3464267 26.3234897279 115.382825262 -1.27610949272 1.68589905292 4.02887920429 0 0.058
1176 6.42218613625 28.352772 113.43776 -1.3439724 26.4406798135 113.299487238 -1.33578912339 1.91708525797 0.468867212607 0 0.086
1179 6.38818407059 28.777386 111.37552 -1.3470791 26.0461924945 111.319215146 -1.35992490876 2.73177381956 -0.736010626318 0 0.11
1182 6.34135007858 29.292879 109.18718 -1.3487141 26.5466354201 110.146346693 -1.35984372037 2.90892669994 -0.63768027479 0 0.046
1185 6.41492700577 29.664866 107.14961 -1.3582731 26.9582609144 107.209462604 -1.39363158901 2.70726678106 -2.0258921901 0 0.142
1188 6.39903497696 30.155372 105.1583 -1.3627181 27.0551325197 106.16653278 -1.44175149388 3.26006413636 -4.52827990997 0 0.232
1191 6.26186990738 30.584999 103.08809 -1.3538609 27.6024450663 103.399613361 -1.43955213998 2.99877888015 -4.90974639208 0 0.33
1194 6.34039187431 30.932942 101.04272 -1.3388863 28.4019079765 100.782748117 -1.38088589316 2.54435033125 -2.40639942924 0 0.31
1197 6.3696808815 31.46397 98.886394 -1.3633561 29.075777582 98.8693585873 -1.42480832288 2.38825317559 -3.52095301246 0 0.394
1200 6.32803916931 31.761459 96.890841 -1.3338862 29.9382756775 96.9928144845 -1.35425544359 1.82603286362 -1.16707168987 0 0.296
1203 6.33222103119 32.148779 94.808879 -1.340085 30.5532193795 94.0970000751 -1.35904656738 1.74716401816 -1.08641778382 0 0.354
1206 6.30470085144 32.63242 92.742465 -1.3409888 31.1661618301 92.2144710753 -1.3369962294 1.55842568171 0.228757444846 0 0.366
1209 6.30463504791 33.223163 90.635151 -1.3443959 31.6646908747 90.8069337944 -1.31790617288 1.56791093298 1.51774956444 0 0.308
1212 6.3139770031 33.480467 88.544154 -1.3400822 31.8082427174 89.1788993853 -1.35567772137 1.78864075641 -0.893557554054 0 0.348
1215 6.33923101425 33.996344 86.523674 -1.3537744 32.4614732644 86.2130767791 -1.33563048971 1.56598173957 1.03956948344 0 0.458
1218 6.34435892105 34.391099 84.502242 -1.3500462 32.8106822311 83.8778432605 -1.33232264067 1.69929130799 1.01548514738 0 0.506
1221 6.30773496628 34.871654 82.311763 -1.3462417 32.6647435717 82.7306611285 -1.35144890571 2.24631459968 -0.298350910489 0 0.466
1224 6.32842898369 35.319079 80.358924 -1.358939 34.4995070136 80.7958214168 -1.34005163087 0.928750555118 1.08216653699 0 0.582
1227 6.30544495583 35.776446 78.250756 -1.3606991 34.2113637349 78.1119444144 -1.32765823916 1.57122600309 1.89310187736 0 0.582
1230 6.3395781517 36.167733 76.160289 -1.3496683 33.9317899177 76.9145060036 -1.33929616724 2.35972133009 0.594279431633 0 0.466
1233 6.33410215378 36.593873 74.026216 -1.3452321 35.007840047 74.4627798392 -1.33688438292 1.64501930493 0.478288956978 0 0.606
1236 6.42985391617 37.096668 72.068535 -1.358637 34.9583151432 72.3960660289 -1.37306530119 2.16329136162 -0.826680764011 0 0.602
1239 6.38496899605 37.456761 70.030489 -1.3570922 35.268203254 69.970350008 -1.37124758188 2.18938386448 -0.811043638914 0 0.608
1242 6.35600209236 37.942935 67.912468 -1.3598503 35.8706098236 67.8856209899 -1.39287907288 2.07249907086 -1.89240928826 0 0.67
1245 6.29559111595 38.381728 65.750541 -1.3597279 37.3831124961 65.5161975442 -1.36210794704 1.02574352539 -0.136366650375 0 0.61
1248 6.31385493279 38.78715 63.709446 -1.3638712 37.342908151 62.9405361112 -1.35020613481 1.63617142607 0.782950562075 0 0.658
1251 6.34079504013 39.284372 61.704874 -1.358189 37.7831289709 61.7196359808 -1.3411088124 1.50131560585 0.978622662588 0 0.648
1254 6.32383608818 39.616785 59.610797 -1.3616912 38.2804031447 59.641839674 -1.37372108437 1.33674235015 -0.689261602526 0 0.714
1257 6.33318805695 40.0981 57.483375 -1.3627524 38.568143009 57.9919214275 -1.31938025743 1.6122617229 2.48504071795 0 0.62
1260 6.31392884254 40.478176 55.366289 -1.371191 39.5489229717 56.2725954136 -1.3232447455 1.29803794472 2.74711802608 0 0.534
1263 6.36133480072 40.927924 53.368372 -1.3697355 40.1798928689 53.9450755057 -1.3286939499 0.944530310027 2.35150760549 0 0.642
1266 6.37163305283 41.311773 51.24524 -1.3687118 40.4842005636 51.6385348096 -1.34294975017 0.916273400649 1.47605672662 0 0.66
1269 6.45250201225 41.752813 49.127024 -1.3690442 40.3560783174 49.9939279665 -1.35083478495 1.6438948448 1.04332263002 0 0.592
1272 6.36290597916 42.124468 46.999249 -1.3746445 41.3847351965 47.8982804066 -1.34755000924 1.1642431407 1.55239996881 0 0.694
1275 6.3992061615 42.489069 45.000812 -1.3756167 41.5488013424 45.539314155 -1.36476647433 1.0835533392 0.621672137724 0 0.702
1278 6.43080401421 42.919623 42.847052 -1.3693623 41.5309507843 44.0083925349 -1.35989784636 1.81028239803 0.542273248719 0 0.574
1281 6.35506606102 43.26925 40.76156 -1.3849404 43.1704450979 42.0777368239 -1.34669218871 1.31988023714 2.19146108107 0 0.542
1284 6.36736607552 43.723057 38.666685 -1.382086 43.3669880325 39.0281368832 -1.33728489719 0.507378136525 2.56691410836 0 0.594
1287 6.3517639637 44.069109 36.638541 -1.3748634 44.3172102849 36.8294816291 -1.34582740011 0.313069595207 1.66364024744 0 0.546
1290 6.34509301186 44.48264 34.512889 -1.372972 43.8160315282 35.3864402229 -1.38050828778 1.0988442081 -0.431797482717 0 0.56
1293 6.40400719643 44.660959 33.544964 -1.3339999 44.1894781927 33.4776548691 -1.31368175826 0.476261137109 1.16414376922 0 0.628
1296 6.39382696152 44.654294 33.324157 -1.2074321 44.1061224661 33.8620692483 -1.21352606338 0.768011469604 -0.349158381985 0 0.626
1299 6.49393606186 44.699557 33.107025 -1.0711259 44.1509790042 33.5027537822 -0.99377466841 0.6764163559 4.43189911023 0 0.566
1302 6.38325309753 44.829945 32.953901 -0.95914547 44.425710556 33.0101586493 -0.966606785345 0.40813038218 -0.427501878875 0 0.474
1305 6.35899090767 44.914184 32.826307 -0.82117543 44.1910764055 33.2051301753 -0.894109375657 0.816328115036 -4.17880726941 0 0.458
1308 6.37017297745 44.932468 32.690373 -0.70238554 43.7185345786 33.1317092851 -0.772994422766 1.29167026296 -4.04559097865 0 0.458
1311 6.33475399017 45.019913 32.619075 -0.56167342 43.7699824931 32.9141128366 -0.739291761262 1.28427940773 -10.1767813184 0 0.456
1314 6.45985484123 45.164806 32.47066 -0.44585332 43.3059709145 33.4762749664 -0.557869607509 2.11341650791 -6.41806051097 0 0.39
1317 6.36807012558 45.307079 32.373178 -0.30795343 42.4783703594 32.109207095 -0.480270535322 2.84099862933 -9.87304287286 0 0.308
1320 6.45406603813 45.468859 32.25314 -0.19105128 43.0447471015 32.8279944875 -0.37492935648 2.49134023732 -10.5354377273 0 0.374
1323 6.4122800827 46.833289 32.057508 -0.10389315 45.0812370222 33.3800117045 -0.310810010545 2.19515425001 -11.8554628193 0 0.254
1326 6.37557792664 48.863767 31.868312 -0.084237935 46.7068857211 31.1995122298 -0.252363485065 2.25819175093 -9.63288444707 0 0.316
1329 6.36868596077 51.033972 31.691587 -0.08198003 48.6272946061 30.0281711839 -0.485851289901 2.92558511338 -23.140118659 0 0.27
1332 6.36030888557 53.111195 31.42619 -0.084122232 50.8207361049 33.5553540658 -0.0164715112093 3.12722585843 3.87610078233 0 0.22
1335 6.43998599052 55.206155 31.249451 -0.082409142 53.6413410473 32.954694338 -0.048391853924 2.31441084264 1.94904703724 0 0.252
1338 6.378718853 57.287235 31.07162 -0.080297126 56.0245711038 32.8385387704 -0.0733115386859 2.17170947782 0.40024467052 0 0.338
1341 6.42756700516 59.516372 30.847745 -0.092608556 58.6687130216 33.1137131553 -0.0132233723013 2.41932582024 4.54843598181 0 0.454
1344 6.34590291977 61.567611 30.670937 -0.091677002 60.2157640898 32.8782606957 -0.000686967850291 2.58839099949 5.21334493453 0 0.524
1347 6.30673313141 63.68279 30.502969 -0.089332225 63.1775960907 32.4368601754 -0.0624361815305 1.99878862418 1.5410297764 0 0.42
1350 6.3962020874 65.773678 30.270465 -0.081918863 65.345425147 31.8456282641 -0.0724682351755 1.63234181922 0.541481088095 0 0.482
1353 6.39842200279 67.870787 30.052005 -0.080757136 68.0191056363 31.4324930078 -0.102467535315 1.38843277028 -1.2439142523 0 0.514
1356 6.34716105461 69.978421 29.855203 -0.080851998 69.8818686913 31.4332749126 -0.0795998910794 1.58102286812 0.0717404420505 0 0.552
1359 6.49473619461 72.04312 29.748383 -0.089661546 70.3249025916 31.3923608399 -0.113244227839 2.37801055519 -1.35118813897 0 0.468
1362 6.44782495499 74.192216 29.503442 -0.097083695 72.2416645238 30.4721568146 -0.104261735671 2.17785661915 -0.411271435618 0 0.552
1365 6.5017490387 76.337484 29.313327 -0.092202589 74.9538624994 30.5026159998 -0.0949407698985 1.82450453053 -0.156886209027 0 0.57
1368 6.41133403778 78.469083 29.072242 -0.088851811 77.5492992967 30.4496526605 -0.0945979386298 1.65627962273 -0.329228861733 0 0.586
1371 6.4156191349 80.508884 28.860474 -0.08148585 79.1100644681 30.4273389654 -0.0864257290811 2.10041945876 -0.283034222653 0 0.578
1374 6.35676813126 82.648681 28.706332 -0.092016755 81.4637994489 30.3211590386 -0.0798489707509 2.00290056032 0.697162683501 0 0.586
1377 6.33376598358 84.803463 28.469695 -0.089914919 83.2738959358 30.5701769107 -0.0606373401239 2.59838404803 1.67748170396 0 0.646
1380 6.28449892998 86.909059 28.274418 -0.095059786 85.0978412635 30.1665821283 -0.0652398318747 2.61931189003 1.70855751666 0 0.628
1383 6.42557096481 88.999768 28.069648 -0.093100738 87.2421210716 30.4387279539 -0.0674179877159 2.94989195614 1.47151319757 0 0.694
1386 6.31930708885 91.148907 27.8824 -0.087682683 89.7222173543 30.0537291582 -0.0390314493953 2.59809808485 2.78751035366 0 0.724
1389 6.33196687698 93.191686 27.680334 -0.085944106 91.0980200196 30.2949804297 -0.0490570434312 3.34959895956 2.11347300383 0 0.586
1392 6.30533003807 94.597595 27.536443 -0.026113958 93.5513606932 30.1280268712 -0.057432741869 2.79480109954 -1.79443413518 0 0.722
1395 6.32019591331 66.734672 23.138609 0.64678418 95.0760422381 31.3625058446 -0.0140943357714 29.5104345323 -37.8655497246 0 0.586
1398 6.30801391602 41.954155 8.6979942 1.5862633 98.3614631471 31.7203556142 0.0160036348212 60.9246545947 -89.9692515544 0 0.564
1401 6.32679200172 40.498777 7.6026468 1.6671323 100.732852396 31.3340841825 -0.00326551846144 64.740442994 -95.7067451057 0 0.352
1404 6.53318691254 40.36551 9.5759073 1.6613912 101.284615021 31.1568846663 0.000964990292933 64.6287547507 -95.1354140091 0 0.47
1407 6.36532998085 40.15753 11.693798 1.6450717 102.67470977 30.5554872172 -0.0268046468093 65.3005443053 -95.7914585399 0 0.474
1410 6.34669589996 40.017928 13.779826 1.6578436 103.433270581 29.82742538 -0.0354511395602 65.4143036387 -97.0186420485 0 0.29
1413 6.33841991425 39.937066 15.922073 1.6651068 106.269915095 32.2477326419 0.0150539961261 68.3123270851 -94.5410616357 0 0.204
1416 6.48114895821 39.75755 17.953862 1.6630734 105.731909197 30.4156012764 0.00274321274327 67.1409786733 -95.129912328 0 0.2
1419 6.48992204666 39.645384 20.177858 1.663423 109.337009212 31.8470935102 0.0679095249679 70.6618262015 -91.4161882756 0 0.134
1422 6.33884906769 39.526919 22.292671 1.6684735 111.312743956 32.2974889783 0.0730466294014 72.4796595428 -91.4112262071 0 0.162
1425 6.4977388382 39.303781 24.413998 1.6572417 112.370129328 32.6993289218 0.0550814701989 73.534603871 -91.7970192713 0 0.158
1428 6.34573912621 39.21094 26.55624 1.6661167 115.33746517 33.8704065235 0.0793623956625 76.4770871991 -90.9143247628 0 0.122
1431 6.34536314011 39.049874 28.673026 1.6660737 117.701947568 35.5988186534 0.0917168651664 78.9564138017 -90.2040020835 0 0.108
1434 6.45501995087 38.816051 30.701859 1.6598041 120.181267339 34.800448104 0.162048189205 81.4683795258 -85.8150924293 0 0.17
1437 6.34739494324 38.695572 32.853799 1.6647394 123.065667126 34.960749171 0.138504230584 84.3963991563 -87.4468337519 0 0.212
1440 6.35178518295 38.58982 35.008607 1.6723781 123.7558823 35.4968155966 0.12504336196 85.1674616 -88.6557499837 0 0.16
1443 6.38193106651 38.393816 37.160762 1.6689022 125.813127171 35.3099670743 0.115389538569 87.4389009969 -89.0097189202 0 0.284
1446 6.64480495453 38.314928 39.264936 1.6781402 129.162816861 37.2047976905 0.14156004135 90.8712445184 -88.0395579742 0 0.296
1449 6.29699087143 38.042909 41.445131 1.6601298 130.635295962 38.4346836417 0.170741317347 92.6413132277 -85.3356741114 0 0.164
1452 6.38476514816 37.893052 43.482766 1.6655679 135.89967612 27.3432040556 -0.0852405421843 99.3266521688 -100.313934473 0 0.09
1455 6.37647294998 37.737395 45.529248 1.6663309 138.40023679 27.5229376578 -0.0991993387016 102.260622575 -101.15743128 0 0.166
1458 6.39771795273 37.667375 47.706088 1.6735516 141.112435182 25.807153628 -0.0859316664824 105.737617727 -100.810965293 0 0.148
1461 6.43602609634 37.411337 49.793915 1.6717816 141.712288677 25.1922936877 -0.107141422525 107.163092023 -101.924781269 0 0.112
1464 6.49216413498 37.208006 51.943854 1.66906 138.455382471 38.0161426978 0.0504200019498 102.200843364 -92.7412404393 0 0.02
1467 6.47041201591 37.03196 53.963531 1.6741645 140.534657445 37.8224865817 0.127449517726 104.753719234 -88.6202405939 0 0.022
1470 6.34826397896 36.983983 56.143126 1.6856298 28.1059861191 120.938571274 1.76366259306 65.4008299403 4.47094970611 0 0.024
1473 6.4428498745 36.720012 58.206076 1.6746777 34.0225610683 57.6676776763 2.44868575082 2.75065706406 44.3473946214 0 0.022
1476 6.65259289742 36.536888 60.398002 1.6787317 33.8533647294 59.850929302 1.61505302615 2.73871971566 -3.64851925642 0 0.016
1479 6.42000818253 36.401835 62.417273 1.6766351 30.9622351853 62.7541554334 1.5956801099 5.45002164377 -4.63837926331 0 0.008
1482 6.50514507294 36.239068 64.615141 1.6886647 51.3784372954 81.5582965936 -1.96872584592 22.7215981861 150.446957688 0 0.012
1485 6.51714682579 35.99676 66.655908 1.678851 33.6862400823 66.8526236518 1.59780814409 2.31887889678 -4.64341360355 0 0.024
1488 6.4071059227 35.830181 68.859683 1.6854848 32.9953819174 68.8967392831 1.62651409348 2.83504127076 -3.3787725987 0 0.07
1491 6.37720799446 35.575227 70.898859 1.683738 33.6920613486 70.358089613 1.68370862809 1.95927139535 -0.0016828862669 0 0.092
1494 6.37583184242 35.463169 73.006353 1.6935188 31.8670754492 73.1734421731 1.69909958858 3.59997328021 0.319755632172 0 0.136
1497 6.39301395416 35.205801 75.07321 1.6913976 31.8776048837 74.1324599316 1.69559856337 3.45859799339 0.240697470841 0 0.124
1500 6.37747383118 34.978045 77.287591 1.6912075 31.8512849813 75.9016862945 1.71660350055 3.42014035784 1.45508364819 0 0.126
1503 6.39922595024 34.814043 79.320098 1.7000185 31.424155978 78.3505649686 1.69108071132 3.52580888892 -0.512097569679 0 0.226
1506 6.41473388672 34.580736 81.372215 1.6970036 30.8182946741 80.8839897169 1.69373214126 3.79398585372 -0.187440778695 0 0.236
1509 6.28110003471 34.345965 83.441951 1.6955247 30.4316764109 83.2187153899 1.67110869973 3.92064909125 -1.39893376794 0 0.284
1512 6.434664011 34.142398 85.698773 1.7034669 30.3102599198 84.4815582307 1.69442922576 4.02080763778 -0.517820590503 0 0.328
1515 6.28467798233 33.910208 87.748137 1.7016389 30.2925036174 87.0194803159 1.67737510128 3.69035575024 -1.39021326182 0 0.414
1518 6.28365087509 33.670818 89.737713 1.6967853 29.8012531048 89.7573693161 1.68109702577 3.86961481921 -0.898871901397 0 0.53
1521 6.42792892456 33.472926 91.900649 1.7056804 29.6097335155 92.1136697166 1.66967077666 3.86906112618 -2.06319943932 0 0.55
1524 6.30554008484 33.217902 94.036516 1.7078464 29.7818444552 92.9610181301 1.69297092481 3.60044262829 -0.85230194643 0 0.578
1527 6.40193390846 33.034075 96.178482 1.7177188 28.5882006656 96.1611677042 1.72793018634 4.44590804922 0.58506934034 0 0.584
1530 6.36695599556 32.713254 98.174723 1.7080491 27.6517430075 97.2609779854 1.71252966471 5.14332805477 0.25671744761 0 0.436
1533 6.41239500046 32.45653 100.24821 1.7068362 27.7790323038 99.5996695475 1.71529428198 4.72224410806 0.484612400126 0 0.552
1536 6.36893296242 32.217075 102.39435 1.7082962 27.6227407539 102.074679251 1.70065716027 4.60544205829 -0.437684735877 0 0.682
1539 6.3649699688 31.955228 104.48204 1.7110577 28.1881508666 103.544414815 1.69010411548 3.88201122044 -1.2005519585 0 0.596
1542 6.43476390839 31.741377 106.6002 1.7198575 27.504704114 105.326711859 1.68353021739 4.42393141764 -2.08139997499 0 0.648
1545 6.39592409134 31.439656 108.68741 1.7105287 27.4722689736 107.623032232 1.6821214894 4.10768302695 -1.62761327539 0 0.698
1548 6.29415416718 31.216018 110.75498 1.7177022 27.3469701347 110.440906404 1.70673381782 3.88177454361 -0.628442007056 0 0.638
1551 6.38251495361 30.916985 112.90957 1.719675 27.2939827997 112.64355533 1.69222643219 3.63275498049 -1.57268708892 0 0.666
1554 6.35054302216 30.668641 114.94646 1.716506 26.9595337228 114.312887801 1.66909086782 3.76283012169 -2.71668695869 0 0.63
1557 6.33089208603 30.419865 117.12266 1.716223 27.1679759698 115.4688169 1.68529271309 3.64828442741 -1.77217489901 0 0.604
1560 6.33435702324 30.132888 119.21343 1.725557 26.5210111294 117.554585065 1.72194781893 3.97459696659 -0.206790842568 0 0.4
1563 6.28386902809 29.88258 121.34383 1.72867 26.080201016 119.694921362 1.70803345321 4.14451271392 -1.18238703468 0 0.502
1566 6.30513906479 29.981486 120.5055 1.7055843 25.8996036216 119.568052563 1.681647696 4.18814654083 -1.37146638527 0 0.488
1569 6.40948796272 30.170653 118.4575 1.6900862 27.1411297026 117.475267166 1.68684004169 3.18477514892 -0.185991170529 0 0.384
1572 6.37795495987 30.502618 115.6086 1.6745202 27.1415693577 115.032044902 1.6865589492 3.41014131035 0.689769519617 0 0.406
1575 6.44435787201 30.699806 113.48782 1.6738205 28.0950312881 112.530946265 1.67572969224 2.77497002604 0.109388657648 0 0.496
1578 6.29236602783 30.8492 111.36091 1.6697397 27.778029867 110.903001401 1.67645674871 3.10511936495 0.384858542045 0 0.478
1581 6.34885811806 30.973164 109.37107 1.6787837 27.8656940561 108.833839663 1.68142290499 3.15356716862 0.151215307372 0 0.472
1584 6.39142203331 31.204408 107.09871 1.665475 27.7721035876 107.303891801 1.69256779573 3.43843178655 1.55230285027 0 0.394
1587 6.37398695946 31.322843 104.96751 1.6587885 27.5986954792 105.156052154 1.66173197549 3.72891712169 0.16864872242 0 0.458
1590 6.33888602257 31.457099 102.91722 1.6541397 28.0238735124 102.918018799 1.69678373259 3.43322558052 2.44332308879 0 0.606
1593 6.31338691711 31.546684 101.34427 1.631357 28.9053230108 102.024370827 1.67476085205 2.72751260509 2.48685753716 0 0.53
1596 6.45592880249 31.536552 101.09899 1.5279681 28.4776222829 102.257169167 1.57672823058 3.27084545589 2.79374969088 0 0.538
1599 6.47234678268 31.522716 100.84711 1.3818466 27.9382445424 102.320508635 1.43430866157 3.87547921778 3.00585471237 0 0.46
1602 6.34046602249 31.33472 100.81397 1.2437751 27.4911458963 102.191611962 1.27791713381 4.08300860487 1.95619444103 0 0.422
1605 6.36948204041 31.335612 100.76499 1.1262837 28.2085491027 101.810590647 1.18191335454 3.29724173759 3.18734442072 0 0.416
1608 6.38433384895 30.238332 99.003137 0.9296569 28.1676108183 100.686135374 1.03600413028 2.66840209467 6.09324745823 0 0.38
1611 6.31147098541 28.772289 97.32743 0.78863198 26.4123010661 99.3626336035 0.861362511392 3.11634349132 4.16715249052 0 0.376
1614 6.33941602707 27.005154 95.945316 0.6582802 24.1781447835 97.4283719611 0.709679712855 3.19240287148 2.94497515562 0 0.428
1617 6.36606311798 26.209553 95.323497 0.64585939 23.427706319 96.0821691693 0.672428415864 2.88344488716 1.52229304776 0 0.374
1620 6.3506269455 26.225548 95.299359 0.74214735 24.1176089134 95.7769213189 0.75463071555 2.1613590542 0.715244160106 0 0.37
1623 6.37273001671 26.287241 95.304851 0.87876564 23.3044518198 94.7544378949 0.895625721376 3.03314785001 0.966011505086 0 0.322
1626 6.31702709198 26.503119 95.525486 1.0159202 23.8439499283 95.0793221701 1.04708954194 2.69633868696 1.78587174336 0 0.276
1629 6.40015506744 26.584147 95.637624 1.1414331 22.3020388748 94.5567655429 1.19842667836 4.41641313736 3.26549149942 0 0.258
1632 6.32009100914 26.62792 95.717086 1.2595284 24.7396607534 95.6432048975 1.27371414816 1.88970405079 0.812783498798 0 0.266
1635 6.33081412315 26.756174 95.797181 1.3910555 23.3330281259 96.2247897303 1.43107290221 3.44975026655 2.29282825363 0 0.22
1638 6.45839905739 26.381693 93.77201 1.3952992 22.8727213546 94.1357620434 1.43740994289 3.52777515686 2.41276783971 0 0.266
1641 6.34055685997 26.011804 91.856332 1.39866 22.7015047139 93.0129858635 1.43939413895 3.50655522182 2.33389424382 0 0.226
1644 6.39053606987 25.609249 89.727224 1.3968171 22.5271710619 90.5025895845 1.41769855124 3.17811205055 1.19641902642 0 0.364
1647 6.36661696434 25.2462 87.568251 1.3940659 24.0329531025 87.7440341959 1.53912930813 1.22591507301 8.31152104775 0 0.38
1650 6.42337203026 24.820481 85.505592 1.4017015 21.8238656648 85.2957493226 1.42443077989 3.00395363083 1.30229180934 0 0.392
1653 6.3838198185 24.493958 83.448062 1.398475 20.1581597625 83.9235149514 1.38415203948 4.36178883781 -0.820645188044 0 0.346
1656 6.36292600632 24.080092 81.345956 1.3962744 20.5972750603 81.8397204197 1.43705437801 3.51764369114 2.33652062876 0 0.448
1659 6.49460315704 23.622432 79.208855 1.3888608 20.2973380544 79.071808767 1.44372513119 3.3279169787 3.143494623 0 0.438
1662 6.35624504089 23.236261 77.182266 1.3737053 20.0593533872 77.3913847038 1.41665537337 3.18378275209 2.46085793383 0 0.486
1665 6.33546805382 22.741503 75.111069 1.3685019 19.7767013239 75.2675747277 1.4234119125 2.96892960867 3.14611196924 0 0.576
1668 6.31139206886 22.23837 73.007777 1.3690406 19.0619104198 72.8059767106 1.39994876842 3.18286330547 1.77090760322 0 0.574
1671 6.4426279068 21.796618 70.8705 1.3677106 18.4307064076 71.5248331173 1.40427083243 3.42892296152 2.0947470163 0 0.42
1674 6.46920895576 21.306705 68.900927 1.3588762 19.696243206 69.4317955838 1.46694444174 1.69570299383 6.191854151 0 0.55
1677 6.39251613617 20.800373 66.796896 1.3509317 19.5637283601 67.530225544 1.43638208653 1.43772813337 4.89594650586 0 0.566
1680 6.52078795433 20.180988 64.758154 1.3339286 19.5346834221 65.6746768417 1.4543734441 1.12148282498 6.90098123096 0 0.432
1683 6.29113912582 19.716632 62.635567 1.3210663 18.2013963713 63.4869253812 1.45289943246 1.73803052443 7.55348209019 0 0.448
1686 6.53432297707 19.127208 60.642471 1.320188 16.7232581881 60.5294913107 1.38759739984 2.40660323036 3.86227411049 0 0.51
1689 6.38607692719 18.573484 58.538556 1.3117791 17.2176805182 58.6240712376 1.43880480305 1.3584976765 7.27803667458 0 0.404
1692 6.36863589287 18.03732 56.562177 1.3046299 16.5956586897 56.5487347908 1.39804134191 1.44172397728 5.35208137969 0 0.46
1695 6.37902998924 17.470308 54.449011 1.30616 16.3418741849 54.567726454 1.41301091006 1.13466128607 6.12210618376 0 0.53
1698 6.4409968853 16.865167 52.414515 1.2995721 15.0689246756 51.9748890929 1.38581252525 1.84925861529 4.9412123904 0 0.452
1701 6.34144806862 16.322269 50.452679 1.2871313 14.8964109598 51.307250205 1.38468674022 1.6623366371 5.58951499303 0 0.246
1704 6.36659097672 15.679585 48.421133 1.2791916 14.2918715777 48.6946160247 1.35540991934 1.41440500111 4.36698801976 0 0.36
1707 6.37022590637 15.049517 46.343459 1.2810584 13.5196887782 46.5718946327 1.35173794518 1.54678932843 4.04963963666 0 0.45
1710 6.41208982468 14.370513 44.264129 1.2685694 13.1578875917 44.8605996996 1.35592813057 1.35138361549 5.00528656503 0 0.464
1713 6.45340704918 13.728985 42.398373 1.2622613 13.5139296829 42.6152401937 1.37876094594 0.305418023562 6.67493802718 0 0.52
1716 6.38764405251 13.116178 40.310007 1.2578142 12.2786280338 40.1740705979 1.36236767294 0.848509664789 5.99047273306 0 0.536
1719 6.38693714142 12.482531 38.460523 1.239848 12.7125318861 39.3588138943 1.35243535627 0.927268536319 6.45078034073 0 0.526
1722 6.32454109192 12.331027 38.238303 1.1567887 11.2651290107 38.234865003 1.26755055309 1.06590353378 6.34618671303 0 0.344
1725 6.3408870697 12.263795 38.100898 1.043782 11.4992652202 38.0444698577 1.1394410441 0.76660936557 5.48085949897 0 0.29
1728 6.41507411003 12.231882 38.075858 0.90529637 10.9850463105 37.7041266969 1.01513639051 1.30107009736 6.29336959669 0 0.314
1731 6.27449011803 12.170047 37.918491 0.7605547 11.4270536577 37.5024070405 0.931516502399 0.851566185359 9.79538973539 0 0.256
1734 6.50825500488 11.9457 37.868652 0.60051086 12.0355421314 37.6886630941 0.75797411367 0.201165640307 9.02197986369 0 0.294
1737 6.56605482101 11.861848 37.85602 0.47073445 11.5661579018 38.0049091531 0.626998056675 0.331059834582 8.95324515396 0 0.3
1740 6.34416985512 11.68598 37.868337 0.32347919 11.9686270796 37.0959969111 0.521320146713 0.822434547228 11.3354518345 0 0.312
1743 6.43713998795 11.634663 37.834152 0.18688423 12.1503772834 37.2691596933 0.210178761746 0.76496897241 1.3346783548 0 0.352
1746 6.39807915688 11.546787 37.799316 0.059161186 11.7295285443 36.8813370036 0.107524681325 0.935991404771 2.77102416462 0 0.3
1749 6.41201591492 11.461332 37.784444 -0.088384018 13.1218871513 38.3300858322 -0.153043006919 1.74790400753 -3.70468717261 0 0.294
1752 6.51112294197 11.353119 37.809133 -0.22428348 12.383841374 37.6036719184 -0.148275348199 1.05100088878 4.35494516084 0 0.368
1755 6.44159197807 11.259101 37.929753 -0.36642208 13.8651571068 37.0116035714 -0.231313112941 2.76306474858 7.74117358685 0 0.288
1758 6.33712506294 11.22919 38.083377 -0.50941267 13.1690777959 36.3604426359 -0.251610497064 2.59454571817 14.7709764586 0 0.296
1761 6.33762001991 11.185129 38.110347 -0.64618684 12.7950032797 38.4047600288 -0.454195086638 1.6365739299 11.0003171689 0 0.29
1764 6.40897893906 11.588805 37.741111 -0.76036767 12.2294570853 38.0282501122 -0.765020303026 0.702056952248 -0.266576236023 0 0.262
1767 6.37165403366 13.063467 36.224873 -0.77289998 13.3479917121 36.0950793319 -0.737702225651 0.312731047481 2.01668277256 0 0.294
1770 6.38482999802 14.493375 34.807156 -0.77803694 14.3702341663 35.396165391 -0.744229218434 0.601743905331 1.9370397607 0 0.266
1773 6.38655519485 15.892318 33.28564 -0.77023756 15.6595156212 33.4222576833 -0.701102817493 0.269928396045 3.96112896338 0 0.326
1776 6.36282706261 17.405154 31.857105 -0.77891679 18.0168094894 32.0676310767 -0.779269836401 0.64687221817 -0.0202280687694 0 0.338
1779 6.33901500702 19.008966 30.381332 -0.78385491 18.1954376964 30.8729142888 -0.78842502058 0.95051641095 -0.261848048161 0 0.352
1782 6.5360159874 20.517371 28.856906 -0.78454873 20.5084086139 29.3831606863 -0.741976675037 0.52633099773 2.4391990746 0 0.502
1785 6.47094583511 22.037399 27.308602 -0.78653789 21.6797076864 27.5064750799 -0.785729237881 0.408774793214 0.0463323535371 0 0.456
1788 6.44378900528 23.470866 25.802264 -0.78746834 24.1162292259 26.0687214543 -0.785670245956 0.698207181549 0.103023199861 0 0.416
1791 6.4011490345 25.030138 24.239515 -0.79252133 25.1634500017 24.4447692211 -0.780462565002 0.244747594672 0.690916340548 0 0.498
1794 6.36487984657 26.508975 22.80392 -0.79210599 26.1225355542 23.6202130572 -0.781723337468 0.903144396293 0.594882170252 0 0.474
1797 6.37943601608 27.961008 21.312251 -0.79564812 27.9222896205 21.4567933446 -0.757472648641 0.149638238086 2.18729338978 0 0.598
1800 6.3199300766 29.36401 19.750057 -0.78815021 28.8724842802 20.3469351586 -0.785930589049 0.773214762796 0.127174912619 0 0.61
1803 6.2877779007 31.016391 18.179875 -0.79578372 30.5695558178 19.5075919381 -0.768128497915 1.40089041245 1.58452750694 0 0.61
1806 6.32889890671 32.405165 16.663972 -0.79079715 32.4444718421 17.1670733686 -0.800231899918 0.50463453602 -0.54057135106 0 0.6
1809 6.34686303139 33.875627 15.226881 -0.79213801 33.3516393031 15.5030702512 -0.803551849946 0.592320528962 -0.653964856935 0 0.604
1812 6.43977594376 34.400964 14.714584 -0.72873329 34.1027654291 15.1149669803 -0.768050949334 0.499228323069 -2.25273594017 0 0.552
1815 6.45086812973 34.541831 14.529671 -0.59347242 33.1774933368 14.7579526672 -0.676610998229 1.3833039358 -4.76348964724 0 0.514
1818 6.38704991341 34.648846 14.435796 -0.47955783 33.189047102 15.3921987483 -0.522229263558 1.74519885384 -2.44489304867 0 0.53
1821 6.50698804855 34.668797 14.324629 -0.34405458 34.1158022475 14.8186556585 -0.382662429763 0.741529187288 -2.21206684752 0 0.474
1824 6.35474205017 34.864126 14.20779 -0.22615765 34.3986200533 15.3530996814 -0.24880036113 1.23629691125 -1.29733178447 0 0.432
1827 6.42044997215 35.017605 14.088235 -0.094353638 34.7752573952 14.9658062663 -0.129523049073 0.91041951265 -2.01505882245 0 0.434
1830 6.32555007935 36.599142 14.0692 -0.022879679 37.0853541187 15.0724918488 -0.0662824214508 1.11489764473 -2.48679396173 0 0.472
1833 6.41054105759 38.63985 14.009333 -0.014813302 38.7285262416 14.1261719095 -0.0208851684139 0.146679264423 -0.347892319283 0 0.544
1836 6.35463500023 40.768535 13.925491 -0.0089087199 40.4572894728 14.5754206385 -0.0591954073552 0.720612457044 -2.88121495688 0 0.528
1839 6.68076515198 42.905865 13.952369 -0.011506708 42.8189331852 14.34723111 -0.0359771032192 0.404318224127 -1.40205036908 0 0.584
1842 6.32294487953 45.04117 13.838962 -0.010052037 45.0511626379 14.896655362 -0.0214437069318 1.05774056406 -0.652694608697 0 0.52
1845 6.58004498482 47.095509 13.764363 -0.008210261 46.4906336199 15.6779374879 -0.0239503137244 2.00689848922 -0.901838590422 0 0.46
1848 6.26611495018 49.256947 13.750747 -0.012245698 48.3941776125 14.826699984 -0.00174917503174 1.37914677967 0.601406465644 0 0.632
1851 6.38922381401 51.347189 13.680192 -0.017629817 50.700285369 15.040301926 1.27358006684e-05 1.50611530714 1.01084381532 0 0.662
1854 6.34797215462 53.510554 13.649042 -0.0075411209 52.4145056522 14.7910804125 0.0259926020035 1.58290041265 1.92134079373 0 0.558
1857 6.36188602448 55.608657 13.581194 -0.0077936973 55.2654740485 15.2005550559 0.0170375846779 1.65532618161 1.42272765723 0 0.658
1860 6.3116440773 57.666716 13.591636 -0.01411162 56.9518527802 15.253092812 0.00993711945182 1.80872003392 1.3778912732 0 0.664
1863 6.34871411324 59.905766 13.533857 -0.012519778 59.5914134856 15.2999901859 0.00450880388949 1.79389072509 0.975665873361 0 0.66
1866 6.44479298592 62.027534 13.447994 -0.021676244 60.5370012009 14.6582259422 -0.00331757557713 1.9199868174 1.05187421811 0 0.59
1869 6.3621430397 64.181261 13.371995 -0.025327169 63.1770149464 14.8211621525 0.0181888144301 1.7631209749 2.49328219191 0 0.69
1872 6.50392985344 66.241252 13.310079 -0.024907545 65.6473472594 14.989863958 0.000890674321004 1.78168469325 1.47812908605 0 0.696
1875 6.33359503746 68.444119 13.24669 -0.026304862 66.7205166293 14.9052950458 -0.00700440551869 2.39202337575 1.10583469905 0 0.682
1878 6.30310487747 70.49734 13.123327 -0.017605166 69.3873466852 15.2580940533 -0.00856841329674 2.40609965103 0.5177677904 0 0.748
1881 6.30607891083 72.634932 13.039101 -0.019360635 71.6297569934 15.0404642101 -0.00223589467203 2.23960520908 0.98117534605 0 0.754
1884 6.34337186813 74.720419 12.994859 -0.019347658 73.7955442804 14.8272226818 0.0253039854613 2.05254717593 2.55835071866 0 0.686
1887 6.32313799858 76.914825 12.90632 -0.036038761 76.1533118102 15.4384199009 -0.0164086238067 2.64413166208 1.12472401244 0 0.692
1890 6.33609294891 79.004774 12.78569 -0.032634565 77.8503994929 14.8673112053 0.00166250119319 2.38027883762 1.96507714255 0 0.706
1893 6.37672495842 81.177999 12.691712 -0.029848436 80.9073766558 15.0381182185 -0.011149130274 2.3619607523 1.07139129793 0 0.692
1896 6.41625785828 83.222919 12.597068 -0.02122413 81.9641975548 15.1643821994 -0.0210689049205 2.85927995749 0.00889374193067 0 0.622
1899 6.32620000839 85.390174 12.538762 -0.021700441 84.2571074395 14.612325445 -0.00228528392041 2.3629441785 1.11240655924 0 0.692
1902 6.35396718979 87.449986 12.512039 -0.030894579 86.6012908718 15.0373603578 0.00776063863756 2.66411925051 2.21478082679 0 0.65
1905 6.33485102654 89.572355 12.414566 -0.034322832 88.2875268043 15.2235222607 0.0105200685443 3.08885395689 2.56930894231 0 0.622
1908 6.31134581566 91.713838 12.339838 -0.030338307 90.2151648605 14.8455019615 0.0160888008229 2.9196529018 2.66007733325 0 0.684
1911 6.33647298813 93.866625 12.234111 -0.027880568 93.0321079601 14.4272881263 0.0128187307137 2.34658147037 2.33189804544 0 0.698
1914 6.34404802322 96.027017 12.118277 -0.016096141 95.2417541164 14.76184861 0.00450063569836 2.75773614643 1.18010837639 0 0.622
1917 6.35278296471 98.003729 12.063433 -0.023465033 96.9097984777 15.0006528983 0.0196428966415 3.1343172651 2.46990243201 0 0.658
1920 6.41763210297 100.1865 11.996018 -0.023536261 99.4125796192 14.8550607939 0.0141213794874 2.96193829328 2.15762386635 0 0.684
1923 6.43352818489 102.26857 11.921444 -0.023061579 101.629090898 15.0970570596 0.01265925018 3.2393597865 2.04665275272 0 0.714
1926 6.34302687645 104.50291 11.810699 -0.022632517 104.05088383 14.9984424751 0.0225438354 3.21963291715 2.58841432632 0 0.706
1929 6.38561296463 106.528 11.779433 -0.025937223 105.601158906 15.2870493714 0.0186037884674 3.62800317298 2.55201197233 0 0.624
1932 6.34391379356 108.61821 11.737233 -0.017267816 108.222210133 14.9544396645 0.015529693345 3.24148648256 1.87915886401 0 0.646
1935 6.47212290764 110.65428 11.638117 -0.015586443 109.39938506 14.8906858777 0.007860704837 3.48625380801 1.34342261268 0 0.582
1938 6.46721220016 112.94226 11.558687 -0.011710616 111.647402999 15.2584939925 -0.00314565347547 3.91985030785 0.490736204344 0 0.612
1941 6.37329101562 114.89636 11.528856 -0.01668203 113.736414398 15.0708561052 0.0130050603928 3.72709518852 1.70094498553 0 0.714
1944 6.38893985748 117.03777 11.494892 -0.018548407 116.199150393 14.5616055472 -0.00354922361158 3.17931043239 0.859389904299 0 0.6
1947 6.36007785797 119.07747 11.406331 -0.016261061 118.134243473 15.494571792 0.0184389293955 4.19563929044 1.98816299881 0 0.598
1950 6.36340904236 121.291 11.334615 -0.012126455 120.315895201 15.2355279785 -0.00062257159251 4.02093912346 0.65912396726 0 0.68
1953 6.42359614372 123.43737 11.229443 0.0013807468 122.622263566 14.7194021261 0.0151514974703 3.58388241997 0.789005894138 0 0.688
1956 6.36351799965 125.58554 11.258252 -0.0049853053 124.61593404 15.7784349432 0.0126813385609 4.6230065496 1.01222413139 0 0.58
1959 6.45966291428 127.50849 11.183265 -0.012828209 126.371399403 15.1753381016 -0.00567703084575 4.15085806484 0.409732326785 0 0.656
1962 6.38169980049 130.28779 11.390648 -0.01314096 128.850907606 15.3969433057 -0.00116864001169 4.2561758762 0.68596340631 0 0.66
1965 6.38396000862 132.78769 11.256475 0.0084755214 131.163781704 14.8892568076 -0.00816665129118 3.97921874431 -0.953526257133 0 0.678
1968 6.38149499893 125.9239 10.596074 0.27888777 132.880040629 15.0164770239 -0.00694310481689 8.24183567835 -16.3769027815 0 0.67
1971 6.42460298538 93.936275 13.265891 0.84250578 133.292078458 14.5892076884 0.00859813147666 39.3780450612 -47.7793887641 0 0.484
1974 6.4296400547 59.212281 6.4432491 1.3602712 133.185179679 14.8378032552 -0.0223583445737 74.4476882005 -79.2188375342 0 0.148
1977 6.36184406281 41.747696 3.5851691 1.5088422 139.501787156 12.8506759076 -0.0428596431645 98.1922194171 -88.905966676 0 0.038
1980 6.35607004166 40.889782 2.6549702 1.6071612 139.477340892 11.956411116 -0.0482487458535 99.0253683224 -94.8480032614 0 0.028
1983 6.38030982018 40.408125 3.8011614 1.6070032 66.2582007609 105.879310535 -1.35432668378 105.30040336 -169.671704087 0 0.038
1986 6.35855793953 40.388712 5.5337894 1.5172855 32.0270357607 93.0370102542 -2.99541702249 87.9018275657 101.441191263 0 0.014
1989 6.37797498703 40.44034 7.6724587 1.5542124 42.0212456439 100.104904593 0.836481621963 92.4459643054 -41.1229444082 0 0.014
1992 6.34357905388 40.554207 9.7439313 1.5604739 35.1654639309 91.9934513636 2.66212342192 82.4258582155 63.1198681084 0 0.018
1995 6.35721516609 40.580821 11.876658 1.5652859 33.1840354975 92.5634029487 2.51380713639 81.0250778845 54.3462636239 0 0.04
1998 6.45354390144 40.665042 14.024391 1.567666 31.2745893516 92.5570078786 2.72533822357 79.0920508948 66.3297324701 0 0.036
2001 6.31468820572 40.771617 16.174621 1.5548315 28.7153299425 95.2811826565 2.66842778489 80.0200109643 63.8043672054 0 0.028
2004 6.43185687065 40.847233 18.25792 1.5551713 27.7213030673 96.2770666199 2.6186962295 79.1155943913 60.9354898674 0 0.028
2007 6.48006606102 40.88758 20.352438 1.5597309 24.7615043367 98.6098978268 2.86731727174 79.9016916895 74.9191804493 0 0.026
2010 6.34467101097 40.971014 22.508388 1.5678505 106.672547696 124.74012075 0.487961680663 121.523737233 -61.8730716914 0 0.016
2013 6.32675004005 41.044823 24.54743 1.5705547 108.606588434 124.971523411 0.20103638534 121.035493497 -78.4676193959 0 0.016
2016 6.31936407089 41.105608 26.696222 1.5717508 63.8484307717 76.3884370318 -0.548692166778 54.6493570171 -121.492432695 0 0.014
2019 6.31348705292 41.160404 28.869777 1.5672714 67.5678090949 74.9087455895 -0.404831814837 53.0748308771 -112.993190974 0 0.014
2022 6.29707980156 41.204205 31.003136 1.5608691 126.369711902 52.4003623031 -0.799441509387 87.8123274909 -135.235836258 0 0.01
2025 6.34283709526 41.244227 33.116661 1.5660557 110.972737093 20.4870035646 0.127030228326 70.8630606642 -82.4500861387 0 0.006
2028 6.39465713501 41.277887 35.228156 1.5643441 87.5431318241 10.5273655182 -1.07100708561 52.4461812629 -150.99450047 0 0.012
2031 6.37526106834 41.31792 37.33529 1.5797774 77.5279451473 117.926380546 2.30297514254 88.3520786203 41.4361784008 0 0.004
2034 6.36132597923 41.419072 39.474789 1.5713492 143.111632462 126.417226887 0.525814899017 133.79224327 -59.9047027825 0 0.006
2037 6.42934417725 41.429937 41.518923 1.5745722 38.6006272267 41.4690671859 1.56244404646 2.8297489987 -0.694892010978 0 0.026
2040 6.41793012619 41.494048 43.684079 1.5737379 38.2453904995 43.1712747198 1.52945686683 3.2888818442 -2.53711631321 0 0.01
2043 6.48696899414 41.508319 45.798644 1.5762653 38.8262134366 46.1301761509 1.59629049395 2.70251805178 1.14735909747 0 0.036
2046 6.37213611603 41.512588 47.943477 1.5772604 38.143603752 48.374092661 1.48844317236 3.396392897 -5.08885229174 0 0.036
2049 6.36983108521 41.583607 50.107906 1.5744728 38.9809892573 50.0243994967 1.58419026495 2.60395707542 0.556769728971 0 0.076
2052 6.32405900955 41.632502 52.265699 1.5728612 38.2339645647 51.3471638318 1.46563810336 3.52047774519 -6.14343090391 0 0.098
2055 6.39432501793 41.660201 54.305408 1.5732479 38.5159343432 54.2983079156 1.55528035326 3.14427467318 -1.02946459632 0 0.194
2058 6.46429300308 41.689009 56.508616 1.5685378 38.6637922637 56.8094333829 1.53036857594 3.04013608238 -2.18693544616 0 0.232
2061 6.48780989647 41.794127 58.57462 1.5657057 39.0732155982 58.0446823917 1.56610516834 2.77203764862 0.0228878500043 0 0.232
2064 6.55832886696 41.856016 60.76704 1.5641567 38.9355666434 60.5933096805 1.54583976138 2.92561218692 -1.04948327639 0 0.352
2067 6.35925388336 41.858156 62.785084 1.5639758 39.0643736335 62.4913231906 1.5671486974 2.80918410297 0.18179362985 0 0.432
2070 6.31874203682 41.958088 65.023529 1.5767642 39.1022886224 64.5851297967 1.57510824625 2.8892531815 -0.0948791609268 0 0.446
2073 6.49926900864 41.99726 67.044355 1.5737097 39.4220598299 66.0644985168 1.56347398551 2.75531752142 -0.586463240665 0 0.536
2076 6.32033586502 42.044947 69.102812 1.5759217 38.9867421838 68.9364218673 1.56575602723 3.06272793015 -0.582450145432 0 0.626
2079 6.38005614281 42.097902 71.261122 1.5727544 38.8635295459 71.2055562832 1.58343444487 3.23484972151 0.611921496178 0 0.626
2082 6.40955305099 42.114798 73.459441 1.5684742 38.4896440437 72.9849125534 1.58291288878 3.65607965634 0.827275928596 0 0.666
2085 6.38340187073 42.172982 75.545483 1.5804547 38.7364570509 75.1260696424 1.55904017324 3.46202416089 -1.22696200341 0 0.628
2088 6.33425307274 42.213453 77.648417 1.5799022 38.9683134167 77.7674581217 1.55997721301 3.2473222359 -1.14161766163 0 0.66
2091 6.34904694557 42.308345 79.80823 1.5843424 38.7838603114 79.8436271055 1.57037530404 3.52466243419 -0.800255650511 0 0.658
2094 6.38915085793 42.259747 81.948131 1.5870316 38.7973232496 82.2145479637 1.58860115233 3.47265838027 0.0899287242503 0 0.632
2097 6.60177493095 42.325886 84.065588 1.5841531 38.4210064299 83.9217853024 1.57528488076 3.90752654154 -0.508111534108 0 0.62
2100 6.35308003426 42.338042 86.100283 1.5789413 37.3478963694 86.2626082896 1.61249719691 4.99278508593 1.92261127059 0 0.568
