3 2.72027611732 58.425211 99.52669 -0.076600623 22.0915341996 93.7805889317 0.644988979948 36.7852381713 41.3440387894 0
6 2.74025797844 58.436309 99.5178 -0.082073852 83.5696954488 2.60018818091 2.72204548596 100.123476743 160.664203316 0
9 2.72261309624 59.138497 99.506199 -0.079127672 82.0279824785 46.6129638836 2.33464161185 57.633522073 138.298792683 0
12 2.72928404808 60.588187 99.398001 -0.084356487 16.8142792157 12.6828860139 0.235622598148 97.1373572307 18.3334511115 0
15 2.71328496933 62.026729 99.268445 -0.080345137 118.422707271 58.3177741255 2.70028027051 69.6955078197 159.318100257 0
18 2.73133301735 63.612811 99.142137 -0.077882356 26.2170847437 92.4500671373 -1.3356966574 37.989789961 -72.0674508816 0
21 2.70926785469 65.109709 99.045111 -0.075303117 57.5428246563 107.092795788 -3.08950297561 11.0464007311 -172.700930508 0
24 2.71897506714 66.576646 98.887554 -0.079079542 30.1797852294 83.1313739926 1.71660813184 39.6609213506 102.885325035 0
27 2.71815299988 68.114632 98.811042 -0.080004433 48.3620704997 77.0635550974 -0.138572208523 29.3788507672 -3.35568635294 0
30 2.73445296288 69.601579 98.673025 -0.074381156 36.5858119659 73.5629464115 -1.15639068949 41.4795964249 -61.994579662 0
33 2.7532851696 71.154315 98.514904 -0.080273853 130.149571812 114.574037568 0.2931368057 61.1419340322 21.3948547687 0
36 2.77919507027 72.642873 98.438251 -0.077397051 69.0613705766 99.7015667213 0.0260763365675 3.7977791169 5.92858839954 0
39 2.74375915527 74.179887 98.27586 -0.078945335 69.3902874965 98.946959897 -0.216146468748 4.83638692365 -7.86104590815 0
42 2.72888994217 75.689674 98.17429 -0.079512997 73.2875132142 98.6759691196 0.0728602699386 2.45398825989 8.7303451062 0
45 2.72098898888 77.259307 98.055637 -0.072379503 74.4320850458 99.1971745981 0.102082630228 3.04898213608 9.99594391883 0
48 2.75744390488 78.667542 97.976243 -0.066300397 76.0455213292 98.4409142594 0.0339453562601 2.66287659823 5.74365857591 0
51 2.77181506157 80.25432 97.827625 -0.077582567 78.1425279612 98.2229251619 0.194925891517 2.14847104541 15.6135845546 0
54 2.74527621269 81.813353 97.68277 -0.074716444 77.6785777747 98.141936373 0.0621661254834 4.16019229381 7.84279352031 0
57 2.72316002846 82.622729 97.654646 -0.085105116 79.025269573 98.4994135319 0.0475866070753 3.69531412898 7.60267570853 0
60 2.75794911385 81.436592 97.754867 -0.094486992 79.4749931925 99.4455661297 0.0567852871199 2.58965894059 8.66726315089 0
63 2.74990200996 79.890684 97.897701 -0.093381766 75.720800619 97.9355855178 0.0545894516404 4.170055473 8.47812626021 0
66 2.77078604698 78.411812 98.037468 -0.097953665 75.1706778492 99.1301394167 0.0524926281141 3.42036275979 8.61993763883 0
69 2.75593996048 76.931086 98.162597 -0.096433306 75.180366952 98.8796239736 0.0623064831428 1.89186280313 9.09511995868 0
72 2.77478718758 75.443161 98.337547 -0.10164342 73.6137966816 99.3589185492 -0.0178643677901 2.09517866803 4.80018610324 0
75 2.77302789688 73.912871 98.553041 -0.10292365 71.8271892288 98.6113726857 0.051215021556 2.08649731277 8.83149533991 0
78 2.72377085686 72.413468 98.668417 -0.11145399 69.843505843 98.2138948166 0.0746106759746 2.60984595396 10.6607200769 0
81 2.72302103043 70.926618 98.82512 -0.11572496 69.455163362 98.5020159392 0.0903852040381 1.50651086484 11.8092425141 0
84 2.7344288826 69.460294 99.048845 -0.12091472 66.8383255961 97.6725420153 0.0591360200107 2.96123761573 10.3161475008 0
87 2.72870898247 67.984026 99.205817 -0.12024712 66.0961363406 99.3112925559 -0.0102003768863 1.89083379996 6.30521392957 0
90 2.7419757843 66.409271 99.378533 -0.12589377 64.2409243347 99.3479409707 -0.0144897383508 2.16856245778 6.38298083424 0
93 2.74024486542 64.97003 99.579245 -0.12534264 62.7611726765 100.23522239 -0.032363833919 2.30420420373 5.32729317261 0
96 2.76056098938 63.450289 99.830398 -0.13542326 60.8772926537 98.2454815634 0.027545524657 3.02196464391 9.33742355322 0
99 2.72133398056 62.015499 100.01094 -0.13023941 60.2191681569 98.9227392188 0.00026980376158 2.10023461501 7.47762713611 0
102 2.72134709358 60.420275 100.24313 -0.1356293 57.6676532103 99.1129379045 -0.0136533177434 2.97561101121 6.98870898527 0
105 2.72649693489 58.989222 100.44438 -0.14088208 56.5291873403 99.5053972963 -0.032266761553 2.63314622547 6.22319933748 0
108 2.73175501823 58.528509 100.58832 -0.24160345 55.4324694331 98.6918341601 -0.0877090226184 3.63071887384 8.81750117955 0
111 2.72950696945 58.390768 100.67023 -0.3827913 55.9624561705 99.9051791062 -0.230976100302 2.545977457 8.69837020861 0
114 2.73742485046 58.26024 100.80046 -0.53685502 55.6019095541 101.102794585 -0.395917244139 2.67546761541 8.07513973077 0
117 2.71544909477 58.2435 100.85046 -0.70040996 56.5007602358 101.523429884 -0.530165912759 1.86816229249 9.75426539416 0
120 2.73422193527 58.129433 100.95873 -0.85888639 56.6581723007 100.401416779 -0.617733311882 1.57327876464 13.8170535927 0
123 2.74464416504 58.21235 101.09089 -1.0276822 55.751038079 102.070566752 -0.908890850626 2.64911738319 6.80624296179 0
126 2.73648905754 58.152327 101.12822 -1.1869287 56.3589406399 101.673900638 -1.11939851656 1.87456714891 3.8691945009 0
129 2.76332807541 58.049715 101.26081 -1.3398137 55.7342588628 101.784850322 -1.31096193268 2.37401671905 1.65308449865 0
132 2.7512421608 58.024835 101.49733 -1.4943786 55.2900454927 101.988883961 -1.45443898458 2.77861457305 2.2883713992 0
135 2.73694181442 58.064001 101.65215 -1.6522241 55.2351368115 102.692569763 -1.56040711499 3.01412439713 5.26072572853 0
138 2.73973083496 58.104403 101.68885 -1.8037565 55.1267468494 102.666152997 -1.67583684296 3.13393639046 7.32925646527 0
141 2.73553800583 58.177183 101.78616 -1.9584038 54.7290238784 101.213074198 -1.75889587601 3.49545829098 11.4309620238 0
144 2.75069499016 58.164815 101.89412 -2.1101089 57.1728521483 102.433023527 -2.09101206541 1.12889650114 1.09416802379 0
147 2.74675989151 58.333441 101.96561 -2.2758326 55.4224681262 101.561056417 -2.19006463154 2.93894992696 4.91414261021 0
150 2.74914598465 58.547547 101.97367 -2.4518694 55.385503213 103.047350273 -2.23106071732 3.33935775858 12.6514055975 0
153 2.74396705627 58.609003 102.09152 -2.5989269 54.4742739864 102.296713225 -2.40323288045 4.13981742054 11.212441396 0
156 2.73763513565 58.561869 102.14088 -2.6173282 54.6182151279 102.809543313 -2.47756632625 3.9999395606 8.00776550269 0
159 2.74733614922 58.51155 102.01626 -2.5045701 54.8538019935 102.69015284 -2.35332858158 3.71930800546 8.66550069251 0
162 2.7355568409 58.437648 101.90068 -2.3721379 54.2593450743 101.854676029 -2.1993574841 4.17855617458 9.89958861342 0
165 2.73149490356 58.147744 101.95537 -2.2082701 54.4392967809 102.797632522 -2.04444892538 3.80289191696 9.38626190064 0
168 2.73100399971 58.037351 101.82492 -2.0566813 54.1618791905 101.980694304 -1.90360142358 3.87860121434 8.77083084697 0
171 2.72834515572 57.944091 101.71587 -1.9011295 52.277083401 100.469213661 -1.70627711765 5.80251041832 11.1642191366 0
174 2.73081493378 57.908577 101.57431 -1.7585036 52.048686739 100.282679404 -1.48747760552 6.00055193023 15.5286456223 0
177 2.7247171402 57.841285 101.40683 -1.6171883 53.0200510469 101.002591255 -1.37264989828 4.83815107187 14.0110183477 0
180 2.73784613609 57.86028 101.30305 -1.4556073 51.3433293561 99.880368277 -1.15219394427 6.6704324433 17.3843047312 0
183 2.72148013115 57.788579 101.03213 -1.3093986 54.0066225651 102.151424211 -1.18409529553 3.94411130757 7.17935050536 0
186 2.73534703255 57.852229 100.87925 -1.1701135 52.9329216575 101.196203359 -0.957705424509 4.92950749685 12.1700862601 0
189 2.74767780304 57.956865 100.8248 -1.0236231 53.2924208385 101.113059591 -0.895309371457 4.67334280015 7.35183509911 0
192 2.76497507095 57.906072 100.67156 -0.85835482 52.3417960716 101.388497146 -0.598902450733 5.61027320892 14.8655257437 0
195 2.73395204544 57.990597 100.53155 -0.72265365 52.4243701354 101.282618723 -0.296758513414 5.6166703424 24.4019938415 0
198 2.73037481308 58.042848 100.37669 -0.56279892 54.7076330338 102.147509719 -0.242066697326 3.77617019565 18.3766027131 0
201 2.73065590858 58.157277 100.32166 -0.41301063 53.6750635391 102.444462285 -0.0391160358094 4.95948858744 21.4225822299 0
204 2.71891903877 58.686264 100.08548 -0.29965148 56.6605089849 102.304145734 -0.0789973301375 3.0043570061 12.6425515192 0
207 2.74030995369 59.980629 99.666017 -0.30408986 54.6971434461 102.445847909 0.159669241085 5.97014903348 26.5714392029 0
210 2.75357604027 61.363687 99.173884 -0.32636207 56.0058819156 102.745295355 0.0620960602019 6.43902588826 22.2570113781 0
213 2.72758698463 62.885593 98.69498 -0.37512441 60.1748624847 100.067671385 -0.144016665536 3.03847684954 13.2414983706 0
216 2.72660803795 64.287236 98.118834 -0.4012694 60.8952812809 99.7597846796 -0.242125972228 3.76803343257 9.11824674857 0
219 2.7343211174 66.572969 97.068508 -0.44319642 63.3560235231 99.0286688448 -0.340654836493 3.76709022176 5.87519995956 0
222 2.7346701622 67.896132 96.441291 -0.47211549 65.2510598857 97.6900100411 -0.376017556043 2.92501380053 5.50600603565 0
225 2.73604202271 69.150612 95.708615 -0.49267498 66.2588284178 97.5803462942 -0.444143766854 3.44467564855 2.78063368794 0
228 2.7294690609 70.465141 94.973778 -0.52461339 67.7433906786 96.6749697448 -0.502454081307 3.209669479 1.26963486505 0
231 2.73138594627 71.675984 94.192345 -0.54871183 68.917484752 95.11839121 -0.475265988195 2.90979031621 4.20813675819 0
234 2.74305796623 72.999296 93.402727 -0.58180979 70.3632120886 95.4498126657 -0.453614031137 3.33758866711 7.34507593434 0
237 2.74726510048 74.284244 92.44261 -0.63095882 71.2482549295 93.9060463823 -0.541199322687 3.37029311502 5.14284036724 0
240 2.70815491676 75.447368 91.599491 -0.66374929 73.3221780941 92.073536876 -0.543251727646 2.17741856995 6.90400176451 0
243 2.72313809395 76.572595 90.665594 -0.69142624 73.8903689614 92.0157087973 -0.590004559493 3.00285638821 5.81103424416 0
246 2.737169981 77.783785 89.658033 -0.71509647 74.945305633 92.2817008894 -0.647651742193 3.86530701378 3.86429825376 0
249 2.7261068821 78.874801 88.696028 -0.74032963 76.7071778191 89.8060969866 -0.661951700709 2.43533229953 4.49072455536 0
252 2.70251488686 80.03236 87.613917 -0.7252394 78.4728256149 88.5758929281 -0.676414980457 1.83236054979 2.79743317701 0
255 2.71773505211 81.079285 86.604124 -0.70281223 79.8352900485 88.9940896575 -0.650141166509 2.69433837579 3.01782964049 0
258 2.729845047 82.380517 85.593177 -0.66953842 79.9383904764 87.3081997182 -0.608841033339 2.98417239467 3.47770408313 0
261 2.71892809868 83.553536 84.670161 -0.64546431 81.1834931548 86.8287148673 -0.565509021614 3.20569148333 4.58110057426 0
264 2.70303201675 84.753159 83.736184 -0.60820056 82.2921723861 85.2518021775 -0.541009711643 2.89025147243 3.84975203276 0
267 2.73156189919 85.938286 82.919631 -0.58097683 84.4735064872 84.5978923753 -0.527370625308 2.22758619696 3.07140928454 0
270 2.72507786751 87.249998 82.030848 -0.55954063 85.2403795968 83.9312158861 -0.510285839305 2.76585687071 2.82209162761 0
273 2.69687390327 88.578333 81.141585 -0.52544337 85.7110002813 82.9995333782 -0.457393036073 3.41666051808 3.89899692848 0
276 2.71461606026 89.874585 80.458812 -0.49549775 87.4058247749 82.2421555946 -0.41494904876 3.04550347648 4.61510062632 0
279 2.71072411537 91.229191 79.664539 -0.46697991 88.7915193404 81.0519180818 -0.439946646766 2.8048286644 1.54889188975 0
282 2.69791603088 92.640842 79.007823 -0.44436504 90.4668802787 80.9404514061 -0.388041331477 2.90880768045 3.22711078492 0
285 2.73551797867 93.942666 78.269838 -0.40450827 91.3693276606 80.4118438332 -0.343606625998 3.34817251629 3.48940716675 0
288 2.70698595047 95.385584 77.620959 -0.38607018 93.0453582 79.957324307 -0.286626049637 3.30685041135 5.69772896712 0
291 2.72948503494 96.747733 77.074345 -0.36376533 95.2013547982 79.4022398057 -0.259483523473 2.79470566777 5.97490739397 0
294 2.74557209015 98.250871 76.540386 -0.33417824 96.5592495223 79.152180939 -0.235594335072 3.11176092065 5.64844168032 0
297 2.73410105705 99.752933 76.027378 -0.30758365 96.5898495476 78.8181573729 -0.207434536286 4.21823973183 5.73812153781 0
300 2.74524593353 100.00981 75.897783 -0.33361957 97.9661110377 78.5659966546 -0.163461603039 3.36096259353 9.74933335741 0
303 2.70560193062 98.714105 76.429985 -0.36219797 96.7730017531 78.6722457394 -0.188188731748 2.96574021763 9.96999494812 0
306 2.7324590683 97.284888 77.028291 -0.39087517 95.2544280542 79.2278063922 -0.229399062411 2.99343206908 9.25189945706 0
309 2.72921085358 95.817851 77.649213 -0.42317241 94.3456447967 78.7659063823 -0.295122422917 1.84780821922 7.33672382656 0
312 2.71432209015 94.571565 78.35291 -0.46228827 93.1020458978 79.967835448 -0.320992571523 2.18345382231 8.09564718607 0
315 2.7369389534 93.13187 79.138887 -0.4938927 90.5374880279 79.8596629756 -0.31533384979 2.69264476379 10.2306685117 0
318 2.74182009697 91.836662 79.862922 -0.52529077 90.0469973012 80.3699339325 -0.362034900337 1.86009699581 9.35387231241 0
321 2.7142291069 90.529269 80.702102 -0.55721841 88.0587400525 81.0005735213 -0.398333617492 2.48849322471 9.10342803952 0
324 2.72777795792 89.308886 81.573217 -0.59808232 87.7169972327 81.9291407057 -0.433090752726 1.63119328465 9.45332046002 0
327 2.71810698509 88.100372 82.484783 -0.6409076 85.8609592235 81.3618988608 -0.396873445105 2.50516234471 13.9821271325 0
330 2.74495911598 86.96204 83.432583 -0.67310863 84.1472123618 83.9491833213 -0.490072129055 2.86184040864 10.487219001 0
333 2.74650192261 85.711036 84.448892 -0.70015711 83.9061812948 83.7669578551 -0.521221454587 1.9293871267 10.2522578595 0
336 2.7621819973 84.630521 85.38864 -0.74348817 82.0082480013 85.9769106133 -0.566486256699 2.68744823095 10.1414625979 0
339 2.71994400024 83.531548 86.470864 -0.76732045 80.4464716592 86.848528421 -0.598692093043 3.10810656887 9.66169315985 0
342 2.75858712196 82.436303 87.632765 -0.79615086 80.6638116521 88.5145387726 -0.700606190592 1.97970971726 5.47430631204 0
345 2.75385093689 81.390428 88.717115 -0.83255466 78.0900497153 87.5577271394 -0.645053133888 3.49809620128 10.7430460985 0
348 2.75267410278 80.091493 90.270385 -0.85191671 78.0106711375 89.9045767075 -0.715386546446 2.11273172231 7.82260214786 0
351 2.74572682381 79.121061 91.3195 -0.83027867 76.9437622712 89.3371742989 -0.619980670599 2.94452796552 12.0491878057 0
354 2.72487092018 78.091476 92.534394 -0.81038411 75.1143168953 91.4759894615 -0.63701755473 3.15969879928 9.93317192571 0
357 2.71695184708 77.093441 93.512556 -0.78090008 75.1270010323 93.9917108358 -0.668195793236 2.02397517357 6.45747996459 0
360 2.73663020134 76.051262 94.597058 -0.76703211 73.9584042352 94.3164136519 -0.651347302931 2.1115906028 6.62825119884 0
363 2.70232009888 75.027276 95.58972 -0.75132884 72.3700187596 93.5142515987 -0.563940583551 3.37173325256 10.7365562248 0
366 2.74100208282 73.852657 96.593273 -0.72312741 70.3308067665 95.5805700049 -0.528196016839 3.66455951285 11.1687461227 0
369 2.73620700836 72.811015 97.559971 -0.70587276 69.5238770552 96.3284690758 -0.484898474032 3.51025253472 12.6608939669 0
372 2.7430100441 71.630899 98.505259 -0.68120937 69.5429884566 99.2062267863 -0.592264756116 2.20243644058 5.09615098598 0
375 2.75482702255 70.538887 99.423882 -0.66641532 66.623450183 99.707643808 -0.54667074783 3.9257058259 6.86085860495 0
378 2.76616978645 69.331788 100.31013 -0.63648641 66.6587179167 100.497701394 -0.509465715942 2.67964301687 7.27774968035 0
381 2.71995091438 68.205766 101.18772 -0.63190253 65.7281601017 101.920611628 -0.516520784411 2.58373007986 6.61088705512 0
384 2.71054196358 66.997353 102.01418 -0.604237 64.6804628371 104.221271882 -0.542227439988 3.19988040418 3.55288607817 0
387 2.71010088921 65.749881 102.79371 -0.58263231 63.5809375973 105.352171496 -0.499146695848 3.35410803529 4.78337334094 0
390 2.7180480957 64.390622 103.72927 -0.540005 62.0571843805 103.470582776 -0.396846039472 2.34773299255 8.20240423774 0
393 2.71078205109 63.066948 104.49561 -0.5165186 60.9816218859 104.218445275 -0.344386221158 2.10366472787 9.86245882521 0
396 2.72663593292 62.072466 105.11862 -0.50368551 59.313970066 106.162128514 -0.374655030215 2.94927276388 7.39290192022 0
399 2.72540903091 62.084059 105.11634 -0.50537083 58.9166908142 105.379500876 -0.350658986607 3.17828174819 8.86433566712 0
402 2.72532105446 62.06969 105.12384 -0.50501376 58.2108819013 105.023648966 -0.316323950893 3.86010857175 10.8111296989 0
405 2.73609900475 62.088061 105.11683 -0.50531554 58.4331508781 106.259016601 -0.361178050535 3.82922423358 8.25846981596 0
408 2.73724508286 62.080145 105.11527 -0.50526072 58.0734636488 105.007197804 -0.342116127744 4.00813860164 9.34749658667 0
411 2.76324391365 62.084425 105.11388 -0.50526675 58.4803668639 106.36849549 -0.339160967848 3.81618855357 9.51716027001 0
414 2.74422001839 62.090561 105.10315 -0.50372534 60.7738135869 107.303747378 -0.387946402719 2.56445950823 6.63364446273 0
