3 2.70577287674 58.425211 99.52669 -0.076600623 120.600890085 75.3758620877 -1.48440345554 66.7014059709 -80.6611606914 0
6 2.71103596687 58.436309 99.5178 -0.082073852 126.912529889 115.322881186 -0.956042905705 70.2765495631 -50.0747382023 0
9 2.72172403336 59.138497 99.506199 -0.079127672 113.158569948 52.0531089349 -2.77385540657 71.902461975 -154.396526127 0
12 2.75105595589 60.588187 99.398001 -0.084356487 26.6162582481 97.0677638299 -0.595607304521 34.0517539694 -29.2925141165 0
15 2.75921392441 62.026729 99.268445 -0.080345137 59.1513624149 126.958251932 -2.84101432831 27.8386986213 -158.174693294 0
18 2.75130200386 63.612811 99.142137 -0.077882356 110.719696595 55.6129559086 -2.23013277475 64.1392880917 -123.31486545 0
21 2.72826814651 65.109709 99.045111 -0.075303117 76.9028833848 132.640498267 -2.00237989345 35.6051823148 -110.413366088 0
24 2.74140501022 66.576646 98.887554 -0.079079542 54.7799908699 26.4802805582 3.04562827416 73.3619405383 179.032570077 0
27 2.72412705421 68.114632 98.811042 -0.080004433 75.486133358 47.6260332916 -0.580411540975 51.7130945579 -28.6712153253 0
30 2.78968119621 69.601579 98.673025 -0.074381156 110.721977818 85.3840968971 0.515821314441 43.2143819701 33.8161106145 0
33 2.74774384499 71.154315 98.514904 -0.080273853 57.0182926881 58.1068174147 3.09042561261 42.8093516452 -178.332302516 0
36 2.74665307999 72.642873 98.438251 -0.077397051 43.0388862883 33.6132028408 -1.067374272 71.264878433 -56.7215165771 0
39 2.73937392235 74.179887 98.27586 -0.078945335 7.69211072389 118.514622472 -1.25256768286 69.4998697881 -67.2436072744 0
42 2.72290587425 75.689674 98.17429 -0.079512997 35.6459193703 69.5200039695 -1.82622492043 49.2399268151 -100.079221238 0
45 2.73214197159 77.259307 98.055637 -0.072379503 64.7957596664 72.8261904327 -0.651147253577 28.140095704 -33.1609494263 0
48 2.70903491974 78.667542 97.976243 -0.066300397 117.596415711 94.5557201228 0.79468716588 39.0788585447 49.3309535663 0
51 2.74429512024 80.25432 97.827625 -0.077582567 76.9964296734 98.8865515974 -0.0107347526751 3.42566415736 3.83009763049 0
54 2.72480201721 81.813353 97.68277 -0.074716444 78.458742995 100.412593836 -0.0716058039639 4.3249677991 0.178226545651 0
57 2.7364180088 82.622729 97.654646 -0.085105116 80.8229735411 99.1185227327 -0.018963967654 2.31992560232 3.78960865237 0
60 2.7542309761 81.436592 97.754867 -0.094486992 79.5987333289 100.035870262 -0.0325726616793 2.9292832529 3.54742981876 0
63 2.75715303421 79.890684 97.897701 -0.093381766 78.030184423 99.3646495172 -0.0475889452925 2.36926077668 2.62373535854 0
66 2.73559689522 78.411812 98.037468 -0.097953665 77.5327289389 99.5667354475 0.00652191410184 1.76392912398 5.98600974472 0
69 2.72604203224 76.931086 98.162597 -0.096433306 75.045270052 100.188743349 -0.0949617540061 2.76795426597 0.0843137185819 0
72 2.70862221718 75.443161 98.337547 -0.10164342 72.5307857574 99.7665996388 -0.0294015265073 3.24409016493 4.13915560116 0
75 2.74141788483 73.912871 98.553041 -0.10292365 72.3886246367 99.4153451345 -0.0804777939275 1.75125537721 1.28605282051 0
78 2.71820402145 72.413468 98.668417 -0.11145399 69.6564705198 99.7912519301 -0.0665002223868 2.97687644792 2.57566115745 0
81 2.73587989807 70.926618 98.82512 -0.11572496 69.1503880273 99.3458908286 -0.00190098255219 1.85099842565 6.52163351515 0
84 2.72323489189 69.460294 99.048845 -0.12091472 67.0840926211 98.5230194478 0.0426698452121 2.43368558045 9.37270518013 0
87 2.72887206078 67.984026 99.205817 -0.12024712 65.6688685347 98.3492444992 -4.05322894507e-05 2.46853611245 6.88733014548 0
90 2.7449131012 66.409271 99.378533 -0.12589377 63.3854119813 99.0397101373 -0.0202543201879 3.04278232831 6.05269462432 0
93 2.76223015785 64.97003 99.579245 -0.12534264 62.1241659898 100.202801033 0.0114570581853 2.91337675062 7.83804534468 0
96 2.75482392311 63.450289 99.830398 -0.13542326 60.8465465574 99.5431328912 -0.0213820509664 2.61954117172 6.5340799682 0
99 2.75939917564 62.015499 100.01094 -0.13023941 60.3899802664 99.052174685 -0.016076824516 1.88720483325 6.54103432653 0
102 2.75168895721 60.420275 100.24313 -0.1356293 58.0750546848 97.7640205675 0.0340749876717 3.41262976389 9.72333944886 0
105 2.80843496323 58.989222 100.44438 -0.14088208 56.4953717645 99.8969516737 -0.0325402522992 2.55322673682 6.20752947199 0
108 2.71821808815 58.528509 100.58832 -0.24160345 54.9975338331 99.6320605907 -0.113722434577 3.65817135836 7.3270424636 0
111 2.75023913383 58.390768 100.67023 -0.3827913 56.4637101233 99.9198968219 -0.25705265379 2.06798257686 7.20429374953 0
114 2.73707699776 58.26024 100.80046 -0.53685502 56.6869215594 99.9618193941 -0.353339006507 1.78287660296 10.5146930462 0
117 2.69641709328 58.2435 100.85046 -0.70040996 56.4009800567 102.189047421 -0.552385462136 2.27743189252 8.48117899216 0
120 2.70897197723 58.129433 100.95873 -0.85888639 56.159116607 102.049413394 -0.580821503812 2.25205172118 15.9319444094 0
123 2.7278380394 58.21235 101.09089 -1.0276822 56.2338456741 102.088000021 -0.876730463222 2.21556037204 8.64889742753 0
126 2.72833704948 58.152327 101.12822 -1.1869287 55.5973618348 101.324367907 -1.11336805084 2.56248336515 4.21471473531 0
129 2.74994707108 58.049715 101.26081 -1.3398137 57.5253544456 101.038766328 -1.34139190172 0.569436022007 -0.090424297744 0
132 2.72157597542 58.024835 101.49733 -1.4943786 56.255695015 102.534039084 -1.53509610738 2.05051749852 -2.33294132531 0
135 2.71719098091 58.064001 101.65215 -1.6522241 55.5446485469 101.641706549 -1.57429437026 2.51937409863 4.46504461254 0
138 2.73699092865 58.104403 101.68885 -1.8037565 56.1282576317 101.230250922 -1.7323012476 2.02866055092 4.09408438679 0
141 2.74131989479 58.177183 101.78616 -1.9584038 57.0567347805 103.107581122 -2.06680422612 1.73250050331 -6.21088691398 0
144 2.70434904099 58.164815 101.89412 -2.1101089 57.5797345872 102.577654923 -2.17710034514 0.899743897452 -3.83832706994 0
147 2.71448397636 58.333441 101.96561 -2.2758326 55.7674650011 102.748438322 -2.13660656155 2.68273237731 7.97706440141 0
150 2.74338698387 58.547547 101.97367 -2.4518694 55.0278431723 102.098167489 -2.27015119094 3.52190497598 10.41168644 0
153 2.71876192093 58.609003 102.09152 -2.5989269 55.2774370373 101.867755241 -2.44934750336 3.3390720913 8.57026812941 0
156 2.74453687668 58.561869 102.14088 -2.6173282 54.8352266503 102.896084382 -2.54509889619 3.80239356989 4.13843426535 0
159 2.75430393219 58.51155 102.01626 -2.5045701 55.6920994265 101.408152325 -2.51659562465 2.88428439662 -0.689011808793 0
162 2.70792818069 58.437648 101.90068 -2.3721379 54.2511955603 102.631489477 -2.21034163748 4.24976076063 9.27024298358 0
165 2.75795507431 58.147744 101.95537 -2.2082701 50.618063294 98.58987402 -1.92016265622 8.24758478136 16.5073405747 0
168 2.74553394318 58.037351 101.82492 -2.0566813 54.6451035968 102.653870342 -1.87867315996 3.49206258736 10.1991151431 0
171 2.73649382591 57.944091 101.71587 -1.9011295 52.3599342042 99.18849114 -1.69258850111 6.12947395963 11.9485190917 0
174 2.76585698128 57.908577 101.57431 -1.7585036 53.3850825453 100.434261897 -1.59132303114 4.6649449899 9.57874101239 0
177 2.75414609909 57.841285 101.40683 -1.6171883 53.8219221658 101.752620489 -1.39182704239 4.03420979318 12.9122489266 0
180 2.73622298241 57.86028 101.30305 -1.4556073 53.191726172 100.697349585 -1.17408678453 4.70768179009 16.1299373825 0
183 2.75463294983 57.788579 101.03213 -1.3093986 52.9758200403 100.169944736 -1.1464091335 4.88937748939 9.33860853553 0
186 2.750426054 57.852229 100.87925 -1.1701135 53.6544700693 101.120459123 -1.12171411993 4.20468332707 2.77308020897 0
189 2.74227285385 57.956865 100.8248 -1.0236231 51.031501155 101.833014356 -0.716894820623 6.9983684223 17.5742358656 0
192 2.67836403847 57.906072 100.67156 -0.85835482 53.8967769034 101.577194378 -0.701719465451 4.11030665498 8.97454473819 0
195 2.70587015152 57.990597 100.53155 -0.72265365 52.9970077606 102.812436922 -0.625879558347 5.48984322586 5.54474701793 0
198 2.71826100349 58.042848 100.37669 -0.56279892 52.8149200941 102.27912631 -0.12665120719 5.56331682557 24.9894231883 0
201 2.76763391495 58.157277 100.32166 -0.41301063 51.8399062915 102.393890529 0.192993403403 6.64855713927 34.7214734819 0
204 2.73858690262 58.686264 100.08548 -0.29965148 54.4903742942 103.174618741 0.0278177662926 5.21040004056 18.7626057329 0
207 2.72288990021 59.980629 99.666017 -0.30408986 56.127035297 101.483775675 0.0680433502558 4.26080168826 21.3216623643 0
210 2.73406982422 61.363687 99.173884 -0.32636207 57.0494935692 101.112032296 -0.0304518421115 4.72955428921 16.9544071728 0
213 2.72136688232 62.885593 98.69498 -0.37512441 60.4201877612 99.8116611252 -0.169950829572 2.70651061825 11.7555802261 0
216 2.70057106018 64.287236 98.118834 -0.4012694 61.1890300165 99.8155380001 -0.240906556069 3.53237664754 9.18811414795 0
219 2.71518802643 66.572969 97.068508 -0.44319642 63.3738141838 98.1493718572 -0.30197167405 3.37681184192 8.09158190572 0
222 2.72995400429 67.896132 96.441291 -0.47211549 65.0562041588 97.8424255565 -0.371888020239 3.16675988803 5.74261100861 0
225 2.72194194794 69.150612 95.708615 -0.49267498 66.3735983022 97.1250896245 -0.415522450404 3.11740363761 4.42051432459 0
228 2.7422990799 70.465141 94.973778 -0.52461339 67.7380724058 96.7897995361 -0.509017664532 3.2764061618 0.893569247776 0
231 2.72614502907 71.675984 94.192345 -0.54871183 68.691550428 95.8419034326 -0.509861526859 3.40996873425 2.22595840276 0
234 2.74206209183 72.999296 93.402727 -0.58180979 70.1978118014 95.7216830835 -0.523550555837 3.63673906571 3.33800823522 0
237 2.74729204178 74.284244 92.44261 -0.63095882 71.391613001 94.534292486 -0.551048919491 3.56965680685 4.57850004048 0
240 2.74322414398 75.447368 91.599491 -0.66374929 72.8424243003 92.9611613472 -0.580591084673 2.93936690689 4.76461419714 0
243 2.74123215675 76.572595 90.665594 -0.69142624 73.8585024644 92.2724368533 -0.607951637507 3.15408342418 4.78274241936 0
246 2.71277499199 77.783785 89.658033 -0.71509647 75.2926254006 91.3497194384 -0.639506364215 3.01125873273 4.33099403442 0
249 2.71286320686 78.874801 88.696028 -0.74032963 76.5073512007 90.5538287347 -0.648352332336 3.00935908823 5.26991096716 0
252 2.73324608803 80.03236 87.613917 -0.7252394 78.1946035739 89.3833333715 -0.659111153512 2.55111406592 3.78886943036 0
255 2.72940206528 81.079285 86.604124 -0.70281223 78.9008753048 88.6835788346 -0.624643196687 3.01157786045 4.47875569745 0
258 2.72032308578 82.380517 85.593177 -0.66953842 79.8669334904 88.6686347537 -0.56703279436 3.97196959386 5.87313972553 0
261 2.72747683525 83.553536 84.670161 -0.64546431 80.6249682244 86.8350965063 -0.58100184515 3.64190265699 3.69342717293 0
264 2.71967601776 84.753159 83.736184 -0.60820056 83.0080332981 86.1441642058 -0.579216825217 2.97385816521 1.66064567757 0
267 2.72915887833 85.938286 82.919631 -0.58097683 84.0711491285 84.5510844245 -0.519993830373 2.4794838925 3.49406850065 0
270 2.72683691978 87.249998 82.030848 -0.55954063 84.8817557899 84.1118496112 -0.540791573738 3.1526399844 1.07424179369 0
273 2.73984694481 88.578333 81.141585 -0.52544337 85.7962436929 83.0816706287 -0.470453630213 3.39174780306 3.1506800063 0
276 2.73162007332 89.874585 80.458812 -0.49549775 87.5876601276 82.0184419558 -0.41274238697 2.76811686369 4.74153303368 0
279 2.78363204002 91.229191 79.664539 -0.46697991 88.5757859862 81.6106668339 -0.383679629222 3.29058835363 4.77275452086 0
282 2.70758891106 92.640842 79.007823 -0.44436504 89.6581154314 81.1952239523 -0.394051854111 3.69883504757 2.8827332053 0
285 2.71926903725 93.942666 78.269838 -0.40450827 90.7411041369 79.9989836496 -0.346419518588 3.63867325282 3.32824029308 0
288 2.73013496399 95.385584 77.620959 -0.38607018 93.4444057745 79.8829844562 -0.276032762215 2.98076031708 6.30467962758 0
291 2.73675394058 96.747733 77.074345 -0.36376533 94.0385978625 78.4527970578 -0.282195557596 3.03966170302 4.67360369458 0
294 2.74382996559 98.250871 76.540386 -0.33417824 95.3968422018 78.9664977438 -0.23729653568 3.74586419598 5.55091276956 0
297 2.73048090935 99.752933 76.027378 -0.30758365 97.0848095793 78.8662272773 -0.190530620198 3.89588857734 6.70664458689 0
300 2.71872115135 100.00981 75.897783 -0.33361957 98.22821694 78.6882853088 -0.142560059691 3.31073661994 10.9469035765 0
303 2.68886208534 98.714105 76.429985 -0.36219797 96.7586179405 79.740450349 -0.23379304925 3.84488107314 7.35706002768 0
306 2.72212696075 97.284888 77.028291 -0.39087517 94.8717235069 78.9351974735 -0.241842928988 3.07565524231 8.53891842134 0
309 2.70564103127 95.817851 77.649213 -0.42317241 92.974278467 78.6200327072 -0.325768730328 3.00472888199 5.58081975427 0
312 2.70311903954 94.571565 78.35291 -0.46228827 93.4327737189 79.6275329187 -0.299563426626 1.70924227848 9.32344674727 0
315 2.71160888672 93.13187 79.138887 -0.4938927 91.1764548878 80.5679625224 -0.321456169506 2.42196306945 9.87988543116 0
318 2.71394491196 91.836662 79.862922 -0.52529077 89.9105448993 80.8348847082 -0.346542951884 2.15746114491 10.2414955752 0
321 2.72744989395 90.529269 80.702102 -0.55721841 88.2799259865 80.8455202407 -0.38982921471 2.25391055369 9.59069442619 0
324 2.73792910576 89.308886 81.573217 -0.59808232 87.2585992729 80.5233760846 -0.348963361635 2.30344125408 14.273464911 0
327 2.72720694542 88.100372 82.484783 -0.6409076 85.4282635056 81.5652738229 -0.408740909987 2.82589117499 13.3021714813 0
330 2.74911785126 86.96204 83.432583 -0.67310863 84.5945128123 82.7982711459 -0.445088256749 2.45102764422 13.0646050303 0
333 2.72226500511 85.711036 84.448892 -0.70015711 83.3503185077 83.5417381024 -0.501835533821 2.52901468407 11.3629893015 0
336 2.75112318993 84.630521 85.38864 -0.74348817 82.55008251 86.3992586819 -0.599431952651 2.31291470467 8.25381326671 0
339 2.73953914642 83.531548 86.470864 -0.76732045 80.6017199343 86.0797515072 -0.593582259632 2.95581824149 9.95446504831 0
342 2.72325611115 82.436303 87.632765 -0.79615086 79.5976269559 88.1043314032 -0.665642935713 2.87757824494 7.47755325468 0
345 2.73933410645 81.390428 88.717115 -0.83255466 78.0853729279 88.6092138902 -0.656842205276 3.30681594276 10.0675820636 0
348 2.72360491753 80.091493 90.270385 -0.85191671 77.2351716972 89.4216443196 -0.676807438568 2.97975370246 10.0330222066 0
351 2.71173477173 79.121061 91.3195 -0.83027867 77.0819402996 90.0160021428 -0.6289342048 2.42014873396 11.5361880843 0
354 2.70108699799 78.091476 92.534394 -0.81038411 76.2407565359 93.2705104723 -0.709746460048 1.99174044385 5.76611260234 0
357 2.73817706108 77.093441 93.512556 -0.78090008 74.9696455259 92.8998484054 -0.637337392872 2.21041123148 8.225536068 0
360 2.75439286232 76.051262 94.597058 -0.76703211 73.6851965154 94.125469855 -0.606969072116 2.41260466221 9.17093652678 0
363 2.73463797569 75.027276 95.58972 -0.75132884 71.8451662025 93.6453020402 -0.550723115815 3.72915325048 11.493861342 0
366 2.73627901077 73.852657 96.593273 -0.72312741 70.7269480898 94.9298386731 -0.540072218027 3.54077250772 10.488289918 0
369 2.72803902626 72.811015 97.559971 -0.70587276 70.1121204399 96.7609900076 -0.548809376238 2.8146762643 8.99906900563 0
372 2.70778918266 71.630899 98.505259 -0.68120937 68.8124714271 99.1240665923 -0.545821563549 2.88556005308 7.7571499072 0
375 2.73793697357 70.538887 99.423882 -0.66641532 67.505067857 100.189121621 -0.560586136655 3.1288416819 6.06356555497 0
378 2.73569989204 69.331788 100.31013 -0.63648641 65.9161681305 98.6515674644 -0.452051295297 3.79701050528 10.5673536665 0
381 2.71234416962 68.205766 101.18772 -0.63190253 65.9644972263 101.168247476 -0.49610095628 2.24135336238 7.78085702538 0
384 2.72184205055 66.997353 102.01418 -0.604237 63.9730499705 102.396994365 -0.436729554554 3.04843495123 9.59746966108 0
387 2.83213210106 65.749881 102.79371 -0.58263231 63.7341809957 104.278392593 -0.455892374257 2.50346338298 7.26166341381 0
390 2.70834612846 64.390622 103.72927 -0.540005 61.6210452172 104.525570087 -0.42433989676 2.88177885776 6.62712225258 0
393 2.72203183174 63.066948 104.49561 -0.5165186 61.2465460354 104.449546534 -0.382598835934 1.8209846665 7.67303727439 0
396 2.76527881622 62.072466 105.11862 -0.50368551 59.9711439514 105.54063974 -0.37512454718 2.14328136574 7.36600057971 0
399 2.71146607399 62.084059 105.11634 -0.50537083 58.7526572241 106.341573675 -0.390998958758 3.54956833315 6.55302551717 0
402 2.7259759903 62.06969 105.12384 -0.50501376 59.3898575346 107.187836255 -0.393310881119 3.38254084742 6.40010351937 0
405 2.7154610157 62.088061 105.11683 -0.50531554 60.3515274844 107.021251729 -0.394902623483 2.57727972329 6.32619412016 0
408 2.7377550602 62.080145 105.11527 -0.50526072 58.6213159657 106.325888156 -0.320507629877 3.66457290926 10.5855723161 0
411 2.73330283165 62.084425 105.11388 -0.50526675 58.8178319449 107.240444414 -0.357752573843 3.89780789585 8.45193971214 0
414 2.72216200829 62.090561 105.10315 -0.50372534 59.5492159077 106.912365093 -0.326491680143 3.11956633677 10.1547406975 0
