3 12.7141680717 72.513547 45.80148 1.6808269 58.791145919 84.7812520677 -3.06951095553 41.3246527133 87.8256896166 0 0.008
6 12.4363999367 72.505015 45.806851 1.6805552 84.5784824465 121.726370175 -1.29731675831 76.8735455659 -170.619495142 0 0.004
9 12.7457380295 72.51553 45.801787 1.6811119 53.6734193875 141.087002038 2.67164796315 97.1303111142 56.7535358738 0 0.002
12 12.6112129688 72.511327 45.798497 1.6805172 108.066374061 41.2976160151 -0.679283984302 35.8387960333 -135.20664835 0 0.006
15 12.5025789738 72.518426 45.80176 1.6806948 125.105908135 54.6751868343 1.53475042404 53.330863307 -8.36199678597 0 0.004
18 12.432600975 72.509508 45.806599 1.6825332 108.361434102 55.7593159427 1.51683495677 37.2077569839 -9.4938100099 0 0.006
21 12.4452009201 72.510969 45.800989 1.6811293 76.5505557575 25.4331146474 2.04673477525 20.764598884 20.9476506984 0 0.008
24 13.5654470921 72.522343 45.818169 1.6838228 8.75179939795 144.686971517 1.52407205867 117.650849306 -9.15304325258 0 0.006
27 12.9611258507 72.508499 45.799812 1.6808804 137.509302804 73.4732705107 2.19901846386 70.646477627 29.6871242645 0 0.006
30 13.1050410271 72.523901 45.815543 1.6832165 96.2711042227 89.8598157418 0.0344267681802 50.038261583 -94.4686929378 0 0.01
33 12.4532930851 72.511009 45.802779 1.6808191 132.078410335 8.33267216534 0.447474824285 70.3724676845 -70.6654216851 0 0.004
36 12.440212965 72.527172 45.853315 1.6851825 137.596312502 10.6611273788 -0.288070869978 73.9762334488 -113.05909001 0 0.006
39 12.4454660416 72.188088 49.017093 1.6798669 72.8260684282 27.3196438011 0.670700714775 21.7068265936 -57.8209632407 0 0.006
42 12.5768480301 71.804616 53.279503 1.6643548 79.0525619545 132.438878216 0.261775552587 79.4904988359 -80.3618713094 0 0.018
45 12.6486470699 71.568933 57.324136 1.642571 19.9480235746 31.5329818934 -1.60466464537 57.7053023566 173.947102436 0 0.008
48 12.4516279697 71.37336 61.652431 1.6431927 106.954699361 65.369388663 -1.82648312559 35.7749561144 161.202218915 0 0.004
51 12.5488879681 71.165072 65.844712 1.6344026 49.2045126854 95.6410418814 0.0587702485205 37.0146922155 -90.277083804 0 0.014
54 12.8452699184 70.960331 70.343426 1.6128178 111.371719228 106.496208797 1.09819688283 54.2227258859 -29.4856066032 0 0.012
57 12.6480150223 70.885213 74.631613 1.6236159 45.6903800647 86.9835354417 -2.1110127718 28.059750438 146.021539057 0 0.01
60 12.6267058849 70.832043 79.069602 1.6124517 43.933617625 83.2996048493 -2.38775037711 27.2289957905 130.805303782 0 0.01
63 12.5553719997 70.841819 83.283634 1.5826474 122.488126262 88.5065468149 -2.13574070085 51.9097281063 146.95205523 0 0.008
66 12.6999480724 70.897044 87.066595 1.5142468 124.873200335 94.4248045267 1.12629792753 54.4753953649 -22.2278330593 0 0.012
69 12.6529848576 70.898205 87.488163 1.2381173 45.4700994732 131.414539228 2.5095774527 50.7554438379 72.8493005689 0 0.028
72 12.3802239895 70.648486 87.373684 0.94938085 44.6647127685 131.497239266 2.16080842037 51.205903963 69.4096869681 0 0.018
75 12.3659338951 70.490448 87.162959 0.64684814 49.9848890094 71.0075055826 -2.3584756435 26.105107252 -172.192368865 0 0.01
78 12.3545608521 73.090524 88.460194 0.4660111 52.671233879 107.996023349 3.11730755129 28.2594415624 151.908096897 0 0.018
81 12.3400759697 76.750616 90.291223 0.4640309 47.5793766934 108.546422408 2.93363316188 34.4124034048 141.497786682 0 0.034
84 12.4079239368 80.704264 92.172539 0.45240664 42.4817402254 108.808480415 -2.88542658324 41.6859193308 168.75624359 0 0.032
87 12.344632864 84.637734 93.972859 0.42386385 57.2423632262 106.665101115 1.83245140295 30.1927035844 80.706121859 0 0.022
90 12.4335319996 88.678811 95.730817 0.41656148 34.7822862192 109.691474075 2.99148631634 55.6752667656 147.532325686 0 0.02
93 12.3827209473 92.647535 97.41769 0.40779386 94.859649683 90.5155275964 2.92763181588 7.24798573509 144.376079929 0 0.03
96 12.3893868923 96.759828 99.128022 0.39320766 87.8595034185 136.187091761 2.16000775888 38.1128643531 101.230188909 0 0.032
99 12.6946611404 100.07577 100.58602 0.32958371 85.1510519684 140.054950786 2.1027471626 42.1964892582 101.594782221 0 0.036
102 12.6261599064 100.12714 100.52966 0.1390585 21.4785471322 110.936691561 2.66582726406 79.3341506919 144.773185986 0 0.03
105 12.4245460033 100.08551 100.52401 -0.14356162 20.4818305802 112.186487004 2.35903889794 80.4534595094 143.388447485 0 0.032
108 13.1821129322 99.772178 100.71077 -0.40700642 12.5414421423 70.4529550565 2.36406194105 92.3295003963 158.77052183 0 0.02
111 12.7167129517 99.760338 100.7618 -0.66729138 20.4740851489 110.403768552 1.91628047689 79.8703790446 148.027763469 0 0.02
114 12.7622759342 99.638101 100.95548 -0.8821311 75.8340650723 105.955543521 -1.96370248307 24.323502249 -61.9694754918 0 0.018
117 12.8921508789 99.549051 101.11221 -1.1251977 14.3304467763 69.2043127871 1.75721937846 90.9962878935 165.150333392 0 0.016
120 12.8613860607 100.80276 98.46873 -1.1938854 74.9038139122 105.69543068 -2.12437007748 26.8882987779 -53.3128449215 0 0.02
123 13.5131819248 102.35582 94.496879 -1.1822805 100.554175751 96.6654132953 -1.18890049711 2.81930186203 -0.379297894874 0 0.08
126 13.4032328129 103.84912 90.431736 -1.1842505 102.064583791 93.1810746673 -1.18156339965 3.27771758827 0.153959509218 0 0.084
129 13.6709520817 105.46668 86.336829 -1.1831903 104.009385158 87.9735398294 -1.18176402784 2.19146768047 0.0817193751737 0 0.12
132 13.9009268284 106.96067 82.891423 -1.1821311 105.396435372 84.4554130564 -1.1844023445 2.2119888942 -0.130132724236 0 0.232
135 13.869820118 108.13488 79.987125 -1.1809983 106.488461211 81.4989297857 -1.17614397458 2.23522896777 0.278132359027 0 0.372
138 15.0135369301 109.11096 77.465416 -1.174964 107.532620769 78.7289309047 -1.16329461828 2.0217874869 0.668606321826 0 0.448
141 14.596006155 110.00241 75.115832 -1.1797573 108.466826993 77.115569642 -1.15669532352 2.5213024033 1.32135391977 0 0.486
144 13.6216638088 110.9669 72.896666 -1.1819268 110.430377339 74.9616512379 -1.13575534811 2.13354648392 2.64542932718 0 0.576
147 13.1895401478 111.79529 70.750926 -1.1680053 109.183104921 73.8287481746 -1.16967950981 4.03689239683 -0.0959251563187 0 0.416
150 13.2061150074 112.62755 68.634671 -1.166408 110.243725009 71.3390486621 -1.17411719587 3.60503538489 -0.441704386548 0 0.574
153 13.2172460556 113.50263 66.493746 -1.1746568 111.358110623 68.9556074744 -1.17128005034 3.26492347215 0.193473504087 0 0.638
156 13.0292539597 114.39844 64.423702 -1.1690506 113.101223156 67.2834130087 -1.14230992285 3.14017811501 1.5321279421 0 0.62
159 12.9829790592 114.9392 62.935672 -1.1627449 113.930345302 65.9127031677 -1.14303787276 3.14332664138 1.12912948773 0 0.62
162 13.7395899296 115.58582 61.52951 -1.1720902 114.064618823 64.6735552114 -1.15694313455 3.49271718199 0.867862922371 0 0.614
165 13.2065310478 116.16312 60.165609 -1.1710096 114.503002372 63.3716754355 -1.17154739998 3.61038121637 -0.0308136692893 0 0.672
168 13.2603261471 116.71267 58.758483 -1.1690165 114.515350238 62.2726465276 -1.14557249306 4.14458193738 1.3432426525 0 0.64
171 13.3369140625 117.29804 57.404001 -1.1730259 114.956919132 60.3896647065 -1.16562602807 3.79407889817 0.423981430461 0 0.632
174 13.4371829033 117.3062 57.346669 -1.1782941 114.916506635 60.3054055566 -1.20930856629 3.80325602495 -1.776998022 0 0.636
177 12.8754019737 117.30973 57.394113 -1.1925087 114.960054267 59.9410986441 -1.25509852077 3.4652722722 -3.58613257036 0 0.572
180 12.9585649967 117.3509 57.478875 -1.2542253 115.214649576 60.3496574807 -1.3431003013 3.57840158827 -5.09216247875 0 0.582
183 12.9817180634 117.31554 57.561663 -1.3141336 115.461951567 60.1725762453 -1.36057530419 3.20197720993 -2.66091364367 0 0.566
186 12.9014248848 117.31761 57.625945 -1.389572 114.42648441 59.9644039435 -1.42690677467 3.7184670776 -2.13912501772 0 0.544
189 12.4494109154 117.34247 57.653648 -1.4539696 115.266487098 60.2605143112 -1.49172778007 3.33248510469 -2.16338435991 0 0.55
192 12.4073572159 117.36058 57.739095 -1.5147103 114.703921688 59.702431703 -1.543475503 3.30341102414 -1.64812472894 0 0.434
195 12.4556770325 117.34118 57.80351 -1.5718326 115.874937624 60.0782011726 -1.60703327103 2.70630497852 -2.01684988597 0 0.484
198 12.4374670982 117.32521 57.826191 -1.6475747 115.380460409 59.7798109655 -1.66308298293 2.75657068528 -0.888559159461 0 0.392
201 12.8892869949 117.28663 57.948056 -1.7072698 115.878684706 60.2681403864 -1.70716538783 2.71387205121 0.00598237656425 0 0.432
204 12.6189079285 117.37131 58.006137 -1.7818651 115.804250498 60.2524786676 -1.72643456275 2.73892796026 3.17593584082 0 0.404
207 12.5909421444 117.40314 57.989067 -1.8555926 115.652966331 59.7961181189 -1.81331068826 2.51565928088 2.42257509265 0 0.296
210 12.7032380104 117.02719 57.008887 -1.8977403 116.420256184 59.418456341 -1.86595599288 2.48483260313 1.82110665251 0 0.332
213 12.4814789295 116.38504 55.250118 -1.9095407 115.904250268 57.0203649259 -1.88238483066 1.83437535556 1.55591670228 0 0.416
216 12.4168879986 115.67443 53.450651 -1.9075572 115.765501314 55.5396746064 -1.84849045186 2.09100779829 3.38427537799 0 0.38
219 12.4200959206 115.02136 51.574537 -1.9165104 114.43013883 53.3245247456 -1.86990619702 1.84715986902 2.67022413854 0 0.472
222 12.4935250282 114.35753 49.684701 -1.9233127 114.202732585 51.8441997953 -1.9079257805 2.16503978866 0.881605546842 0 0.508
225 12.3860940933 113.59486 47.870819 -1.9110101 113.117492879 50.2568213204 -1.8873819614 2.4332871679 1.35379261958 0 0.552
228 12.4430658817 112.87829 45.986656 -1.9118326 112.583255722 47.9698683493 -1.90257965093 2.00503776706 0.530154929651 0 0.47
231 12.4020009041 112.17059 44.128463 -1.9122248 111.452440096 46.094545941 -1.88049941242 2.09313674086 1.81773081201 0 0.416
234 12.4859659672 111.43202 42.277019 -1.9027456 110.463440653 44.2277112099 -1.91623165021 2.1779224156 -0.772693759361 0 0.506
237 12.4144430161 110.82393 40.37458 -1.9174412 110.160566204 42.6830301283 -1.94605907332 2.40187291947 -1.63968335992 0 0.436
240 12.4020829201 110.14399 38.567468 -1.912432 109.585965577 40.7453854458 -1.91153389898 2.24826948053 0.0514573980301 0 0.434
243 12.4375259876 109.42625 36.696167 -1.9074722 108.574321728 39.0943429188 -1.90541518979 2.54500088769 0.117858003695 0 0.544
246 12.4867630005 108.96452 35.308972 -1.917648 108.319137094 37.686138796 -1.91057706665 2.46321762564 0.40513463801 0 0.562
249 12.4616000652 108.91335 35.330429 -1.9171391 108.524533873 37.506355363 -1.94729320008 2.21039216384 -1.72770266974 0 0.592
252 12.3790240288 108.9585 35.348205 -1.9450374 108.478188069 37.1520456406 -2.00252045416 1.86669242445 -3.29353639671 0 0.576
255 12.4966640472 108.97674 35.368834 -2.0165302 108.794629671 37.0502898393 -2.02551651203 1.6912888314 -0.51487775262 0 0.512
258 12.4724309444 108.99865 35.397074 -2.0803106 108.670970709 38.2318571781 -2.08372670192 2.85365894675 -0.195728222644 0 0.504
261 12.499478817 109.05048 35.474836 -2.159245 108.627147954 37.0386664652 -2.17470996604 1.62011596667 -0.886077284507 0 0.476
264 12.4105651379 109.09365 35.518169 -2.2238592 108.62660221 37.6904396507 -2.23841601862 2.22191210844 -0.834044270097 0 0.508
267 12.4318549633 109.14301 35.568827 -2.2920109 107.589930092 37.8006667167 -2.30390629228 2.71903764646 -0.681555773059 0 0.42
270 12.4715678692 109.24021 35.586114 -2.3597618 109.248222884 37.1180761343 -2.34378000418 1.53198308975 0.915689449251 0 0.434
273 12.458837986 109.32691 35.57971 -2.4292889 108.246068642 38.2576323959 -2.41287452233 2.88781689168 0.940474564023 0 0.394
276 12.5238330364 109.34422 35.612178 -2.4970016 109.789294623 37.2884728263 -2.4791828029 1.7343747475 1.02094186987 0 0.454
279 12.4860858917 109.45255 35.562283 -2.5751384 107.564657693 37.7975779351 -2.50391727816 2.92586411363 4.08066969378 0 0.384
282 12.471116066 109.51035 35.610832 -2.6455993 107.90497778 37.1958164089 -2.5669298934 2.25596886964 4.50742497488 0 0.358
285 12.4427170753 109.52669 35.619453 -2.7060079 109.961884615 37.1658950531 -2.57006526434 1.60651093253 7.788939279 0 0.368
288 12.4043850899 109.56751 35.667144 -2.7779359 108.182130331 36.6531469923 -2.71381414482 1.70043486435 3.67390594668 0 0.346
291 12.3159451485 109.58407 35.725569 -2.8421247 109.852671814 36.9356669433 -2.70428581369 1.23954990496 7.89758643832 0 0.376
294 12.4007451534 109.62066 35.728072 -2.9074408 108.77469304 37.1920580733 -2.82146322336 1.69083273004 4.92615227425 0 0.312
297 12.3786859512 108.40689 35.538158 -2.9474042 108.128021567 37.6605086266 -2.86217320501 2.14059332554 4.88337629665 0 0.342
300 12.4291470051 106.63579 35.154474 -2.9731605 105.55760329 37.3621902254 -2.87077485494 2.4569284713 5.86626534438 0 0.368
303 12.4400398731 104.74277 34.838538 -2.9724974 104.274650931 36.4838529385 -2.91433150918 1.71061296317 3.33266005584 0 0.448
306 12.4672119617 102.71686 34.507066 -2.970186 101.46672211 35.5172277122 -2.89980117895 1.60725586934 4.03275318788 0 0.354
309 12.4949271679 100.87602 34.149296 -2.9774562 100.726326161 35.242412043 -2.90590757015 1.10331814502 4.09943452027 0 0.386
312 12.46342206 98.917573 33.856952 -2.9648121 98.2165147523 34.6292221292 -2.90656738146 1.04301669164 3.3371765513 0 0.488
315 12.3893179893 96.872255 33.519705 -2.9713846 96.0487958054 34.4524267703 -2.91004126599 1.24420856205 3.51471414017 0 0.632
318 12.3924999237 94.700759 33.157106 -2.9752463 94.0693764735 33.9276292209 -2.89843382624 0.996167620847 4.40103056023 0 0.518
321 12.4147369862 92.656194 32.878926 -2.9695623 91.8624373939 34.1958470002 -2.92367555677 1.53763795169 2.62911672286 0 0.49
324 12.431563139 90.628889 32.525228 -2.9736018 89.8721758883 33.7895885396 -2.94484487469 1.47350680608 1.64765045207 0 0.564
327 12.375977993 88.510396 32.191288 -2.9695852 87.418995932 33.2973264393 -2.9424194449 1.55385814592 1.5564831143 0 0.592
330 12.4551830292 87.334812 32.006658 -2.9896435 86.3898900894 33.4737894635 -2.98797829489 1.74509373625 0.0954092249168 0 0.528
333 12.4334602356 87.328365 31.983283 -3.0015998 86.1889295417 33.6739339233 -3.0279063267 2.03877750333 -1.50725295353 0 0.552
336 12.5230951309 87.328448 32.00285 -3.0442403 86.4520423562 33.5154542425 -3.08680734508 1.74815858746 -2.43891202934 0 0.532
339 12.4113559723 87.480424 31.977098 -3.121648 86.3627214785 33.9108052429 -3.02786305502 2.23349112999 5.373481529 0 0.484
342 12.413214922 87.509332 32.088761 3.0972389 86.1388380596 33.9556910228 -3.10281758081 2.31596229477 4.76293090705 0 0.45
345 12.4315321445 87.537767 32.004513 3.0032565 86.5207043012 33.6651937968 3.07182414838 1.94737701591 3.92863686335 0 0.45
348 12.5838630199 87.588829 31.971963 2.902116 86.6123975333 33.6469241448 3.00031003385 1.93879169736 5.62610371305 0 0.352
351 12.410804987 87.696053 31.883789 2.7788249 86.5257422584 33.7633027301 2.93002234246 2.21409103101 8.66297532603 0 0.334
354 12.9051609039 87.777704 31.698119 2.6376296 85.6371556261 33.3838059231 2.72788672443 2.72460781471 5.1713523009 0 0.298
357 12.3795661926 87.896098 31.65995 2.4917922 85.9527522765 34.6705749964 2.84206295003 3.5833581275 20.0690356633 0 0.186
360 12.4413459301 87.958395 31.594625 2.366513 86.4538664785 33.6083913692 2.59075368676 2.51373448514 12.8480449465 0 0.238
363 12.5284690857 87.964094 31.460561 2.2184109 86.1250129961 33.5101826318 2.45169513397 2.75375521293 13.3662020333 0 0.238
366 12.4429140091 87.708527 31.831987 2.1125682 85.7761830424 34.1892222215 2.2298653306 3.04803396637 6.72063053229 0 0.306
369 12.4461021423 86.721318 33.612273 2.0920166 84.6467813133 36.2784871775 2.32694955469 3.37822446039 13.4606667723 0 0.282
372 12.4522681236 85.724716 35.405361 2.0873093 84.7380026706 36.3557634121 2.10913614343 1.36998829901 1.2505860086 0 0.274
375 12.7930309772 84.755772 37.248267 2.0862059 83.6495932852 38.5897869132 2.09997810464 1.73876594933 0.789089200184 0 0.33
378 12.4713711739 83.690185 39.149374 2.0868314 82.144251812 40.6781217355 2.12026387519 2.17416169141 1.91553972704 0 0.444
381 12.5144388676 82.666747 40.97523 2.090975 80.7375659684 42.0868604095 2.14320019856 2.22653578911 2.9922834617 0 0.458
384 12.383934021 81.635815 42.877142 2.0910396 80.236550957 43.6925005591 2.09436870933 1.61949048838 0.190743914281 0 0.518
387 12.3789169788 80.624097 44.699122 2.0805048 79.0239331617 45.4582360869 2.12970066834 1.77109528434 2.81871562559 0 0.508
390 12.5578727722 79.602515 46.546403 2.0762437 77.8188461372 47.3357987197 2.11106856853 1.95054356897 1.9953179891 0 0.552
393 12.4525549412 78.599692 48.40129 2.0808805 77.2212282591 49.0920553453 2.08960805283 1.54185571547 0.500051942419 0 0.598
396 12.3670179844 77.532669 50.298142 2.0919608 75.9876020698 51.010654112 2.13278236859 1.70144213199 2.33890359322 0 0.618
399 12.4074170589 76.53881 52.074716 2.0854653 75.5074975523 52.796124243 2.09895318443 1.25858460895 0.772798852682 0 0.694
402 13.3444719315 75.533974 53.92833 2.0838411 73.684926799 54.8240242071 2.11382707634 2.05456653928 1.71806988881 0 0.64
405 12.6016788483 74.451304 55.860797 2.0823704 72.7734484355 56.1756940919 2.10626257343 1.70714951711 1.36892070073 0 0.594
408 12.5089120865 73.464188 57.689364 2.0801622 71.2416126728 58.189850113 2.12789472996 2.27822901276 2.7348725124 0 0.508
411 12.5361800194 72.461178 59.521835 2.0808323 69.9026853968 59.9110739089 2.13116206326 2.58793186326 2.88368301888 0 0.542
414 12.5148370266 71.469371 61.42577 2.0898858 69.3398305174 62.2233824563 2.09694034234 2.274011499 0.404195502585 0 0.572
417 12.4125368595 70.386885 63.322712 2.0827703 68.0450978956 63.7467374868 2.12071544773 2.37986647861 2.1740968177 0 0.624
420 12.4893040657 69.38246 65.186025 2.0922796 66.726150612 65.6158878744 2.12869212032 2.69086633926 2.08628373588 0 0.648
423 12.5254440308 68.400253 67.014087 2.0893798 65.602790698 67.6294876469 2.11465576715 2.86435215842 1.44820624065 0 0.692
426 12.5575940609 67.30799 68.901204 2.089526 64.9044026268 69.1009500681 2.12344060519 2.41187287239 1.94316374135 0 0.66
429 12.6623029709 66.315197 70.741557 2.0869248 63.7810745004 70.4554361883 2.1146452126 2.55022390428 1.58826264807 0 0.674
432 12.856292963 65.281228 72.464006 2.0745737 62.7569508013 72.3020557971 2.1202297961 2.52946698814 2.61590161575 0 0.732
435 12.6879110336 64.283593 74.421326 2.0918621 61.4452709682 74.3076993098 2.113574682 2.84059553278 1.24403931084 0 0.732
438 12.6186199188 63.28447 76.191493 2.091939 60.5393661349 76.2291354663 2.1349147694 2.74536194072 2.46233020775 0 0.77
441 12.7760300636 62.204887 78.125252 2.0893553 59.1138465042 77.8935922292 2.12559713601 3.09970927611 2.07650424509 0 0.752
444 13.2705881596 61.273659 79.948227 2.0960183 57.6089988474 79.9791323687 2.12875730374 3.66479046824 1.87580673986 0 0.762
447 12.949737072 60.19879 81.787566 2.089809 57.2071167205 82.0716481854 2.11525970197 3.00513089556 1.45821780844 0 0.75
450 12.5604088306 59.161438 83.629466 2.0974137 56.6673334203 83.7185896205 2.09088821553 2.49569643071 -0.373882719332 0 0.688
453 12.4634971619 58.11891 85.485673 2.0964985 55.4710003815 85.6521837643 2.08746841032 2.65313987237 -0.517386027121 0 0.706
456 12.5554819107 57.036783 87.336936 2.0992423 55.1309496162 87.3493959308 2.09022821992 1.9058741135 -0.516468744988 0 0.746
459 12.499309063 56.357629 88.602308 2.124456 54.0808822893 88.612783622 2.10484752478 2.27677081042 -1.12348287294 0 0.666
462 13.4168980122 56.200217 88.720884 2.2094598 54.5278859433 88.4060056969 2.19901721037 1.70171663589 -0.598316312747 0 0.652
465 13.2368791103 56.199637 89.07416 2.3631742 53.2932982591 88.2214610002 2.35376318429 3.02884474036 -0.539211480995 0 0.56
468 13.0219700336 56.109511 89.161307 2.4869631 53.0968995009 88.3678232496 2.48038138761 3.11535624068 -0.377104341924 0 0.512
471 13.3696370125 56.023191 89.233423 2.608836 52.50465599 88.7299414067 2.60572913961 3.55437509716 -0.178009988169 0 0.5
474 13.7384369373 54.873312 89.789936 2.6823278 51.9728353359 89.1218215811 2.68467328339 2.97643104335 0.13438629911 0 0.54
477 12.4413540363 52.997249 90.667048 2.6986067 50.0229444079 90.2195089537 2.73063522669 3.00778639613 1.83509940319 0 0.636
480 12.6422989368 51.122563 91.609157 2.7018871 48.041333159 91.0140013456 2.73046272755 3.13818221047 1.63726285583 0 0.66
483 12.7680900097 49.137432 92.566213 2.7007601 46.4192495154 91.5309357604 2.70757473195 2.90866206059 0.3904496496 0 0.444
486 13.2408030033 47.308569 93.452781 2.7003868 44.5761420248 92.5312865787 2.71789636679 2.88362777475 1.00322427831 0 0.622
489 12.6373500824 45.360782 94.336008 2.7008969 42.5714839062 93.9803978106 2.72926294945 2.81187525733 1.62525491513 0 0.676
492 12.4744927883 43.468079 95.251019 2.7064338 40.8663777411 94.0602048608 2.72104210969 2.86127379935 0.83699449096 0 0.638
495 12.7937049866 41.590918 96.131677 2.7064065 38.5696919001 95.0880065565 2.72064711683 3.19641285528 0.815927242129 0 0.644
498 12.8505060673 39.606214 97.06058 2.704478 36.2690739515 96.1894987234 2.72605756858 3.44895437692 1.23641820328 0 0.646
501 12.6935880184 37.718719 97.944153 2.696243 34.484591342 96.8597140055 2.74535002934 3.41109801102 2.81362552558 0 0.676
504 12.8325829506 35.769603 98.891663 2.7044976 32.6909244539 97.2606900677 2.74341340097 3.48401123648 2.22971115218 0 0.64
507 13.2951431274 33.862509 99.822852 2.7013631 30.4938716283 98.1600257012 2.7559064791 3.75668857394 3.12510542279 0 0.676
510 12.8098919392 31.979521 100.73965 2.7066945 29.3477088246 99.2832263831 2.72735100958 3.00792371553 1.18353081824 0 0.492
513 13.3261480331 30.015598 101.64307 2.7044148 27.6003225743 100.493768732 2.70570379806 2.6747801382 0.0738541485571 0 0.432
516 12.5422370434 28.083667 102.5122 2.7038251 25.8389449882 101.481557865 2.70192549355 2.47002026709 -0.108839432099 0 0.512
519 12.6654238701 26.231599 103.44351 2.6987262 23.4333524349 102.46713372 2.72804756864 2.96369608407 1.6799906726 0 0.57
522 12.9809939861 24.326425 104.3449 2.7056645 21.4676356224 103.58726484 2.70196230971 2.95747996468 -0.212119878737 0 0.62
525 12.6824212074 23.072168 104.95788 2.6888385 20.0857393437 104.152295987 2.68890101039 3.0931734064 0.00358158147072 0 0.708
528 902.860190868 23.059574 104.94595 2.6093304 19.5921355674 104.78742731 2.58830842118 3.47106017334 -1.20447066361 0 0.626
531 12.7962219715 23.148655 105.02795 2.4881616 19.1313957252 104.240996255 2.47164931723 4.09361310803 -0.946084112708 0 0.608
534 12.7508161068 23.15609 104.97342 2.3614352 18.9545302181 104.587182664 2.3460295415 4.21927527909 -0.882679212955 0 0.532
537 12.7429358959 23.189116 104.80794 2.2179164 19.2007775187 104.067298937 2.204285204 4.05652474721 -0.781010000707 0 0.64
540 12.4368281364 23.170444 104.45908 2.0515088 19.0773627377 103.485674173 2.08712297969 4.20723580558 2.04054218727 0 0.518
543 12.4382481575 23.203193 104.36781 1.9241471 19.2608598557 104.733672137 1.95921480697 3.95927338337 2.00923160634 0 0.47
546 12.440541029 23.268475 104.40083 1.8086424 19.8507971944 103.236812718 1.83617778989 3.61046504157 1.57766162811 0 0.504
549 12.4349958897 23.269141 104.3114 1.6661585 19.0480271109 104.93652682 1.67589187122 4.26715197821 0.5576810915 0 0.548
552 12.8496990204 23.273746 104.22596 1.531085 19.7252885396 105.502553688 1.55922996589 3.77110617615 1.61258776013 0 0.53
555 12.4189550877 23.201513 103.9692 1.3630267 19.3199719349 104.872058698 1.39342255817 3.98516183714 1.74155438764 0 0.446
558 12.4653019905 23.573375 105.47089 1.3112874 19.68373808 105.592040584 1.33702291187 3.89152320223 1.47453621352 0 0.524
561 12.4262690544 24.091257 107.45193 1.3021436 19.2853580504 106.741723208 1.32569568429 4.85809205368 1.34943502867 0 0.382
564 12.524793148 24.69734 109.54228 1.2971878 20.7427931808 108.777114403 1.29448625283 4.02789261727 -0.154787250817 0 0.426
567 12.4739379883 25.24514 111.62222 1.291934 21.724962842 111.265104913 1.32862289206 3.53824510305 2.10211867008 0 0.6
570 12.4508690834 25.838263 113.71051 1.2925571 21.9398749692 113.360528852 1.30046782308 3.91406643303 0.453251045343 0 0.636
573 12.5980870724 26.485855 115.66064 1.2984976 22.7809689281 115.567751938 1.33161781787 3.70605032313 1.89764870024 0 0.68
576 12.4872591496 26.666562 116.70228 1.2516028 22.2990518537 116.948184115 1.26582042666 4.37442724385 0.814610002241 0 0.668
579 12.4900410175 26.671044 116.66524 1.1445574 23.0405231476 116.552997787 1.16585203446 3.63225549404 1.22009268077 0 0.65
582 12.764248848 26.68282 116.71548 1.0360889 22.9560535416 116.465394309 1.02981678783 3.73514806783 -0.359365555835 0 0.63
585 12.6160750389 26.598988 116.54426 0.86252405 22.6631931917 116.243428864 0.89153935844 3.94727502779 1.66245471489 0 0.602
588 12.5028629303 26.490987 116.49462 0.72378221 22.711598155 115.898093693 0.770455587094 3.82617611677 2.67418752309 0 0.632
591 12.4304039478 26.414554 116.44154 0.58967497 22.2531722106 116.401835018 0.627788997259 4.1615712036 2.18377290218 0 0.616
594 12.3662090302 26.30131 116.37003 0.43724496 22.262928672 116.907529286 0.501235372658 4.07399426025 3.66638057458 0 0.546
597 12.3690149784 26.176025 116.35464 0.31453037 21.9944869518 115.396220965 0.379127860994 4.28996823948 3.70116360109 0 0.512
600 12.4041409492 26.088883 116.46581 0.14702743 22.1748233259 116.023960219 0.232996434447 3.93892045637 4.92566112377 0 0.516
603 12.4358479977 25.977812 116.45377 0.019989929 21.4951530871 115.862893262 0.105850386511 4.52143409203 4.91944184245 0 0.49
606 12.4149742126 25.890585 116.45549 -0.11586106 22.347534669 116.37029952 -0.0388418097504 3.54407435949 4.41287798056 0 0.426
609 12.414757967 27.617035 116.21759 -0.13548047 24.2753445306 115.944281242 -0.0593247169018 3.35284847118 4.36340323817 0 0.528
612 12.5516619682 29.732468 115.90829 -0.14344069 26.5676897688 115.17180827 -0.0897013788826 3.24934248607 3.07903572097 0 0.548
615 12.4528079033 31.744289 115.6014 -0.14068963 27.6432916127 115.428203353 -0.120382560202 4.10465304854 1.16350939372 0 0.546
618 12.4088299274 33.87565 115.27561 -0.13567301 30.289684997 115.032372621 -0.104635766975 3.59420497819 1.77830303306 0 0.628
621 12.5093860626 35.936054 114.9269 -0.14240112 32.7581167057 114.571164141 -0.0917464679437 3.19778571015 2.90229777553 0 0.69
624 12.431427002 38.113735 114.67885 -0.14674677 34.6405150632 114.410481402 -0.106514433054 3.48357265374 2.30514310695 0 0.65
627 12.4915070534 40.163768 114.30534 -0.14012204 36.4450669274 114.662423333 -0.0947523812751 3.7358059604 2.59948996288 0 0.734
630 12.4126188755 42.346763 113.98058 -0.16006212 38.7976091029 114.494860379 -0.0874921565936 3.58622053055 4.15795262261 0 0.748
633 13.0549530983 44.341947 113.67079 -0.15507802 40.9082662544 114.251268543 -0.0816912229351 3.48240129821 4.2047537438 0 0.722
636 12.6668679714 46.544067 113.30502 -0.15009707 42.8949908911 114.36397754 -0.0795686713497 3.7996246551 4.04097957848 0 0.726
639 12.4943320751 48.557097 112.97025 -0.14631805 44.9520465479 113.673402982 -0.0804671821229 3.67298419244 3.77297680663 0 0.69
642 12.4365241528 50.586062 112.64729 -0.14866611 47.4549933409 113.867335456 -0.0739892682346 3.36037228034 4.27866786052 0 0.754
645 12.4787349701 52.747394 112.3225 -0.14488479 50.1134940645 113.932904503 -0.0658916139463 3.08720448539 4.52597559821 0 0.758
648 12.4569499493 54.919709 111.95097 -0.14565598 51.7299595479 113.947298273 -0.0612947130466 3.76295470873 4.83354455081 0 0.722
651 12.3910319805 56.9199 111.70562 -0.14317608 53.9297646641 113.432542838 -0.0819831583188 3.45299461559 3.50609614841 0 0.666
654 12.4181370735 58.963864 111.32719 -0.14485493 56.5130963987 113.952363242 -0.0534957703996 3.59135021762 5.23449426496 0 0.586
657 12.5167150497 61.070196 111.0267 -0.15209978 57.6946225417 111.907876397 -0.129189655812 3.48869144743 1.3126534241 0 0.618
660 12.60709095 63.25691 110.67843 -0.1447313 59.7539666753 111.649454021 -0.116461667445 3.63503776942 1.61973063376 0 0.688
663 12.5406899452 65.338645 110.4192 -0.14848438 61.6571885173 111.667035742 -0.120572002966 3.88718611251 1.59926140025 0 0.692
666 12.5734651089 67.412523 110.08404 -0.1445869 63.5242613047 111.597039901 -0.117891474864 4.17225930545 1.52953519259 0 0.724
669 12.5434479713 69.507235 109.73429 -0.15139682 66.24051369 110.860801952 -0.121634455274 3.45550246627 1.70525788714 0 0.738
672 12.5344460011 71.647859 109.39116 -0.14906575 68.3954485512 111.103978966 -0.10896089054 3.6758567079 2.29783918503 0 0.772
675 12.3844149113 73.702975 109.06139 -0.1559357 69.8958011873 111.155238673 -0.0851077921776 4.34497119738 4.05814018997 0 0.734
678 12.5350980759 75.754203 108.72815 -0.15045699 72.2361338564 110.241504449 -0.129305218941 3.82975876351 1.21190721091 0 0.704
681 12.671380043 77.860742 108.43703 -0.15243836 74.1853113105 109.863536797 -0.146845619642 3.9425515081 0.320440418406 0 0.76
684 12.8012881279 79.97813 108.08555 -0.15170568 75.9581794983 109.117863093 -0.148462659937 4.15038219439 0.185811362505 0 0.698
687 12.7307779789 82.120618 107.73965 -0.14888428 78.1499427155 108.736198638 -0.140620982249 4.09382112495 0.473452085973 0 0.758
690 12.5408260822 84.192494 107.42985 -0.14593359 80.8816271404 108.599580901 -0.131032129506 3.51142559969 0.853790794895 0 0.77
693 12.6272828579 86.28045 107.15458 -0.15823172 82.4724532371 108.690242401 -0.124667416543 4.10598323852 1.92309293039 0 0.666
696 12.6126451492 88.385341 106.75858 -0.15035877 84.4384159528 108.801617503 -0.111599122364 4.44434692235 2.22076422495 0 0.728
699 12.6662712097 90.512184 106.42958 -0.15443508 86.9568900053 108.565833939 -0.0986701209232 4.14773387277 3.19509679982 0 0.768
702 12.3758089542 92.541412 106.11165 -0.15857271 89.4503592132 108.207871502 -0.0934243822604 3.73480279472 3.73272422181 0 0.758
705 12.368719101 94.624435 105.7799 -0.14991569 91.1553862635 108.203830959 -0.110825600647 4.23199012669 2.23969714074 0 0.742
708 12.6551349163 96.812614 105.41142 -0.16008539 93.1047186246 107.560694905 -0.120670058141 4.28577539461 2.25833216361 0 0.664
711 12.4310538769 98.833392 105.05687 -0.15857643 94.8572928117 107.051928142 -0.146784987041 4.44855276996 0.675599915915 0 0.652
714 12.7696418762 100.9283 104.72764 -0.15390186 96.5709289698 107.103882534 -0.12066758603 4.96318555715 1.90418363365 0 0.462
717 12.8238110542 103.02648 104.38009 -0.15580909 98.8144049654 106.580305301 -0.123036316424 4.75210726586 1.87774160882 0 0.618
720 12.4553639889 103.56436 104.3046 -0.21764658 99.7789069773 106.756721822 -0.18600693711 4.51027227772 1.81281800291 0 0.59
723 12.7451241016 103.46604 104.39779 -0.32798619 99.5396730688 106.54068556 -0.287877031287 4.47307038379 2.29808551408 0 0.596
726 12.9339489937 103.43166 104.43448 -0.46455789 99.3124148495 106.578783758 -0.419892984356 4.64394435993 2.55911058578 0 0.57
729 12.4673130512 103.35806 104.51276 -0.60050128 99.048262263 106.537779387 -0.554137066547 4.76183368591 2.65647375132 0 0.496
732 12.6270611286 103.30537 104.5712 -0.75278089 100.896837899 106.37747347 -0.64609084462 3.01058976395 6.1128893163 0 0.346
735 12.5916991234 103.24477 104.73622 -0.88717849 99.9997461332 107.030031131 -0.786813448186 3.97388341578 5.75049330657 0 0.398
738 13.4951980114 103.11543 104.83266 -1.0218313 100.568533234 106.516177542 -0.925384754229 3.05301726971 5.52598002129 0 0.376
741 12.6989109516 103.3336 104.43355 -1.1359167 100.296483129 106.880438987 -1.08902793745 3.90017238089 2.68652820051 0 0.394
744 13.2238659859 104.18264 102.5184 -1.1499809 101.472983723 104.681095058 -1.08114075323 3.46691318796 3.94424987091 0 0.586
747 12.6911301613 105.02068 100.61649 -1.1544373 102.777739211 103.111760699 -1.0820169109 3.35516903332 4.14938264606 0 0.576
750 12.4869959354 105.97315 98.645528 -1.1675657 104.290232414 101.147291189 -1.06371198176 3.01513360488 5.95037974183 0 0.59
753 12.5781149864 106.66644 96.709247 -1.154133 104.671293769 99.0532728389 -1.0663383738 3.07815945263 5.03026154529 0 0.668
756 12.641354084 107.65453 94.805864 -1.1707179 105.356908766 97.2928077889 -1.11767073768 3.38584594227 3.03937851587 0 0.634
759 12.3512129784 108.36584 92.821603 -1.1639211 105.820818611 94.6557866713 -1.11288814785 3.13709477242 2.92397277453 0 0.628
762 12.8399000168 109.18739 90.932737 -1.1605274 107.170001622 92.4264870199 -1.13810311945 2.51020815691 1.28481663423 0 0.582
765 12.7195649147 110.00551 88.971931 -1.1631703 108.193609448 90.2441196291 -1.12546973061 2.21392129862 2.16008351155 0 0.678
768 12.6372921467 110.83946 87.051439 -1.1600004 108.738959841 89.3695987334 -1.12544896874 3.128252782 1.97965118719 0 0.704
771 12.4119069576 111.68317 85.129972 -1.1502451 110.247720527 87.1634373386 -1.11892520211 2.48907542505 1.79449796405 0 0.712
774 12.3968410492 112.49307 83.177328 -1.1488654 110.883831777 86.0628960033 -1.09456620118 3.30395979979 3.11111492305 0 0.662
777 12.4145028591 113.40329 81.226755 -1.149046 111.873553098 83.6254961984 -1.11966409772 2.84500515407 1.68345899446 0 0.694
780 12.4621319771 114.20236 79.347389 -1.1522317 111.987106833 81.9715044467 -1.12804103727 3.43414159152 1.38602287828 0 0.58
783 12.7749650478 115.10134 77.33273 -1.146946 113.148182488 79.922021803 -1.12614218261 3.2433403008 1.19197093398 0 0.502
786 12.534842968 115.87569 75.433999 -1.1405871 113.705553735 78.220933562 -1.11311600221 3.53220832662 1.57397796207 0 0.498
789 12.6742479801 116.74641 73.521868 -1.1514597 114.63419324 76.0066902992 -1.13354222703 3.26125765594 1.02659558086 0 0.61
792 12.4396550655 117.66191 71.592443 -1.1472421 115.6344777 74.5196012157 -1.13325724175 3.56072140881 0.801273354956 0 0.518
795 12.7403120995 118.47567 69.543126 -1.1411103 116.603479907 72.0306514601 -1.11881950928 3.11333882821 1.27716823023 0 0.584
798 12.8697521687 119.32773 67.660396 -1.1493947 117.571084817 70.5550044293 -1.12319594255 3.38593565457 1.5010782304 0 0.62
801 12.969399929 120.23613 65.736718 -1.1477983 118.439068655 68.3337950927 -1.10935962333 3.15820184639 2.20237394308 0 0.612
804 12.7271299362 121.05504 63.851108 -1.1435448 119.610441058 66.3314323734 -1.10874609955 2.87034407341 1.99381866821 0 0.71
807 12.6721060276 121.9387 61.889647 -1.1416966 120.150478863 64.4314176942 -1.13893390609 3.10778588314 0.158290701378 0 0.71
810 12.5124568939 122.75206 59.947854 -1.134592 121.621774522 62.5540434436 -1.11388470249 2.84073382731 1.1864407525 0 0.71
813 12.5766699314 123.61313 58.017737 -1.1345099 122.253118879 61.1808111619 -1.08810135541 3.44306090621 2.65901373845 0 0.66
816 12.9258720875 124.50226 56.14403 -1.1250591 122.955153598 59.0853506175 -1.11197839687 3.32338760809 0.749469082445 0 0.706
819 12.9560010433 125.37031 54.195354 -1.1346431 123.76971725 57.7114726332 -1.1182138728 3.86328712276 0.941325379245 0 0.572
822 12.7450580597 126.19009 52.293812 -1.120627 124.779648353 55.6068966695 -1.11373109798 3.60081597245 0.395106081698 0 0.616
825 12.9442839622 127.09539 50.434417 -1.1252352 125.777305705 53.9559800328 -1.124135218 3.76015324182 0.0630243259651 0 0.72
828 12.8510138988 127.94916 48.435924 -1.125081 126.474130549 51.3133826526 -1.11642164478 3.23349349466 0.496144507541 0 0.656
831 12.3531589508 128.83417 46.49897 -1.1135569 127.372037508 49.9065679765 -1.12220490089 3.70803929238 -0.495493952033 0 0.666
834 12.8973779678 129.69028 44.561049 -1.1141866 128.191770499 47.2059403647 -1.12723582521 3.03989819838 -0.747665530639 0 0.638
837 13.1222741604 130.6504 42.689185 -1.1179531 129.050439718 45.49347809 -1.12984325703 3.22861156523 -0.681255815596 0 0.632
840 13.2308859825 131.56218 40.752166 -1.1133477 130.234531461 43.4856823859 -1.11494282165 3.03887519909 -0.091393738264 0 0.512
843 13.1070299149 131.80181 39.159633 -1.0655485 131.301361293 42.515341065 -1.10965763699 3.39281970137 -2.52726738725 0 0.546
846 12.62084198 89.526265 39.287264 -0.26055386 132.339999546 40.5689579614 -1.09465006029 42.8329149746 -47.7901919848 0 0.588
849 12.4426691532 49.129117 22.860079 0.57174269 133.542382096 39.9425465345 -1.08911236822 86.1243869135 -95.1599852192 0 0.362
852 12.4798579216 45.693587 19.436118 1.0035584 134.772976538 39.472285545 -1.09069685718 91.3049048536 -119.99198746 0 0.066
855 12.3972959518 46.841947 21.209275 1.0214136 134.916032257 29.3741582064 -1.17686542599 88.4517371881 -125.952110381 0 0.012
858 12.4888870716 48.00008 22.972907 1.0079248 68.8589450318 105.327800859 1.99700879674 84.9554047305 56.6703385974 0 0.022
861 12.5177609921 49.170996 24.731115 1.014741 76.7435179816 133.091593141 1.81727282596 111.813403452 45.9816865527 0 0.018
864 12.5178079605 50.349541 26.532036 1.0144485 38.3969428303 89.6711205499 2.37688471616 64.2604746388 78.0618450419 0 0.012
867 1401.77581501 51.518278 28.351001 1.0069992 61.7319506815 101.585974659 -1.1923145627 73.9437656368 -126.011396428 0 0.018
870 13.5671989918 52.642563 30.101924 1.0170679 57.7431910043 102.487730811 -2.97491727238 72.5652908333 131.276097744 0 0.03
873 13.8747289181 53.80357 31.912095 1.0183648 35.2166393452 99.5757679757 1.71427471506 70.1701263483 39.8727010544 0 0.02
876 13.7863280773 54.946688 33.671099 1.0064723 35.7550731673 102.344639402 1.6079163647 71.3047910822 34.4602065207 0 0.03
879 13.8478770256 56.161659 35.476636 1.0152563 93.1064819378 43.0939510321 2.47612791132 37.7219224087 83.7017777391 0 0.026
882 13.4225370884 57.333476 37.252395 1.017552 21.8917834471 72.1582798972 -2.51385012131 49.7446918924 157.665562685 0 0.014
885 14.259526968 58.434052 39.044555 1.0099164 36.5042981506 107.42517371 1.6355861077 71.8110236599 35.8482336202 0 0.026
888 13.3489990234 59.558673 40.733157 1.0155176 17.4925077312 70.2901585599 -2.60380554474 51.4118527349 152.628059112 0 0.016
891 12.9838531017 60.829575 42.673596 1.0256616 84.2634358745 42.530297915 2.8486702822 23.4342990044 104.450703506 0 0.012
894 13.2598500252 61.938983 44.298725 1.0235902 35.7720171514 113.566532797 1.61265871891 74.0455218004 33.7511399778 0 0.02
897 14.0257689953 63.08776 46.123861 1.0214801 76.570456705 120.58788128 0.0936752341723 75.6747872595 -53.1593030236 0 0.006
900 13.9518280029 64.233274 47.872937 1.026201 34.9170825675 117.727165962 1.67517314125 75.756533606 37.1833647153 0 0.014
903 15.3604199886 65.367062 49.701179 1.0288308 61.8295190099 52.0020193519 0.98406571165 4.21996169787 -2.56485063199 0 0.016
906 13.8124821186 66.47055 51.411163 1.0247772 64.548188183 51.2802292508 1.00920228847 1.92681566376 -0.892376696984 0 0.036
909 13.4191908836 67.601685 53.206336 1.0345375 65.1834927494 54.031274621 0.979225152319 2.55502984121 -3.1691640771 0 0.068
912 13.6887331009 68.713633 54.989386 1.0321621 67.2542294442 54.8509262541 1.02058782287 1.46595697071 -0.663157230266 0 0.066
915 13.0956258774 69.889939 56.860516 1.0335194 66.8883762904 58.5319991406 1.03015065705 3.43558358784 -0.19301475303 0 0.054
918 13.1642260551 70.97178 58.665246 1.0279054 68.3359489135 60.3982284462 1.03296610018 3.15449420279 0.289956761666 0 0.082
921 13.2137348652 72.083269 60.388926 1.0348295 69.3412993884 62.0867013214 1.00916387897 3.22503308396 -1.47053176358 0 0.144
924 13.6281158924 73.21006 62.180545 1.0389104 69.7850298584 64.2398211285 1.03117926048 3.99642961209 -0.442961665142 0 0.166
927 13.0336840153 74.211219 63.966291 1.0279221 70.9209826108 65.2294094355 1.00874220004 3.52436145685 -1.09892731892 0 0.294
930 12.9563438892 75.394113 65.876292 1.0355825 72.6841920464 66.7991898993 1.01354242198 2.8627630198 -1.26280345063 0 0.342
933 14.8939070702 76.475569 67.55587 1.0353462 73.7741415087 68.7734423224 1.00286568895 2.96313901988 -1.86099619977 0 0.352
936 14.5211038589 77.652303 69.425792 1.0395167 74.9195458125 70.721934943 1.00720700429 3.02455755017 -1.8512092016 0 0.452
939 14.428771019 78.72098 71.209083 1.0347632 75.9354466824 72.416218791 1.00520491614 3.03584793453 -1.69356491466 0 0.538
942 13.43268013 79.923618 73.070281 1.0406815 78.1833160445 74.2487375916 0.988846549637 2.10176374378 -2.96992388707 0 0.57
945 14.311866045 80.886825 74.813727 1.0240856 78.0161792982 76.1567529437 0.991634564159 3.16927837699 -1.85930739454 0 0.558
948 12.7329180241 82.003807 76.66259 1.0354781 80.3754528302 78.1855744569 0.987113090181 2.22957820189 -2.77111093873 0 0.636
951 12.9013547897 83.149971 78.458347 1.0359732 81.0935819615 79.970772596 0.971717440469 2.55267840927 -3.68158383054 0 0.676
954 12.9774940014 84.209192 80.07724 1.046865 82.4360270935 80.9066972991 0.985085332693 1.95757840115 -3.53971419644 0 0.604
957 13.1300690174 84.421821 80.346791 1.1291589 81.6318098147 81.7544145427 1.09399897219 3.1249906323 -2.01451547147 0 0.592
960 13.0658609867 84.549549 80.462185 1.2384433 81.518894083 81.2792744953 1.19622664909 3.13886993508 -2.41883592249 0 0.598
963 13.1806418896 84.477315 80.645515 1.377415 82.0670266287 81.3040984167 1.31202675231 2.49864406224 -3.74647062244 0 0.562
966 12.6253159046 84.491575 80.745704 1.5042297 81.3150662146 81.4327241591 1.47679417954 3.24995457861 -1.5719395313 0 0.548
969 12.9546070099 84.58151 81.604236 1.6242617 81.3217831204 81.7209206305 1.60046701162 3.26181462265 -1.36333521884 0 0.59
972 13.0065090656 84.52138 83.606555 1.6450761 81.2759041056 83.5410472527 1.63139059893 3.24613694203 -0.784121451881 0 0.656
975 14.5914189816 84.450105 85.633891 1.6510189 81.3245643667 86.7904095458 1.61359449205 3.3326475057 -2.14426062642 0 0.672
978 15.6498739719 84.288283 87.799076 1.6553182 81.3252764905 88.424832317 1.61326713328 3.02836235343 -2.4093486471 0 0.664
981 13.5608668327 84.219899 89.940013 1.6574582 81.0973626695 90.5675557422 1.60753578547 3.1849714329 -2.86034365579 0 0.66
984 13.1195950508 84.085061 91.960688 1.6559816 81.0207910961 92.6896777685 1.62055679231 3.14978985438 -2.0296919708 0 0.672
987 13.0384531021 83.972707 94.061302 1.6546883 80.2544896869 94.8026483829 1.63260232112 3.79140270175 -1.26543337612 0 0.558
990 12.8244688511 83.850194 96.236204 1.650278 79.93289639 96.7739743915 1.63469364285 3.95403813326 -0.892917890926 0 0.39
993 13.7300760746 83.742141 98.372522 1.653672 80.0670235588 99.1400541289 1.66293168318 3.75440991046 0.530540765657 0 0.594
996 12.6093769073 83.558608 100.37046 1.6603574 79.9260240022 100.44625442 1.6407014159 3.63337464284 -1.12620493085 0 0.616
999 12.6727252007 83.448658 102.54165 1.6520527 79.4652391572 102.76767959 1.64724958849 3.98982644389 -0.275198018041 0 0.534
1002 13.8420391083 83.308795 104.69204 1.6576029 79.3462207652 105.14839131 1.63911774938 3.98876560904 -1.05912111406 0 0.704
1005 13.6515100002 83.194681 106.76107 1.661421 78.9068886128 107.558751544 1.66048231296 4.36135981104 -0.0537828056919 0 0.636
1008 14.0634331703 83.066158 108.84686 1.6653468 78.678758402 109.312018082 1.66607827653 4.41198903831 0.0419105177738 0 0.612
1011 13.4697680473 82.920912 111.09751 1.6564676 78.4860485747 111.484469652 1.6707319344 4.45171330762 0.817286158604 0 0.71
1014 15.0669329166 82.798446 113.12029 1.6519674 78.1129902068 113.658687658 1.66026030863 4.71628752604 0.475148664337 0 0.714
1017 15.4934120178 82.725101 115.25424 1.6521864 78.2525389674 116.500225374 1.66362772146 4.64287526086 0.655539431894 0 0.682
1020 16.0341789722 82.605874 115.888 1.7134215 78.7479849756 117.171769247 1.72252642462 4.06587889687 0.521673753405 0 0.72
1023 14.1197919846 82.650086 115.98425 1.8265292 78.6465427272 117.100237039 1.82466510727 4.15617441979 -0.106804645853 0 0.67
1026 15.5631718636 82.697137 116.16336 1.9516157 78.7128085367 116.923760156 1.96659061071 4.05623984752 0.85799918229 0 0.624
1029 14.2376179695 82.611261 116.28116 2.0730733 78.6515459416 116.951373747 2.09643885078 4.01603408984 1.33874744586 0 0.672
1032 11477.299655 82.517518 116.45008 2.1971216 78.3195900909 117.013790433 2.21116411175 4.23560717982 0.804576656917 0 0.652
1035 13.4032878876 82.418538 116.4581 2.3123831 78.4193148551 116.959902624 2.35499967439 4.03058204677 2.44174984959 0 0.608
1038 13.1362090111 82.414024 116.83182 2.4679277 78.7918073498 116.964375051 2.50023174728 3.62464126539 1.85088557048 0 0.586
1041 13.1866178513 82.282962 116.94587 2.5874118 78.8873625445 117.315975166 2.61459316022 3.41570980854 1.55737722228 0 0.428
1044 13.0240221024 82.208722 116.96752 2.707272 78.9228459503 116.953436593 2.7694006896 3.28590623057 3.55971170061 0 0.492
1047 13.3679218292 82.043289 117.20312 2.8493508 78.2975843745 117.310955829 2.85737534349 3.74725655742 0.459772474284 0 0.446
1050 13.1035470963 81.832352 117.28824 2.9891727 78.1755101034 116.849234427 2.99158784276 3.68309904152 0.138377487246 0 0.488
1053 13.4509949684 81.142386 117.29523 3.0875315 77.5818621729 117.236204467 3.11846098102 3.56101304927 1.77212872492 0 0.458
1056 13.218998909 79.131234 117.37152 3.1037602 75.5054521355 117.028111579 -3.13055634036 3.64200816481 2.79997408869 0 0.568
1059 13.128633976 77.094643 117.50841 3.1079346 74.2049940393 116.907848485 -3.10489791122 2.95139716905 4.03091828527 0 0.56
1062 13.1791360378 74.899205 117.59033 3.115912 71.6424354397 117.016967088 -3.12174075752 3.30685545459 2.6088229257 0 0.65
1065 13.8785560131 72.824078 117.69503 3.116944 69.6329034453 116.725735126 -3.12745611923 3.33513531837 2.22222757727 0 0.718
1068 13.1773688793 70.711208 117.83017 3.1174699 68.0226263999 116.879023234 -3.12302542794 2.85186801786 2.4459556382 0 0.694
1071 13.1872398853 68.550781 117.88294 3.1169773 65.6515573216 117.089688382 -3.1291842456 3.00578543254 2.12130528028 0 0.714
1074 12.9822120667 66.454241 117.99143 3.11617 63.0930124499 117.035719112 -3.13070036542 3.49445856574 2.08069289583 0 0.692
1077 13.1353781223 64.352032 118.06903 3.1139299 60.7908313111 117.387973421 -3.13355726436 3.62573970527 2.04535291995 0 0.654
1080 13.6576960087 62.204954 118.16997 3.1178991 59.1654962762 117.353075346 -3.14122525736 3.14731951526 1.378590876 0 0.684
1083 13.2922728062 60.134729 118.2293 3.1166836 56.978226305 117.15837887 3.1344788715 3.33322386454 1.01959395197 0 0.742
1086 13.2283940315 58.034017 118.36643 3.1239361 54.8790782868 117.28012044 3.13856121389 3.33672095682 0.837957300595 0 0.784
1089 13.7478461266 55.858025 118.47896 3.1251128 52.2534210575 117.275985682 -3.12706868492 3.80004168304 1.7763881642 0 0.706
1092 13.0674538612 53.766425 118.55 3.1243401 50.2443166797 116.585576582 -3.13215894154 4.03289057438 1.52901039208 0 0.732
1095 13.4188690186 51.628528 118.603 3.1187628 48.3079375339 116.989663662 -3.13307981108 3.69177128007 1.79580420494 0 0.734
1098 13.4861330986 49.494235 118.64783 3.1200968 46.7702470257 117.276211595 3.13947643036 3.04982745955 1.11037102792 0 0.718
1101 13.1553220749 47.379245 118.80828 3.1260538 44.3118226508 117.480147152 3.13902497992 3.34260627818 0.74319386467 0 0.624
1104 13.1054430008 45.313934 118.87713 3.1250737 42.4314876411 117.422470786 3.12531692285 3.22870414246 0.0139356425335 0 0.574
1107 13.239440918 43.229975 118.9845 3.131291 40.6988791817 117.369804238 3.11668872572 3.00228054085 -0.836648687549 0 0.542
1110 13.3012330532 41.038059 119.03542 3.1300111 38.52362474 117.316579578 -3.14086366933 3.04578266545 0.705341862583 0 0.604
1113 14.8445138931 38.877743 119.09254 3.1262084 36.2677527538 117.72598095 3.11550696259 2.94610466945 -0.613147198332 0 0.592
1116 14.9180309772 36.866989 119.17866 3.1252668 33.7296681531 118.457231028 3.09351086088 3.21919894658 -1.81948128623 0 0.566
1119 13.3013818264 34.67231 119.25843 3.1314701 31.8639294815 118.560968357 3.07803450075 2.89369208456 -3.06163431289 0 0.644
1122 13.1045720577 32.567479 119.34722 3.1353596 30.4660534896 118.221262021 3.112810849 2.3840659692 -1.2919482656 0 0.508
1125 12.9919660091 30.502201 119.36971 3.1349527 27.5164709568 117.884217276 3.12311862178 3.3348571968 -0.678042736216 0 0.522
1128 12.9408261776 29.15421 119.31018 -3.13185 26.2907988022 117.733333992 -3.11397182995 3.26887855683 1.02434368913 0 0.506
1131 12.9755299091 28.938717 119.39146 -3.028318 26.2979385587 118.047690928 -3.02103195829 2.96300963453 0.417459439096 0 0.454
1134 12.9983589649 28.80706 119.32785 -2.9089456 26.5223621077 117.865743627 -2.89054291232 2.71248954004 1.05439633591 0 0.446
1137 12.8795640469 28.607415 119.34948 -2.7753086 26.6709445058 117.689848214 -2.77530947561 2.55035206194 -5.01688652093e-05 0 0.436
1140 13.1381809711 28.309413 119.3977 -2.6319404 26.4558341133 117.297921875 -2.6284707382 2.80086109284 0.198796977531 0 0.438
1143 13.1270780563 28.176965 119.31562 -2.5155106 26.2898295862 117.773224516 -2.5135258337 2.43726566015 0.113718732469 0 0.428
1146 12.9351029396 28.13257 119.1422 -2.3876282 26.1280147836 117.622353748 -2.39109910745 2.5155862625 -0.198868347945 0 0.4
1149 12.8919169903 28.071656 119.10664 -2.2643471 25.6692640632 118.261862728 -2.26980935358 2.54659295069 -0.312964076594 0 0.426
1152 12.9800550938 27.847582 119.05477 -2.1225081 25.8818927316 118.348479694 -2.13956490969 2.08872695579 -0.977283207071 0 0.324
1155 13.0767588615 27.651134 118.95518 -2.0012288 25.6558066014 118.364195793 -2.05243085721 2.08100787136 -2.93366178072 0 0.274
1158 13.1724159718 27.585975 118.8068 -1.8653126 25.1142809982 118.509190897 -1.85766817701 2.48954662883 0.437993174309 0 0.268
1161 13.3832609653 27.545652 118.66047 -1.7395281 24.8771392215 118.332933466 -1.76701919428 2.68853875367 -1.57512367621 0 0.164
1164 13.0488989353 27.426878 118.54472 -1.6078392 25.7452439729 118.075731644 -1.62552659857 1.74580728575 -1.01341328861 0 0.236
1167 12.9376921654 27.408113 118.27266 -1.4907581 25.7413409236 117.521416778 -1.48059575426 1.82824930825 0.582259520598 0 0.206
1170 13.1485249996 27.619078 117.43976 -1.368489 26.2787782653 116.744992443 -1.39323912563 1.50967060543 -1.4180777408 0 0.224
1173 13.0800120831 28.00462 115.50954 -1.3464267 27.5219749222 116.142305757 -1.31229694211 0.795825844366 1.95549108289 0 0.148
1176 13.3074820042 28.352772 113.43776 -1.3439724 26.6173515956 113.626013272 -1.3591244908 1.74560112123 -0.868150853501 0 0.236
1179 12.9646399021 28.777386 111.37552 -1.3470791 26.3671656504 110.621107367 -1.4049696279 2.52552975722 -3.31688292254 0 0.302
1182 13.1368310452 29.292879 109.18718 -1.3487141 26.3452770922 109.57151074 -1.41114007461 2.97255229129 -3.57674487718 0 0.202
1185 12.8971030712 29.664866 107.14961 -1.3582731 27.2781674532 107.945338746 -1.40164860928 2.51585257731 -2.48523361593 0 0.392
1188 13.2088849545 30.155372 105.1583 -1.3627181 27.5204659515 105.719907869 -1.42111317725 2.69409229285 -3.34579147072 0 0.486
1191 13.1423110962 30.584999 103.08809 -1.3538609 27.366178136 103.227905463 -1.42032332079 3.22185600521 -3.80801620738 0 0.566
1194 12.9753680229 30.932942 101.04272 -1.3388863 28.7262827738 101.499614221 -1.39122839442 2.25346339438 -2.99898110116 0 0.598
1197 13.0529470444 31.46397 98.886394 -1.3633561 28.4918317497 98.9486720919 -1.38410765261 2.97279066527 -1.18897638274 0 0.594
1200 13.1735579967 31.761459 96.890841 -1.3338862 29.8126596007 97.0957982318 -1.35907726205 1.95954754104 -1.44334153715 0 0.514
1203 13.1549441814 32.148779 94.808879 -1.340085 30.585772439 94.8603660658 -1.34655306295 1.56385434991 -0.370592708749 0 0.48
1206 13.1052060127 32.63242 92.742465 -1.3409888 31.1791276707 92.7207738096 -1.33864220218 1.45345419673 0.134450151397 0 0.552
1209 12.8350460529 33.223163 90.635151 -1.3443959 31.8542857145 90.9735392582 -1.32987304114 1.41008213806 0.832098519258 0 0.476
1212 12.9967730045 33.480467 88.544154 -1.3400822 31.6012838136 88.8886801674 -1.34662879089 1.91050457424 -0.375092028293 0 0.574
1215 13.1124260426 33.996344 86.523674 -1.3537744 31.8957954319 86.3039967501 -1.34203052792 2.1120043516 0.672874305204 0 0.664
1218 13.080619812 34.391099 84.502242 -1.3500462 33.1133433196 84.0075149916 -1.33703139386 1.37018772128 0.745693462772 0 0.674
1221 13.3045120239 34.871654 82.311763 -1.3462417 32.5041231531 82.9152252045 -1.36647891481 2.44322920398 -1.15950699792 0 0.594
1224 13.4213631153 35.319079 80.358924 -1.358939 34.1440835948 80.7504638345 -1.34425660769 1.23851428913 0.841239112409 0 0.692
1227 13.5027639866 35.776446 78.250756 -1.3606991 34.7280557636 78.1164356 -1.34497066928 1.05695981833 0.901172698685 0 0.704
1230 13.3485591412 36.167733 76.160289 -1.3496683 34.7738297668 76.6806002886 -1.34385942877 1.48784745879 0.33282380538 0 0.632
1233 13.3665258884 36.593873 74.026216 -1.3452321 35.2193060002 74.8192373974 -1.3529562219 1.58692072065 -0.442559585253 0 0.726
1236 13.2515330315 37.096668 72.068535 -1.358637 35.3712678185 72.256268154 -1.37395642219 1.73558333808 -0.877738235923 0 0.702
1239 13.0483810902 37.456761 70.030489 -1.3570922 35.696123511 69.9378091158 -1.37645127751 1.76307513413 -1.10919343649 0 0.726
1242 13.0753111839 37.942935 67.912468 -1.3598503 36.0339833812 67.9958522761 -1.37044125306 1.91077189126 -0.606816911387 0 0.706
1245 13.3047609329 38.381728 65.750541 -1.3597279 37.0222068421 65.2112072197 -1.3485492151 1.46259314418 0.640491465436 0 0.686
1248 13.1260609627 38.78715 63.709446 -1.3638712 37.591486936 63.2778888024 -1.36091227789 1.27116158589 0.169533748691 0 0.732
1251 13.2440378666 39.284372 61.704874 -1.358189 37.7881312003 61.4481062968 -1.35747215225 1.51811270472 0.0410723508302 0 0.706
1254 13.1111938953 39.616785 59.610797 -1.3616912 38.4036133272 59.7172015014 -1.35877601647 1.21782898042 0.167027712987 0 0.786
1257 12.7990849018 40.0981 57.483375 -1.3627524 39.0995419502 57.7897770237 -1.35393207419 1.04450963567 0.50536744259 0 0.708
1260 12.7152888775 40.478176 55.366289 -1.371191 39.8074816297 56.2540145756 -1.32957831775 1.11260398882 2.38423106742 0 0.608
1263 12.7970519066 40.927924 53.368372 -1.3697355 40.3105893387 53.7434413237 -1.33889020338 0.722342772906 1.76730531391 0 0.712
1266 12.7443380356 41.311773 51.24524 -1.3687118 40.8853647562 51.5162913588 -1.34217951751 0.505265108157 1.52018780774 0 0.736
1269 12.8258111477 41.752813 49.127024 -1.3690442 40.9661380957 50.2996023028 -1.34489035392 1.41201886714 1.38391343925 0 0.712
1272 12.9198040962 42.124468 46.999249 -1.3746445 41.5677621732 47.7211109897 -1.35117442481 0.911595365147 1.34473625345 0 0.752
1275 13.1654920578 42.489069 45.000812 -1.3756167 41.3591572299 45.3845104875 -1.36589904138 1.19328334332 0.556780825606 0 0.728
1278 12.8423559666 42.919623 42.847052 -1.3693623 41.7367974477 43.9706306942 -1.37610843215 1.6314120783 -0.386524900347 0 0.676
1281 12.8446190357 43.26925 40.76156 -1.3849404 42.8770511041 41.8624063976 -1.32810297086 1.16862430446 3.25654480834 0 0.644
1284 12.8860499859 43.723057 38.666685 -1.382086 43.4346634881 39.0303004723 -1.33609751296 0.464098081674 2.63494621373 0 0.67
1287 13.1783869267 44.069109 36.638541 -1.3748634 43.9540718371 37.2282296731 -1.33470206238 0.600804693732 2.3010751451 0 0.652
1290 13.1120040417 44.48264 34.512889 -1.372972 43.678329483 35.572345982 -1.3515283256 1.33017461427 1.22863204022 0 0.624
1293 12.9027519226 44.660959 33.544964 -1.3339999 44.2023750701 33.8580312014 -1.31274703716 0.555256961571 1.21769934334 0 0.684
1296 13.5159361362 44.654294 33.324157 -1.2074321 44.3353868109 33.5777678351 -1.21818851024 0.407455826991 -0.616296909236 0 0.674
1299 13.2358930111 44.699557 33.107025 -1.0711259 43.8178729413 33.4438564589 -1.05710801253 0.943833783613 0.803165789461 0 0.61
1302 13.1183879375 44.829945 32.953901 -0.95914547 44.3763778784 33.5545322257 -1.00671513731 0.75264932274 -2.72554116983 0 0.622
1305 13.1537981033 44.914184 32.826307 -0.82117543 43.4412068948 33.043349196 -0.942639817514 1.48888175063 -6.95939676569 0 0.55
1308 13.1838760376 44.932468 32.690373 -0.70238554 44.1591175154 33.1452939708 -0.815303650709 0.8972313312 -6.46973117424 0 0.558
1311 13.6232440472 45.019913 32.619075 -0.56167342 44.2908506935 33.5942607228 -0.732847576839 1.21758738527 -9.80755674858 0 0.48
1314 13.2512018681 45.164806 32.47066 -0.44585332 43.9412595074 33.099610588 -0.689080280291 1.37573429911 -13.9358782884 0 0.472
1317 13.2690179348 45.307079 32.373178 -0.30795343 43.9558658208 33.5095252622 -0.553164629337 1.76552036413 -14.0495668114 0 0.482
1320 13.1703000069 45.468859 32.25314 -0.19105128 42.6147271319 32.7255382344 -0.390314835114 2.89296194456 -11.4169607188 0 0.434
1323 12.7606370449 46.833289 32.057508 -0.10389315 44.4709528649 32.5707381945 -0.302926652663 2.4174443629 -11.4037796843 0 0.426
1326 13.4991619587 48.863767 31.868312 -0.084237935 47.3552812185 31.8630721102 -0.33126241086 1.50849488215 -14.1534599032 0 0.472
1329 13.3372769356 51.033972 31.691587 -0.08198003 48.782686566 29.5822591145 -0.587499738665 3.08505271169 -28.9641457672 0 0.322
1332 13.2289881706 53.111195 31.42619 -0.084122232 50.7410684626 27.5350556906 -0.648379728252 4.55614157121 -32.3295730938 0 0.318
1335 13.082613945 55.206155 31.249451 -0.082409142 54.2757234437 32.8263109758 -0.0195821098647 1.83089875863 3.59972378069 0 0.314
1338 13.2598009109 57.287235 31.07162 -0.080297126 56.1675586426 32.8698051849 -0.0372821207079 2.11828824872 2.46457825897 0 0.454
1341 12.7809700966 59.516372 30.847745 -0.092608556 58.641572539 32.8264945989 -0.0184935202404 2.16349811001 4.24647874749 0 0.566
1344 12.7766749859 61.567611 30.670937 -0.091677002 60.0778347139 32.9425924022 -0.0262734315051 2.71658823693 3.74734855444 0 0.6
1347 13.0901880264 63.68279 30.502969 -0.089332225 62.9328467619 32.1699696808 -0.075222386483 1.82792399467 0.808434196634 0 0.518
1350 13.0714879036 65.773678 30.270465 -0.081918863 65.4334295213 31.7586877301 -0.0704185590421 1.52662238996 0.658918879907 0 0.57
1353 13.1085669994 67.870787 30.052005 -0.080757136 67.3399026789 31.6290824997 -0.0926449223934 1.66403473599 -0.681119988097 0 0.654
1356 13.3458020687 69.978421 29.855203 -0.080851998 69.4587601597 32.0009173956 -0.0872207223254 2.20774492557 -0.364901024725 0 0.616
1359 13.4831688404 72.04312 29.748383 -0.089661546 70.6822258885 30.7976974544 -0.12072939365 1.71845675154 -1.78005654888 0 0.564
1362 13.1997480392 74.192216 29.503442 -0.097083695 72.6564669536 30.7428927115 -0.0951250145017 1.97351544199 0.112224125969 0 0.588
1365 13.1781220436 76.337484 29.313327 -0.092202589 74.9684114866 30.5705495985 -0.083065252156 1.85875447787 0.523530837153 0 0.674
1368 12.9965419769 78.469083 29.072242 -0.088851811 77.2232698078 30.3510609603 -0.0808652952146 1.78533706706 0.457593647516 0 0.692
1371 12.9374361038 80.508884 28.860474 -0.08148585 79.157720915 29.8815278895 -0.0959219904246 1.69357395099 -0.827129918789 0 0.66
1374 12.841105938 82.648681 28.706332 -0.092016755 81.0633161362 30.1097073224 -0.0666043053685 2.11727278518 1.45602611097 0 0.696
1377 12.9246809483 84.803463 28.469695 -0.089914919 83.2989472322 30.4230589677 -0.0579175347802 2.46560306735 1.83331507125 0 0.746
1380 12.7249350548 86.909059 28.274418 -0.095059786 84.9781231624 30.3571421227 -0.0669860178209 2.840114959 1.60850843169 0 0.71
1383 13.0942349434 88.999768 28.069648 -0.093100738 87.3930200245 30.3425945199 -0.0608290246761 2.7835094645 1.84903297111 0 0.776
1386 12.8028931618 91.148907 27.8824 -0.087682683 89.6037339668 30.1096672767 -0.0544544818316 2.71077096495 1.90383568776 0 0.778
1389 12.8103051186 93.191686 27.680334 -0.085944106 91.2418774065 30.0959364556 -0.0619999175992 3.1043338697 1.37190093923 0 0.7
1392 12.8081588745 94.597595 27.536443 -0.026113958 93.3795788275 30.1116655407 -0.0520188447029 2.84874262276 -1.48424067684 0 0.766
1395 13.6277270317 66.734672 23.138609 0.64678418 94.8015090242 30.7468148283 -0.0312341361347 29.0797547525 -38.8475879471 0 0.67
1398 13.0732078552 41.954155 8.6979942 1.5862633 97.9707853512 31.3469936995 0.0244652018661 60.4221818062 -89.4844394746 0 0.618
1401 13.071860075 40.498777 7.6026468 1.6671323 99.9146001049 31.2907193952 0.00245373857098 63.9637773939 -95.3790558158 0 0.518
1404 12.738948822 40.36551 9.5759073 1.6613912 101.429959604 30.8369681738 -0.0242053134852 64.6598771639 -96.5775661847 0 0.556
1407 12.7479059696 40.15753 11.693798 1.6450717 102.312608898 30.4259407898 -0.0200997967442 64.9164617516 -95.4072989289 0 0.476
1410 12.9324810505 40.017928 13.779826 1.6578436 103.310635304 30.0975656274 -4.44539685299e-05 65.362339496 -94.9899883976 0 0.288
1413 12.7211630344 39.937066 15.922073 1.6651068 106.659244677 31.8334650287 0.0167842398113 68.5931594524 -94.441925975 0 0.218
1416 12.7001051903 39.75755 17.953862 1.6630734 106.351119692 30.8983119139 -0.0317592397754 67.8399757361 -97.1067572401 0 0.138
1419 12.8963780403 39.645384 20.177858 1.663423 108.942972138 29.0996144465 -0.0475627258931 69.8695460112 -98.0322609008 0 0.118
1422 12.7509407997 39.526919 22.292671 1.6684735 112.282727742 33.2221140988 0.0404917824081 73.5721444034 -93.2764815425 0 0.134
1425 12.7664411068 39.303781 24.413998 1.6572417 117.539622387 29.3969970544 -0.0638909948164 78.3943694226 -98.613639395 0 0.1
1428 12.9343841076 39.21094 26.55624 1.6661167 115.438609787 33.5719746283 0.0861597858346 76.5498411067 -90.5248629942 0 0.082
1431 12.7750408649 39.049874 28.673026 1.6660737 121.428292953 29.3604847465 -0.0253461827483 82.3812873701 -96.911220666 0 0.1
1434 12.8013408184 38.816051 30.701859 1.6598041 119.899963784 34.7368064267 0.134108444627 81.1842454739 -87.4159218743 0 0.14
1437 12.8808619976 38.695572 32.853799 1.6647394 123.304475981 35.2616944648 0.116913626477 84.6431603463 -88.6838842444 0 0.234
1440 12.7949030399 38.58982 35.008607 1.6723781 124.538868899 34.8894613802 0.108433147131 85.949131481 -89.6074451902 0 0.142
1443 12.690431118 38.393816 37.160762 1.6689022 126.301776804 35.4098848904 0.111500826621 87.9253953268 -89.2325257025 0 0.25
1446 12.8324921131 38.314928 39.264936 1.6781402 129.372798596 37.3077549274 0.154733812449 91.0789018117 -87.28475649 0 0.286
1449 12.7183420658 38.042909 41.445131 1.6601298 130.51732039 37.6956382883 0.166468034979 92.5503941511 -85.5805151557 0 0.142
1452 12.7160151005 37.893052 43.482766 1.6655679 135.585539245 27.6686820893 -0.0636670926343 98.9641718702 -99.0778668643 0 0.124
1455 12.7675130367 37.737395 45.529248 1.6663309 137.812752856 27.1539014212 -0.0449545685416 101.748369087 -98.0494348895 0 0.248
1458 12.775865078 37.667375 47.706088 1.6735516 140.722219959 26.3417300759 -0.0857315917917 105.246077642 -100.799501858 0 0.206
1461 12.7484769821 37.411337 49.793915 1.6717816 141.974065612 25.4700292835 -0.0897732757286 107.354625569 -100.92965976 0 0.11
1464 12.7268111706 37.208006 51.943854 1.66906 138.771497194 37.7050168305 0.077689747273 102.556751252 -91.1787991239 0 0.02
1467 13.1142480373 37.03196 53.963531 1.6741645 140.999307071 38.3050568651 0.18648533184 105.139892853 -85.2377376051 0 0.048
1470 13.0394160748 36.983983 56.143126 1.6856298 26.5035987643 118.907886904 1.7028273667 63.6337462756 0.985347989954 0 0.01
1473 13.0800271034 36.720012 58.206076 1.6746777 33.3665248836 57.8180035195 1.79414524059 3.3758667169 6.84498586464 0 0.034
1476 13.0652599335 36.536888 60.398002 1.6787317 32.9510035364 59.7887833657 1.68213363906 3.63726748128 0.19491675047 0 0.05
1479 13.0782220364 36.401835 62.417273 1.6766351 33.4471094446 61.821937043 1.66574550069 3.01410484376 -0.623928080956 0 0.03
1482 12.9095749855 36.239068 64.615141 1.6886647 33.6538933088 63.9730732582 1.68764087311 2.66371529433 -0.0586609599366 0 0.058
1485 12.9435868263 35.99676 66.655908 1.678851 33.7867642313 66.5775981088 1.68021233861 2.21138276575 0.0779989566421 0 0.096
1488 13.0691058636 35.830181 68.859683 1.6854848 33.1410993703 68.7927982985 1.66531746098 2.68991330243 -1.15550340972 0 0.234
1491 12.8792340755 35.575227 70.898859 1.683738 32.6938349569 70.9096704718 1.67357288567 2.88141232629 -0.582418149582 0 0.272
1494 13.1316962242 35.463169 73.006353 1.6935188 32.6153424455 72.8967229773 1.6733745841 2.84993593378 -1.15417855255 0 0.388
1497 13.1471891403 35.205801 75.07321 1.6913976 31.361317063 75.3307995823 1.70059468123 3.85310383129 0.526953938053 0 0.372
1500 13.0999221802 34.978045 77.287591 1.6912075 31.1005819893 76.1502193828 1.69046134102 4.04083327981 -0.0427517603891 0 0.316
1503 13.194133997 34.814043 79.320098 1.7000185 30.9034680322 78.2244833823 1.71571667664 4.06115352699 0.899439267496 0 0.502
1506 12.9756999016 34.580736 81.372215 1.6970036 30.852261363 80.887449029 1.70389873444 3.75985653518 0.395062102867 0 0.58
1509 12.9588000774 34.345965 83.441951 1.6955247 30.1934703277 83.2636263252 1.68721416473 4.15632189475 -0.476158596661 0 0.54
1512 15.1171178818 34.142398 85.698773 1.7034669 30.2956624687 85.0377945685 1.70659347352 3.90310987989 0.179139467048 0 0.682
1515 13.7738749981 33.910208 87.748137 1.7016389 30.4725815669 86.9762698664 1.66881811197 3.52321648003 -1.88049263429 0 0.688
1518 14.0693039894 33.670818 89.737713 1.6967853 30.2913776663 89.4268180577 1.68404029208 3.39371074698 -0.730235163541 0 0.74
1521 14.9776360989 33.472926 91.900649 1.7056804 30.0008778193 92.2097845166 1.67066842269 3.48578303066 -2.00603853212 0 0.702
1524 14.1867778301 33.217902 94.036516 1.7078464 30.0174939062 93.6398562664 1.68915808378 3.22489548844 -1.07076164558 0 0.724
1527 13.8884859085 33.034075 96.178482 1.7177188 28.5509207888 96.3265083561 1.70745793827 4.48559733852 -0.58790407102 0 0.66
1530 12.9384460449 32.713254 98.174723 1.7080491 28.4717804974 97.2875605367 1.71701616075 4.33326144023 0.513774735853 0 0.544
1533 13.0357060432 32.45653 100.24821 1.7068362 28.1607515828 99.6436024095 1.70419724385 4.33811739677 -0.151201049814 0 0.718
1536 13.7307360172 32.217075 102.39435 1.7082962 27.8124454495 102.086136455 1.69487510856 4.41539998948 -0.76897189586 0 0.766
1539 13.2673370838 31.955228 104.48204 1.7110577 27.7052288559 103.513134879 1.69224992995 4.35904460393 -1.07760584615 0 0.728
1542 13.779692173 31.741377 106.6002 1.7198575 27.8049747144 105.689612963 1.68953778962 4.04035044352 -1.73719144062 0 0.744
1545 14.3435459137 31.439656 108.68741 1.7105287 27.4948909542 107.876031865 1.68975678624 4.02734475121 -1.19014299072 0 0.764
1548 13.1365280151 31.216018 110.75498 1.7177022 27.2973839181 110.428556921 1.69649910006 3.93220613576 -1.2148481393 0 0.714
1551 13.285793066 30.916985 112.90957 1.719675 27.25520106 112.335532879 1.68685048516 3.7065051247 -1.8807061647 0 0.702
1554 14.7637650967 30.668641 114.94646 1.716506 27.4524332445 114.350443964 1.68070821594 3.27096735572 -2.05106194227 0 0.72
1557 13.7170569897 30.419865 117.12266 1.716223 27.0966579307 115.856655173 1.66839926977 3.55618805016 -2.74009790284 0 0.65
1560 13.0859210491 30.132888 119.21343 1.725557 26.566064296 117.56372802 1.71723059919 3.92985342706 -0.477067624713 0 0.474
1563 12.7338969707 29.88258 121.34383 1.72867 25.8494473659 119.769228109 1.69747491305 4.32961083217 -1.78734682367 0 0.624
1566 12.7347798347 29.981486 120.5055 1.7055843 25.7910726415 119.88793439 1.71252798021 4.23567602615 0.397843570375 0 0.598
1569 13.5872480869 30.170653 118.4575 1.6900862 26.6562217593 117.643334867 1.69293260155 3.60750492849 0.163086795549 0 0.55
1572 13.3454918861 30.502618 115.6086 1.6745202 27.6088810454 114.459133407 1.68759598875 3.1136774097 0.749187509374 0 0.56
1575 13.223526001 30.699806 113.48782 1.6738205 27.3587294573 112.56758756 1.68695906982 3.46548989445 0.752784599339 0 0.618
1578 12.7703900337 30.8492 111.36091 1.6697397 27.2985319852 110.967028934 1.67831174789 3.57244813055 0.491142166032 0 0.61
1581 12.7072088718 30.973164 109.37107 1.6787837 28.0980452763 108.774264907 1.69081360281 2.93640664664 0.689262658948 0 0.592
1584 12.7095069885 31.204408 107.09871 1.665475 27.8942493263 107.345626823 1.69057668775 3.31935511247 1.43822076657 0 0.536
1587 12.8428990841 31.322843 104.96751 1.6587885 27.8516234032 104.953555091 1.6837906451 3.47124764727 1.43251739311 0 0.656
1590 13.0317480564 31.457099 102.91722 1.6541397 28.3446140772 102.705782893 1.69133016072 3.1196583219 2.13085643717 0 0.684
1593 13.2292280197 31.546684 101.34427 1.631357 28.4203822863 101.743871071 1.67484393177 3.15173657225 2.49161765456 0 0.596
1596 13.1171731949 31.536552 101.09899 1.5279681 28.7708245168 102.01739497 1.58317818639 2.91422651825 3.16330493675 0 0.616
1599 12.8155989647 31.522716 100.84711 1.3818466 28.9415102069 101.888198979 1.46890769612 2.78325162497 4.98823336771 0 0.544
1602 12.8454449177 31.33472 100.81397 1.2437751 27.9928200712 102.138751068 1.32803708489 3.59490472912 4.82785610749 0 0.564
1605 13.2518548965 31.335612 100.76499 1.1262837 28.2313220731 101.818048653 1.19471293309 3.27804034084 3.92070625158 0 0.538
1608 13.8103108406 30.238332 99.003137 0.9296569 28.3029796957 100.8461089 1.03638729356 2.67247712156 6.1152010967 0 0.49
1611 14.5295951366 28.772289 97.32743 0.78863198 26.5688230593 98.7695946248 0.865641230159 2.63345798465 4.41230501756 0 0.5
1614 13.5789818764 27.005154 95.945316 0.6582802 24.7008136773 96.9406514163 0.713583367678 2.51011492039 3.16863810164 0 0.502
1617 13.1667759418 26.209553 95.323497 0.64585939 24.3848745692 95.4567058226 0.723821263727 1.82953435775 4.46688632751 0 0.488
1620 13.6741080284 26.225548 95.299359 0.74214735 24.13507702 94.8995403977 0.824040469813 2.1283617721 4.69213013646 0 0.452
1623 12.7965669632 26.287241 95.304851 0.87876564 23.6506010263 94.9204934226 0.920766028706 2.66450766527 2.40644501075 0 0.458
1626 13.4739768505 26.503119 95.525486 1.0159202 24.2108785135 94.7166507918 1.07968366609 2.43075725688 3.65337749436 0 0.372
1629 13.6012010574 26.584147 95.637624 1.1414331 23.4226900829 95.3194673443 1.17054058209 3.1774256083 1.6677358758 0 0.366
1632 14.7314767838 26.62792 95.717086 1.2595284 24.9421014127 95.8349077157 1.27590704173 1.68993084646 0.938427045146 0 0.31
1635 13.9738001823 26.756174 95.797181 1.3910555 23.4081083788 96.2193103347 1.42873319022 3.37457205863 2.15877263162 0 0.282
1638 13.1858041286 26.381693 93.77201 1.3952992 23.4885996391 94.0516709834 1.48072319711 2.90657865207 4.89443450327 0 0.382
1641 12.95144701 26.011804 91.856332 1.39866 23.3900755403 92.0586629923 1.49272015138 2.62952428143 5.38924969451 0 0.434
1644 12.9386959076 25.609249 89.727224 1.3968171 22.8599400585 90.0692567138 1.46800298536 2.77050284841 4.07865079177 0 0.55
1647 12.8772819042 25.2462 87.568251 1.3940659 23.5658973096 87.509599716 1.52180155598 1.68132599592 7.31871398098 0 0.57
1650 12.9449670315 24.820481 85.505592 1.4017015 22.8626866372 85.1996298493 1.49768633824 1.98155787313 5.49952612868 0 0.568
1653 13.0684418678 24.493958 83.448062 1.398475 20.6806368667 84.0204572844 1.41724049053 3.85604128966 1.07518340782 0 0.442
1656 13.0740859509 24.080092 81.345956 1.3962744 21.202772749 81.5989257453 1.46510557403 2.88841821148 3.9437357707 0 0.586
1659 12.878013134 23.622432 79.208855 1.3888608 20.562275747 79.1451102193 1.45522020016 3.06082010084 3.80211356 0 0.568
1662 13.1465761662 23.236261 77.182266 1.3737053 19.6154439973 77.4820105048 1.4056820009 3.633202793 1.83213000446 0 0.638
1665 13.1402540207 22.741503 75.111069 1.3685019 19.7276149126 75.2495009222 1.43343230798 3.01706559433 3.72023833931 0 0.732
1668 13.1568078995 22.23837 73.007777 1.3690406 19.6023873438 72.6682857237 1.43631584053 2.65775448272 3.85458734814 0 0.644
1671 13.2087521553 21.796618 70.8705 1.3677106 19.5269673564 71.4677409468 1.47363605593 2.34691516519 6.06908156779 0 0.542
1674 13.5112059116 21.306705 68.900927 1.3588762 19.8586881571 69.1854578364 1.46315527566 1.47570680492 5.97475092671 0 0.638
1677 12.9477980137 20.800373 66.796896 1.3509317 19.3354107083 66.8952547274 1.45807051755 1.46826052027 6.13860206769 0 0.656
1680 13.0910861492 20.180988 64.758154 1.3339286 20.3047954327 65.604552707 1.49829619815 0.8554057818 9.41756966256 0 0.51
1683 13.7466320992 19.716632 62.635567 1.3210663 18.392010752 63.402328941 1.43797811481 1.53053759345 6.69855356365 0 0.572
1686 13.0676491261 19.127208 60.642471 1.320188 17.5412777876 60.6967816929 1.43188291319 1.58685988353 6.39964711899 0 0.582
1689 12.9155480862 18.573484 58.538556 1.3117791 17.2791140875 58.5398702741 1.41623566845 1.29437057973 5.9849205147 0 0.514
1692 12.7818281651 18.03732 56.562177 1.3046299 16.6124839112 56.4813760006 1.40261587195 1.42712532083 5.6141826445 0 0.57
1695 12.7271850109 17.470308 54.449011 1.30616 16.5972264908 54.4569276697 1.41342327958 0.873117400659 6.14573321657 0 0.65
1698 12.79646492 16.865167 52.414515 1.2995721 15.3137985471 51.9339388183 1.40518402052 1.62409899425 6.05111731209 0 0.552
1701 12.8024721146 16.322269 50.452679 1.2871313 15.385250572 50.870757437 1.40209243131 1.02605707145 6.58678763204 0 0.304
1704 12.7901349068 15.679585 48.421133 1.2791916 14.6352242932 48.4713647667 1.39567273128 1.04556803525 6.67387721546 0 0.556
1707 13.0103411674 15.049517 46.343459 1.2810584 13.95128058 46.3835952274 1.37396119513 1.09896958599 5.32293806578 0 0.61
1710 13.4695649147 14.370513 44.264129 1.2685694 13.4131002672 44.6877322391 1.3675007736 1.04693784208 5.66835016861 0 0.602
1713 13.0625638962 13.728985 42.398373 1.2622613 13.5806264059 42.3584831091 1.38531559959 0.153627718347 7.05049201746 0 0.598
1716 12.8834660053 13.116178 40.310007 1.2578142 13.2886451966 40.0199359439 1.39982597361 0.337470223164 8.13667526907 0 0.658
1719 12.9322841167 12.482531 38.460523 1.239848 13.1418931534 38.7805959941 1.38204865538 0.732942815576 8.14749739745 0 0.62
1722 13.333589077 12.331027 38.238303 1.1567887 11.5438073854 38.5493774019 1.2569516579 0.84645260063 5.73891475104 0 0.454
1725 12.8225169182 12.263795 38.100898 1.043782 11.0933110053 37.7983615095 1.12384876102 1.20895041661 4.58748748565 0 0.378
1728 12.7271749973 12.231882 38.075858 0.90529637 11.5844408817 37.6186579939 1.02999987991 0.792598162563 7.14498480856 0 0.452
1731 12.6368248463 12.170047 37.918491 0.7605547 10.9960060638 38.0751413579 0.875576702087 1.18444563167 6.59027527074 0 0.364
1734 12.7676560879 11.9457 37.868652 0.60051086 11.2076202598 37.7001529227 0.722152255653 0.757069113058 6.96953858498 0 0.416
1737 13.0160820484 11.861848 37.85602 0.47073445 11.3560738639 37.5024435277 0.63875279059 0.617109227414 9.62674179657 0 0.432
1740 12.8974359035 11.68598 37.868337 0.32347919 12.2047641799 37.5455817514 0.495937965406 0.610989341795 9.88115997078 0 0.5
1743 13.226667881 11.634663 37.834152 0.18688423 12.4539213201 37.5009117691 0.126920639885 0.88443950977 -3.43566063805 0 0.47
1746 13.0295338631 11.546787 37.799316 0.059161186 12.0152261962 36.9461084159 0.0604438178875 0.973343958784 0.073489393822 0 0.462
1749 12.8242430687 11.461332 37.784444 -0.088384018 12.3481161541 37.1258689776 -0.0291657562465 1.104584626 3.39295646857 0 0.454
1752 12.7850000858 11.353119 37.809133 -0.22428348 11.9846109971 37.8942170551 -0.245021190653 0.637198115827 -1.18818329718 0 0.47
1755 12.767688036 11.259101 37.929753 -0.36642208 12.3181577137 37.5029018582 -0.200293118394 1.14184194184 9.51848835491 0 0.446
1758 12.7564661503 11.22919 38.083377 -0.50941267 13.0207857138 38.4539647964 -0.344314077496 1.82952193666 9.45945255402 0 0.4
1761 12.6898629665 11.185129 38.110347 -0.64618684 11.9441671879 38.8143515278 -0.490941544309 1.03525907187 8.89490023237 0 0.362
1764 12.9628200531 11.588805 37.741111 -0.76036767 11.211678788 37.0737272704 -0.598877394271 0.766567167561 9.25271123167 0 0.35
1767 12.8528931141 13.063467 36.224873 -0.77289998 13.4826370269 36.9056461344 -0.833998124591 0.799472058291 -3.50066582113 0 0.364
1770 12.7782549858 14.493375 34.807156 -0.77803694 13.5409718495 35.7694505989 -0.73801070869 1.35391382892 2.29333412389 0 0.368
1773 12.7000689507 15.892318 33.28564 -0.77023756 15.7503043262 34.0495011349 -0.711226186698 0.776950266743 3.3811026335 0 0.43
1776 12.7393090725 17.405154 31.857105 -0.77891679 17.3371007607 31.7729244145 -0.735274589632 0.10824793006 2.50051388975 0 0.512
1779 12.7661411762 19.008966 30.381332 -0.78385491 18.6268559764 30.9418029729 -0.76621573588 0.678333090403 1.01065023115 0 0.51
1782 12.7720799446 20.517371 28.856906 -0.78454873 20.0597405416 29.2518538742 -0.763805531799 0.604491074975 1.18849771054 0 0.672
1785 13.4466450214 22.037399 27.308602 -0.78653789 21.802759131 27.972997077 -0.790541175912 0.704611017874 -0.229371386948 0 0.602
1788 12.9516880512 23.470866 25.802264 -0.78746834 23.7606842729 25.896964159 -0.769294170073 0.304897936088 1.04130323296 0 0.624
1791 12.7954449654 25.030138 24.239515 -0.79252133 24.8169470626 24.8143336131 -0.770133117736 0.613079777655 1.28275007358 0 0.63
1794 13.570497036 26.508975 22.80392 -0.79210599 26.2840276344 22.9943942447 -0.754147976789 0.294757112197 2.17483395572 0 0.596
1797 14.3287508488 27.961008 21.312251 -0.79564812 28.0318457036 21.575421096 -0.772672575436 0.272537116115 1.31640173551 0 0.698
1800 13.720364809 29.36401 19.750057 -0.78815021 29.1625451018 20.2011607056 -0.790711237983 0.494047222887 -0.146736094648 0 0.76
1803 13.0906860828 31.016391 18.179875 -0.79578372 30.6354387373 18.8612572052 -0.752767001703 0.780644820654 2.46467640693 0 0.73
1806 12.9063489437 32.405165 16.663972 -0.79079715 32.3635666374 17.1344413733 -0.784633253501 0.472304832741 0.35316525472 0 0.728
1809 12.9519758224 33.875627 15.226881 -0.79213801 33.6592865592 15.7329064122 -0.804695988189 0.550331631024 -0.719519149437 0 0.76
1812 13.8406851292 34.400964 14.714584 -0.72873329 33.8009882396 14.8534878891 -0.73976608459 0.615845113214 -0.632132566263 0 0.668
1815 13.374617815 34.541831 14.529671 -0.59347242 33.2581347697 14.5749360988 -0.650502174788 1.28449404083 -3.267564256 0 0.622
1818 13.1018760204 34.648846 14.435796 -0.47955783 34.0618067432 15.1872990505 -0.510830934478 0.953609943294 -1.79181689887 0 0.622
1821 15.6113898754 34.668797 14.324629 -0.34405458 33.7344310804 14.7887959912 -0.371995046761 1.04330756125 -1.60087082301 0 0.682
1824 13.2282879353 34.864126 14.20779 -0.22615765 33.9809326427 15.0987564917 -0.228223543426 1.2545325009 -0.118366974254 0 0.606
1827 12.8773901463 35.017605 14.088235 -0.094353638 34.7205213415 15.342742924 -0.127471195305 1.28920472837 -1.89749626134 0 0.618
1830 12.8413329124 36.599142 14.0692 -0.022879679 36.4974113343 15.3829009974 -0.047506174467 1.31763403077 -1.41099425446 0 0.56
1833 12.8304169178 38.63985 14.009333 -0.014813302 38.4389017093 14.0662447369 -0.0283776495632 0.208852008151 -0.777179867219 0 0.652
1836 12.9505980015 40.768535 13.925491 -0.0089087199 40.2676459181 14.8255814707 -0.053185987879 1.03007413706 -2.53690058357 0 0.616
1839 12.7745900154 42.905865 13.952369 -0.011506708 42.4762288215 14.7395032608 -0.0120729545503 0.896753918562 -0.0324435374982 0 0.668
1842 12.7718849182 45.04117 13.838962 -0.010052037 44.9485771548 14.7942105565 -0.00650473142199 0.959725606419 0.203245638263 0 0.646
1845 12.876511097 47.095509 13.764363 -0.008210261 46.0528120071 15.11893983 -0.0122318993069 1.70941376128 -0.230422901711 0 0.612
1848 13.1385550499 49.256947 13.750747 -0.012245698 48.3617648394 14.987949507 -0.000571041792565 1.52709565646 0.668908527952 0 0.702
1851 12.9574589729 51.347189 13.680192 -0.017629817 50.8871084346 14.9219921086 -0.00418535524688 1.324289106 0.770310916279 0 0.75
1854 13.2224769592 53.510554 13.649042 -0.0075411209 52.5013717994 15.1881705308 0.0112469585546 1.84047965172 1.07647765791 0 0.694
1857 14.4233329296 55.608657 13.581194 -0.0077936973 54.4651233999 14.9528037615 -0.00155590140115 1.78577222297 0.357399378468 0 0.726
1860 13.617732048 57.666716 13.591636 -0.01411162 56.796830141 14.8994578115 0.0170663739617 1.57070025732 1.78636746769 0 0.76
1863 13.9726359844 59.905766 13.533857 -0.012519778 59.0564267654 14.6608227108 0.00412405357786 1.41117994914 0.953621304338 0 0.72
1866 13.9491839409 62.027534 13.447994 -0.021676244 60.9965341071 15.2645312425 0.00541185153243 2.08872409201 1.55203354906 0 0.752
1869 13.0962162018 64.181261 13.371995 -0.025327169 62.8815924331 14.9814946773 0.00593682739477 2.06872608027 1.79129504413 0 0.726
1872 13.0697050095 66.241252 13.310079 -0.024907545 65.4447806428 14.8891603483 0.00134035337971 1.7685769781 1.50389379825 0 0.8
1875 13.0310540199 68.444119 13.24669 -0.026304862 66.9347418551 14.8928254071 0.00859957162632 2.23337886269 1.99987673308 0 0.756
1878 13.3117408752 70.49734 13.123327 -0.017605166 69.0269659072 15.0375153478 -0.00740592412844 2.41373507321 0.584373513473 0 0.794
1881 13.4172160625 72.634932 13.039101 -0.019360635 71.7397610104 15.2921678554 -0.0112840711058 2.42438473751 0.462753024106 0 0.808
1884 13.6918158531 74.720419 12.994859 -0.019347658 73.5883112442 14.9889121074 -0.00501542643499 2.29301455857 0.821176379679 0 0.772
1887 12.8757460117 76.914825 12.90632 -0.036038761 76.1712737004 14.9350184851 -0.00163059538143 2.1606679705 1.97144267073 0 0.768
1890 13.1827158928 79.004774 12.78569 -0.032634565 77.7816262637 15.0730225965 0.00943049815815 2.59383515127 2.41015058391 0 0.82
1893 12.8567831516 81.177999 12.691712 -0.029848436 80.8651970623 14.8213043702 -0.00569760253227 2.15244249992 1.38374082942 0 0.752
1896 12.5866150856 83.222919 12.597068 -0.02122413 82.1080655831 14.9088405214 -4.53013063032e-05 2.56655222658 1.21345749918 0 0.7
1899 12.4579751492 85.390174 12.538762 -0.021700441 84.350915225 14.952970284 -0.00508416434094 2.6283950312 0.952042523786 0 0.762
1902 12.7040009499 87.449986 12.512039 -0.030894579 86.8979244642 14.8678824747 0.00841601527604 2.41966328581 2.25233114217 0 0.752
1905 24514.8305831 89.572355 12.414566 -0.034322832 88.2234933841 14.9527853621 0.00423715975286 2.87436691967 2.2093247855 0 0.668
1908 12.6148731709 91.713838 12.339838 -0.030338307 90.4719646767 14.981613547 -0.0034923918524 2.91911414506 1.53815763512 0 0.754
1911 12.5063960552 93.866625 12.234111 -0.027880568 92.9444707723 14.7823722704 0.00276414426549 2.70998227334 1.75581267721 0 0.748
1914 12.5315630436 96.027017 12.118277 -0.016096141 95.2219167169 14.728983672 -0.0113136172165 2.73202778044 0.274018428218 0 0.74
1917 12.5169379711 98.003729 12.063433 -0.023465033 97.2082602426 15.1154839594 0.000680373882013 3.154011034 1.38342990897 0 0.778
1920 12.5307919979 100.1865 11.996018 -0.023536261 99.3558191263 15.0232088992 0.010088196006 3.13909468707 1.92653947486 0 0.822
1923 14.0964457989 102.26857 11.921444 -0.023061579 102.005093872 15.1650016513 0.0110474665415 3.25424121843 1.95430435275 0 0.76
1926 17.8966338634 104.50291 11.810699 -0.022632517 104.066031506 15.1089733473 0.01584515034 3.32708227866 2.20460794409 0 0.772
1929 16.4073741436 106.528 11.779433 -0.025937223 105.838204097 15.0775412116 0.00401161265814 3.36947119931 1.71594188454 0 0.76
1932 15.7978620529 108.61821 11.737233 -0.017267816 108.155602375 14.9111293479 0.0123178425188 3.20743259347 1.69513336724 0 0.752
1935 16.7644269466 110.65428 11.638117 -0.015586443 109.428168657 15.0884395784 0.0103700998183 3.66170382749 1.48720035424 0 0.626
1938 16.538517952 112.94226 11.558687 -0.011710616 111.579995599 15.021009898 0.000756904565616 3.7206779151 0.714336309402 0 0.764
1941 16.5684211254 114.89636 11.528856 -0.01668203 114.081629601 15.0457915297 -0.00206567931913 3.61007217979 0.837455205897 0 0.768
1944 16.0273258686 117.03777 11.494892 -0.018548407 116.3598786 15.0172726811 0.00626767142525 3.58701859664 1.42185655783 0 0.684
1947 15.8511860371 119.07747 11.406331 -0.016261061 118.348661044 15.141639008 0.00955392017964 3.80574413347 1.4790894698 0 0.688
1950 15.9160289764 121.291 11.334615 -0.012126455 120.270275339 14.7935560646 0.000748163221307 3.60640432048 0.737661286923 0 0.772
1953 17.3698029518 123.43737 11.229443 0.0013807468 122.837753898 14.9467940442 -0.000561301073344 3.76540014543 -0.111271146755 0 0.756
1956 16.2657549381 125.58554 11.258252 -0.0049853053 124.583716985 15.3066621681 0.0134935207356 4.17052445655 1.0587587422 0 0.696
1959 16.270991087 127.50849 11.183265 -0.012828209 126.493187871 14.9741377575 0.00117786305434 3.92448145324 0.80248881627 0 0.726
1962 16.8339388371 130.28779 11.390648 -0.01314096 128.930990127 14.8826065199 -0.00701008264194 3.74628885709 0.351273397329 0 0.764
1965 16.3065919876 132.78769 11.256475 0.0084755214 131.31472433 14.798680731 0.00560346439865 3.83625459354 -0.164556744698 0 0.788
1968 13.5522880554 125.9239 10.596074 0.27888777 132.908720632 14.9443348629 -0.000317030950386 8.2277027042 -15.9972567142 0 0.738
1971 12.5694689751 93.936275 13.265891 0.84250578 133.08126084 14.867389941 0.010796088026 39.1777323909 -47.6534551302 0 0.502
1974 12.5819151402 59.212281 6.4432491 1.3602712 133.959314899 15.0644600013 0.021965687409 75.242570092 -76.6792575706 0 0.064
1977 12.5923750401 41.747696 3.5851691 1.5088422 139.279506291 12.6046903103 -0.0189456406718 97.9479748723 -87.5357952619 0 0.046
1980 12.609333992 40.889782 2.6549702 1.6071612 65.4083661538 104.793936429 0.334860329619 105.040608296 -72.8974701436 0 0.02
1983 12.5117440224 40.408125 3.8011614 1.6070032 35.2678906309 91.2407930757 1.51248980559 87.5905885181 -5.41521860702 0 0.02
1986 12.509376049 40.388712 5.5337894 1.5172855 35.92277991 93.0635808856 -2.16001743689 87.6436474991 149.306061725 0 0.024
1989 12.5902850628 40.44034 7.6724587 1.5542124 36.6585027967 97.213437133 -2.31708733053 89.6208073573 138.190864211 0 0.022
1992 12.5648241043 40.554207 9.7439313 1.5604739 38.7881824473 40.7378663763 -2.96739635051 31.0442080626 100.572144463 0 0.008
1995 12.5031270981 40.580821 11.876658 1.5652859 37.4725434664 92.9644671068 1.71294865011 81.1473608626 8.46045237233 0 0.018
1998 12.4302020073 40.665042 14.024391 1.567666 31.8658496213 93.6563391501 -3.02510429525 80.1166209515 96.8536458089 0 0.028
2001 12.5499939919 40.771617 16.174621 1.5548315 82.4763681273 94.8039714716 1.75619936732 89.0048370718 11.5375289271 0 0.014
2004 12.5797951221 40.847233 18.25792 1.5551713 29.9071514104 81.9962573863 -2.26626859911 64.6704031065 141.047622118 0 0.01
2007 12.5432498455 40.88758 20.352438 1.5597309 104.870577177 124.286657018 0.134313968211 122.049767761 -81.670374238 0 0.024
2010 12.5425620079 40.971014 22.508388 1.5678505 22.5126761243 97.9089809494 2.84029666809 77.6270549116 72.9057950891 0 0.026
2013 12.5327107906 41.044823 24.54743 1.5705547 108.321313171 125.339796011 0.152695607632 121.182619116 -81.2373419369 0 0.044
2016 12.5590991974 41.105608 26.696222 1.5717508 64.674541963 75.4698255576 -0.473929338217 54.1697244976 -117.208838154 0 0.05
2019 12.5936141014 41.160404 28.869777 1.5672714 64.4837898176 75.1140070717 -0.392529797316 51.7929448952 -112.288337291 0 0.026
2022 12.5099160671 41.204205 31.003136 1.5608691 38.8553840343 30.494343403 1.67289083367 2.40329561972 6.41837255312 0 0.014
2025 12.8667280674 41.244227 33.116661 1.5660557 38.059340761 32.8070596034 1.56421163044 3.19989896402 -0.105657402913 0 0.04
2028 13.6250548363 41.277887 35.228156 1.5643441 39.2913842433 35.007492827 1.58373751706 1.99872095063 1.1111609481 0 0.066
2031 15.7380321026 41.31792 37.33529 1.5797774 39.1010600992 37.099813358 1.57797718926 2.22933108096 -0.103144477644 0 0.08
2034 17.6168138981 41.419072 39.474789 1.5713492 38.995310894 39.4985460599 1.55786529542 2.4238775334 -0.772570823903 0 0.158
2037 14.884955883 41.429937 41.518923 1.5745722 39.0052598686 42.1054799928 1.58925911902 2.49461586171 0.841498473758 0 0.196
2040 12.6783518791 41.494048 43.684079 1.5737379 39.1848154737 43.3111422286 1.59911855232 2.33915298691 1.45420425946 0 0.174
2043 13.5490558147 41.508319 45.798644 1.5762653 38.8870132117 45.5481571463 1.59443246607 2.63324660821 1.04090194168 0 0.29
2046 13.2061970234 41.512588 47.943477 1.5772604 38.9819831641 47.7740232871 1.58592282214 2.5362719484 0.496320228969 0 0.448
2049 12.6815690994 41.583607 50.107906 1.5744728 38.8620899921 50.1399883261 1.56500321338 2.72170610099 -0.542567347043 0 0.58
2052 12.7443430424 41.632502 52.265699 1.5728612 38.900986791 51.8546520764 1.57051239925 2.76226988371 -0.134576369797 0 0.64
2055 12.6398940086 41.660201 54.305408 1.5732479 39.2265959854 54.1494493169 1.58804518132 2.43859723567 0.847821767724 0 0.686
2058 13.5968022346 41.689009 56.508616 1.5685378 38.9272987722 56.7615025427 1.57662983403 2.77326431951 0.463639397662 0 0.742
2061 12.88448596 41.794127 58.57462 1.5657057 39.2010520384 58.3502298126 1.59607797128 2.60276558926 1.74020295852 0 0.726
2064 13.3281898499 41.856016 60.76704 1.5641567 38.9935332636 60.3767767241 1.59856560955 2.88896397363 1.97148529465 0 0.762
2067 12.53601408 41.858156 62.785084 1.5639758 38.7432835926 62.7265960001 1.5671035524 3.115421474 0.179207011701 0 0.794
2070 12.3497908115 41.958088 65.023529 1.5767642 39.1279083895 64.4050401825 1.57878080329 2.89697170249 0.11554285751 0 0.758
2073 12.7796518803 41.99726 67.044355 1.5737097 39.1760821074 66.6019700338 1.59169306777 2.85565214266 1.03037107467 0 0.738
2076 12.3186759949 42.044947 69.102812 1.5759217 38.7536539174 68.9059130761 1.5994813659 3.29717748113 1.34986942265 0 0.814
2079 12.3719530106 42.097902 71.261122 1.5727544 38.62294577 71.2501361909 1.59537459775 3.47497359533 1.296041863 0 0.768
2082 12.3630259037 42.114798 73.459441 1.5684742 38.5178764306 73.1018387615 1.59103471668 3.61465408271 1.2926223895 0 0.78
2085 12.3787231445 42.172982 75.545483 1.5804547 38.889207538 75.0485197231 1.57729613785 3.32116654442 -0.180972280509 0 0.754
2088 12.3666229248 42.213453 77.648417 1.5799022 39.0186315363 77.6474378188 1.57668255234 3.19482161374 -0.184472222302 0 0.76
2091 12.4258220196 42.308345 79.80823 1.5843424 39.076120568 80.1022270357 1.57481904261 3.2455675984 -0.54564818522 0 0.738
2094 12.3983771801 42.259747 81.948131 1.5870316 38.6795122157 82.1476967267 1.58051234252 3.58579246328 -0.37352593893 0 0.756
2097 12.3936440945 42.325886 84.065588 1.5841531 38.925101288 84.1843287424 1.58461166925 3.40285703807 0.0262740823832 0 0.714
2100 12.3681409359 42.338042 86.100283 1.5789413 38.5660379501 85.7730187808 1.60153016277 3.78617437814 1.29424650072 0 0.664
