3 5.62904596329 31.520043 41.394881 -0.0070850614 56.3363023804 16.4172532899 1.03500297034 35.2097801138 59.7072461001 0
6 5.59243512154 31.529937 41.402987 -0.0081764059 62.6843560501 128.975766829 0.280422965302 92.9493926465 16.53552594 0
9 5.57590103149 31.522543 41.401068 -0.0068718684 56.3353680336 27.0876673136 -1.82128862418 28.6452391395 -103.958422384 0
12 5.54386901855 31.528168 41.375423 -0.0049451513 136.145712375 119.992470454 -2.92551758336 130.864321881 -167.336474119 0
15 5.59309101105 31.523843 41.397689 -0.0081913964 40.2492812301 129.159744949 -1.70228919974 88.1947375797 -97.0646542138 0
18 5.64469504356 31.52518 41.394772 -0.0077822512 116.650935061 128.751492744 1.65544431985 121.973730097 95.2958628951 0
21 5.6346809864 31.646202 41.400982 -0.0069641742 72.3288886058 72.3479443452 -1.9438540137 51.11551103 -110.975613185 0
24 5.63169193268 32.968315 41.348607 -0.0066445448 54.7030937669 83.3089180419 -2.72503484077 47.2553521919 -155.752291028 0
27 5.65091490746 34.520488 41.363888 -0.010157874 97.4394549395 15.2159735835 -0.696540641324 68.1359657528 -39.3268356982 0
30 5.67217803001 35.981317 41.339656 -0.012968194 66.680355808 34.2582213092 0.256327308358 31.505201174 15.429495727 0
33 5.70340490341 37.47125 41.3168 -0.01805047 62.3498988587 45.0825905509 0.0992763388527 25.1620417992 6.722330971 0
36 5.6306848526 39.051821 41.275587 -0.019803098 57.591361549 61.8389993731 -1.9678780926 27.6869733303 -111.616475365 0
39 5.5347969532 40.609584 41.247017 -0.013659721 99.3327159822 133.600829855 1.72615229956 109.442372866 99.683885924 0
42 5.55751085281 42.081473 41.279186 -0.014178183 39.3283668251 41.6482571737 0.311335868829 2.77773417401 18.650581342 0
45 5.58566498756 43.552295 41.213208 -0.0092852628 125.445208255 49.1011775844 -1.93818982505 82.2719229478 -110.518090501 0
48 5.562718153 45.079977 41.189892 -0.010404952 59.9601102589 110.98006609 -1.63188523308 71.3588590531 -92.9039766694 0
51 5.55052399635 46.640834 41.096545 -0.012029947 75.1234227017 23.8858339374 -0.0341298940136 33.2786182771 -1.26623369134 0
54 5.58429217339 48.21014 41.103056 -0.013219293 23.4665782218 15.0150512244 -0.912799231109 35.9559152664 -51.5421337883 0
57 5.53900814056 49.69993 40.993437 -0.019411138 47.31269734 41.8427129058 0.021055235722 2.53380136105 2.31855242647 0
60 5.57338190079 51.221815 41.026894 -0.026800957 35.0034245866 97.3114856443 3.05437697392 58.5746655489 176.53849137 0
63 5.62859487534 52.707826 40.957156 -0.02058299 52.2090561143 41.740641408 0.112186218562 0.928773806367 7.60711529992 0
66 5.63037991524 54.31159 40.951842 -0.027308534 53.4029726304 42.1804085435 0.0340927269107 1.52805800806 3.51803310696 0
69 5.53507614136 55.778879 40.909196 -0.015002614 54.2948304226 41.453569688 0.0974463355993 1.58074124776 6.44285022272 0
72 5.55100989342 57.331901 40.836464 -0.018380323 55.3877999843 42.0067105543 0.0623020271455 2.26914207514 4.62275814454 0
75 5.56185293198 58.848313 40.76075 -0.022921269 57.3148717564 41.819555321 0.0604833358743 1.86346740119 4.77873185125 0
78 5.56341481209 60.388876 40.75568 -0.012358794 58.4394730625 40.4468083198 0.107903452744 1.97372073191 6.8905191732 0
81 5.54541015625 61.86858 40.735896 -0.015077049 60.1031321104 41.4481007845 0.0691810496419 1.90369165204 4.82763344198 0
84 5.51646614075 63.333062 40.668539 -0.013920495 61.5894761608 41.3482212509 0.0670272914972 1.87137904791 4.63796652722 0
87 5.56655716896 64.876385 40.58717 -0.032109511 63.2600001666 42.0302274924 0.0642270668759 2.16682137155 5.51967932502 0
90 5.56426501274 66.44697 40.579857 -0.020157695 65.0385006798 41.8749863873 0.0389147278565 1.91341212386 3.38460051529 0
93 5.53092098236 67.930314 40.55804 -0.02084507 65.9897234305 42.0231130044 0.0669849644661 2.43152846304 5.03229028939 0
96 5.5737888813 69.414343 40.447992 -0.021831497 68.0322841414 42.1584614594 0.0639765841093 2.19904353306 4.91644089568 0
99 5.52497601509 70.999462 40.351868 -0.031419309 69.6651825179 41.6219424248 0.0420509278394 1.8421158435 4.20953449072 0
102 5.49081397057 72.481812 40.325422 -0.028226015 71.4043306308 41.8969016656 0.0572802406596 1.90539088915 4.89914757126 0
105 5.4647591114 74.028193 40.279112 -0.026102315 72.8235585764 41.9313804782 0.061004953517 2.04478243793 4.99087885094 0
108 5.44966506958 75.500101 40.224463 -0.026983514 74.3067806899 41.7964177519 0.0419677971252 1.97358939611 3.95061911936 0
111 5.50227999687 77.104162 40.159206 -0.035689283 75.7804441808 41.6978368138 0.0224296428836 2.02968313933 3.32996916296 0
114 5.52110695839 78.584191 40.097894 -0.03659834 78.0717942687 41.4310064663 0.0420917333269 1.42819440484 4.50860909121 0
117 5.50463891029 80.1084 40.071744 -0.024096447 78.4468633784 41.7693847909 0.0268347299139 2.37543431815 2.9181414828 0
120 5.47717213631 80.881063 40.047709 -0.06972902 79.1891276157 41.6443265527 -0.00232237250628 2.32633466084 3.86211641252 0
123 5.48745203018 80.819811 40.085383 -0.20196514 79.2518812609 41.8048089501 -0.136353635661 2.32697856989 3.75926228613 0
126 5.53023195267 80.673305 40.189426 -0.34415967 79.5308088721 42.0217634717 -0.299671900462 2.15934203226 2.54896143448 0
129 5.46891689301 80.559381 40.228255 -0.49611957 78.7281898808 41.7163705937 -0.430604828924 2.3596077927 3.75371815953 0
132 5.49585199356 80.474435 40.358509 -0.64523249 78.7755264894 42.0915950166 -0.603590978098 2.42690693439 2.38588288451 0
135 5.49614715576 80.446897 40.445937 -0.81868337 79.0678960318 42.3531830163 -0.747487032281 2.35355710294 4.07924966808 0
138 5.52187299728 80.377523 40.602704 -0.97166139 78.7815924371 42.3283496949 -0.895643952156 2.35049939929 4.35547835783 0
141 5.50358200073 80.303277 40.677658 -1.1291983 79.6678925941 42.6106846963 -1.00905628265 2.0347740788 6.88363053644 0
144 5.50506806374 80.24067 40.836497 -1.2914427 80.6767540522 43.9198069025 -1.17509483368 3.11399570572 6.66624169577 0
147 5.5131020546 80.334643 40.99259 -1.4510482 79.2251466518 43.3558554718 -1.29516763085 2.61074813736 8.93129872064 0
150 5.52613401413 80.305505 41.173119 -1.6076845 79.3160962558 43.8857490539 -1.47468305384 2.88743683437 7.62042153402 0
153 5.49032497406 80.260339 41.240273 -1.7630876 78.4222063822 42.3112343419 -1.57949686946 2.12736685051 10.5189740176 0
156 5.50082802773 80.351916 41.337649 -1.9138236 78.6375317538 41.6167037174 -1.69462571239 1.73694699943 12.559113838 0
159 5.52869987488 80.458888 41.424429 -2.0695544 78.5351628632 41.2115213781 -1.90149477958 1.93547101693 9.62910695672 0
162 5.51206493378 80.580246 41.530351 -2.2462491 79.1875185935 42.1833995584 -2.10181178805 1.53823341804 8.27564837891 0
165 5.53826785088 80.700832 41.575869 -2.3973477 79.4141914398 42.3629988873 -2.27481465519 1.50831607782 7.02062631827 0
168 5.52427411079 80.863789 41.557834 -2.56541 79.1699381347 43.0641048894 -2.09495448688 2.26671187984 26.9551153502 0
171 5.51547908783 80.910142 41.637692 -2.7112414 78.9908754483 42.6771307517 -2.44020780013 2.18266282668 15.5290813786 0
174 5.55098104477 81.000304 41.730578 -2.863125 79.0662707553 43.3271122808 -2.51264234486 2.50786887645 20.081176932 0
177 5.52225399017 81.313486 41.614906 -3.0334876 79.9306484521 43.3297873092 -2.7787821704 2.20296563488 14.5935461352 0
180 5.56281495094 81.419836 41.643078 3.1037871 79.2572518386 43.3779576358 -2.98053234268 2.77246778267 11.3941747249 0
183 5.53202486038 81.472606 41.653948 2.9566422 79.4476875132 43.2977137251 -3.07421193784 2.60811438347 14.4575110429 0
186 5.58540797234 81.600227 41.551467 2.7956666 78.3981691801 43.3078093707 3.0591728156 3.65211073281 15.0977940291 0
189 5.59144687653 81.705618 41.391179 2.6371497 79.2393479194 43.2588469819 2.83810492924 3.09365023895 11.5138865064 0
192 5.68373298645 81.817002 41.340993 2.4823985 78.4744906286 43.9763390441 2.7446533117 4.25645756935 15.0260938673 0
195 5.70424795151 81.903012 41.262396 2.332631 78.904997572 43.7556079289 2.60380619198 3.8992558563 15.5371940093 0
198 5.69896292686 81.909487 41.089487 2.1583794 80.1971050422 43.3872741018 2.38163317005 2.8656722658 12.7914987843 0
201 5.68886804581 81.924053 40.998223 1.9975831 79.2803467773 43.6965860036 2.15042780007 3.77761108254 8.75735623476 0
204 5.5466439724 81.960862 40.844259 1.8446809 80.8096936919 44.2336271712 2.0147864755 3.57952581685 9.74633154788 0
207 5.56229710579 81.927588 40.703608 1.6857979 80.035995269 43.7414482391 1.80217518702 3.57863051711 6.66792737723 0
210 5.5880420208 81.924928 40.686406 1.5459903 80.931533312 44.2399400128 1.71133715067 3.68977465255 9.47367669935 0
213 5.5316889286 81.81851 40.588718 1.3660151 80.5800949342 43.9217046312 1.59770061243 3.55562536817 13.2746020365 0
216 5.54830479622 81.824065 40.431016 1.2110526 80.4682639036 43.7570063418 1.45557324349 3.59171384815 14.0100008759 0
219 5.56333208084 82.277545 41.390368 1.1504821 81.9191289449 45.9521282009 1.44469090346 4.57581885558 16.8569227339 0
222 5.55301094055 82.927041 42.739254 1.1137092 82.2105913615 48.0010662769 1.38956706795 5.31036425511 15.8054915793 0
225 5.48182106018 83.677797 44.09726 1.084748 82.0501492127 45.7594593062 1.24090920173 2.32640148147 8.94737778294 0
228 5.50331497192 84.372874 45.412874 1.0478677 81.8918336185 46.8684640852 1.24495280467 2.87650897282 11.2921447026 0
231 5.49315905571 85.159381 46.677356 1.0274995 82.5401912588 48.4763961836 1.13171226407 3.17753056358 5.9709515528 0
234 5.51172208786 85.928298 47.908079 0.99952116 84.0868719713 49.7949242572 1.13812233898 2.63648152729 7.94126259108 0
237 5.50679206848 86.76373 49.194484 0.95689161 85.0295909092 51.4611165039 1.06236414991 2.85392033768 6.04313139149 0
240 5.55436301231 87.649962 50.387631 0.93226665 86.0138425444 51.9337186055 1.02253373429 2.25106058494 5.17192295864 0
243 5.54074406624 88.570925 51.559268 0.90792052 86.4761047 52.4683938549 0.950589533548 2.28358969807 2.4447543923 0
246 5.58468818665 89.47196 52.652014 0.8832857 86.9472216207 53.6133710563 0.925920624861 2.70157570194 2.44280125439 0
249 5.48307394981 90.492516 53.754021 0.83763364 88.8313819194 56.4587949871 0.934708262593 3.17414063252 5.56196617242 0
252 5.531924963 91.498687 54.898001 0.81217592 89.6047929559 57.7678263177 0.911448548253 3.43841998662 5.68790262007 0
255 5.54670381546 92.568948 55.94073 0.78340538 89.943485077 58.8599810001 0.893609539319 3.92620452365 6.31423321377 0
258 5.49208807945 93.547241 56.960456 0.75288469 90.5679195852 59.2283882818 0.8749506778 3.74431207666 6.99386592302 0
261 5.52637696266 94.620679 57.928363 0.72990952 90.9829501583 60.3199131982 0.819799236377 4.35345649753 5.15030137001 0
264 5.538022995 95.770396 58.899507 0.6896339 92.9539214304 61.8190270638 0.793658618223 4.05661514128 5.96017731919 0
267 5.50189089775 96.962501 59.840194 0.66858365 93.9164573384 62.9432770067 0.765748370686 4.34827622567 5.56712841285 0
270 5.5155069828 98.232224 60.772339 0.64204005 94.5323506694 63.7495181487 0.739091479353 4.74896392342 5.56063729762 0
273 5.50830817223 99.416545 61.686454 0.60185601 98.2485408825 64.2393565599 0.630586889741 2.8074089654 1.64615815086 0
276 5.51560115814 100.66015 62.48684 0.57932353 99.2744848514 65.0276698731 0.601067883707 2.8941120137 1.24585969565 0
279 5.49304389954 101.84252 63.245661 0.55317695 99.9436921889 65.341386848 0.573177665369 2.828005284 1.14595657791 0
282 5.50361204147 103.2489 64.041483 0.52149049 100.358955503 65.7840378153 0.538613791644 3.37465205283 0.981092915504 0
285 5.48288583755 104.5021 64.838724 0.48902664 101.927150695 66.6467721033 0.551163669177 3.14633149316 3.56018952331 0
288 5.47726988792 105.89753 65.50297 0.45749312 103.244254339 67.8316536777 0.515643616712 3.53024636614 3.33177803819 0
291 5.52953100204 107.23441 66.106065 0.425495 104.888425839 68.7058944869 0.484497553025 3.50182167538 3.38059726885 0
294 5.52866697311 108.62185 66.694881 0.38650919 106.112134344 68.7641799721 0.471642088107 3.25279432342 4.87775575927 0
297 5.5101249218 110.08086 67.251857 0.35533208 106.017811239 69.8656137145 0.435556103036 4.83115818394 4.59649793553 0
300 5.52617502213 111.50781 67.766864 0.33459052 108.688058911 69.8331234591 0.359563109591 3.4957723544 1.43082398707 0
303 5.46071314812 112.87691 68.182524 0.30685182 109.477099243 70.2355571821 0.327224651018 3.9716065302 1.16727723404 0
306 5.45967888832 114.36462 68.651393 0.28808498 111.377907083 70.8099511612 0.336534378043 3.68508173389 2.7759460278 0
309 5.45807099342 115.83449 69.001579 0.25083859 113.148233557 71.6575514706 0.275758559315 3.77758698702 1.42780906736 0
312 5.45999002457 117.19736 69.329841 0.23044123 114.371638755 72.0244526202 0.273010328688 3.90456557592 2.43902969248 0
315 5.45955610275 117.78731 69.484411 0.20147117 115.145737736 72.6227038718 0.255502672133 4.10204658375 3.09577703296 0
318 5.47428798676 116.42938 69.228806 0.13415298 114.339701554 71.939503308 0.24405057711 3.42266502948 6.29666849305 0
321 5.50179505348 114.80773 69.128985 0.0979988 113.812966984 70.9872536929 0.222987334255 2.10777512861 7.16131550033 0
324 5.48005890846 113.35769 69.056433 0.067460522 111.703424373 70.9001044805 0.18580282138 2.4770384117 6.78051429238 0
327 5.45414090157 111.81488 68.96352 0.032275621 110.704373558 70.5962889693 0.141632794156 1.97462884229 6.26570448134 0
330 5.51085805893 110.29576 68.94659 -0.0039959963 109.088168634 71.2726639614 0.0884409149406 2.62085806186 5.29624488531 0
333 5.49064493179 108.74459 69.016615 -0.039899491 107.562929829 71.4270174052 0.0443489143209 2.68446652337 4.8270780556 0
336 5.51897501945 107.27384 69.125159 -0.081381225 105.924923105 71.7846244128 -0.00737926332093 2.98200152115 4.2400000799 0
339 5.51009392738 105.77123 69.311189 -0.11875782 103.951760285 71.8959437471 -0.0362644339197 3.16092188237 4.72652286014 0
342 5.53309702873 104.23308 69.487176 -0.13593074 102.867983447 72.5127731291 -0.0787872507063 3.31929609816 3.27408076318 0
345 5.48807811737 102.67844 69.809947 -0.17996689 101.526871585 72.6930003223 -0.0957446326391 3.10452996013 4.82557988784 0
348 5.47250199318 101.19539 70.111952 -0.20894349 100.264476011 72.954651038 -0.135466935024 2.99124366701 4.2098964933 0
351 5.48955893517 99.695937 70.47501 -0.24032587 98.3327233882 73.4426564244 -0.189765402506 3.26577351505 2.89690139762 0
354 5.42644309998 98.200311 70.897104 -0.28344925 97.0656904031 73.260815544 -0.178810828638 2.62192604051 5.99533991894 0
357 5.46852087975 96.614615 71.415819 -0.3144709 96.0185113941 73.9714890843 -0.231597399611 2.62426924854 4.74830180578 0
360 5.49006319046 95.216051 71.909445 -0.34657274 93.9144725236 73.928478473 -0.26365284615 2.40220787929 4.75095995525 0
363 5.47258281708 93.790761 72.497598 -0.38120404 91.7049532338 74.3246051254 -0.283729625911 2.77282330373 5.58487253782 0
366 5.49780893326 92.417114 73.016357 -0.35870282 90.8245915013 74.8167062242 -0.267147315121 2.40361919573 5.24574402074 0
369 5.44799399376 91.055309 73.519772 -0.33819517 90.0001355142 74.4377231247 -0.236765109985 1.39857976265 5.81151435463 0
372 5.5037150383 89.614615 74.074076 -0.31837694 87.529533993 75.4321010519 -0.206804281589 2.48833173982 6.39264243599 0
375 5.47180604935 88.314109 74.556366 -0.29979055 86.8618300793 76.4576369208 -0.209043741367 2.39247678728 5.19940913894 0
378 5.45902705193 86.88131 74.994533 -0.2764152 84.7401605085 76.7602758241 -0.195516820801 2.77531419222 4.63513569754 0
381 5.46331310272 85.443672 75.387112 -0.25727157 83.4320147751 75.5808522486 -0.0861282846691 2.02096513436 9.80578794147 0
384 5.48685789108 84.055287 75.832526 -0.23267107 81.6611845325 76.0990289624 -0.0850650604161 2.40888987998 8.45720137992 0
387 5.48612093925 82.664555 76.128737 -0.22389476 80.5206255089 75.5379343568 -0.0245437815554 2.22384384029 11.4219697067 0
390 5.47171211243 81.173968 76.455415 -0.20673661 78.6152427522 76.5029400852 -0.00405066163561 2.55916656891 11.6130494079 0
393 5.53192305565 79.819657 76.754609 -0.1833313 77.4189098071 78.0421619732 -0.0506592686334 2.72422094241 7.60154745673 0
396 5.47140812874 78.325485 77.027059 -0.15611548 75.4575662505 77.6194730904 0.0288279316782 2.92846587969 10.5964769379 0
399 5.47467803955 76.892215 77.264525 -0.13798763 73.9266555873 78.0076340621 0.0378858852582 3.05724609872 10.0768101524 0
402 5.49737811089 75.420868 77.548324 -0.12557438 72.8991526081 77.826654812 0.0340682909585 2.53702908118 9.14685127612 0
405 5.46324110031 73.926916 77.691819 -0.097717287 71.2771901417 77.6699655404 0.0833067797182 2.64981597435 10.3719150132 0
408 5.50054097176 72.448195 77.857208 -0.08052134 69.2905188199 77.4179371902 0.113794692541 3.18808370383 11.1334885563 0
411 5.49243807793 71.010734 77.97039 -0.05919809 69.0025096494 77.6933065695 0.121612434889 2.02724943453 10.3596799677 0
414 5.49833393097 70.665666 77.98114 -0.052809071 69.3806134676 79.189172464 0.101268859819 1.76371835759 8.82801515205 0
417 5.47873878479 70.65903 77.973391 -0.052747867 69.6265059851 78.7804427195 0.135849314395 1.31051070936 10.805822522 0
420 5.49535489082 70.662549 77.975477 -0.051931253 69.728666144 79.7139564395 0.113915878874 1.97343557037 9.50234070074 0
423 5.45440506935 70.657477 77.975804 -0.053730261 70.2919717062 80.0669926731 0.101511157236 2.12289052624 8.89467807056 0
426 5.4793241024 70.657208 77.964864 -0.053397677 70.4295465002 80.3784399098 0.117160536028 2.424289263 9.77226576782 0
