3 10.784517765 31.520043 41.394881 -0.0070850614 56.6619279754 69.7108192652 3.0236626207 37.8669610605 173.649050953 0
6 10.9617090225 31.529937 41.402987 -0.0081764059 45.0259131485 81.767070051 1.76514745683 42.560551838 101.603973044 0
9 10.9761481285 31.522543 41.401068 -0.0068718684 82.3949058584 97.8355969441 -1.46683626719 75.9792956004 -83.6497982899 0
12 10.9395959377 31.528168 41.375423 -0.0049451513 116.502919607 108.765646408 0.698750496414 108.4534491 40.3187906758 0
15 10.9536869526 31.523843 41.397689 -0.0081913964 14.3511274975 129.804832886 0.176915990752 90.0595649986 10.6058720405 0
18 10.9696569443 31.52518 41.394772 -0.0077822512 20.0473761835 91.051841707 -0.423898859421 50.9663080116 -23.8417254364 0
21 10.9871070385 31.646202 41.400982 -0.0069641742 29.0455617001 119.099768628 1.94401825792 77.7422971965 111.783059265 0
24 11.186316967 32.968315 41.348607 -0.0066445448 16.2351136284 101.515069107 2.90356274976 62.4500055297 166.742595487 0
27 11.0245420933 34.520488 41.363888 -0.010157874 7.6727482838 84.3453397721 -1.43642692981 50.6774735391 -81.719197348 0
30 11.0689120293 35.981317 41.339656 -0.012968194 139.588529798 134.54936458 0.039868042527 139.364645148 3.02729335835 0
33 11.4631369114 37.47125 41.3168 -0.01805047 94.4188060426 109.281402924 1.76033891749 88.6691118138 101.894206234 0
36 11.2948720455 39.051821 41.275587 -0.019803098 2.69925306094 92.5254823053 1.6406934025 62.8335974186 95.139441375 0
39 10.9420189857 40.609584 41.247017 -0.013659721 8.38479347563 77.962355133 -1.57396113263 48.8513375309 -89.3986856545 0
42 10.9494929314 42.081473 41.279186 -0.014178183 145.776201843 35.0464755149 -1.50741632324 103.881872672 -85.5562432437 0
45 10.9350059032 43.552295 41.213208 -0.0092852628 63.6450175414 3.16614952108 0.0222648149824 43.0266912279 1.80768630024 0
48 11.1349658966 45.079977 41.189892 -0.010404952 43.5222436041 90.4597723909 3.08190853754 49.2944991563 177.176511882 0
51 10.9245259762 46.640834 41.096545 -0.012029947 66.045995898 2.38958531467 0.0708633546716 43.2988341225 4.74943633569 0
54 10.8822040558 48.21014 41.103056 -0.013219293 67.6057876175 3.35618424618 0.0428470357392 42.4383962197 3.21236400955 0
57 10.8596999645 49.69993 40.993437 -0.019411138 35.9275597533 96.3700696998 -3.11871814595 57.0635578227 -177.577210971 0
60 10.9760830402 51.221815 41.026894 -0.026800957 35.1033176087 96.6422294096 3.09980003173 57.9039851036 179.141040876 0
63 10.9238021374 52.707826 40.957156 -0.02058299 50.6499125545 41.5533465123 -0.0308917652412 2.14253375146 -0.590649313267 0
66 10.9567730427 54.31159 40.951842 -0.027308534 52.2466907974 41.9976895544 0.00247228853023 2.31465025951 1.70631544141 0
69 10.9013290405 55.778879 40.909196 -0.015002614 53.5268119106 41.9404577482 -0.0290592665698 2.47695518096 -0.80538686633 0
72 10.9027738571 57.331901 40.836464 -0.018380323 54.8471761926 42.4677648348 -0.0265524159987 2.97237275292 -0.468226438617 0
75 10.9607818127 58.848313 40.76075 -0.022921269 57.1505014074 41.908282794 -0.0378874232912 2.04924271803 -0.85749747643 0
78 11.1640210152 60.388876 40.75568 -0.012358794 58.4273358302 41.7142910889 -0.0206035922548 2.1832487393 -0.472392142937 0
81 11.1405258179 61.86858 40.735896 -0.015077049 59.7226119567 41.8031054484 -0.00287868908564 2.39668830882 0.698914540075 0
84 10.9059200287 63.333062 40.668539 -0.013920495 61.738789621 42.1641898769 -0.0121054165392 2.18601828999 0.103996335289 0
87 11.0977590084 64.876385 40.58717 -0.032109511 63.1889364414 41.7960205228 0.00247489144444 2.07576545506 1.98154029705 0
90 11.1949059963 66.44697 40.579857 -0.020157695 64.7421317812 41.717287754 -0.0305306267707 2.04944433265 -0.594325211639 0
93 10.9333992004 67.930314 40.55804 -0.02084507 66.2537465265 41.9550794841 -0.0125243467298 2.18233769458 0.476742325879 0
96 10.9124379158 69.414343 40.447992 -0.021831497 68.3211866111 42.0545177049 -0.0239693277395 1.94317156503 -0.122488678688 0
99 10.8966751099 70.999462 40.351868 -0.031419309 69.5782400659 41.5789656561 0.00980165812465 1.87766888549 2.36178744369 0
102 10.8906979561 72.481812 40.325422 -0.028226015 71.2154271815 42.174752819 -0.0103011353492 2.24137345987 1.02701995227 0
105 10.8935329914 74.028193 40.279112 -0.026102315 72.753596168 41.9531590113 0.0106186787177 2.10405096903 2.10395795955 0
108 10.8954920769 75.500101 40.224463 -0.026983514 74.1158414753 41.9984718806 -0.0147673123766 2.25017375778 0.699936794702 0
111 11.0952830315 77.104162 40.159206 -0.035689283 75.6826057992 41.8599046824 -0.00231666650052 2.21657349085 1.91211007673 0
114 10.8496439457 78.584191 40.097894 -0.03659834 77.0028467391 42.0860593594 -0.00580405803516 2.54036437697 1.76438238972 0
117 10.9720749855 80.1084 40.071744 -0.024096447 78.2017333123 42.0354467391 0.00683867485018 2.73706161888 1.77245192074 0
120 10.9023559093 80.881063 40.047709 -0.06972902 79.3157479205 42.2890393853 -0.0605384372941 2.73382025634 0.526581600311 0
123 11.0373690128 80.819811 40.085383 -0.20196514 79.4353216547 41.9583028542 -0.184873409894 2.32908555612 0.979283999645 0
126 10.8838880062 80.673305 40.189426 -0.34415967 78.9858756872 41.9915080529 -0.331995922129 2.4687886526 0.696931416095 0
129 10.902905941 80.559381 40.228255 -0.49611957 79.388023852 42.0189686782 -0.480144216051 2.13979743092 0.915320357533 0
132 10.975705862 80.474435 40.358509 -0.64523249 78.9863504884 42.3230189172 -0.651718720053 2.46448670689 -0.37163360701 0
135 10.9704051018 80.446897 40.445937 -0.81868337 78.5265359155 41.887201742 -0.777794936189 2.4010478445 2.34273468826 0
138 10.9878787994 80.377523 40.602704 -0.97166139 79.0748030545 42.4739382204 -0.936275021614 2.28004314963 2.0274895608 0
141 10.968914032 80.303277 40.677658 -1.1291983 79.7454082969 42.9058687153 -1.07411671002 2.29698508525 3.15594263478 0
144 10.9239830971 80.24067 40.836497 -1.2914427 79.8624988337 42.7634561611 -1.17194309354 1.96371714858 6.84682310336 0
147 11.0006718636 80.334643 40.99259 -1.4510482 79.3979716258 42.5352067955 -1.33437073905 1.80472154111 6.68512607679 0
150 11.0229380131 80.305505 41.173119 -1.6076845 79.4412973311 43.2743043358 -1.50424032717 2.27196714549 5.92691451838 0
153 10.9993350506 80.260339 41.240273 -1.7630876 79.2575362103 42.2650091565 -1.66195314653 1.43377042283 5.79457734745 0
156 10.9970691204 80.351916 41.337649 -1.9138236 79.3026429988 41.500589572 -1.77838990295 1.06184907639 7.75977924491 0
159 11.0002150536 80.458888 41.424429 -2.0695544 78.7601354502 41.7516760508 -1.92426258156 1.72998579693 8.32460799413 0
162 11.076925993 80.580246 41.530351 -2.2462491 78.9359137491 42.1584262896 -2.11796557787 1.76020087512 7.35010439904 0
165 10.9777441025 80.700832 41.575869 -2.3973477 79.0539668108 42.405154987 -2.27133341658 1.84387640578 7.22008659852 0
168 11.0083250999 80.863789 41.557834 -2.56541 79.4772975935 42.703521986 -2.21453069844 1.79859928317 20.1039030978 0
171 10.9849460125 80.910142 41.637692 -2.7112414 79.0892227337 42.773718346 -2.46718058733 2.14622991157 13.9836545107 0
174 11.0580768585 81.000304 41.730578 -2.863125 79.3680110366 42.4603514232 -2.66513258798 1.78800155693 11.3441295844 0
177 10.9593248367 81.313486 41.614906 -3.0334876 79.1114739466 42.4337392098 -2.82260092825 2.34932860811 12.0829162471 0
180 10.9625408649 81.419836 41.643078 3.1037871 79.4439977441 43.2101442075 -2.98939786863 2.52183134094 10.8862175047 0
183 10.9818429947 81.472606 41.653948 2.9566422 79.2718165903 42.3264550093 3.14063541576 2.30124742334 10.5420347219 0
186 11.0372958183 81.600227 41.551467 2.7956666 79.0545110277 43.5250584378 3.00638527004 3.22113845949 12.0732904577 0
189 10.90082407 81.705618 41.391179 2.6371497 78.5579302002 43.3976241075 2.87050796395 3.73279526016 13.3704436386 0
192 10.9667870998 81.817002 41.340993 2.4823985 79.1837141612 43.9605330593 2.7590271754 3.71432294827 15.8496555926 0
195 11.0446069241 81.903012 41.262396 2.332631 79.1528126552 43.6623587277 2.56998868915 3.65012568697 13.5995938234 0
198 10.9751989841 81.909487 41.089487 2.1583794 80.1308810398 43.1308405232 2.37212944411 2.70750131458 12.2469753985 0
201 11.0147070885 81.924053 40.998223 1.9975831 80.1669214802 42.9981250817 2.21007578496 2.66216444164 12.1749340254 0
204 10.9560189247 81.960862 40.844259 1.8446809 80.4506911284 43.3184164311 2.05346299364 2.89863261819 11.9623328034 0
207 10.896198988 81.927588 40.703608 1.6857979 80.1503874912 43.3195026353 1.91119655483 3.16249053614 12.9143916298 0
210 10.9030661583 81.924928 40.686406 1.5459903 79.6645444809 43.2026980651 1.75298151366 3.38246351209 11.8597229392 0
213 10.9145231247 81.81851 40.588718 1.3660151 80.6706971722 43.4809832785 1.57859852877 3.11169933132 12.180133263 0
216 10.849214077 81.824065 40.431016 1.2110526 80.2874195915 43.4863502739 1.4371038572 3.41999219837 12.9517829913 0
219 10.9135580063 82.277545 41.390368 1.1504821 81.5938386634 45.5936076837 1.40733306065 4.25848308593 14.716476009 0
222 10.8664450645 82.927041 42.739254 1.1137092 81.9460806655 47.7342657951 1.36098821386 5.09042493427 14.1680438564 0
225 10.9203579426 83.677797 44.09726 1.084748 81.8861658306 46.4582353027 1.20276064309 2.9638061049 6.76162637839 0
228 10.955976963 84.372874 45.412874 1.0478677 81.6688146237 46.9829114293 1.18944255279 3.12681221693 8.11164155016 0
231 10.8398151398 85.159381 46.677356 1.0274995 82.7229457139 48.2064693501 1.11877593265 2.87652647139 5.22975435984 0
234 10.9619112015 85.928298 47.908079 0.99952116 83.4482151026 50.0178142042 1.06918306633 3.25603958977 3.99133322566 0
237 10.7959320545 86.76373 49.194484 0.95689161 84.7462690545 50.9402955421 1.02602775027 2.66795925891 3.9612090495 0
240 10.7372329235 87.649962 50.387631 0.93226665 85.7314679574 52.1364704281 0.99137809736 2.59596971031 3.38683645465 0
243 10.8344290257 88.570925 51.559268 0.90792052 86.6602585219 53.0374603055 0.942455821422 2.41571912329 1.97872701572 0
246 10.8439700603 89.47196 52.652014 0.8832857 87.3119464353 54.1722511202 0.914133648004 2.64135940402 1.76745722726 0
249 10.8621549606 90.492516 53.754021 0.83763364 88.330422165 55.8265418987 0.918514917224 2.9949945955 4.63415582654 0
252 10.956512928 91.498687 54.898001 0.81217592 89.3907690961 57.4538655201 0.870283269013 3.31296865892 3.32930585712 0
255 10.927382946 92.568948 55.94073 0.78340538 90.0948346682 58.4785765219 0.864317544694 3.54427732372 4.63592554822 0
258 10.9548630714 93.547241 56.960456 0.75288469 91.0777393555 59.8009998615 0.83412258752 3.76392452116 4.65458866438 0
261 10.9297070503 94.620679 57.928363 0.72990952 90.8674110275 60.2834910975 0.810350966781 4.43098734244 4.60895539847 0
264 10.9151570797 95.770396 58.899507 0.6896339 92.899779543 61.8007204489 0.786113398643 4.08135741133 5.52786808179 0
267 10.9771840572 96.962501 59.840194 0.66858365 94.5404437643 61.9370344746 0.705247414726 3.20360753354 2.10067897985 0
270 10.8854019642 98.232224 60.772339 0.64204005 95.5249868265 63.3415267668 0.693917674809 3.73227261795 2.97236895273 0
273 10.8066291809 99.416545 61.686454 0.60185601 97.5604629596 63.9266827368 0.625156378193 2.90923793014 1.33501275853 0
276 10.9184241295 100.66015 62.48684 0.57932353 98.9521424181 64.6986102097 0.601345302046 2.79449769376 1.26175459561 0
279 10.8960180283 101.84252 63.245661 0.55317695 99.7635641501 65.5971937534 0.562308424964 3.13875193608 0.523194976147 0
282 10.857845068 103.2489 64.041483 0.52149049 100.624726227 66.0537827086 0.521454808538 3.3069076355 -0.00204439719003 0
285 10.8776929379 104.5021 64.838724 0.48902664 101.736357113 66.9546345244 0.512468189513 3.48229968041 1.34310185235 0
288 10.8801729679 105.89753 65.50297 0.45749312 103.245234086 67.8155889917 0.509500689872 3.51893168645 2.97981425639 0
291 10.8904409409 107.23441 66.106065 0.425495 104.686444263 68.1798447237 0.485038023512 3.2852232408 3.41156394666 0
294 10.9633350372 108.62185 66.694881 0.38650919 105.782687499 68.8960069636 0.44021726046 3.59246422562 3.07724576316 0
297 10.9370470047 110.08086 67.251857 0.35533208 106.902454633 69.617814249 0.423630502372 3.96232436587 3.9132113493 0
300 10.9056699276 111.50781 67.766864 0.33459052 108.704274298 69.6479264308 0.367971199336 3.37612326525 1.91257204325 0
303 10.8082988262 112.87691 68.182524 0.30685182 109.57321392 70.2016954983 0.327681604124 3.87188085154 1.19345871848 0
306 10.7767319679 114.36462 68.651393 0.28808498 111.512480546 71.2230734194 0.312293522969 3.84034368855 1.38704734031 0
309 10.9279289246 115.83449 69.001579 0.25083859 112.741942894 71.287462641 0.285171802935 3.84566140225 1.96714819831 0
312 10.7934839725 117.19736 69.329841 0.23044123 114.556791818 72.1384289615 0.259159480148 3.85496649298 1.64543452847 0
315 10.8418560028 117.78731 69.484411 0.20147117 115.079653691 72.6667061015 0.239318327006 4.17832559771 2.16848236302 0
318 10.9132399559 116.42938 69.228806 0.13415298 114.390975366 71.9668669201 0.227148430315 3.41351300789 5.32824681696 0
321 10.9226801395 114.80773 69.128985 0.0979988 112.789270196 71.503194922 0.203068665145 3.11625620492 6.02005982679 0
324 10.8454492092 113.35769 69.056433 0.067460522 111.681899307 71.0942402863 0.154519895201 2.63835800887 4.98813465149 0
327 10.9236428738 111.81488 68.96352 0.032275621 110.562951154 70.953773822 0.127268072692 2.35126266332 5.44266656757 0
330 10.8736040592 110.29576 68.94659 -0.0039959963 108.963097335 71.2762559795 0.0700446687106 2.68390263523 4.24221761745 0
333 10.9277749062 108.74459 69.016615 -0.039899491 107.761472907 71.7233138759 0.0205134047132 2.87971144788 3.46140395253 0
336 10.8842880726 107.27384 69.125159 -0.081381225 106.129680529 71.5449194072 -0.0023879113483 2.67662872361 4.525983482 0
339 10.8815150261 105.77123 69.311189 -0.11875782 104.567997605 71.9954689416 -0.0348095094596 2.94161979222 4.80988389122 0
342 10.9029450417 104.23308 69.487176 -0.13593074 102.805561534 71.7778585686 -0.0563104006121 2.69908051023 4.56190941032 0
345 10.9619700909 102.67844 69.809947 -0.17996689 101.63804207 72.6873001674 -0.119182395629 3.05967140438 3.48269498727 0
348 10.8145198822 101.19539 70.111952 -0.20894349 99.6645041375 72.6614289706 -0.129903089563 2.97379292276 4.52868135606 0
351 10.9054419994 99.695937 70.47501 -0.24032587 98.5411265471 73.1304809242 -0.179995325328 2.89570596083 3.45668558542 0
354 10.9000389576 98.200311 70.897104 -0.28344925 96.9475312752 73.3052426485 -0.188086007547 2.7145144666 5.46391131323 0
357 10.9484739304 96.614615 71.415819 -0.3144709 95.4339993957 74.0171468604 -0.234414846978 2.85670436733 4.58687396262 0
360 10.9101140499 95.216051 71.909445 -0.34657274 93.9468018882 74.4539287552 -0.304944327275 2.84348217649 2.385132357 0
363 10.9315218925 93.790761 72.497598 -0.38120404 92.3676407192 74.6003734557 -0.303088627626 2.53908171404 4.47568344395 0
366 10.9456188679 92.417114 73.016357 -0.35870282 90.6133867954 74.8649407315 -0.276979183902 2.58276859997 4.68241943487 0
369 10.9653019905 91.055309 73.519772 -0.33819517 89.7641973202 74.7776449932 -0.23430963024 1.80255758206 5.95220298068 0
372 10.9299910069 89.614615 74.074076 -0.31837694 88.0176631942 75.5447618706 -0.222381665362 2.17098410864 5.50012408993 0
375 10.948745966 88.314109 74.556366 -0.29979055 86.9129404289 76.2649631368 -0.216290019721 2.20965552534 4.7842279721 0
378 10.9399211407 86.88131 74.994533 -0.2764152 84.636018296 76.030585391 -0.142013868357 2.47279990961 7.70062906407 0
381 10.9544129372 85.443672 75.387112 -0.25727157 83.6784830771 76.1499566077 -0.130130439044 1.92297265427 7.28465020632 0
384 10.870871067 84.055287 75.832526 -0.23267107 81.7586721541 76.3110874542 -0.0918725299394 2.34594561228 8.06716210707 0
387 10.8803229332 82.664555 76.128737 -0.22389476 80.6164120434 76.1510567458 -0.0536154318702 2.04826456825 9.75628684016 0
390 10.811809063 81.173968 76.455415 -0.20673661 78.9153599258 76.7993054966 -0.0376484382361 2.284638069 9.68803860766 0
393 10.8682761192 79.819657 76.754609 -0.1833313 77.5228666368 77.6286324605 -0.0270258088474 2.45747085074 8.95564495776 0
396 10.8105061054 78.325485 77.027059 -0.15611548 75.9765701034 77.7524190409 0.0108143708901 2.45836294729 9.56437593075 0
399 10.8115110397 76.892215 77.264525 -0.13798763 74.1683240208 77.9346606439 0.0175171959649 2.80511387434 8.9097702217 0
402 10.9041121006 75.420868 77.548324 -0.12557438 72.7825607556 77.6611043798 0.0697451741179 2.64071666973 11.1909861073 0
405 10.798789978 73.926916 77.691819 -0.097717287 70.9848568779 77.6911144408 0.0812814671569 2.94205920647 10.2558731513 0
408 10.8682329655 72.448195 77.857208 -0.08052134 69.8501145224 76.9742148515 0.161455756169 2.74402971347 13.8642663493 0
411 10.8575658798 71.010734 77.97039 -0.05919809 69.1363510465 77.67619012 0.131890298316 1.89733102695 10.9485581645 0
414 10.8904728889 70.665666 77.98114 -0.052809071 69.0996365629 78.661587336 0.114847249438 1.70747087085 9.6059995698 0
417 10.9354760647 70.65903 77.973391 -0.052747867 69.3753998611 79.113194944 0.122927015542 1.71664188579 10.0654293361 0
420 10.8467218876 70.662549 77.975477 -0.051931253 69.632378809 79.4212985432 0.114324136844 1.77528886584 9.52573215935 0
423 10.8253040314 70.657477 77.975804 -0.053730261 70.1261197503 79.1978959759 0.145030368588 1.33260996706 11.3881452088 0
426 10.8705601692 70.657208 77.964864 -0.053397677 69.6047014792 79.4291838053 0.140782086813 1.80333093709 11.1256809333 0
