3 13.4158191681 72.513547 45.80148 1.6808269 92.6719688232 26.3171940399 -2.4008473884 28.0356802981 126.137289928 0 0.006
6 13.7585859299 72.505015 45.806851 1.6805552 130.045375004 84.5521950911 -2.75151925579 69.3692634967 106.060839196 0 0.004
9 13.613298893 72.51553 45.801787 1.6811119 123.382077236 132.613001536 -3.12187661874 100.616065302 84.8090288265 0 0.008
12 13.5780909061 72.511327 45.798497 1.6805172 82.8319872382 31.4749299281 1.74071699821 17.6544782256 3.44919436478 0 0.004
15 13.5975761414 72.518426 45.80176 1.6806948 84.529240264 53.8432318461 -1.96735768299 14.4542356676 150.981989282 0 0.004
18 13.3751208782 72.509508 45.806599 1.6825332 61.2353840851 113.05292192 -1.97720671631 68.1848503433 150.31234868 0 0.006
21 13.4900801182 72.510969 45.800989 1.6811293 99.730935485 55.7885103197 1.49874771559 28.9944332167 -10.4496950476 0 0.008
24 13.5828518867 72.522343 45.818169 1.6838228 76.0727257094 82.3015858045 0.26789958166 36.6557624272 -81.1264245255 0 0.004
27 13.6157929897 72.508499 45.799812 1.6808804 106.256474714 131.265824932 -2.75492362207 91.8877860839 105.847150788 0 0.006
30 13.5612959862 72.523901 45.815543 1.6832165 28.574902302 85.1642737459 -0.493973754637 58.990144074 -124.743812788 0 0.008
33 13.4653289318 72.511009 45.802779 1.6808191 61.7537718959 110.391036577 -1.28861659134 65.4779441254 -170.136132649 0 0.004
36 13.6359109879 72.527172 45.853315 1.6851825 67.3112417847 106.874967924 0.287985354229 61.2441675069 -80.0534996004 0 0.006
39 13.5457270145 72.188088 49.017093 1.6798669 20.9900016696 92.6643936967 0.472805948079 67.2780120247 -69.1594981601 0 0.006
42 13.7765021324 71.804616 53.279503 1.6643548 18.7266288968 38.2527315236 -1.85149621027 55.1640877377 158.556575715 0 0.01
45 13.5350320339 71.568933 57.324136 1.642571 42.1511773815 96.2513821881 -0.602370340385 48.7927744796 -128.625664058 0 0.004
48 13.5806570053 71.37336 61.652431 1.6431927 119.166963556 48.2743808305 -1.09502031574 49.6306434293 -156.888049209 0 0.004
51 13.6784620285 71.165072 65.844712 1.6344026 137.886506686 55.6204662873 -0.538774452344 67.5002596064 -124.513873234 0 0.012
54 13.3171851635 70.960331 70.343426 1.6128178 68.8413860078 115.248931442 -1.94568402842 44.9554707117 156.112863842 0 0.012
57 13.3675320148 70.885213 74.631613 1.6236159 98.1985656061 73.9020809309 2.61803534772 27.3230936686 56.9760374198 0 0.008
60 13.4391438961 70.832043 79.069602 1.6124517 123.154951272 69.682227744 1.49758460811 53.1583438931 -6.58139957036 0 0.006
63 13.6341531277 70.841819 83.283634 1.5826474 117.90193568 139.18323624 -2.70132439731 73.0713357786 114.546496461 0 0.006
66 13.9796700478 70.897044 87.066595 1.5142468 46.5680645081 132.514119715 2.67428222791 51.5497502018 66.465134105 0 0.018
69 13.7605021 70.898205 87.488163 1.2381173 45.3960454569 131.136272246 2.44002726527 50.552127375 68.8643683644 0 0.036
72 13.7825450897 70.648486 87.373684 0.94938085 45.1000384759 130.271833854 2.25796614735 49.9296948895 74.9764146712 0 0.032
75 13.9274978638 70.490448 87.162959 0.64684814 45.6517182363 129.951114575 1.98023509649 49.4751326804 76.3974450648 0 0.024
78 13.4565608501 73.090524 88.460194 0.4660111 42.3806062717 132.545967738 1.60530233048 53.7275952647 65.2765791427 0 0.014
81 13.5067739487 76.750616 90.291223 0.4640309 49.0835462482 108.747226743 3.02788610177 33.2579437549 146.898082344 0 0.022
84 13.4625217915 80.704264 92.172539 0.45240664 41.2657351755 109.021737752 -2.92521183744 42.8869800104 166.476716437 0 0.018
87 13.6800508499 84.637734 93.972859 0.42386385 90.5003047418 106.788007918 2.59482500638 14.0924723695 124.386911747 0 0.012
90 13.6756181717 88.678811 95.730817 0.41656148 23.2264006385 47.747321704 -3.05568777711 81.1568471724 161.05477215 0 0.01
93 13.9448561668 92.647535 97.41769 0.40779386 104.509603157 69.4305916343 -1.06177198966 30.3971435484 -84.1999209021 0 0.016
96 14.4292368889 96.759828 99.128022 0.39320766 89.0341436085 137.680522346 2.17028116104 39.3189710223 101.818811494 0 0.022
99 13.7576479912 100.07577 100.58602 0.32958371 16.6371389236 67.9363724897 -3.10976905833 89.5991330229 162.939602118 0 0.014
102 13.6650640965 100.12714 100.52966 0.1390585 82.8850309048 138.753929232 1.94235060394 41.9331024891 103.321026785 0 0.02
105 14.2431540489 100.08551 100.52401 -0.14356162 66.7188161732 131.897315315 0.635150158436 45.7997875902 44.6168983615 0 0.008
108 13.4351239204 99.772178 100.71077 -0.40700642 31.9912401485 60.7654179426 -3.03645425283 78.6758329287 -150.656263271 0 0.01
111 15.4740490913 99.760338 100.7618 -0.66729138 64.8878715061 82.6902575785 -2.80172960254 39.2768324189 -122.294301783 0 0.012
114 13.5921809673 99.638101 100.95548 -0.8821311 100.722085363 60.9148076844 -2.63856411201 40.0553424849 -100.636198586 0 0.012
117 13.7895629406 99.549051 101.11221 -1.1251977 96.7457000954 103.689493727 -1.05830232157 3.80803987688 3.83282285313 0 0.022
120 14.047629118 100.80276 98.46873 -1.1938854 98.5435763002 100.187117258 -1.1695723669 2.83844424948 1.39303418388 0 0.02
123 13.5392689705 102.35582 94.496879 -1.1822805 100.636930319 95.8710343861 -1.17368813372 2.20065552952 0.49230632384 0 0.064
126 13.7308850288 103.84912 90.431736 -1.1842505 102.304131585 92.4508032438 -1.19491275702 2.54236538259 -0.610902327333 0 0.078
129 13.7578611374 105.46668 86.336829 -1.1831903 103.952117859 88.209984256 -1.17910370312 2.40886053813 0.234144753536 0 0.08
132 13.5953559875 106.96067 82.891423 -1.1821311 105.042574376 85.2777205046 -1.16999207823 3.0616182984 0.695514714765 0 0.168
135 13.6271400452 108.13488 79.987125 -1.1809983 106.800457445 81.166477697 -1.16091154801 1.78088639116 1.15088611341 0 0.336
138 13.3307301998 109.11096 77.465416 -1.174964 107.6315654 79.1319228744 -1.15650576458 2.22841951701 1.05757898693 0 0.396
141 13.3202719688 110.00241 75.115832 -1.1797573 108.709096704 77.331970814 -1.15773040171 2.56591709212 1.26204830769 0 0.41
144 13.4131700993 110.9669 72.896666 -1.1819268 110.364585049 74.7265670846 -1.13016762605 1.92647898502 2.9655822184 0 0.528
147 13.431648016 111.79529 70.750926 -1.1680053 109.538382462 73.6045523241 -1.17100989479 3.63824337167 -0.17215060052 0 0.346
150 13.8757169247 112.62755 68.634671 -1.166408 110.236987517 71.5428970527 -1.15808826032 3.76464709618 0.476685970425 0 0.528
153 14.0793690681 113.50263 66.493746 -1.1746568 111.143461149 69.3320835461 -1.17850626162 3.69077738352 -0.2205579042 0 0.62
156 13.8670651913 114.39844 64.423702 -1.1690506 112.240714645 67.6496878064 -1.1662671978 3.88107757315 0.159477198938 0 0.592
159 13.5995919704 114.9392 62.935672 -1.1627449 113.656779366 65.9286190032 -1.14908019454 3.25612260944 0.782929951155 0 0.618
162 13.5357780457 115.58582 61.52951 -1.1720902 113.946504375 64.1883851233 -1.14852482249 3.12361531576 1.35019667389 0 0.656
165 13.3606009483 116.16312 60.165609 -1.1710096 115.026417403 63.8146916512 -1.16009464279 3.82202786339 0.62538098178 0 0.63
168 13.3246641159 116.71267 58.758483 -1.1690165 115.240244286 62.2574280506 -1.15971090734 3.79613671373 0.53317118505 0 0.632
171 13.9406809807 117.29804 57.404001 -1.1730259 115.16256637 60.4478583272 -1.16800016082 3.71824085434 0.287953643737 0 0.62
174 13.8268671036 117.3062 57.346669 -1.1782941 115.002092889 60.0112558544 -1.21022060084 3.52263149959 -1.82925375271 0 0.618
177 13.3312048912 117.30973 57.394113 -1.1925087 115.087832704 60.519972843 -1.25077089891 3.835078533 -3.33817810282 0 0.61
180 13.4624390602 117.3509 57.478875 -1.2542253 115.030622387 60.7508193985 -1.31506485395 4.01114800846 -3.48584966866 0 0.556
183 14.060311079 117.31554 57.561663 -1.3141336 115.050364292 60.6724781791 -1.36459925474 3.84814137849 -2.89146902723 0 0.562
186 13.6208360195 117.31761 57.625945 -1.389572 114.703624606 60.7804087067 -1.4096416392 4.09677445284 -1.14990562267 0 0.54
189 13.5564310551 117.34247 57.653648 -1.4539696 115.062125649 60.1577132302 -1.47132143112 3.38678505879 -0.994186690217 0 0.502
192 13.9628651142 117.36058 57.739095 -1.5147103 114.860261008 60.5296339436 -1.52978878798 3.74682567728 -0.863933722642 0 0.508
195 13.8352849483 117.34118 57.80351 -1.5718326 115.120505101 60.30893207 -1.59835911666 3.34791528535 -1.51985744967 0 0.486
198 13.8199770451 117.32521 57.826191 -1.6475747 115.889405815 60.2605085954 -1.64317226515 2.82620519669 0.252240936469 0 0.48
201 13.3198502064 117.28663 57.948056 -1.7072698 116.268053611 60.0002155412 -1.7002137735 2.29103833308 0.404280538532 0 0.408
204 13.3253819942 117.37131 58.006137 -1.7818651 116.106964125 59.9014839383 -1.7633974519 2.2783569756 1.05811829368 0 0.366
207 13.5773379803 117.40314 57.989067 -1.8555926 116.225813232 59.9052122862 -1.84263761916 2.24893554299 0.742265725903 0 0.36
210 14.1145291328 117.02719 57.008887 -1.8977403 116.030920872 59.2702511897 -1.83901670741 2.47109695758 3.36461401344 0 0.326
213 13.4256258011 116.38504 55.250118 -1.9095407 116.039894858 57.1770424174 -1.87661936547 1.95759109095 1.88625352458 0 0.39
216 13.3645541668 115.67443 53.450651 -1.9075572 115.55797035 55.4349650987 -1.84504662607 1.98772867676 3.58159206121 0 0.416
219 13.2891130447 115.02136 51.574537 -1.9165104 113.934564672 53.6837857355 -1.88100757114 2.37277354855 2.03416225452 0 0.434
222 13.3778948784 114.35753 49.684701 -1.9233127 114.121089234 51.7648128184 -1.91241360704 2.09350648745 0.624472027043 0 0.528
225 13.3814249039 113.59486 47.870819 -1.9110101 113.237047264 50.2095644417 -1.88533144725 2.36595862077 1.4712784264 0 0.556
228 13.5769689083 112.87829 45.986656 -1.9118326 112.082225449 47.8743622102 -1.8928726009 2.04869556195 1.08632792803 0 0.454
231 13.2832980156 112.17059 44.128463 -1.9122248 112.236494757 45.8348502084 -1.92814820847 1.7076594338 -0.912344100738 0 0.426
234 13.3885729313 111.43202 42.277019 -1.9027456 110.713194014 44.2599755579 -1.91520742653 2.1092243855 -0.714010065149 0 0.46
237 13.2843661308 110.82393 40.37458 -1.9174412 110.323288094 42.5656123378 -1.94009088169 2.24750195192 -1.29773116813 0 0.46
240 13.9544599056 110.14399 38.567468 -1.912432 109.595946311 40.900294121 -1.89185436772 2.3963367034 1.17901148223 0 0.372
243 13.8239099979 109.42625 36.696167 -1.9074722 108.95046031 38.7316208181 -1.90072734398 2.0903224811 0.386451783422 0 0.516
246 13.4947679043 108.96452 35.308972 -1.917648 108.6606741 37.4431809907 -1.9231165614 2.15572965533 -0.313325488199 0 0.61
249 13.4107069969 108.91335 35.330429 -1.9171391 108.694475636 37.6544519038 -1.94768885671 2.33430684454 -1.75037212447 0 0.566
252 13.5472960472 108.9585 35.348205 -1.9450374 107.951099982 37.8073116155 -1.99748217573 2.65745369533 -3.00486430668 0 0.546
255 13.2672879696 108.97674 35.368834 -2.0165302 108.860126551 37.6558726234 -2.08292845594 2.29000968587 -3.80433983236 0 0.562
258 13.2940700054 108.99865 35.397074 -2.0803106 109.507757877 37.2422377253 -2.10830673562 1.91411076058 -1.60406041397 0 0.464
261 13.8710401058 109.05048 35.474836 -2.159245 108.73439896 37.7374859432 -2.17581165808 2.2846207539 -0.949199588425 0 0.518
264 13.7490451336 109.09365 35.518169 -2.2238592 109.12919271 37.4868580384 -2.22573470281 1.96900985629 -0.107458395673 0 0.48
267 13.5717170238 109.14301 35.568827 -2.2920109 108.292090448 37.7687945079 -2.28868338627 2.35879654059 0.190652492742 0 0.466
270 13.4637918472 109.24021 35.586114 -2.3597618 109.648232747 37.9088933608 -2.35460200159 2.35834402089 0.295634671808 0 0.45
273 13.3079240322 109.32691 35.57971 -2.4292889 108.867927545 37.4739063373 -2.43104151967 1.94901120008 -0.100417710341 0 0.466
276 13.2665450573 109.34422 35.612178 -2.4970016 108.020083314 37.6765197688 -2.46030824587 2.4525180739 2.10237432777 0 0.452
279 13.5223329067 109.45255 35.562283 -2.5751384 107.680222737 37.8392506621 -2.52272750895 2.88543335778 3.00292285774 0 0.39
282 13.4359440804 109.51035 35.610832 -2.6455993 108.964074492 37.0976082146 -2.58401559845 1.58395721008 3.52848618541 0 0.382
285 13.6603507996 109.52669 35.619453 -2.7060079 108.601225287 36.884324323 -2.64436441794 1.56728567897 3.53191135645 0 0.364
288 13.4983730316 109.56751 35.667144 -2.7779359 108.659164418 36.4813579701 -2.69998420908 1.21985084538 4.46630289537 0 0.366
291 13.3655087948 109.58407 35.725569 -2.8421247 109.182974698 36.5676612357 -2.71608272768 0.932736176162 7.22167305539 0 0.354
294 13.8368530273 109.62066 35.728072 -2.9074408 109.079318238 37.4979693839 -2.77999588028 1.8508343125 7.30205602032 0 0.304
297 13.7314441204 108.40689 35.538158 -2.9474042 108.874630678 36.8240077593 -2.93169576739 1.36828028751 0.90002689111 0 0.352
300 13.5442709923 106.63579 35.154474 -2.9731605 105.662138087 36.7199664412 -2.9156005098 1.84357387469 3.29794450709 0 0.436
303 13.4470009804 104.74277 34.838538 -2.9724974 104.178637813 36.5689676296 -2.90226773936 1.82006368769 4.02386315118 0 0.41
306 13.4827730656 102.71686 34.507066 -2.970186 101.378539659 35.5460619978 -2.88372281827 1.69428864695 4.95397539657 0 0.304
309 14.3160259724 100.87602 34.149296 -2.9774562 100.155308524 35.7447644096 -2.86695025917 1.75069828287 6.33152402073 0 0.39
312 13.6266582012 98.917573 33.856952 -2.9648121 98.2152602299 34.9718453547 -2.88466480451 1.31766096525 4.59210177096 0 0.488
315 13.6948781013 96.872255 33.519705 -2.9713846 96.0270929315 34.4548766349 -2.90741786966 1.26049391464 3.66502367745 0 0.578
318 13.9466581345 94.700759 33.157106 -2.9752463 94.2276780848 33.9132934792 -2.88502900581 0.89197817012 5.16907019634 0 0.494
321 13.5599789619 92.656194 32.878926 -2.9695623 92.2052403117 33.9521686369 -2.92932634579 1.1641344367 2.30535036111 0 0.46
324 13.6428589821 90.628889 32.525228 -2.9736018 89.8693024567 33.6732944771 -2.95420131599 1.37660028788 1.1115658545 0 0.534
327 13.6263120174 88.510396 32.191288 -2.9695852 87.158536459 33.5512236123 -2.9400116064 1.91753724556 1.69444209803 0 0.586
330 13.5044410229 87.334812 32.006658 -2.9896435 86.199869807 33.3549140623 -2.97781662188 1.76235302681 0.677630201215 0 0.608
333 13.5034320354 87.328365 31.983283 -3.0015998 86.4276742271 33.5309785274 -3.02861247256 1.79069967156 -1.54771213122 0 0.558
336 13.4277629852 87.328448 32.00285 -3.0442403 86.385511059 33.9560375246 -3.07534722828 2.16888717567 -1.78229570417 0 0.518
339 13.86460495 87.480424 31.977098 -3.121648 86.1818721525 33.7581688899 -3.12713576897 2.20418928758 -0.314426000956 0 0.49
342 13.6021251678 87.509332 32.088761 3.0972389 86.2278824938 33.5259170624 3.08156006233 1.92549484147 -0.898331226393 0 0.38
345 13.6874740124 87.537767 32.004513 3.0032565 86.8259340816 33.9414242208 3.06531735703 2.06357243172 3.55582518099 0 0.456
348 13.7588810921 87.588829 31.971963 2.902116 86.3747581586 33.9631527299 3.00897700845 2.33212447107 6.12268477843 0 0.344
351 13.727684021 87.696053 31.883789 2.7788249 86.1182880322 33.4556042559 2.83964694451 2.22709350776 3.48484645173 0 0.26
354 13.5937337875 87.777704 31.698119 2.6376296 85.6413549345 33.0728736986 2.72926719406 2.54046015733 5.25044738448 0 0.236
357 13.4289700985 87.896098 31.65995 2.4917922 86.3648760498 33.4165323628 2.79822476578 2.33028372911 17.5572927248 0 0.216
360 13.9992110729 87.958395 31.594625 2.366513 85.9486011958 33.9051427335 2.55009893956 3.06231339553 10.5186995148 0 0.262
363 13.4808778763 87.964094 31.460561 2.2184109 86.7897540659 33.7316026253 2.47688679708 2.55669793773 14.8095780086 0 0.236
366 13.5558450222 87.708527 31.831987 2.1125682 85.8366686704 34.1542718882 2.22268325711 2.98276058505 6.30912803312 0 0.288
369 13.6975209713 86.721318 33.612273 2.0920166 85.2030290343 35.5453583806 2.25166791401 2.45805217033 9.14734648666 0 0.27
372 13.455245018 85.724716 35.405361 2.0873093 83.8830193916 36.419005035 2.06275196167 2.10221802558 -1.40703184238 0 0.296
375 13.4354839325 84.755772 37.248267 2.0862059 83.1847728237 38.8440444346 2.04602375776 2.23931776058 -2.30226716232 0 0.338
378 13.5476739407 83.690185 39.149374 2.0868314 81.9255573844 40.1354878435 2.12619837815 2.02146756936 2.25556169996 0 0.45
381 13.6179080009 82.666747 40.97523 2.090975 80.5641451169 41.9802494031 2.1293341288 2.33045031688 2.19781618619 0 0.44
384 13.5373630524 81.635815 42.877142 2.0910396 80.0745012335 43.799945642 2.09953126017 1.81363371137 0.486536288582 0 0.472
387 13.7893979549 80.624097 44.699122 2.0805048 79.0364590118 45.3212936778 2.12577422495 1.7051955836 2.59374699081 0 0.458
390 13.7997300625 79.602515 46.546403 2.0762437 77.7675103929 46.7836962625 2.11314654393 1.85028376215 2.11437720929 0 0.542
393 13.485243082 78.599692 48.40129 2.0808805 77.07340401 49.120478605 2.09684310219 1.68724250711 0.914589735338 0 0.58
396 13.744551897 77.532669 50.298142 2.0919608 76.0814355666 50.7462476952 2.11249393122 1.51884073961 1.17646175882 0 0.588
399 13.6121091843 76.53881 52.074716 2.0854653 74.9512608477 52.699706402 2.08293911071 1.70614340354 -0.144739984546 0 0.668
402 13.5290570259 75.533974 53.92833 2.0838411 73.9673562953 54.5678040354 2.08824661841 1.69210462872 0.252417611304 0 0.652
405 13.7311329842 74.451304 55.860797 2.0823704 73.0069818665 56.0068199254 2.10514347751 1.45168492453 1.30480122796 0 0.646
408 13.5293931961 73.464188 57.689364 2.0801622 71.3428830401 57.6682406847 2.12203115071 2.12141012713 2.39891416855 0 0.512
411 13.7331159115 72.461178 59.521835 2.0808323 69.9262662736 60.2845360321 2.13163772224 2.64716647091 2.91093627088 0 0.538
414 13.583507061 71.469371 61.42577 2.0898858 69.2956683029 62.4063705154 2.09944097744 2.38465108267 0.547471339819 0 0.604
417 13.6292469501 70.386885 63.322712 2.0827703 67.9905628715 63.8574523318 2.12010198345 2.45526107903 2.13894790376 0 0.606
420 13.4265539646 69.38246 65.186025 2.0922796 66.873684816 65.2708348874 2.12371965358 2.51020828631 1.80138237786 0 0.6
423 13.3907589912 68.400253 67.014087 2.0893798 65.779338209 67.4420241278 2.11401375315 2.65562130719 1.41142154836 0 0.712
426 13.4767501354 67.30799 68.901204 2.089526 64.3738190693 69.0742539687 2.11895831347 2.9392695253 1.68634734335 0 0.712
429 13.3149840832 66.315197 70.741557 2.0869248 63.5594812265 70.5309827872 2.12596913131 2.76374943205 2.23707539809 0 0.728
432 13.4611599445 65.281228 72.464006 2.0745737 62.7096741664 72.4530998475 2.11434404491 2.57157696042 2.27867291335 0 0.736
435 13.3941562176 64.283593 74.421326 2.0918621 61.2807535742 74.7245141947 2.12935795426 3.0181066413 2.14835419834 0 0.726
438 13.3174209595 63.28447 76.191493 2.091939 60.2833568314 75.8870877289 2.13063050614 3.01651169732 2.21686000469 0 0.766
441 13.472315073 62.204887 78.125252 2.0893553 59.1791733634 77.9239222016 2.14387731961 3.03240444175 3.12388161429 0 0.758
444 13.3762350082 61.273659 79.948227 2.0960183 58.1033492092 80.01359793 2.13929352648 3.17098368467 2.47948783495 0 0.75
447 13.2063570023 60.19879 81.787566 2.089809 56.7254234054 81.9436416191 2.12411360423 3.47687145281 1.96550904035 0 0.716
450 13.2217450142 59.161438 83.629466 2.0974137 56.8009144659 83.549711056 2.10337343307 2.3618704889 0.341467552014 0 0.736
453 13.2816240788 58.11891 85.485673 2.0964985 55.4898981071 85.6996976387 2.08448795534 2.63770924842 -0.688153518711 0 0.682
456 13.0462760925 57.036783 87.336936 2.0992423 54.5693123877 87.4884548103 2.08511792615 2.47211835732 -0.809267010003 0 0.72
459 13.1915588379 56.357629 88.602308 2.124456 54.5643599854 88.5337697979 2.09734188868 1.79457829137 -1.55352414411 0 0.708
462 13.1991961002 56.200217 88.720884 2.2094598 54.556454235 88.3532478736 2.20972252766 1.68437298393 0.015053186059 0 0.606
465 13.6043241024 56.199637 89.07416 2.3631742 53.2322427535 88.5976432695 2.35921705055 3.00541125451 -0.226727962491 0 0.534
468 13.3830440044 56.109511 89.161307 2.4869631 53.0099211294 88.3790918604 2.48607481878 3.19676678705 -0.0508947651774 0 0.534
471 13.3944849968 56.023191 89.233423 2.608836 52.9592853795 88.9650442672 2.62234893757 3.07563729905 0.774234291734 0 0.486
474 13.6552128792 54.873312 89.789936 2.6823278 51.8039303881 89.1302060915 2.67162250031 3.13948196863 -0.613368490577 0 0.506
477 13.4492301941 52.997249 90.667048 2.6986067 49.7576555945 90.0690045417 2.71668380245 3.2943317093 1.03574167609 0 0.652
480 13.4238240719 51.122563 91.609157 2.7018871 47.8853703543 91.0482555313 2.72133627337 3.28542640812 1.11435554903 0 0.634
483 13.2902970314 49.137432 92.566213 2.7007601 46.5078813853 91.4840164653 2.71026419063 2.84353402916 0.54454428137 0 0.42
486 13.2536959648 47.308569 93.452781 2.7003868 44.4578485644 92.6724620001 2.72921381253 2.95558873043 1.65166615388 0 0.634
489 13.29885602 45.360782 94.336008 2.7008969 42.413590264 93.6311662001 2.7296092278 3.03030379529 1.64509520293 0 0.708
492 13.3608920574 43.468079 95.251019 2.7064338 40.7320289015 94.2178660962 2.7198827184 2.92461537029 0.770566263175 0 0.648
495 13.1244211197 41.590918 96.131677 2.7064065 37.9148263378 95.5151368657 2.73785583033 3.72743499554 1.80191389624 0 0.586
498 13.1825060844 39.606214 97.06058 2.704478 36.3663300437 95.9653281325 2.73188250283 3.42000361164 1.57016235202 0 0.668
501 13.2873778343 37.718719 97.944153 2.696243 34.2154502431 96.8822271756 2.73192520286 3.66068005153 2.04443962779 0 0.652
504 7303.07459807 35.769603 98.891663 2.7044976 32.5320262944 97.6277294384 2.74600819 3.47554757885 2.37838161189 0 0.662
507 13.8026340008 33.862509 99.822852 2.7013631 31.2738183289 98.4629371501 2.72403598553 2.92415591061 1.29906065025 0 0.546
510 14.519231081 31.979521 100.73965 2.7066945 29.1125031398 99.2942050629 2.73844531753 3.21077910747 1.81918784067 0 0.55
513 14.4581270218 30.015598 101.64307 2.7044148 27.153110235 100.409609891 2.69009047562 3.11693119033 -0.820723331596 0 0.476
516 13.1914041042 28.083667 102.5122 2.7038251 25.6989174815 101.49437101 2.70705017458 2.5928760323 0.184783161853 0 0.516
519 13.2068171501 26.231599 103.44351 2.6987262 23.2259703224 102.340169305 2.72350188025 3.201743968 1.41954191286 0 0.606
522 13.0302410126 24.326425 104.3449 2.7056645 21.5198239053 103.284762118 2.71449852367 3.00015033526 0.506152272224 0 0.58
525 13.2747309208 23.072168 104.95788 2.6888385 19.7861923473 103.774296143 2.67455249162 3.49263607283 -0.818527986018 0 0.642
528 13.0064899921 23.059574 104.94595 2.6093304 19.5655723716 103.769269169 2.60060512663 3.68681775492 -0.499921339111 0 0.664
531 12.9977219105 23.148655 105.02795 2.4881616 18.8561667311 104.799637227 2.46954748336 4.29855583437 -1.06651032261 0 0.604
534 12.9362590313 23.15609 104.97342 2.3614352 18.8591286044 104.336007142 2.35030342636 4.34398116784 -0.637803647971 0 0.562
537 13.4821629524 23.189116 104.80794 2.2179164 19.1343695918 104.104087671 2.20691234718 4.11538291481 -0.630485784083 0 0.55
540 12.9787089825 23.170444 104.45908 2.0515088 18.9195756962 105.000497432 2.06878331464 4.28520876641 0.989756781941 0 0.542
543 12.8436589241 23.203193 104.36781 1.9241471 19.1944729629 104.424717678 1.95254999004 4.00912394663 1.62736572521 0 0.466
546 13.0853428841 23.268475 104.40083 1.8086424 19.4969557626 104.142100889 1.81957284382 3.78038332851 0.62626829898 0 0.588
549 12.9295008183 23.269141 104.3114 1.6661585 18.8903778777 104.796865021 1.67283330367 4.40559221538 0.38243807963 0 0.59
552 12.9326369762 23.273746 104.22596 1.531085 19.8418106003 105.219725692 1.56188101566 3.57291909192 1.76448172333 0 0.486
555 12.9861018658 23.201513 103.9692 1.3630267 19.4348353248 105.311977472 1.39660570249 3.99886384484 1.92393512285 0 0.454
558 12.9071879387 23.573375 105.47089 1.3112874 19.6591046776 106.135655844 1.34397735784 3.97031809608 1.87299661676 0 0.518
561 12.9120268822 24.091257 107.45193 1.3021436 19.7060073204 106.784269445 1.3594903445 4.43578463961 3.28572642853 0 0.4
564 12.9285340309 24.69734 109.54228 1.2971878 20.9916239626 108.532561045 1.32128032001 3.84081550181 1.38039971458 0 0.422
567 12.8816020489 25.24514 111.62222 1.291934 21.6660134947 111.255545571 1.3189596189 3.59786001368 1.54845390156 0 0.562
570 12.9193310738 25.838263 113.71051 1.2925571 22.0278452954 113.338537986 1.29581125138 3.82853056179 0.186449140227 0 0.592
573 12.8907580376 26.485855 115.66064 1.2984976 22.5082580703 115.673069734 1.33073889281 3.9776163507 1.84729000402 0 0.728
576 12.8527369499 26.666562 116.70228 1.2516028 22.4320589586 116.828654819 1.28641677613 4.23638839137 1.99469390043 0 0.688
579 12.9163019657 26.671044 116.66524 1.1445574 22.6748468484 116.929717204 1.15018558298 4.00493943347 0.322471131211 0 0.616
582 12.9561200142 26.68282 116.71548 1.0360889 22.7683150244 116.440541617 1.02614660629 3.9241483558 -0.569651467991 0 0.634
585 13.1318318844 26.598988 116.54426 0.86252405 22.7890382796 115.940540117 0.887880356119 3.85748552417 1.45280932467 0 0.612
588 13.3388519287 26.490987 116.49462 0.72378221 22.4986319954 115.771824509 0.77537871873 4.05725668453 2.95626218782 0 0.6
591 12.9030411243 26.414554 116.44154 0.58967497 22.2596455652 115.952442881 0.637048697976 4.18359655003 2.71431467284 0 0.572
594 12.908301115 26.30131 116.37003 0.43724496 21.8314276649 116.679131801 0.492014083904 4.48055710966 3.13803964733 0 0.574
597 12.8198261261 26.176025 116.35464 0.31453037 22.1549156371 116.164270142 0.363819181751 4.02561314474 2.82404089056 0 0.524
600 12.9517669678 26.088883 116.46581 0.14702743 21.8042983653 116.320470401 0.217975060486 4.2870489956 4.06499979333 0 0.54
603 12.73087883 25.977812 116.45377 0.019989929 21.8024816895 116.236517838 0.0520241851834 4.18097855814 1.83542767915 0 0.51
606 12.7507591248 25.890585 116.45549 -0.11586106 22.9358112158 116.315140772 -0.030085643632 2.95810514041 4.91456934387 0 0.462
609 14.0601201057 27.617035 116.21759 -0.13548047 24.2644612881 115.876004223 -0.0823582681778 3.36993046467 3.04367796285 0 0.526
612 13.1631989479 29.732468 115.90829 -0.14344069 26.2475880138 115.408071718 -0.0946672190746 3.52059751284 2.79451403623 0 0.552
615 12.8284959793 31.744289 115.6014 -0.14068963 27.83711642 114.692795158 -0.113901069525 4.01142871418 1.53487145446 0 0.562
618 12.9721469879 33.87565 115.27561 -0.13567301 29.9928552656 114.897700468 -0.114474318133 3.9011422128 1.21459557517 0 0.606
621 12.8583848476 35.936054 114.9269 -0.14240112 32.828847811 114.511734767 -0.0923258321116 3.13481936831 2.86910265391 0 0.65
624 12.7813019753 38.113735 114.67885 -0.14674677 34.5026158321 114.584864739 -0.123598705308 3.61234202067 1.32628641074 0 0.65
627 14.4045710564 40.163768 114.30534 -0.14012204 36.7319296713 114.469641818 -0.0964003271668 3.43576911359 2.50506961843 0 0.696
630 13.2322151661 42.346763 113.98058 -0.16006212 39.1066340868 114.397369849 -0.082959037951 3.26682554667 4.41768118886 0 0.74
633 13.0294909477 44.341947 113.67079 -0.15507802 41.085741312 114.225533363 -0.0966226017726 3.30312211121 3.3492487541 0 0.684
636 13.0330488682 46.544067 113.30502 -0.15009707 42.7071506789 114.301908151 -0.0844199379046 3.96430483699 3.76302247959 0 0.674
639 12.8548619747 48.557097 112.97025 -0.14631805 44.8049389086 114.084179895 -0.0711031386541 3.91401713775 4.30949697657 0 0.676
642 12.8530540466 50.586062 112.64729 -0.14866611 47.3735247584 113.994203219 -0.0855430580533 3.48347107737 3.61668446653 0 0.73
645 13.1461830139 52.747394 112.3225 -0.14488479 49.700797556 113.948026997 -0.0575333477045 3.45312726526 5.00486897791 0 0.69
648 13.1469988823 54.919709 111.95097 -0.14565598 51.4740967765 114.188906415 -0.0643736955076 4.10860109919 4.65713185059 0 0.722
651 12.8739008904 56.9199 111.70562 -0.14317608 53.7813371749 113.393955717 -0.0754758326866 3.56385382678 3.87893844305 0 0.68
654 12.8602118492 58.963864 111.32719 -0.14485493 56.4704673271 113.824236016 -0.0468100420668 3.52877681002 5.61755828141 0 0.658
657 12.8861479759 61.070196 111.0267 -0.15209978 57.8192329794 112.044189005 -0.126607666281 3.40647096511 1.46059052699 0 0.602
660 12.8785920143 63.25691 110.67843 -0.1447313 59.6712066674 111.85176144 -0.114656125166 3.77279406494 1.72318058612 0 0.686
663 14.0039680004 65.338645 110.4192 -0.14848438 61.3298236911 111.465612548 -0.125069630025 4.14314222624 1.34156635191 0 0.642
666 12.9293069839 67.412523 110.08404 -0.1445869 63.3146803019 111.227290661 -0.106177221042 4.25433153993 2.20071249674 0 0.71
669 12.8823740482 69.507235 109.73429 -0.15139682 65.8728654176 111.193712545 -0.108936094381 3.91644691341 2.43282037301 0 0.776
672 12.7959401608 71.647859 109.39116 -0.14906575 68.3131326144 111.20375197 -0.121465500558 3.79550915143 1.58137780654 0 0.746
675 13.0214321613 73.702975 109.06139 -0.1559357 69.7988733281 111.058604159 -0.0984905010594 4.38530207181 3.29136745259 0 0.704
678 13.9423449039 75.754203 108.72815 -0.15045699 72.285292612 110.420836932 -0.130199174806 3.85986118027 1.16068731276 0 0.674
681 15.5930449963 77.860742 108.43703 -0.15243836 74.1731017402 109.510388239 -0.137589425507 3.840675539 0.850781276743 0 0.716
684 15.11992383 79.97813 108.08555 -0.15170568 75.9860903671 109.167877169 -0.148047285431 4.13615915211 0.209610568592 0 0.726
687 15.2031128407 82.120618 107.73965 -0.14888428 78.205781137 109.050573447 -0.138393508827 4.1284946345 0.601076912056 0 0.748
690 14.449960947 84.192494 107.42985 -0.14593359 80.9171080851 108.72499237 -0.135888075299 3.52215085588 0.575565595402 0 0.738
693 14.8858611584 86.28045 107.15458 -0.15823172 82.2765767938 108.903477922 -0.125215020672 4.36916978313 1.89171752495 0 0.654
696 14.1394569874 88.385341 106.75858 -0.15035877 84.4341470722 108.550407218 -0.11055911286 4.33849953727 2.28035238019 0 0.696
699 12.9378509521 90.512184 106.42958 -0.15443508 86.9863803484 108.591887661 -0.100787447078 4.13604470613 3.07378294728 0 0.776
702 12.9212520123 92.541412 106.11165 -0.15857271 89.3259783725 108.492699805 -0.110101421287 4.00105131008 2.77720027081 0 0.738
705 12.8766019344 94.624435 105.7799 -0.14991569 91.2516499239 107.654065861 -0.10163187037 3.85852003285 2.7664590836 0 0.752
708 13.015871048 96.812614 105.41142 -0.16008539 93.5503606635 107.299651122 -0.130027426489 3.76931208604 1.72219444992 0 0.7
711 12.946750164 98.833392 105.05687 -0.15857643 94.8748477559 107.044827168 -0.139921002664 4.42967789282 1.06887725135 0 0.638
714 12.8920757771 100.9283 104.72764 -0.15390186 96.5326128732 106.81886793 -0.114052192622 4.86778179188 2.28321775577 0 0.508
717 12.8318748474 103.02648 104.38009 -0.15580909 98.6410472941 106.76077935 -0.120432703313 4.98996009981 2.02691765157 0 0.6
720 13.6037077904 103.56436 104.3046 -0.21764658 99.6603366248 106.919142508 -0.184983368906 4.69864140373 1.87146414101 0 0.584
723 15.297492981 103.46604 104.39779 -0.32798619 99.5512164364 106.8848195 -0.298399683071 4.63801242649 1.69518197759 0 0.6
726 14.801445961 103.43166 104.43448 -0.46455789 99.0956787395 106.753596916 -0.422823679034 4.91721839682 2.39119414966 0 0.562
729 14.5230238438 103.35806 104.51276 -0.60050128 99.0202001741 106.879867739 -0.579771351659 4.9416825998 1.18773740353 0 0.498
732 14.8493971825 103.30537 104.5712 -0.75278089 100.622818691 106.409914031 -0.653185823088 3.25222244228 5.70637699436 0 0.392
735 14.7204220295 103.24477 104.73622 -0.88717849 100.088934237 107.031622168 -0.810055936366 3.90232885254 4.41879682848 0 0.41
738 14.8260829449 103.11543 104.83266 -1.0218313 100.600295424 106.474145111 -0.917764404057 3.00339396459 5.96259392458 0 0.394
741 15.664260149 103.3336 104.43355 -1.1359167 100.236013699 106.77332398 -1.07719823006 3.88195610057 3.36432050702 0 0.344
744 15.4592311382 104.18264 102.5184 -1.1499809 101.773842194 104.627080181 -1.07940196801 3.20138079194 4.04387492581 0 0.528
747 14.5687749386 105.02068 100.61649 -1.1544373 102.864320736 103.182736257 -1.08596439954 3.35194050153 3.9232082073 0 0.58
750 14.4074659348 105.97315 98.645528 -1.1675657 104.180988584 101.206830156 -1.05813002602 3.12603763208 6.2702022471 0 0.612
753 15.1195421219 106.66644 96.709247 -1.154133 104.647956811 98.9746626054 -1.0774368917 3.03420207767 4.39436331057 0 0.65
756 16.3753340244 107.65453 94.805864 -1.1707179 105.057928452 97.1632445834 -1.10367295983 3.50707610579 3.84139210964 0 0.634
759 15.4226999283 108.36584 92.821603 -1.1639211 106.141686699 94.9324812009 -1.11845497453 3.06637647499 2.60501710005 0 0.606
762 14.485462904 109.18739 90.932737 -1.1605274 106.743255484 92.9381246402 -1.11039872903 3.1615460018 2.87216127911 0 0.562
765 13.9132130146 110.00551 88.971931 -1.1631703 107.850637364 90.8132548637 -1.13368925276 2.83442227806 1.6891395825 0 0.682
768 12.8842039108 110.83946 87.051439 -1.1600004 109.098262901 88.9333666643 -1.12096404207 2.56386799049 2.23661855669 0 0.688
771 12.848772049 111.68317 85.129972 -1.1502451 110.42977703 86.5855462137 -1.09793855651 1.92085663936 2.99694418316 0 0.678
774 12.7045369148 112.49307 83.177328 -1.1488654 110.844839376 85.6839595036 -1.08772578153 2.99997761376 3.50304209928 0 0.708
777 12.8370499611 113.40329 81.226755 -1.149046 111.980630337 83.5157930606 -1.11362678735 2.69511702141 2.02937139832 0 0.666
780 13.029104948 114.20236 79.347389 -1.1522317 111.815116701 81.7980880112 -1.12749211388 3.42123606489 1.41747387167 0 0.546
783 12.7734091282 115.10134 77.33273 -1.146946 112.904656916 79.8523400972 -1.1195003642 3.34273116062 1.57251909754 0 0.544
786 12.8049631119 115.87569 75.433999 -1.1405871 113.88488147 78.2136941037 -1.11224517245 3.41906763216 1.62387283195 0 0.532
789 12.8244450092 116.74641 73.521868 -1.1514597 114.594541577 75.8316082064 -1.14383729234 3.15680812388 0.436731788853 0 0.564
792 12.9682979584 117.66191 71.592443 -1.1472421 115.594042411 74.3173368948 -1.12901378656 3.42069044271 1.04440542751 0 0.486
795 12.8263139725 118.47567 69.543126 -1.1411103 116.590235701 71.7782497881 -1.13128031268 2.92414788323 0.563216786305 0 0.602
798 12.7580618858 119.32773 67.660396 -1.1493947 117.391620982 70.2158230175 -1.12551373923 3.20604512924 1.36827826289 0 0.604
801 12.8804609776 120.23613 65.736718 -1.1477983 118.684641781 68.2037921146 -1.11731811736 2.9143730681 1.7463858238 0 0.578
804 12.9021160603 121.05504 63.851108 -1.1435448 119.578911284 66.4699706087 -1.10374846737 3.00622643007 2.28016189984 0 0.68
807 12.818726778 121.9387 61.889647 -1.1416966 120.239995619 64.2383366392 -1.12932448725 2.89860994204 0.708869844108 0 0.734
810 12.7647650242 122.75206 59.947854 -1.134592 121.423076876 62.4929671405 -1.11467538369 2.87120132374 1.14113805702 0 0.708
813 12.849668026 123.61313 58.017737 -1.1345099 122.649282796 61.2831677934 -1.10120414845 3.40470846009 1.90827899715 0 0.634
816 12.7584941387 124.50226 56.14403 -1.1250591 122.766731231 59.4284825317 -1.12151429832 3.71479320313 0.203102175206 0 0.666
819 12.7845349312 125.37031 54.195354 -1.1346431 123.842875806 57.7307587507 -1.10876484618 3.85125200018 1.4827147251 0 0.578
822 12.6536459923 126.19009 52.293812 -1.120627 124.865519344 55.8749836002 -1.11458024639 3.8182820028 0.346453461817 0 0.624
825 12.6707260609 127.09539 50.434417 -1.1252352 125.877288021 53.7055897174 -1.11894724512 3.49060788105 0.360273276408 0 0.718
828 12.7147760391 127.94916 48.435924 -1.125081 126.816790095 51.4461432912 -1.11173536566 3.21615947709 0.764648522853 0 0.698
831 12.792165041 128.83417 46.49897 -1.1135569 127.241701148 49.3968067949 -1.11106517591 3.30657150749 0.142765274103 0 0.68
834 12.6782310009 129.69028 44.561049 -1.1141866 128.104604976 47.1849913417 -1.12638790844 3.06585040318 -0.699083478346 0 0.628
837 12.8192460537 130.6504 42.689185 -1.1179531 129.130192056 45.5654319602 -1.13587612588 3.25327969423 -1.02691373894 0 0.602
840 12.942481041 131.56218 40.752166 -1.1133477 130.106391802 43.3931781996 -1.12727107682 3.01566986173 -0.797750728451 0 0.524
843 12.993885994 131.80181 39.159633 -1.0655485 131.443016317 42.7648384313 -1.10627672283 3.62301519577 -2.33355527498 0 0.544
846 12.9556751251 89.526265 39.287264 -0.26055386 132.492547891 40.6717018012 -1.08499715894 42.9885814313 -47.2371214773 0 0.546
849 12.8843228817 49.129117 22.860079 0.57174269 133.432581026 39.9319717896 -1.0922016512 86.0146706687 -95.3369880954 0 0.378
852 12.9938261509 45.693587 19.436118 1.0035584 134.586228677 39.8015119747 -1.0353389425 91.1956743271 -116.820212586 0 0.082
855 13.1004900932 46.841947 21.209275 1.0214136 134.275484369 33.6782035337 -1.07797816843 88.3181614148 -120.286287875 0 0.016
858 12.8904249668 48.00008 22.972907 1.0079248 33.939176225 97.1417968773 2.89191921053 75.4899545675 107.944928349 0 0.01
861 13.2840611935 49.170996 24.731115 1.014741 39.0183345319 85.5079779765 1.26743942693 61.6190198571 14.4785533525 0 0.012
864 13.3127350807 50.349541 26.532036 1.0144485 76.5063729842 133.065745153 2.39908208985 109.697816958 79.3336608704 0 0.01
867 13.037498951 51.518278 28.351001 1.0069992 79.5515060796 132.084195392 -1.35415147755 107.454350751 -135.283968618 0 0.016
870 13.0660359859 52.642563 30.101924 1.0170679 57.1025669775 106.22757083 2.60376153593 76.2561849344 90.9108487192 0 0.024
873 12.9163520336 53.80357 31.912095 1.0183648 58.2000747445 100.883034774 -2.89425080971 69.1109237908 135.823638707 0 0.028
876 12.9530699253 54.946688 33.671099 1.0064723 94.572322881 39.1185521497 2.56504089703 39.9983210341 89.2994026917 0 0.018
879 13.1977610588 56.161659 35.476636 1.0152563 129.891438369 72.2557883925 1.59121988116 82.3940921213 33.0002823538 0 0.018
882 13.0520238876 57.333476 37.252395 1.017552 18.8455713547 109.728445968 2.39200509322 82.0615425635 78.7503613802 0 0.01
885 13.1999640465 58.434052 39.044555 1.0099164 53.0685707111 117.129315966 2.72407146303 78.2688845232 98.2138505428 0 0.014
888 13.1565721035 59.558673 40.733157 1.0155176 85.0823933313 52.7894041308 -2.1474000742 28.2278832793 178.778166321 0 0.006
891 13.0179269314 60.829575 42.673596 1.0256616 135.636958006 79.5067995676 1.19232171513 83.3836281131 9.5489212099 0 0.01
894 13.3637928963 61.938983 44.298725 1.0235902 83.3842664648 94.1238200643 -3.08548410871 54.24426496 124.567384405 0 0.012
897 13.0797801018 63.08776 46.123861 1.0214801 77.4233677171 119.118765848 2.11805535837 74.3892854009 62.829134223 0 0.014
900 13.0234110355 64.233274 47.872937 1.026201 79.5674743036 91.197739597 -1.40238221936 45.9584183695 -139.147568665 0 0.01
903 13.0121750832 65.367062 49.701179 1.0288308 63.0583581137 49.7925135466 0.970391410804 2.31050982121 -3.34833035827 0 0.016
906 12.8639271259 66.47055 51.411163 1.0247772 63.6348306938 51.172983072 0.897052040821 2.84570442275 -7.31811255857 0 0.028
909 12.9960680008 67.601685 53.206336 1.0345375 65.2520913066 54.3150770552 1.00412642663 2.59805643737 -1.7424261545 0 0.056
912 13.3215239048 68.713633 54.989386 1.0321621 66.6960939745 55.5163806772 0.925517349889 2.08523070891 -6.1102940886 0 0.102
915 13.0322659016 69.889939 56.860516 1.0335194 66.9200806773 58.4397616144 1.01775890779 3.36364016621 -0.903009686629 0 0.048
918 12.9255449772 70.97178 58.665246 1.0279054 68.248312925 59.9023635385 1.01472970857 2.99127610106 -0.754911511239 0 0.112
921 12.982820034 72.083269 60.388926 1.0348295 69.2971302589 61.7848905304 1.04198140406 3.11629364069 0.409773918046 0 0.124
924 13.0081961155 73.21006 62.180545 1.0389104 70.0882113236 63.9246153999 1.02915786805 3.57599227045 -0.558778920298 0 0.174
927 13.0533430576 74.211219 63.966291 1.0279221 71.2251977339 65.2811041157 1.00980216589 3.26267628351 -1.03819574942 0 0.306
930 13.0187160969 75.394113 65.876292 1.0355825 72.457926043 66.7624063024 1.01115846342 3.06698425223 -1.39939421481 0 0.3
933 12.96803689 76.475569 67.55587 1.0353462 73.6846098538 68.8438741126 0.988099586152 3.07382620678 -2.70703156979 0 0.378
936 12.8803210258 77.652303 69.425792 1.0395167 74.9120945202 70.4070464578 1.00641690751 2.91060179749 -1.89647841257 0 0.466
939 13.058907032 78.72098 71.209083 1.0347632 76.2213624713 72.2614672879 0.991528784432 2.71212102955 -2.47714954178 0 0.522
942 12.9456651211 79.923618 73.070281 1.0406815 77.2354316736 74.2433919798 0.998113868581 2.93300785821 -2.43894562417 0 0.62
945 12.8237848282 80.886825 74.813727 1.0240856 78.6034193661 76.0054925074 1.0049871733 2.57570307167 -1.09425924518 0 0.622
948 12.9310801029 82.003807 76.66259 1.0354781 79.8024461026 77.8053503841 0.982493614311 2.48030060599 -3.03578740963 0 0.62
951 12.925673008 83.149971 78.458347 1.0359732 81.1563529661 79.3203122331 0.989508482052 2.17197995576 -2.6622322347 0 0.668
954 12.8487989902 84.209192 80.07724 1.046865 81.9462875762 81.0517078327 1.00690496038 2.46380274945 -2.28954161937 0 0.698
957 12.996972084 84.421821 80.346791 1.1291589 82.1301882132 81.2638486339 1.08860578233 2.46831431011 -2.32352248836 0 0.596
960 12.8810520172 84.549549 80.462185 1.2384433 81.7387230758 81.3426889605 1.20085448928 2.94551007478 -2.15368021133 0 0.594
963 12.9004709721 84.477315 80.645515 1.377415 82.1690698419 80.6420105127 1.33551778143 2.30824781843 -2.40053379743 0 0.578
966 13.6450321674 84.491575 80.745704 1.5042297 81.4563212667 81.1215706136 1.47072014989 3.05843766274 -1.9199557945 0 0.53
969 12.7512469292 84.58151 81.604236 1.6242617 81.5346208212 82.002126783 1.59419700743 3.07275946721 -1.72257999659 0 0.576
972 12.7782571316 84.52138 83.606555 1.6450761 81.4139429931 83.9249268823 1.64138175275 3.12370379631 -0.211670505633 0 0.6
975 12.8795170784 84.450105 85.633891 1.6510189 81.1880009978 86.9104128802 1.6281108733 3.50297454056 -1.31253324683 0 0.632
978 12.9409039021 84.288283 87.799076 1.6553182 81.0861106193 88.1238681897 1.61782805671 3.21860185826 -2.14802698369 0 0.614
981 13.1184139252 84.219899 89.940013 1.6574582 81.2919302051 90.579468896 1.61631799688 2.99698266708 -2.35716000732 0 0.634
984 12.9495680332 84.085061 91.960688 1.6559816 81.0217065168 92.7555423818 1.62758593465 3.1647960721 -1.62695178097 0 0.67
987 12.8544480801 83.972707 94.061302 1.6546883 80.6604160472 95.0576947507 1.66340766427 3.45891165967 0.499582772553 0 0.532
990 12.9115028381 83.850194 96.236204 1.650278 80.2532000367 96.7008030682 1.66191603375 3.6268743935 0.666810215989 0 0.444
993 12.8110649586 83.742141 98.372522 1.653672 79.7786691362 98.942222857 1.65642880766 4.00420632355 0.157953443697 0 0.582
996 12.8925509453 83.558608 100.37046 1.6603574 79.8942295811 100.84261307 1.63683285754 3.69467153049 -1.347856998 0 0.624
999 13.1086831093 83.448658 102.54165 1.6520527 79.944653574 102.564979039 1.63920541325 3.50408208544 -0.736095309122 0 0.592
1002 13.0323030949 83.308795 104.69204 1.6576029 79.70118713 105.148402788 1.65752354126 3.63635827958 -0.00454692070147 0 0.628
1005 12.980435133 83.194681 106.76107 1.661421 78.8929551608 107.763734164 1.66297145609 4.41703301105 0.088834590245 0 0.612
1008 13.1074030399 83.066158 108.84686 1.6653468 78.5053597966 109.190055666 1.67221515049 4.57369254725 0.393527495344 0 0.618
1011 13.0497329235 82.920912 111.09751 1.6564676 78.4932504226 111.61258725 1.66188172799 4.45752079269 0.310206683826 0 0.708
1014 12.8517289162 82.798446 113.12029 1.6519674 78.2709972705 113.868166112 1.6564293553 4.58880274986 0.255651206829 0 0.726
1017 12.8015799522 82.725101 115.25424 1.6521864 78.3670415161 116.538835032 1.64878259763 4.54344218206 -0.195023510156 0 0.722
1020 13.134718895 82.605874 115.888 1.7134215 78.7835165507 117.38917624 1.7128174795 4.10657358059 -0.034607825629 0 0.716
1023 13.0074720383 82.650086 115.98425 1.8265292 78.5436301547 117.294133962 1.81407452543 4.31031038363 -0.713600288355 0 0.682
1026 12.8414800167 82.697137 116.16336 1.9516157 78.3368299114 117.128266937 1.97069206563 4.46579481216 1.09299523907 0 0.604
1029 12.9082429409 82.611261 116.28116 2.0730733 78.3704473116 116.62828017 2.0810076668 4.25499625763 0.45460573101 0 0.636
1032 12.9866278172 82.517518 116.45008 2.1971216 78.5103900298 116.917799151 2.21486030469 4.03433213481 1.01635291287 0 0.622
1035 12.9761300087 82.418538 116.4581 2.3123831 78.5723794113 117.300136893 2.35476144217 3.93725310574 2.42810014898 0 0.604
1038 13.1660768986 82.414024 116.83182 2.4679277 78.8828802975 117.513776872 2.49330131722 3.59639277923 1.45380117756 0 0.532
1041 12.9334518909 82.282962 116.94587 2.5874118 78.5622224939 117.574232966 2.6046740439 3.77342582928 0.989053720181 0 0.434
1044 13.0346469879 82.208722 116.96752 2.707272 78.8550190833 116.14818691 2.77578033628 3.4523368847 3.92523853054 0 0.484
1047 13.1120889187 82.043289 117.20312 2.8493508 78.1319181102 117.285440471 2.86216513723 3.91223707077 0.734207440476 0 0.478
1050 12.8837530613 81.832352 117.28824 2.9891727 78.7931034264 117.782993025 3.01180853461 3.07925517744 1.29693778881 0 0.45
1053 12.9137921333 81.142386 117.29523 3.0875315 77.318577193 116.510687824 3.10448829466 3.90346259347 0.971552768194 0 0.486
1056 12.8640360832 79.131234 117.37152 3.1037602 75.47704257 116.836490127 -3.14024245318 3.69315203752 2.24500070445 0 0.592
1059 13.1788351536 77.094643 117.50841 3.1079346 74.3679038391 116.827268425 -3.12896374247 2.81052669392 2.65204772448 0 0.556
1062 12.9927282333 74.899205 117.59033 3.115912 72.1548545326 116.965894526 -3.11765288903 2.81449447495 2.84304053775 0 0.644
1065 13.10415411 72.824078 117.69503 3.116944 70.1158330555 116.873071162 -3.12000602429 2.8302309113 2.64908657397 0 0.696
1068 12.8829269409 70.711208 117.83017 3.1174699 68.2332522453 116.998662937 -3.10780255603 2.61374610816 3.31816195039 0 0.676
1071 13.001376152 68.550781 117.88294 3.1169773 65.9294247367 117.063367262 -3.14057213005 2.74649014779 1.46882756343 0 0.642
1074 13.0752780437 66.454241 117.99143 3.11617 63.8524511115 117.106174696 -3.13570093231 2.74826992429 1.79418151803 0 0.686
1077 13.0485668182 64.352032 118.06903 3.1139299 60.9756636438 117.37611243 3.13745021151 3.44673730307 1.34761458258 0 0.668
1080 13.2129290104 62.204954 118.16997 3.1178991 59.3808098518 117.571720472 3.12708947383 2.88681358378 0.526569632413 0 0.684
1083 13.0781948566 60.134729 118.2293 3.1166836 56.8874320563 117.330529707 3.12959835318 3.36938057816 0.739960850706 0 0.738
1086 12.920743227 58.034017 118.36643 3.1239361 55.125766363 117.269714608 3.13058963919 3.10816769467 0.381219714423 0 0.748
1089 12.8215618134 55.858025 118.47896 3.1251128 52.2750545376 117.002441118 3.14096972154 3.87527874404 0.908534680292 0 0.744
1092 14.2867519855 53.766425 118.55 3.1243401 50.719439737 117.239776116 -3.12691208281 3.31674627016 1.82963325284 0 0.744
1095 13.2681999207 51.628528 118.603 3.1187628 48.1656962995 116.993758589 -3.13529109561 3.81848940106 1.66910693411 0 0.73
1098 13.1374189854 49.494235 118.64783 3.1200968 46.6896804604 117.657532268 3.12818511755 2.97425885956 0.463426458846 0 0.686
1101 12.9693579674 47.379245 118.80828 3.1260538 44.4988863472 117.408538937 3.12582210801 3.20245858867 -0.0132749730609 0 0.624
1104 12.906222105 45.313934 118.87713 3.1250737 42.2873809226 117.791596245 3.14096976817 3.21533933888 0.910777617214 0 0.548
1107 12.9532380104 43.229975 118.9845 3.131291 40.7294146 117.337879391 3.11757817833 2.9940209994 -0.785686806741 0 0.544
1110 13.0626859665 41.038059 119.03542 3.1300111 38.4727570352 117.48265705 3.13757788954 2.99864085029 0.433545105325 0 0.592
1113 12.9071490765 38.877743 119.09254 3.1262084 36.1997983048 118.384539929 3.12563430168 2.7699552146 -0.0328934107491 0 0.596
1116 12.9283850193 36.866989 119.17866 3.1252668 33.8594923071 118.61453715 3.10039647617 3.05994623279 -1.42496459044 0 0.606
1119 12.9963319302 34.67231 119.25843 3.1314701 31.891904742 118.604444497 3.07843595223 2.85628262565 -3.03863283753 0 0.608
1122 13.2797310352 32.567479 119.34722 3.1353596 29.8577928018 118.402585057 3.12630713413 2.86962270475 -0.518668088624 0 0.48
1125 14.1383938789 30.502201 119.36971 3.1349527 27.0151290128 118.042812449 3.12831793938 3.73099559834 -0.38014378136 0 0.5
1128 15.2469110489 29.15421 119.31018 -3.13185 26.2114896408 117.810573603 -3.10878996428 3.30279010201 1.32124272209 0 0.464
1131 17.36738801 28.938717 119.39146 -3.028318 26.4434187433 118.050754356 -3.01918493307 2.83266747339 0.523286188937 0 0.474
1134 16.5497829914 28.80706 119.32785 -2.9089456 26.5936851603 117.500990367 -2.90949117633 2.86992060843 -0.0312592212859 0 0.452
1137 15.6032800674 28.607415 119.34948 -2.7753086 26.3330157625 117.992986096 -2.75975886074 2.64820082396 0.890934432278 0 0.446
1140 15.1532149315 28.309413 119.3977 -2.6319404 26.3366333314 117.090228348 -2.66033286114 3.0358335008 -1.62676819325 0 0.46
1143 15.8640320301 28.176965 119.31562 -2.5155106 26.1514721899 117.356168295 -2.50955603124 2.81816821834 0.341171658554 0 0.456
1146 15.9697430134 28.13257 119.1422 -2.3876282 26.015631373 117.939640509 -2.37968133291 2.43466188208 0.455321944596 0 0.428
1149 14.6019020081 28.071656 119.10664 -2.2643471 25.6870503812 118.14394107 -2.2621416614 2.5716012883 0.126362323477 0 0.372
1152 14.5993521214 27.847582 119.05477 -2.1225081 25.7054865771 118.705271003 -2.13013300986 2.17041985556 -0.436875154263 0 0.32
1155 16.1275410652 27.651134 118.95518 -2.0012288 25.2507942939 118.680084497 -2.01831564688 2.41605220151 -0.979004211622 0 0.262
1158 15.2882111073 27.585975 118.8068 -1.8653126 25.6149894821 118.691979549 -1.89163246881 1.97432713791 -1.50801739995 0 0.258
1161 15.0053429604 27.545652 118.66047 -1.7395281 24.4844052662 118.206848265 -1.74962231837 3.09467352787 -0.578356109903 0 0.19
1164 15.0998289585 27.426878 118.54472 -1.6078392 25.8619277172 117.836574573 -1.62184819162 1.71771340261 -0.802656095077 0 0.232
1167 14.8286628723 27.408113 118.27266 -1.4907581 26.1996766452 117.742457149 -1.5053671322 1.31963384555 -0.837035888017 0 0.178
1170 14.9913318157 27.619078 117.43976 -1.368489 26.6380263564 116.737006276 -1.40786466079 1.20678296457 -2.25605917873 0 0.226
1173 15.3386249542 28.00462 115.50954 -1.3464267 26.5958643283 116.188530707 -1.32762855009 1.56384811373 1.07705465274 0 0.176
1176 16.6300840378 28.352772 113.43776 -1.3439724 26.1254214938 113.369223624 -1.37982616576 2.22840470116 -2.05426945776 0 0.206
1179 16.5406188965 28.777386 111.37552 -1.3470791 26.7184187085 111.398578467 -1.37846094688 2.05909640382 -1.79804737957 0 0.308
1182 16.7102370262 29.292879 109.18718 -1.3487141 26.9463450365 109.796118116 -1.41996718946 2.42425808666 -4.0825013031 0 0.2
1185 15.0092868805 29.664866 107.14961 -1.3582731 27.2809194968 107.683009702 -1.40437977078 2.44289094561 -2.64171764283 0 0.396
1188 15.5040171146 30.155372 105.1583 -1.3627181 27.2549514626 105.973413375 -1.4236286252 3.01278095922 -3.48991602181 0 0.448
1191 15.5163459778 30.584999 103.08809 -1.3538609 27.1009305099 103.310905188 -1.45243858738 3.49118602367 -5.64808544107 0 0.514
1194 16.4917428493 30.932942 101.04272 -1.3388863 28.7094818247 101.51553838 -1.37606521762 2.27317671366 -2.1301950664 0 0.496
1197 15.9284610748 31.46397 98.886394 -1.3633561 28.717195995 98.8979471156 -1.3901874317 2.74679830151 -1.53732206509 0 0.666
1200 16.8239550591 31.761459 96.890841 -1.3338862 29.5624572778 97.0842007988 -1.35301136325 2.20748648604 -1.09579113695 0 0.514
1203 14.8762891293 32.148779 94.808879 -1.340085 30.4827092652 94.78950282 -1.31584649022 1.66618240225 1.38876431216 0 0.478
1206 14.5851969719 32.63242 92.742465 -1.3409888 31.0586788342 92.5373868308 -1.33790494566 1.5870470417 0.176691838509 0 0.566
1209 14.6288249493 33.223163 90.635151 -1.3443959 31.685420114 90.8812385534 -1.32501075622 1.55730930373 1.11068692403 0 0.456
1212 14.6645998955 33.480467 88.544154 -1.3400822 31.9946703781 88.82748819 -1.35588003506 1.51257061484 -0.905149274665 0 0.552
1215 15.0052089691 33.996344 86.523674 -1.3537744 32.4536522575 86.5145398359 -1.34443513916 1.54271878362 0.535100229886 0 0.674
1218 14.9455490112 34.391099 84.502242 -1.3500462 32.4133141726 84.1960929511 -1.35552961805 2.00133956726 -0.31417671185 0 0.684
1221 15.3131921291 34.871654 82.311763 -1.3462417 33.3394554176 83.0076115552 -1.33978820757 1.68280649745 0.369757879181 0 0.686
1224 15.7215881348 35.319079 80.358924 -1.358939 33.7999271807 80.6920093626 -1.33309371254 1.5552389234 1.48082589182 0 0.686
1227 14.9456760883 35.776446 78.250756 -1.3606991 34.381877363 78.133701586 -1.34022125294 1.39947255029 1.17329421016 0 0.69
1230 14.945802927 36.167733 76.160289 -1.3496683 34.4919673031 76.7279505034 -1.33356115631 1.76930219394 0.922871353304 0 0.63
1233 14.6546900272 36.593873 74.026216 -1.3452321 34.904441817 74.6788066369 -1.35619113786 1.81109145581 -0.62790661668 0 0.75
1236 14.3010280132 37.096668 72.068535 -1.358637 35.3943078218 72.1243266183 -1.36782148701 1.70327416492 -0.526232342466 0 0.726
1239 14.9813258648 37.456761 70.030489 -1.3570922 35.4933656227 69.9553345872 -1.38060717348 1.9648332228 -1.34730873581 0 0.718
1242 15.1833310127 37.942935 67.912468 -1.3598503 35.781475881 68.2618017744 -1.38341221792 2.18950670452 -1.34999845414 0 0.694
1245 14.968113184 38.381728 65.750541 -1.3597279 37.1569584993 65.5761370294 -1.35450801156 1.23712451875 0.299077577321 0 0.686
1248 14.858839035 38.78715 63.709446 -1.3638712 37.3668243681 63.2291541533 -1.34514139495 1.49933490548 1.07313878062 0 0.728
1251 14.8064410686 39.284372 61.704874 -1.358189 37.8065515386 61.6924611411 -1.35808726839 1.47787259101 0.0058287920537 0 0.718
1254 14.630053997 39.616785 59.610797 -1.3616912 38.3996791921 59.4648299538 -1.34296201018 1.22582744555 1.07310353055 0 0.772
1257 15.7689538002 40.0981 57.483375 -1.3627524 38.8816900224 57.755649744 -1.34718402401 1.24650983544 0.892002238062 0 0.678
1260 14.6118369102 40.478176 55.366289 -1.371191 39.7593181108 56.2596035753 -1.32777102201 1.14663315636 2.48778148563 0 0.6
1263 15.2032129765 40.927924 53.368372 -1.3697355 40.2003867223 53.9453833456 -1.33066203883 0.928575566908 2.23874441625 0 0.704
1266 16.0972509384 41.311773 51.24524 -1.3687118 40.76190823 51.7848626431 -1.34884028005 0.770417978943 1.13855422584 0 0.712
1269 14.9789261818 41.752813 49.127024 -1.3690442 41.0646145116 50.1535024858 -1.33593042809 1.23582977841 1.89727937428 0 0.704
1272 14.9210860729 42.124468 46.999249 -1.3746445 41.1761685252 47.9127063266 -1.35101010867 1.31669137669 1.35415087483 0 0.742
1275 14.671323061 42.489069 45.000812 -1.3756167 41.8150166381 45.7958368099 -1.33942162796 1.04231043118 2.07382486681 0 0.726
1278 14.9574270248 42.919623 42.847052 -1.3693623 41.7727274793 43.8214812085 -1.37343188248 1.504952364 -0.233169900689 0 0.682
1281 15.6537120342 43.26925 40.76156 -1.3849404 43.2394975589 41.8754022866 -1.34887069003 1.11423958244 2.06664214959 0 0.658
1284 14.5427880287 43.723057 38.666685 -1.382086 43.2775025373 39.1480417483 -1.35695493355 0.6559139413 1.43990404217 0 0.668
1287 15.2527627945 44.069109 36.638541 -1.3748634 43.8476099528 36.7414642481 -1.32365924096 0.244243777627 2.93378220659 0 0.648
1290 16.0339260101 44.48264 34.512889 -1.372972 43.7968120193 35.1474348684 -1.36564499095 0.934349227091 0.419806695293 0 0.662
1293 16.3074169159 44.660959 33.544964 -1.3339999 44.3778562227 33.8621577639 -1.32694341803 0.425157695906 0.404306635267 0 0.7
1296 16.8555779457 44.654294 33.324157 -1.2074321 44.3201469101 33.7948932617 -1.2069547778 0.577275415856 0.027348547536 0 0.672
1299 15.2938439846 44.699557 33.107025 -1.0711259 44.5986635089 33.7152966417 -1.08866377252 0.61658242488 -1.0048460772 0 0.646
1302 15.0369391441 44.829945 32.953901 -0.95914547 44.1194732413 33.1154423261 -1.05149567372 0.728605325258 -5.29127691052 0 0.604
1305 15.0060970783 44.914184 32.826307 -0.82117543 43.8546853714 33.1744657069 -0.872049477164 1.11523622125 -2.91486818926 0 0.564
1308 14.962898016 44.932468 32.690373 -0.70238554 43.9308680891 33.5271535893 -0.720504628316 1.3051452548 -1.03814728916 0 0.554
1311 14.6716549397 45.019913 32.619075 -0.56167342 43.831247257 33.2521225816 -0.677202978146 1.34672769675 -6.61935609078 0 0.544
1314 15.4218008518 45.164806 32.47066 -0.44585332 43.1906902769 32.8232324357 -0.613379547599 2.00535288933 -9.59854579916 0 0.446
1317 14.936907053 45.307079 32.373178 -0.30795343 43.5067323382 32.708198866 -0.523013317646 1.83125287256 -12.3220239047 0 0.47
1320 16.5828800201 45.468859 32.25314 -0.19105128 42.8635909721 32.8283075254 -0.497079998739 2.66800284469 -17.5341539936 0 0.47
1323 15.2049088478 46.833289 32.057508 -0.10389315 44.946305034 32.2061068277 -0.413191777121 1.89282595591 -17.7215059432 0 0.396
1326 14.5802760124 48.863767 31.868312 -0.084237935 46.9885967499 31.4834616066 -0.368293169104 1.91425528392 -16.2751660627 0 0.412
1329 14.5125930309 51.033972 31.691587 -0.08198003 48.2159424158 29.0560313698 -0.605519132828 3.85842509541 -29.9965810021 0 0.322
1332 15.0476372242 53.111195 31.42619 -0.084122232 51.0975693719 27.7919560865 -0.635728236323 4.1547977458 -31.6046960018 0 0.28
1335 14.5879909992 55.206155 31.249451 -0.082409142 53.6100823875 33.0665534273 -0.0129851659515 2.41853447686 3.97770082459 0 0.31
1338 14.6615509987 57.287235 31.07162 -0.080297126 56.0176096502 32.976716124 -0.0452185223881 2.28939725046 2.00985593818 0 0.404
1341 15.6898541451 59.516372 30.847745 -0.092608556 58.2713799218 32.7442134743 -0.029302057768 2.26861145834 3.62719516445 0 0.54
1344 15.1508779526 61.567611 30.670937 -0.091677002 60.2720652397 33.081776835 -0.0103979667933 2.73689377342 4.65694568024 0 0.63
1347 15.9361801147 63.68279 30.502969 -0.089332225 62.743998911 32.2126473689 -0.0716910173897 1.9504688754 1.01076674158 0 0.552
1350 14.4912800789 65.773678 30.270465 -0.081918863 65.3810676206 31.9060970031 -0.0888499888234 1.6820924349 -0.397124256956 0 0.55
1353 15.7259089947 67.870787 30.052005 -0.080757136 67.4834060536 31.732673829 -0.0751997211485 1.72473525801 0.318416415994 0 0.668
1356 15.8647110462 69.978421 29.855203 -0.080851998 69.3500637843 31.4673284311 -0.061287474195 1.73025466219 1.12096464221 0 0.66
1359 14.3641200066 72.04312 29.748383 -0.089661546 70.5158996801 30.8455507485 -0.111911585437 1.88047307185 -1.27483335375 0 0.562
1362 15.372533083 74.192216 29.503442 -0.097083695 72.4998449785 30.6949501293 -0.10634670049 2.06973701141 -0.530731120209 0 0.63
1365 14.5967710018 76.337484 29.313327 -0.092202589 74.8929811676 30.6283918401 -0.0994434206231 1.95345436763 -0.414869092171 0 0.726
1368 14.5685620308 78.469083 29.072242 -0.088851811 77.3454796879 30.49380688 -0.0936775119568 1.81199644343 -0.276492298017 0 0.666
1371 14.9087421894 80.508884 28.860474 -0.08148585 79.2718611947 30.13172903 -0.104163562153 1.77378543571 -1.29933719541 0 0.696
1374 14.8805980682 82.648681 28.706332 -0.092016755 81.2104483165 30.4451721279 -0.071256318509 2.25656336982 1.18948539178 0 0.684
1377 15.9825160503 84.803463 28.469695 -0.089914919 83.3274602978 30.3059593673 -0.0572950883318 2.35593947361 1.86897862572 0 0.718
1380 15.8797521591 86.909059 28.274418 -0.095059786 84.9660271352 30.2950791455 -0.0556396022075 2.8032916888 2.25861015894 0 0.688
1383 15.6635620594 88.999768 28.069648 -0.093100738 87.0909012952 30.2933203775 -0.0543437639973 2.93061272418 2.22061103705 0 0.784
1386 16.418694973 91.148907 27.8824 -0.087682683 89.764418807 30.1178195255 -0.055846451741 2.62943111939 1.82408168674 0 0.816
1389 16.1011459827 93.191686 27.680334 -0.085944106 91.1887572871 30.1014694852 -0.0573140276214 3.14223176525 1.64038265822 0 0.722
1392 16.5368258953 94.597595 27.536443 -0.026113958 93.3262557227 30.2391192203 -0.057890078495 2.98676452196 -1.82063759366 0 0.782
1395 16.2364430428 66.734672 23.138609 0.64678418 94.994943397 31.3080225774 -0.0170560068365 29.4173801966 -38.0352409769 0 0.616
1398 15.0778508186 41.954155 8.6979942 1.5862633 98.0850264953 31.6657797237 0.0233339390165 60.6481154422 -89.5492560614 0 0.58
1401 15.5660610199 40.498777 7.6026468 1.6671323 99.6594695784 31.4551535091 -0.00640138159609 63.7881620887 -95.8864168284 0 0.554
1404 14.5976521969 40.36551 9.5759073 1.6613912 101.747797663 30.542078261 -0.0201984487703 64.8642086483 -96.3479897474 0 0.542
1407 14.6890599728 40.15753 11.693798 1.6450717 102.682500762 30.8619498468 -0.012616625617 65.3971712997 -94.978544806 0 0.512
1410 14.8212888241 40.017928 13.779826 1.6578436 103.453695575 30.7001611966 -0.0243388390279 65.6535935878 -96.3819541273 0 0.316
1413 14.5061709881 39.937066 15.922073 1.6651068 106.56411362 31.9343572855 0.0106778206614 68.5241324101 -94.7917980202 0 0.186
1416 14.9730818272 39.75755 17.953862 1.6630734 106.884370399 31.0832982759 0.0115726674543 68.398772751 -94.6240218376 0 0.18
1419 15.5154299736 39.645384 20.177858 1.663423 109.230062211 30.3055554833 -0.0163231552955 70.3178334279 -96.2423653518 0 0.118
1422 14.8033518791 39.526919 22.292671 1.6684735 111.381201241 32.6199492156 0.0543766171394 72.5926342799 -92.4809391131 0 0.106
1425 14.6639528275 39.303781 24.413998 1.6572417 114.176754929 33.8837231341 0.0494547401953 75.4694502373 -92.119407153 0 0.086
1428 15.2869091034 39.21094 26.55624 1.6661167 116.746501239 33.9250253315 0.134876240196 77.8849295688 -87.7336157664 0 0.088
1431 14.8886392117 39.049874 28.673026 1.6660737 121.356898179 29.1135392773 -0.0400712752942 82.3082030006 -97.7549063218 0 0.082
1434 14.6314811707 38.816051 30.701859 1.6598041 120.070391567 35.5345351679 0.0950600720988 81.3979276149 -89.653228817 0 0.116
1437 15.4609861374 38.695572 32.853799 1.6647394 122.830035585 34.9712099959 0.104717379306 84.1611037952 -89.3826777332 0 0.234
1440 14.8039689064 38.58982 35.008607 1.6723781 124.248133002 35.1453809536 0.124531480378 85.6584221984 -88.6850786379 0 0.154
1443 14.8955831528 38.393816 37.160762 1.6689022 126.503332438 35.7135830659 0.10348732005 88.1214004307 -89.6916658081 0 0.298
1446 14.3561918736 38.314928 39.264936 1.6781402 128.947734091 36.969682706 0.149101124074 90.6618647921 -87.6074857611 0 0.31
1449 14.6386158466 38.042909 41.445131 1.6601298 130.340781283 37.9657697368 0.156817965349 92.3634298994 -86.1334234176 0 0.182
1452 15.2617719173 37.893052 43.482766 1.6655679 135.590955084 27.7013301059 -0.0720111396572 98.9643066255 -99.5559455428 0 0.14
1455 15.2234628201 37.737395 45.529248 1.6663309 138.191188651 27.3316238659 -0.0903328868864 102.088775989 -100.649421012 0 0.25
1458 14.9402759075 37.667375 47.706088 1.6735516 140.66417734 26.0803001289 -0.0880632507132 105.242652918 -100.933096073 0 0.222
1461 14.395127058 37.411337 49.793915 1.6717816 142.19903221 25.6753796748 -0.0899345811918 107.527507242 -100.938901882 0 0.108
1464 14.5297658443 37.208006 51.943854 1.66906 26.6450790054 114.974338481 1.62288292592 63.9094468809 -2.64575145514 0 0.03
1467 14.7769560814 37.03196 53.963531 1.6741645 140.906542963 38.2984413559 0.097630756646 105.049150493 -90.3287297541 0 0.048
1470 15.3880419731 36.983983 56.143126 1.6856298 27.781321175 118.307536586 1.62123242567 62.841888324 -3.68969776093 0 0.028
1473 15.9202001095 36.720012 58.206076 1.6746777 34.4183208179 57.7066635822 1.6845752679 2.35524840742 0.567088868017 0 0.01
1476 14.8589549065 36.536888 60.398002 1.6787317 32.9935863315 59.5254413998 1.66188591695 3.64915726097 -0.965192271498 0 0.046
1479 15.4178631306 36.401835 62.417273 1.6766351 32.2776724228 62.0964759399 1.72638016493 4.1366203255 2.8501822722 0 0.034
1482 14.8162600994 36.239068 64.615141 1.6886647 33.4306325089 64.0590742696 1.73250528149 2.86295653415 2.51188029068 0 0.044
1485 15.0458462238 35.99676 66.655908 1.678851 33.4580956477 66.0901274827 1.68674903402 2.60094680593 0.452524015861 0 0.1
1488 14.7059669495 35.830181 68.859683 1.6854848 33.3128624818 68.7975085194 1.66198173938 2.51808621537 -1.34662617911 0 0.16
1491 14.4043068886 35.575227 70.898859 1.683738 32.8787015101 70.8969468251 1.65936603503 2.6965261679 -1.39641073098 0 0.278
1494 14.7765269279 35.463169 73.006353 1.6935188 32.6169804438 73.0482605899 1.64753860127 2.84649706548 -2.63447132848 0 0.298
1497 14.8551180363 35.205801 75.07321 1.6913976 31.6933967735 75.0116891118 1.68924728127 3.51294296428 -0.123204187982 0 0.374
1500 14.9145209789 34.978045 77.287591 1.6912075 31.5873887618 76.0557437857 1.69322717853 3.60749182747 0.115719055868 0 0.314
1503 15.6272308826 34.814043 79.320098 1.7000185 31.2223420946 78.3342318927 1.71792163536 3.72454659997 1.02577409639 0 0.502
1506 15.1875548363 34.580736 81.372215 1.6970036 30.8210483539 80.7089653932 1.69134536037 3.81774164096 -0.324193250145 0 0.536
1509 14.6679639816 34.345965 83.441951 1.6955247 30.4357431287 82.9745519017 1.69721051825 3.93805751612 0.0965902707249 0 0.59
1512 14.7040269375 34.142398 85.698773 1.7034669 30.3575590949 85.2529774251 1.69625629457 3.81100239209 -0.413137258919 0 0.584
1515 15.3959310055 33.910208 87.748137 1.7016389 30.4316688773 87.3890573215 1.66720452092 3.49702339761 -1.97294459137 0 0.63
1518 14.7153000832 33.670818 89.737713 1.6967853 29.9973137429 89.6121500584 1.67600230296 3.6756495452 -1.19077801618 0 0.706
1521 15.2050640583 33.472926 91.900649 1.7056804 29.9910898071 91.588043804 1.68296676006 3.49584114093 -1.30139570609 0 0.732
1524 16.504404068 33.217902 94.036516 1.7078464 29.3167313714 93.3126925392 1.69275661026 3.96775158953 -0.864581265672 0 0.694
1527 15.7534008026 33.034075 96.178482 1.7177188 28.5220599656 96.2254618976 1.71175252108 4.51225960924 -0.341842601562 0 0.692
1530 15.0128469467 32.713254 98.174723 1.7080491 28.3819487693 97.1606413004 1.71180846637 4.44843418462 0.215395826832 0 0.548
1533 15.1445641518 32.45653 100.24821 1.7068362 27.9979192489 99.3845154257 1.725032633 4.54149514446 1.04257881322 0 0.682
1536 15.8772871494 32.217075 102.39435 1.7082962 27.8156255147 101.787392125 1.70396537826 4.44310200577 -0.248137807735 0 0.736
1539 16.2360341549 31.955228 104.48204 1.7110577 28.158360358 103.520245007 1.68499463555 3.91679122497 -1.49330359397 0 0.684
1542 15.2152409554 31.741377 106.6002 1.7198575 27.7724663797 105.577248554 1.67877591751 4.09861942278 -2.3538012923 0 0.716
1545 14.7978608608 31.439656 108.68741 1.7105287 27.7909011178 108.077233306 1.67859876787 3.69942262911 -1.8294503513 0 0.802
1548 15.2520999908 31.216018 110.75498 1.7177022 27.4288304953 110.158735447 1.68578070944 3.83383577668 -1.82896668492 0 0.68
1551 15.9583308697 30.916985 112.90957 1.719675 26.9394822118 112.630926463 1.69052187853 3.98725101423 -1.67035082 0 0.748
1554 15.1402420998 30.668641 114.94646 1.716506 27.3611245335 114.589643381 1.67657291712 3.32670757292 -2.28799711218 0 0.692
1557 14.639414072 30.419865 117.12266 1.716223 26.5532007118 116.258753233 1.67726213436 3.96199793287 -2.23229316713 0 0.65
1560 14.7893369198 30.132888 119.21343 1.725557 26.3812447832 117.659945276 1.70195578775 4.06055927344 -1.35224985343 0 0.454
1563 15.1314730644 29.88258 121.34383 1.72867 25.8324076715 120.139610132 1.70592820227 4.22540428617 -1.30300902821 0 0.592
1566 14.1647880077 29.981486 120.5055 1.7055843 25.9853771551 119.846181255 1.71529552459 4.05013420857 0.556412183141 0 0.588
1569 14.4561100006 30.170653 118.4575 1.6900862 26.5677859019 118.072089241 1.69017161739 3.62342279897 0.00489405598215 0 0.554
1572 14.1534330845 30.502618 115.6086 1.6745202 27.1346757657 115.172805984 1.68660364061 3.39601992304 0.692330148788 0 0.578
1575 14.7677719593 30.699806 113.48782 1.6738205 27.5152138588 112.326963594 1.68722691118 3.38957441315 0.768130779129 0 0.592
1578 15.3728780746 30.8492 111.36091 1.6697397 27.4209768099 110.964123848 1.66889425182 3.4511090234 -0.0484406124611 0 0.578
1581 14.5646691322 30.973164 109.37107 1.6787837 28.2950518492 108.969443285 1.70840771347 2.70805995326 1.69733094427 0 0.526
1584 15.8940689564 31.204408 107.09871 1.665475 27.9818254093 107.507069268 1.69709100436 3.24835278957 1.81146361466 0 0.5
1587 14.3717639446 31.322843 104.96751 1.6587885 28.0374743851 105.45467818 1.69553642604 3.32129188285 2.10550106787 0 0.592
1590 14.8367819786 31.457099 102.91722 1.6541397 28.1012186803 102.761894244 1.69126572047 3.35947299599 2.12716428325 0 0.688
1593 15.0476911068 31.546684 101.34427 1.631357 28.1209488394 101.802324135 1.65203929596 3.45622264641 1.18500826902 0 0.628
1596 14.4990508556 31.536552 101.09899 1.5279681 28.0847883224 101.770991028 1.56019101934 3.51656904769 1.84623728192 0 0.562
1599 15.7337200642 31.522716 100.84711 1.3818466 29.0924807225 102.232978875 1.47997762428 2.79761970997 5.62249353026 0 0.56
1602 16.6171529293 31.33472 100.81397 1.2437751 27.9806363045 102.134556632 1.31583446255 3.60469506196 4.1286973484 0 0.578
1605 14.8326480389 31.335612 100.76499 1.1262837 28.412488541 101.602568751 1.18897879532 3.04075466313 3.59216435805 0 0.502
1608 14.8814530373 30.238332 99.003137 0.9296569 28.5330566889 100.097155984 1.04148066104 2.02604082462 6.40702955699 0 0.496
1611 14.6369609833 28.772289 97.32743 0.78863198 26.4708740694 98.5008046234 0.834197903481 2.58327673499 2.61073510509 0 0.518
1614 14.4692559242 27.005154 95.945316 0.6582802 24.366994627 97.3588527381 0.732194656077 2.99298696744 4.23498637819 0 0.512
1617 14.8735198975 26.209553 95.323497 0.64585939 24.4198447312 95.7126189467 0.726291367659 1.83152165615 4.60841285773 0 0.516
1620 15.2681088448 26.225548 95.299359 0.74214735 23.9514622475 94.8564347686 0.825428636913 2.3168184833 4.77166625253 0 0.47
1623 14.2955310345 26.287241 95.304851 0.87876564 23.6516057827 94.5600662429 0.956356711713 2.7388459856 4.44564093703 0 0.408
1626 14.4603009224 26.503119 95.525486 1.0159202 24.0020053856 94.7448589044 1.10391705387 2.6201045732 5.04184833709 0 0.422
1629 14.8544290066 26.584147 95.637624 1.1414331 23.6429930351 95.5042978734 1.13506575923 2.94417433273 -0.364821752706 0 0.346
1632 15.0209569931 26.62792 95.717086 1.2595284 24.5142573111 95.6599692942 1.2856718668 2.11443426962 1.49791030937 0 0.298
1635 15.6370978355 26.756174 95.797181 1.3910555 23.3197855152 95.7716353175 1.4125910211 3.43648343523 1.23389446862 0 0.348
1638 15.0825300217 26.381693 93.77201 1.3952992 23.7869086827 93.5911079275 1.52484445033 2.60108270019 7.4223960999 0 0.386
1641 14.8226530552 26.011804 91.856332 1.39866 22.897580696 92.6052222884 1.44378108328 3.2030022559 2.58524763922 0 0.34
1644 14.9664669037 25.609249 89.727224 1.3968171 23.0136537127 90.0535056694 1.4809038164 2.61602267257 4.81781396293 0 0.488
1647 14.4747750759 25.2462 87.568251 1.3940659 23.5649199612 87.6497373081 1.50970562945 1.68325357192 6.62566844145 0 0.582
1650 14.8868200779 24.820481 85.505592 1.4017015 22.6991176757 85.4236771181 1.47681522098 2.12294427663 4.30369919544 0 0.532
1653 14.7305569649 24.493958 83.448062 1.398475 20.8931706488 83.849157577 1.41757044249 3.62305771559 1.09408826256 0 0.436
1656 15.2898631096 24.080092 81.345956 1.3962744 20.2407943027 81.4911256966 1.41164889986 3.84204126072 0.880893953948 0 0.57
1659 14.572963953 23.622432 79.208855 1.3888608 20.5716489156 79.0015808156 1.45058677873 3.05781621676 3.53663806745 0 0.598
1662 15.0451011658 23.236261 77.182266 1.3737053 20.3159621916 77.4076155691 1.44044418153 2.92898063469 3.82385624122 0 0.6
1665 14.3295650482 22.741503 75.111069 1.3685019 19.744690268 75.2612530123 1.43300856228 3.00057357653 3.69595949907 0 0.718
1668 14.2234048843 22.23837 73.007777 1.3690406 18.6516473049 72.7941229796 1.40541955282 3.59308053515 2.08436045974 0 0.682
1671 14.4036078453 21.796618 70.8705 1.3677106 18.5121985226 71.3648086003 1.41346379564 3.32140817962 2.62146500949 0 0.498
1674 14.7512290478 21.306705 68.900927 1.3588762 19.5762841764 69.3256474372 1.44941728469 1.78178104059 5.18762202519 0 0.674
1677 14.7921638489 20.800373 66.796896 1.3509317 20.003476245 66.913322721 1.49903120474 0.805356827428 8.48547656948 0 0.626
1680 15.185972929 20.180988 64.758154 1.3339286 19.4393932111 65.454220904 1.45245271756 1.01708994973 6.7909317069 0 0.562
1683 15.545571804 19.716632 62.635567 1.3210663 18.2110745466 63.1062652056 1.43661878477 1.577421962 6.62066968957 0 0.57
1686 15.2824380398 19.127208 60.642471 1.320188 17.2148790759 60.7158226825 1.41294850749 1.91373519153 5.31478558471 0 0.612
1689 14.741672039 18.573484 58.538556 1.3117791 17.0117097451 58.49154616 1.40488503338 1.56248159933 5.33457703014 0 0.472
1692 14.576884985 18.03732 56.562177 1.3046299 16.8096889574 56.8052945316 1.40687961706 1.25147277673 5.85847724415 0 0.55
1695 14.4136149883 17.470308 54.449011 1.30616 16.8212864347 54.5525960564 1.42763138412 0.657235769025 6.95979764148 0 0.66
1698 14.7915129662 16.865167 52.414515 1.2995721 15.5666969196 52.5160742841 1.40701226428 1.30243573271 6.15586796371 0 0.538
1701 14.8120789528 16.322269 50.452679 1.2871313 15.0175265351 50.9483011981 1.38436764967 1.39570565056 5.57123245111 0 0.362
1704 15.3757810593 15.679585 48.421133 1.2791916 14.9889151179 48.4496868899 1.40497986558 0.691259872072 7.20713673021 0 0.506
1707 15.0338199139 15.049517 46.343459 1.2810584 14.3259757922 46.3886785125 1.39343490332 0.724952883825 6.43869935681 0 0.618
1710 14.5760269165 14.370513 44.264129 1.2685694 13.4757385051 44.5977119822 1.38254324435 0.954934030609 6.53022025631 0 0.596
1713 14.8569719791 13.728985 42.398373 1.2622613 13.9263125722 42.1700216233 1.41604550344 0.301798810413 8.81118581312 0 0.666
1716 15.0029728413 13.116178 40.310007 1.2578142 12.8002410788 40.2848138745 1.38012929806 0.316939792042 7.00813888979 0 0.66
1719 15.1457259655 12.482531 38.460523 1.239848 12.5966452466 39.1344709615 1.36060713862 0.683540720141 6.9189889806 0 0.652
1722 15.5159060955 12.331027 38.238303 1.1567887 11.0766211955 38.228791478 1.23826155222 1.25444186449 4.66805057709 0 0.418
1725 14.7641570568 12.263795 38.100898 1.043782 11.5574446795 37.9474141601 1.13159192372 0.722833358685 5.03113802875 0 0.378
1728 14.4634370804 12.231882 38.075858 0.90529637 11.0803955067 37.6246333227 0.988247003373 1.23673960628 4.7527212002 0 0.45
1731 14.5142560005 12.170047 37.918491 0.7605547 11.2267091324 37.9212944875 0.920953194148 0.9433420334 9.19015675494 0 0.33
1734 15.3604879379 11.9457 37.868652 0.60051086 11.2485149818 37.2889042423 0.738634114207 0.906738337161 7.91387951865 0 0.448
1737 14.8151109219 11.861848 37.85602 0.47073445 11.5677687195 37.5377344329 0.634016519023 0.433345503553 9.3553734252 0 0.46
1740 14.1247270107 11.68598 37.868337 0.32347919 11.9829320417 37.4519450724 0.491514272579 0.511432060382 9.62770104189 0 0.464
1743 14.7187929153 11.634663 37.834152 0.18688423 11.3329579166 37.1136101373 0.157019207612 0.781157175805 -1.71113973792 0 0.474
1746 15.1330769062 11.546787 37.799316 0.059161186 11.6433674626 37.5399264423 -0.0223164065674 0.276786431026 -4.668322179 0 0.514
1749 14.6079521179 11.461332 37.784444 -0.088384018 10.7193009754 37.8165821852 -0.0941210463547 0.742726668758 -0.32870751167 0 0.408
1752 16.7078900337 11.353119 37.809133 -0.22428348 12.1002506041 37.8573092326 -0.232644666252 0.748683232863 -0.479060683975 0 0.458
1755 15.6927149296 11.259101 37.929753 -0.36642208 11.4275051722 37.282082349 -0.164333881719 0.669206423612 11.5788008509 0 0.376
1758 15.228730917 11.22919 38.083377 -0.50941267 12.3207246589 36.9427228775 -0.227109682051 1.57877792573 16.1747697534 0 0.392
1761 14.936645031 11.185129 38.110347 -0.64618684 11.9130011863 38.1223604566 -0.462413487465 0.727971320012 10.5294374872 0 0.378
1764 16.5911130905 11.588805 37.741111 -0.76036767 11.6028618079 37.2616790004 -0.650206898233 0.479638026062 6.31174729018 0 0.362
1767 15.4563450813 13.063467 36.224873 -0.77289998 12.5989618657 36.9739074489 -0.776720800947 0.881372580378 -0.218916914559 0 0.362
1770 14.487776041 14.493375 34.807156 -0.77803694 14.189674273 34.8544225433 -0.717783878862 0.307356889817 3.45224610598 0 0.36
1773 14.5017778873 15.892318 33.28564 -0.77023756 15.544883604 33.3626319263 -0.721860016903 0.355862917794 2.77182904268 0 0.422
1776 15.6119840145 17.405154 31.857105 -0.77891679 17.5363025933 32.0156507071 -0.733617593242 0.205758826717 2.59545278958 0 0.514
1779 16.1821098328 19.008966 30.381332 -0.78385491 18.6478832808 30.6857891267 -0.747287704037 0.472308026742 2.09514657029 0 0.518
1782 14.5883600712 20.517371 28.856906 -0.78454873 20.6608302422 29.3398285006 -0.782340725611 0.503780404336 0.126509332608 0 0.65
1785 14.9095420837 22.037399 27.308602 -0.78653789 21.7872672982 27.8011749957 -0.790280514583 0.552443684309 -0.214436592887 0 0.614
1788 14.8033699989 23.470866 25.802264 -0.78746834 23.6607924406 26.1221798881 -0.772950017424 0.372046002964 0.831838609239 0 0.626
1791 15.061508894 25.030138 24.239515 -0.79252133 25.2067732667 24.2280199419 -0.78064955018 0.177008908844 0.680202879022 0 0.68
1794 15.0073008537 26.508975 22.80392 -0.79210599 26.3710814719 23.2488482349 -0.773291239991 0.465806568548 1.07800576811 0 0.618
1797 16.3271710873 27.961008 21.312251 -0.79564812 27.774274121 21.2678610465 -0.758542575975 0.191937514709 2.12599106918 0 0.7
1800 14.6549971104 29.36401 19.750057 -0.78815021 29.1389731038 19.9726623754 -0.783034208169 0.316535555365 0.293125312926 0 0.738
1803 15.5867230892 31.016391 18.179875 -0.79578372 30.8236297796 18.7903938912 -0.772116640859 0.640226682209 1.35602374818 0 0.718
1806 16.3929591179 32.405165 16.663972 -0.79079715 32.3135397157 17.559273171 -0.776384371201 0.89997743282 0.825791396235 0 0.718
1809 16.6510090828 33.875627 15.226881 -0.79213801 33.5707319657 15.4684725921 -0.798092674358 0.389008328099 -0.341177136118 0 0.678
1812 15.6100180149 34.400964 14.714584 -0.72873329 34.1153405839 14.7194281398 -0.745151727374 0.28566449114 -0.940707167714 0 0.67
1815 15.5467019081 34.541831 14.529671 -0.59347242 33.5677395408 14.5232471986 -0.642323890601 0.97411264037 -2.79898308844 0 0.562
1818 14.563393116 34.648846 14.435796 -0.47955783 33.8392924088 15.1863273206 -0.503628889184 1.10393581348 -1.37917009964 0 0.664
1821 14.8387858868 34.668797 14.324629 -0.34405458 33.9605834974 15.0371428042 -0.383584918258 1.00461051481 -2.26492154493 0 0.668
1824 14.4062590599 34.864126 14.20779 -0.22615765 34.3485240603 14.9568997944 -0.2164180645 0.909401365902 0.558037143363 0 0.652
1827 14.4068341255 35.017605 14.088235 -0.094353638 34.6918469243 15.1698755833 -0.11265281857 1.12963032683 -1.04846581518 0 0.572
1830 16.726526022 36.599142 14.0692 -0.022879679 36.6432418909 14.869406274 -0.0370176471954 0.801420539607 -0.810045908486 0 0.602
1833 14.9027101994 38.63985 14.009333 -0.014813302 38.3254933702 14.5851645168 -0.016882420513 0.656050323097 -0.118551758108 0 0.654
1836 15.1968169212 40.768535 13.925491 -0.0089087199 40.2223008175 14.7100531998 -0.0526014326355 0.955986206775 -2.50340803522 0 0.652
1839 14.6867208481 42.905865 13.952369 -0.011506708 42.1533501589 14.8152245127 -0.0084369731038 1.14490096599 0.175882853776 0 0.602
1842 14.9133019447 45.04117 13.838962 -0.010052037 44.812899463 14.8982305994 -0.00864007333507 1.08358543902 0.0808995588264 0 0.634
1845 15.6140358448 47.095509 13.764363 -0.008210261 46.3329364692 15.0381460955 -0.0122426684439 1.48460103697 -0.231039927814 0 0.57
1848 14.8174328804 49.256947 13.750747 -0.012245698 48.4079003765 15.1483159242 -0.00940115062963 1.63526116168 0.162980558947 0 0.724
1851 15.2964940071 51.347189 13.680192 -0.017629817 50.9090672631 14.9699636233 0.000165989353354 1.36215325739 1.01962459708 0 0.738
1854 14.6210827827 53.510554 13.649042 -0.0075411209 52.3387410514 15.0741315692 -0.000624396089883 1.84500023487 0.396299139673 0 0.714
1857 14.8919868469 55.608657 13.581194 -0.0077936973 54.5912162119 14.7739210416 0.0196600586969 1.56773197749 1.57298435041 0 0.726
1860 14.6200699806 57.666716 13.591636 -0.01411162 56.67712814 15.1983738348 0.0115996039787 1.8870322208 1.47314462009 0 0.752
1863 15.5699050426 59.905766 13.533857 -0.012519778 58.802016138 14.9486755545 0.0072797744824 1.7944289621 1.13443079349 0 0.75
1866 14.9833650589 62.027534 13.447994 -0.021676244 60.8814706556 15.0574120826 0.00177719709652 1.97577522862 1.34378318989 0 0.732
1869 15.4981999397 64.181261 13.371995 -0.025327169 63.4104637751 14.9329397221 0.00142506829113 1.74088390977 1.53279028931 0 0.752
1872 14.651845932 66.241252 13.310079 -0.024907545 65.3649099191 15.0574776935 -0.00531314340766 1.95483442697 1.12267651333 0 0.804
1875 15.8719220161 68.444119 13.24669 -0.026304862 66.891898575 15.0010645876 -0.00128929296875 2.34248125738 1.43328652761 0 0.75
1878 15.0210869312 70.49734 13.123327 -0.017605166 69.3253775958 15.0122772807 -0.00559524652058 2.22297751673 0.688117698463 0 0.834
1881 15.265720129 72.634932 13.039101 -0.019360635 71.8993081268 14.9271244212 0.00249301262988 2.0262711867 1.25212177616 0 0.8
1884 15.0986380577 74.720419 12.994859 -0.019347658 73.5846045836 14.988431346 -0.00445653676868 2.29442914194 0.853198398772 0 0.708
1887 15.7491619587 76.914825 12.90632 -0.036038761 75.7075066379 14.9833222432 -0.0017652784602 2.40240628243 1.96372589875 0 0.76
1890 14.5960769653 79.004774 12.78569 -0.032634565 78.1257709357 15.4588993793 0.007930922642 2.81401755021 2.32423123578 0 0.8
1893 15.5265409946 81.177999 12.691712 -0.029848436 80.6529909175 15.1116519492 -0.00255110505832 2.47623561976 1.56402185493 0 0.714
1896 15.4474930763 83.222919 12.597068 -0.02122413 82.353503109 14.6433680902 -0.0127177516546 2.22333714281 0.487379578135 0 0.68
1899 14.7144291401 85.390174 12.538762 -0.021700441 84.249170031 14.8096240624 -0.00920325131461 2.5413981514 0.716036224747 0 0.79
1902 14.8093621731 87.449986 12.512039 -0.030894579 86.8591395388 14.9486596783 0.000735785317084 2.50723350941 1.81228637983 0 0.738
1905 14.5053458214 89.572355 12.414566 -0.034322832 88.2306883006 14.9229331606 0.0029765549755 2.84463975656 2.13709745212 0 0.626
1908 14.5615999699 91.713838 12.339838 -0.030338307 90.2836082054 14.8821775337 0.00263837650861 2.91702718023 1.88942478738 0 0.764
1911 15.1212940216 93.866625 12.234111 -0.027880568 92.8710135464 14.9356871965 -0.005354748304 2.87919365662 1.29063439865 0 0.764
1914 14.5165410042 96.027017 12.118277 -0.016096141 94.9129204489 14.6336402611 -0.000660464659795 2.75104770236 0.884399108224 0 0.726
1917 15.0398299694 98.003729 12.063433 -0.023465033 97.1838975283 15.0185612299 -0.00144980676161 3.06674200038 1.26137954849 0 0.756
1920 15.7695679665 100.1865 11.996018 -0.023536261 99.4585219076 14.8974400967 0.00366518150881 2.99135459047 1.55852785242 0 0.748
1923 16.054172039 102.26857 11.921444 -0.023061579 101.804636737 14.9504946198 0.00728167669143 3.06437297497 1.73854048781 0 0.762
1926 16.9099960327 104.50291 11.810699 -0.022632517 104.331071238 15.10346378 0.00754613282853 3.2972455863 1.72910926658 0 0.784
1929 16.9122459888 106.528 11.779433 -0.025937223 105.563755618 15.1518890876 0.0111727626679 3.50759565658 2.12624555656 0 0.748
1932 15.5999350548 108.61821 11.737233 -0.017267816 107.946523298 14.881137695 0.00341989144078 3.21485610193 1.18531832416 0 0.772
1935 15.792484045 110.65428 11.638117 -0.015586443 109.332560214 14.9267384335 0.00297012358304 3.54428753425 1.06321294746 0 0.646
1938 16.5748710632 112.94226 11.558687 -0.011710616 111.327864413 14.8653478334 0.00446931185612 3.67971180628 0.927041578982 0 0.752
1941 16.6200139523 114.89636 11.528856 -0.01668203 113.772454712 14.9222106003 0.00536745782594 3.57463544149 1.26334259285 0 0.786
1944 15.5995240211 117.03777 11.494892 -0.018548407 116.301803816 15.2016842024 -0.00276517114803 3.77914734498 0.904312801378 0 0.71
1947 15.1953999996 119.07747 11.406331 -0.016261061 117.983237333 15.0446295587 0.0131986384015 3.79928434461 1.68791644143 0 0.666
1950 15.2784879208 121.291 11.334615 -0.012126455 120.169678438 15.0514231681 -0.00330510776324 3.88227059918 0.505425966286 0 0.744
1953 14.5776910782 123.43737 11.229443 0.0013807468 122.845363222 15.0294746623 -0.00603444741838 3.84586955826 -0.424859332983 0 0.806
1956 15.1733369827 125.58554 11.258252 -0.0049853053 124.274805076 14.9402147727 0.00327967611288 3.90830857275 0.473548552712 0 0.678
1959 14.6839921474 127.50849 11.183265 -0.012828209 126.802489487 15.0277318199 -0.00153021474156 3.90875451434 0.647327387972 0 0.728
1962 14.6985890865 130.28779 11.390648 -0.01314096 128.620407636 14.9262217386 0.00351003658309 3.90902105491 0.954031828898 0 0.796
1965 15.705121994 132.78769 11.256475 0.0084755214 131.319683371 15.0626227001 -0.00378649179711 4.0794366987 -0.702561604528 0 0.758
1968 15.1052980423 125.9239 10.596074 0.27888777 132.86191727 14.8747677618 -0.00323764176638 8.15127621536 -16.1645953876 0 0.73
1971 15.394536972 93.936275 13.265891 0.84250578 133.388800702 14.8091983403 0.00917362227176 39.4826997786 -47.7464155704 0 0.506
1974 15.5455210209 59.212281 6.4432491 1.3602712 137.92770753 13.2562582955 0.116494121362 79.0097175544 -71.263177261 0 0.05
1977 15.1604328156 41.747696 3.5851691 1.5088422 139.080717997 13.4244551059 -0.0388960777269 97.8290791135 -88.6788711046 0 0.036
1980 14.8339810371 40.889782 2.6549702 1.6071612 77.8821639792 134.19774285 -2.83251988818 136.645297618 105.625011263 0 0.01
1983 15.3270671368 40.408125 3.8011614 1.6070032 63.949507264 102.58252752 2.54787965186 101.547796487 53.9082497346 0 0.018
1986 14.9138789177 40.388712 5.5337894 1.5172855 77.6929403118 134.72014012 -2.170933394 134.464562849 148.680623454 0 0.016
1989 14.9110119343 40.44034 7.6724587 1.5542124 36.2762845565 94.4453960515 2.81181440515 86.8727921408 72.0552872026 0 0.024
1992 14.618434906 40.554207 9.7439313 1.5604739 118.937620274 64.3689475407 0.713985377331 95.5397921065 -48.5002197552 0 0.014
1995 14.9813430309 40.580821 11.876658 1.5652859 33.4152231431 93.0799070971 3.00974839841 81.5187920456 82.7616048239 0 0.026
1998 14.8914620876 40.665042 14.024391 1.567666 39.460550057 94.7055348477 1.51347881941 80.6901343003 -3.10469675172 0 0.024
2001 14.823015213 40.771617 16.174621 1.5548315 103.913514057 63.1836003963 3.06391656736 78.7193960077 86.4642052861 0 0.014
2004 14.4228169918 40.847233 18.25792 1.5551713 57.2912415031 80.4271007193 -0.0751712553509 64.3071725934 -93.4117475822 0 0.01
2007 15.6499071121 40.88758 20.352438 1.5597309 85.6198914391 119.411731346 -1.07445046924 108.690953096 -150.927474929 0 0.012
2010 16.8358719349 40.971014 22.508388 1.5678505 134.377861002 44.4127533848 0.2070772401 95.9408165991 -77.9665646665 0 0.016
2013 16.4326879978 41.044823 24.54743 1.5705547 135.315250184 44.0455191001 0.234314264033 96.2657203786 -76.5609373956 0 0.032
2016 16.3709909916 41.105608 26.696222 1.5717508 109.482922159 84.9488298235 1.82399920866 89.8266297367 14.452769205 0 0.02
2019 16.1834900379 41.160404 28.869777 1.5672714 56.6555890671 12.4629754474 -1.55600779649 22.5673192349 -178.9507162 0 0.016
2022 14.998924017 41.204205 31.003136 1.5608691 83.4529595803 112.895109055 2.26436194299 92.1479924605 40.3071708212 0 0.018
2025 14.787211895 41.244227 33.116661 1.5660557 39.0164519201 31.9443067385 1.58316621839 2.51741858287 0.980360489244 0 0.018
2028 15.0099499226 41.277887 35.228156 1.5643441 38.8054807634 34.9922939036 1.58661488183 2.4836311174 1.27602180514 0 0.018
2031 15.1189420223 41.31792 37.33529 1.5797774 38.9496413215 36.8611870349 1.61717277482 2.41526758779 2.14259715068 0 0.064
2034 15.5036292076 41.419072 39.474789 1.5713492 39.3817710543 39.2546511112 1.59240794367 2.04915978723 1.20657713409 0 0.07
2037 14.5195150375 41.429937 41.518923 1.5745722 39.3558348818 41.5984669489 1.64321480348 2.07562685391 3.93293147442 0 0.124
2040 14.9225990772 41.494048 43.684079 1.5737379 39.3252446118 43.2698559932 1.61137200302 2.2080056241 2.15627526878 0 0.124
2043 16.4366090298 41.508319 45.798644 1.5762653 38.8632542925 45.2238937257 1.57063052689 2.70678872181 -0.322848717586 0 0.182
2046 1391.06313705 41.512588 47.943477 1.5772604 39.1912179494 47.5938941997 1.60249869794 2.34754489756 1.44604795385 0 0.292
2049 13.0527310371 41.583607 50.107906 1.5744728 39.0091805699 49.8168431966 1.56981119619 2.59082785988 -0.267090223839 0 0.424
2052 13.1320278645 41.632502 52.265699 1.5728612 39.2316322715 51.9011628144 1.59383843112 2.42838672448 1.20190680932 0 0.496
2055 13.0843610764 41.660201 54.305408 1.5732479 39.1317391043 53.8262635463 1.59105640468 2.57346050396 1.02035215769 0 0.606
2058 12.7506058216 41.689009 56.508616 1.5685378 39.2089774589 56.8493893529 1.58349123507 2.50333436096 0.856768718942 0 0.706
2061 13.0564141273 41.794127 58.57462 1.5657057 38.93414055 58.3021785893 1.58792706549 2.87293348626 1.27319045776 0 0.68
2064 12.8481118679 41.856016 60.76704 1.5641567 38.758940061 60.4322393182 1.58919262037 3.11511971977 1.43445257356 0 0.768
2067 12.8145039082 41.858156 62.785084 1.5639758 39.0410164492 62.7307631954 1.58565751585 2.81766321598 1.24227081063 0 0.78
2070 12.8109300137 41.958088 65.023529 1.5767642 38.8741808365 64.6343355154 1.5795268958 3.10836853698 0.158290809247 0 0.71
2073 12.8235478401 41.99726 67.044355 1.5737097 39.0476237961 66.5689822109 1.59745547024 2.98769694312 1.36053241625 0 0.758
2076 12.8166601658 42.044947 69.102812 1.5759217 38.7937309857 69.0824921895 1.59733329321 3.25127951217 1.22679392349 0 0.818
2079 12.8657529354 42.097902 71.261122 1.5727544 38.6980878548 71.062130467 1.59643171924 3.4056326655 1.35661046273 0 0.788
2082 12.87672019 42.114798 73.459441 1.5684742 38.6936967576 73.1330559709 1.59872195674 3.43663511274 1.73306880092 0 0.74
2085 12.8747310638 42.172982 75.545483 1.5804547 38.9798848871 75.2060913762 1.57687327995 3.21108328247 -0.205200253622 0 0.742
2088 12.7862701416 42.213453 77.648417 1.5799022 38.9460140637 77.6325234189 1.57902230947 3.2674775911 -0.0504140136413 0 0.774
2091 12.9487509727 42.308345 79.80823 1.5843424 38.9274394212 79.9884925679 1.59381951196 3.38570777329 0.542998517208 0 0.77
2094 12.7651050091 42.259747 81.948131 1.5870316 38.8954164811 82.2011128805 1.59223964753 3.3738286371 0.298399142874 0 0.746
2097 12.8425519466 42.325886 84.065588 1.5841531 38.8442453161 84.4117973499 1.58600651473 3.49881162193 0.106192841459 0 0.72
2100 13.3519718647 42.338042 86.100283 1.5789413 38.3815806181 86.6013156879 1.61375316835 3.98805973133 1.99457313355 0 0.67
