3 12.4450981617 72.513547 45.80148 1.6808269 32.4658326278 88.0593917974 0.0465828161568 58.219846581 -93.6352886984 0 0.004
6 12.5274720192 72.505015 45.806851 1.6805552 111.103215972 59.7831255154 -0.317891776815 41.050668297 -114.502577352 0 0.004
9 12.4205648899 72.51553 45.801787 1.6811119 70.8731345597 106.672787351 -2.46560438385 60.8931535273 122.410658097 0 0.002
12 12.3480420113 72.511327 45.798497 1.6805172 52.0632736904 140.945735455 0.395767873484 97.3196787381 -73.6107141416 0 0.006
15 12.4641480446 72.518426 45.80176 1.6806948 43.4861806946 46.7035559052 -1.30869214368 29.0462476634 -171.279255205 0 0.006
18 12.4780290127 72.509508 45.806599 1.6825332 43.8326745002 97.6100076597 -2.8976605924 59.2110963278 97.5742263435 0 0.004
21 12.46164608 72.510969 45.800989 1.6811293 26.9306871653 89.7403874058 0.950277641807 63.3106059393 -41.8747154646 0 0.006
24 12.3871450424 72.522343 45.818169 1.6838228 83.7335829291 47.4982472713 -2.75571463671 11.3364264099 105.633241886 0 0.01
27 12.4309039116 72.508499 45.799812 1.6808804 33.9565881338 88.8940020199 1.58130632853 57.8217869397 -5.70517404399 0 0.014
30 12.4200289249 72.523901 45.815543 1.6832165 75.147518769 32.5977036526 -0.189816459251 13.4757058149 -107.316883454 0 0.004
33 12.4822330475 72.511009 45.802779 1.6808191 111.918826892 53.3514083551 -2.02432882453 40.1242808801 147.710661453 0 0.008
36 12.3720829487 72.527172 45.853315 1.6851825 108.893563055 52.7918667796 0.408679615409 37.0223972641 -73.1382278233 0 0.006
39 12.4631941319 72.188088 49.017093 1.6798669 60.3619164547 111.052952838 -1.72010856186 63.1530382423 165.195755588 0 0.008
42 12.318267107 71.804616 53.279503 1.6643548 84.8274176393 83.4389789529 -2.3983006866 32.8509870824 127.226987002 0 0.014
45 12.2966840267 71.568933 57.324136 1.642571 64.5510143218 96.748503564 -0.404493572259 40.0441249173 -117.288160381 0 0.006
48 12.3022089005 71.37336 61.652431 1.6431927 119.496297511 69.7135467374 0.420919793674 48.7934288771 -70.0310789457 0 0.006
51 12.5134809017 71.165072 65.844712 1.6344026 107.078209638 68.8340751536 2.54715203352 36.0373382346 52.2966902936 0 0.008
54 12.3941869736 70.960331 70.343426 1.6128178 103.586254977 57.3544698607 -2.07108490808 35.116433431 148.92792269 0 0.016
57 12.3596189022 70.885213 74.631613 1.6236159 58.7384023525 123.87873794 2.66443371481 50.7230157201 59.6344680304 0 0.006
60 12.403537035 70.832043 79.069602 1.6124517 88.7772558816 8.45790222053 -0.319607423879 72.856316206 -110.698833568 0 0.01
63 12.4008259773 70.841819 83.283634 1.5826474 50.442962559 129.727749078 2.74571933871 50.7264149085 66.6391133582 0 0.016
66 12.5184428692 70.897044 87.066595 1.5142468 51.2571096263 72.2911936353 -2.07768822493 24.5772152143 154.197282786 0 0.014
69 12.3496859074 70.898205 87.488163 1.2381173 46.0490455002 70.749071874 -1.95743662821 29.9612733303 176.908246707 0 0.016
72 12.3295719624 70.648486 87.373684 0.94938085 59.2736789715 86.8813932433 2.10592578904 11.3854549811 66.2651438242 0 0.014
75 12.3312678337 70.490448 87.162959 0.64684814 45.5444962844 131.284126319 1.98410539943 50.685085702 76.6191970885 0 0.02
78 12.2933249474 73.090524 88.460194 0.4660111 44.5994827945 132.061197328 1.74857217117 52.0844210893 73.4853363459 0 0.016
81 12.2648730278 76.750616 90.291223 0.4640309 47.4385636342 108.07922763 2.92254760799 34.2871626503 140.86263123 0 0.028
84 12.309994936 80.704264 92.172539 0.45240664 42.1982479149 109.912006632 -3.11641220122 42.3957779338 155.521742551 0 0.036
87 12.2578279972 84.637734 93.972859 0.42386385 19.8442038462 35.2755533479 -1.44883691827 87.4275428032 -107.297850313 0 0.012
90 12.2722690105 88.678811 95.730817 0.41656148 35.0528747559 109.039614265 3.09019308122 55.252738599 153.187806723 0 0.01
93 12.3049058914 92.647535 97.41769 0.40779386 25.5383280697 69.9408744806 -2.81735614326 72.516350197 175.212516516 0 0.02
96 12.3434910774 96.759828 99.128022 0.39320766 87.6161571332 136.531479284 2.17411947977 38.5048741549 102.038730958 0 0.022
99 12.2477209568 100.07577 100.58602 0.32958371 15.373916921 69.5677084367 -3.10699686941 90.2027691773 163.098436843 0 0.022
102 12.366353035 100.12714 100.52966 0.1390585 21.1644931817 111.984060659 2.59731349467 79.7891150909 140.847636162 0 0.026
105 12.4251158237 100.08551 100.52401 -0.14356162 80.7565690509 123.338859377 1.5426424889 29.901928204 96.6123788376 0 0.018
108 12.42593503 99.772178 100.71077 -0.40700642 12.557646106 69.208017468 2.12610903322 92.729703928 145.136824489 0 0.022
111 12.4397060871 99.760338 100.7618 -0.66729138 81.8780073314 123.352057181 0.999910515428 28.8114121426 95.5236322042 0 0.024
114 12.3231790066 99.638101 100.95548 -0.8821311 100.646434879 61.1160004066 -2.52025127923 39.8522379733 -93.8573726048 0 0.016
117 12.3239579201 99.549051 101.11221 -1.1251977 100.740687493 59.5602543935 -2.67212834511 41.5690391068 -88.6325971642 0 0.014
120 12.4766581059 100.80276 98.46873 -1.1938854 98.4385010763 100.836798612 -1.18429036405 3.34626197579 0.549755064242 0 0.04
123 12.3146359921 102.35582 94.496879 -1.1822805 100.904136298 94.9654106384 -1.13276009992 1.5254204229 2.83730992448 0 0.07
126 12.3088929653 103.84912 90.431736 -1.1842505 101.997866215 92.5651550521 -1.14705638603 2.82464465497 2.13106575329 0 0.12
129 12.2804999352 105.46668 86.336829 -1.1831903 103.237845638 88.7516183548 -1.1838921131 3.2861695391 -0.0402109285569 0 0.126
132 12.4217541218 106.96067 82.891423 -1.1821311 104.868726396 85.1505964243 -1.17477314484 3.07897590162 0.421579776257 0 0.228
135 12.1603121758 108.13488 79.987125 -1.1809983 106.326290982 81.2967508203 -1.18190799188 2.23296082056 -0.0521215052289 0 0.366
138 12.2942149639 109.11096 77.465416 -1.174964 107.679969901 78.8142758646 -1.17896314177 1.96650847863 -0.229133944933 0 0.448
141 12.1930680275 110.00241 75.115832 -1.1797573 108.643951175 77.0760121431 -1.15486997602 2.38489340904 1.42593862771 0 0.484
144 12.2156760693 110.9669 72.896666 -1.1819268 110.201885713 75.124423635 -1.15558183319 2.35545132381 1.50945540936 0 0.554
147 12.171683073 111.79529 70.750926 -1.1680053 108.924234476 73.9673342904 -1.17318842435 4.31140836735 -0.296971150072 0 0.386
150 12.1596310139 112.62755 68.634671 -1.166408 110.394787165 71.721756171 -1.17615039285 3.80989825735 -0.558197992633 0 0.586
153 12.2518999577 113.50263 66.493746 -1.1746568 111.191972306 69.1476726018 -1.17700961786 3.51887274342 -0.13480653318 0 0.614
156 12.1586470604 114.39844 64.423702 -1.1690506 112.657039446 67.706914756 -1.15390282569 3.71644479185 0.867903536848 0 0.59
159 12.3957090378 114.9392 62.935672 -1.1627449 113.885293114 65.8734233012 -1.12800610055 3.12107392283 1.9903865941 0 0.644
162 12.2112460136 115.58582 61.52951 -1.1720902 114.104992436 64.6818535666 -1.14631663482 3.48283221474 1.47671650758 0 0.61
165 12.4655048847 116.16312 60.165609 -1.1710096 114.645569931 63.008892935 -1.15252333425 3.22292130632 1.05918500646 0 0.64
168 12.3659420013 116.71267 58.758483 -1.1690165 115.175593036 61.505236481 -1.16051078062 3.1475800669 0.487341821946 0 0.66
171 12.3870580196 117.29804 57.404001 -1.1730259 115.056440802 59.9607328429 -1.17783758532 3.40024185646 -0.275689261158 0 0.628
174 12.4136650562 117.3062 57.346669 -1.1782941 115.103333744 60.4669264768 -1.19916764607 3.81950604965 -1.19596609309 0 0.634
177 12.3517560959 117.30973 57.394113 -1.1925087 115.154879858 60.2936710326 -1.24346255245 3.61259130267 -2.91944069512 0 0.568
180 12.2943780422 117.3509 57.478875 -1.2542253 115.025604305 60.4048030165 -1.29581896494 3.73738609547 -2.38314145534 0 0.59
183 12.5992329121 117.31554 57.561663 -1.3141336 114.864312804 60.3289431513 -1.36402050373 3.69680324072 -2.85830903663 0 0.544
186 12.6462709904 117.31761 57.625945 -1.389572 114.825795918 60.229885317 -1.42812326943 3.60411467515 -2.20882503333 0 0.508
189 12.3127408028 117.34247 57.653648 -1.4539696 115.017681721 59.9383605356 -1.49590977887 3.2595324681 -2.40299524145 0 0.538
192 12.4645090103 117.36058 57.739095 -1.5147103 115.940021398 60.1678939407 -1.54056697276 2.81372547282 -1.48147822137 0 0.472
195 12.5167040825 117.34118 57.80351 -1.5718326 114.667924809 59.8247427139 -1.59080412651 3.35136912287 -1.08698839973 0 0.434
198 12.5420951843 117.32521 57.826191 -1.6475747 116.030136508 60.3876619846 -1.65425287786 2.87025242026 -0.382631405981 0 0.466
201 12.3556821346 117.28663 57.948056 -1.7072698 115.60739593 59.9205429798 -1.71785969538 2.59046944551 -0.606756310648 0 0.408
204 12.3866479397 117.37131 58.006137 -1.7818651 115.993115486 59.5197727288 -1.79214976217 2.04707431148 -0.589267736309 0 0.334
207 12.3580269814 117.40314 57.989067 -1.8555926 115.728257956 59.6765335753 -1.82295313117 2.37755616234 1.87010380943 0 0.35
210 12.3382828236 117.02719 57.008887 -1.8977403 115.9989056 59.4204342623 -1.88224078753 2.62162716738 0.888056648849 0 0.316
213 12.2994151115 116.38504 55.250118 -1.9095407 115.497364436 56.7504064681 -1.87180365456 1.74322499838 2.16217343477 0 0.436
216 12.2968189716 115.67443 53.450651 -1.9075572 115.265879714 55.6008628097 -1.8443704487 2.18868091833 3.62033417069 0 0.406
219 12.1979720592 115.02136 51.574537 -1.9165104 113.690684802 53.501227449 -1.85917369459 2.34154491046 3.28515123115 0 0.464
222 12.3318109512 114.35753 49.684701 -1.9233127 113.78338848 51.9962622082 -1.89566939807 2.38179631878 1.5838445322 0 0.51
225 12.4573819637 113.59486 47.870819 -1.9110101 113.33607756 50.1008523093 -1.88920611997 2.24499819858 1.24927603218 0 0.554
228 12.2308650017 112.87829 45.986656 -1.9118326 112.391068261 47.6513117948 -1.9292526844 1.73449241505 -0.998097314617 0 0.472
231 12.3409469128 112.17059 44.128463 -1.9122248 111.68976502 45.8288077775 -1.90057511898 1.76702151197 0.667477555081 0 0.416
234 12.3510651588 111.43202 42.277019 -1.9027456 110.733650535 43.8240844017 -1.9250021491 1.6973895447 -1.27520632972 0 0.536
237 12.2806859016 110.82393 40.37458 -1.9174412 109.891421378 42.9125103025 -1.91766570872 2.70382369052 -0.0128634019577 0 0.438
240 12.4008340836 110.14399 38.567468 -1.912432 109.665875532 40.5544041169 -1.92673422435 2.04365079625 -0.819457092998 0 0.434
243 12.4728989601 109.42625 36.696167 -1.9074722 109.059632695 38.8360188889 -1.91474328737 2.17103071242 -0.416602618509 0 0.55
246 12.2457900047 108.96452 35.308972 -1.917648 108.557524542 37.3234505553 -1.91634740507 2.05518105101 0.0745186005602 0 0.574
249 12.4174091816 108.91335 35.330429 -1.9171391 108.378448768 37.0998904561 -1.9338298317 1.84854352748 -0.956308483468 0 0.582
252 12.4266529083 108.9585 35.348205 -1.9450374 108.893324307 37.4884355492 -1.98867836635 2.14122270553 -2.5004431857 0 0.6
255 12.4146161079 108.97674 35.368834 -2.0165302 108.425858412 37.6700736905 -2.05998363409 2.36625751713 -2.48969837874 0 0.51
258 12.2164011002 108.99865 35.397074 -2.0803106 108.546617743 37.5617351533 -2.11342130394 2.2113550304 -1.89710359233 0 0.5
261 12.4495301247 109.05048 35.474836 -2.159245 109.154737834 37.3104655792 -2.18372235131 1.83858794947 -1.40244892399 0 0.536
264 12.5532381535 109.09365 35.518169 -2.2238592 108.606671903 38.0146973171 -2.24126837101 2.54358041066 -0.997472023478 0 0.488
267 12.3830990791 109.14301 35.568827 -2.2920109 108.628639098 37.7771255239 -2.28402361333 2.26741257731 0.457637816089 0 0.426
270 12.2827260494 109.24021 35.586114 -2.3597618 109.122064266 37.6689224949 -2.35416745703 2.08615666737 0.320532241152 0 0.436
273 12.2522280216 109.32691 35.57971 -2.4292889 108.74168628 37.3798603692 -2.4122673573 1.89288883844 0.975262557497 0 0.446
276 12.9274280071 109.34422 35.612178 -2.4970016 108.291533435 37.5177683406 -2.45579714781 2.17702171577 2.36084120746 0 0.43
279 12.4170789719 109.45255 35.562283 -2.5751384 109.168998625 37.4579851155 -2.48749718208 1.91679104048 5.02147189811 0 0.434
282 12.4728360176 109.51035 35.610832 -2.6455993 109.133475371 36.6796581332 -2.58373776702 1.13332422064 3.544404754 0 0.384
285 12.4701631069 109.52669 35.619453 -2.7060079 108.241992738 36.9936836598 -2.62831219474 1.88121156753 4.45163599747 0 0.358
288 12.4197580814 109.56751 35.667144 -2.7779359 109.04975163 36.7742302177 -2.65362638287 1.22217577411 7.12241068486 0 0.366
291 12.416642189 109.58407 35.725569 -2.8421247 109.838861299 36.3956251915 -2.72497575527 0.716863938159 6.7121401076 0 0.354
294 12.2460620403 109.62066 35.728072 -2.9074408 108.781110842 37.4500786499 -2.77435945638 1.91576347446 7.62499932142 0 0.256
297 12.4428648949 108.40689 35.538158 -2.9474042 108.067956418 36.9141255686 -2.92099435829 1.41709658209 1.51317246761 0 0.362
300 12.319231987 106.63579 35.154474 -2.9731605 105.623914116 37.019073616 -2.87963805737 2.12146754237 5.35844125227 0 0.444
303 12.2844381332 104.74277 34.838538 -2.9724974 104.718985388 36.4804372194 -2.89163109523 1.64207148277 4.63329796798 0 0.442
306 12.2682528496 102.71686 34.507066 -2.970186 101.409897298 35.5752857054 -2.89965560746 1.68797062882 4.04109381995 0 0.34
309 12.4411430359 100.87602 34.149296 -2.9774562 100.71508465 35.413880533 -2.88530735444 1.27478399273 5.27973993779 0 0.396
312 12.3842329979 98.917573 33.856952 -2.9648121 98.2538802285 34.9062239972 -2.89530687659 1.24155540312 3.98235595549 0 0.498
315 12.4482681751 96.872255 33.519705 -2.9713846 96.3056770237 34.4917906131 -2.90167094726 1.12514934231 3.99429807641 0 0.58
318 12.5875279903 94.700759 33.157106 -2.9752463 93.9823745455 34.3049868346 -2.90624953688 1.35414424455 3.9532233266 0 0.516
321 12.344037056 92.656194 32.878926 -2.9695623 92.1059796062 34.4148909717 -2.90731658007 1.63154046025 3.56641704458 0 0.442
324 12.2693030834 90.628889 32.525228 -2.9736018 89.935596817 33.7433421122 -2.93414101863 1.40159053986 2.26093622881 0 0.544
327 12.4626049995 88.510396 32.191288 -2.9695852 87.4359298338 33.6771720752 -2.94426237704 1.83366546221 1.45089088101 0 0.574
330 12.3738560677 87.334812 32.006658 -2.9896435 86.17179444 33.5338896024 -2.97370522118 1.91964741873 0.913196109286 0 0.594
333 12.347618103 87.328365 31.983283 -3.0015998 86.1156392351 33.5152461303 -3.01992384798 1.95387174952 -1.04989061257 0 0.542
336 12.2966489792 87.328448 32.00285 -3.0442403 86.2126878645 33.5122813586 -3.08246227029 1.87704653812 -2.18995758254 0 0.522
339 12.2858819962 87.480424 31.977098 -3.121648 86.2626712701 33.6884004662 -3.06066884287 2.10035183772 3.49384834182 0 0.452
342 12.3570179939 87.509332 32.088761 3.0972389 86.6064833487 33.5906994107 3.09374649024 1.75241395704 -0.200100339684 0 0.452
345 12.3422880173 87.537767 32.004513 3.0032565 86.5084113821 33.2002514366 3.04840779902 1.57777165548 2.58697887316 0 0.358
348 12.3004238605 87.588829 31.971963 2.902116 86.2585540143 34.0008307228 2.97098504575 2.42609475789 3.94590566042 0 0.366
351 12.441190958 87.696053 31.883789 2.7788249 86.4065625534 33.5808921518 2.91884593157 2.13141847602 8.02261415176 0 0.356
354 12.3529000282 87.777704 31.698119 2.6376296 86.3038098956 33.4203892118 2.83034318818 2.26684329258 11.0416752578 0 0.27
357 12.4756538868 87.896098 31.65995 2.4917922 86.0886623685 33.5297568975 2.74525126845 2.60057712748 14.5221349014 0 0.212
360 12.6035680771 87.958395 31.594625 2.366513 86.1072443077 33.7129391684 2.49496474852 2.81318570337 7.35974306151 0 0.238
363 12.649394989 87.964094 31.460561 2.2184109 86.1209265778 33.6336510416 2.39241226896 2.84948880939 9.969544071 0 0.294
366 12.3647520542 87.708527 31.831987 2.1125682 86.0745970389 34.3668347983 2.24092793945 3.01582169207 7.35447133012 0 0.29
369 12.4146060944 86.721318 33.612273 2.0920166 84.6983740305 35.1406658764 2.19667579859 2.53540669094 5.99653036621 0 0.312
372 12.5067448616 85.724716 35.405361 2.0873093 84.1213850764 36.6456485333 2.09791270647 2.02706270644 0.607530439079 0 0.282
375 12.464220047 84.755772 37.248267 2.0862059 83.0820925385 38.5320126692 2.07609684952 2.10931407881 -0.579205927585 0 0.334
378 12.5104129314 83.690185 39.149374 2.0868314 81.962198924 40.14003027 2.11606924841 1.99181719148 1.67520531612 0 0.494
381 12.3542020321 82.666747 40.97523 2.090975 81.0649117078 41.533234816 2.12738460318 1.69624458085 2.08611659615 0 0.466
384 12.4869410992 81.635815 42.877142 2.0910396 80.2489519814 43.5200805618 2.10107497776 1.5286461417 0.574984791578 0 0.47
387 12.4079921246 80.624097 44.699122 2.0805048 78.8426110634 45.1546405363 2.10934384547 1.83880104395 1.65235559068 0 0.52
390 12.5099949837 79.602515 46.546403 2.0762437 77.8685874027 47.0330348548 2.10267545931 1.80092072975 1.51442825369 0 0.552
393 12.3734638691 78.599692 48.40129 2.0808805 77.0443145379 48.9544166945 2.08765261017 1.65080228675 0.388013330856 0 0.62
396 12.4522349834 77.532669 50.298142 2.0919608 75.8559914096 50.8541596866 2.11758813015 1.76646636258 1.46833785757 0 0.654
399 12.4182679653 76.53881 52.074716 2.0854653 75.6245306049 52.8869614124 2.08653124833 1.22296746574 0.0610743406714 0 0.716
402 12.2238001823 75.533974 53.92833 2.0838411 73.8389607346 54.5432068838 2.09593551297 1.80309277409 0.692958818684 0 0.686
405 12.6600978374 74.451304 55.860797 2.0823704 72.7016419569 56.073564355 2.10483062739 1.76255133613 1.2868762361 0 0.614
408 12.7630159855 73.464188 57.689364 2.0801622 71.424642322 58.1165060329 2.14879055011 2.08379386907 3.9321148165 0 0.516
411 12.4093639851 72.461178 59.521835 2.0808323 70.2342318679 59.8969904081 2.14123671078 2.25832474534 3.46091780174 0 0.574
414 12.296432972 71.469371 61.42577 2.0898858 69.2700418843 61.3716570476 2.10209384952 2.19999472059 0.699469713856 0 0.558
417 12.3794240952 70.386885 63.322712 2.0827703 68.0759015183 63.6488810522 2.12022530053 2.33388750872 2.14601345208 0 0.638
420 12.413364172 69.38246 65.186025 2.0922796 66.9284479608 65.3907853607 2.13209908894 2.46253972436 2.28148865887 0 0.632
423 12.654640913 68.400253 67.014087 2.0893798 65.8380467408 67.5151108854 2.1066914419 2.61073281825 0.991884017046 0 0.682
426 12.3975579739 67.30799 68.901204 2.089526 64.6156529409 69.1047867966 2.12454265654 2.70002311003 2.00630663222 0 0.684
429 12.2676129341 66.315197 70.741557 2.0869248 63.7004903134 70.5830926761 2.12382573232 2.61950415136 2.11426768192 0 0.68
432 12.2758600712 65.281228 72.464006 2.0745737 62.5415873819 72.5060187992 2.11077433142 2.73996273547 2.07414339581 0 0.736
435 12.1653091908 64.283593 74.421326 2.0918621 61.2412058787 74.3630262803 2.12072195983 3.04294565395 1.65354816569 0 0.774
438 12.1847589016 63.28447 76.191493 2.091939 60.3217251392 76.1084180554 2.12921414594 2.96390933679 2.13570854303 0 0.754
441 12.2409241199 62.204887 78.125252 2.0893553 59.0170433952 78.0584475133 2.11850785276 3.1885435058 1.67031823544 0 0.756
444 12.4681661129 61.273659 79.948227 2.0960183 57.9216513961 79.9312742123 2.11970663522 3.35205047304 1.35724163176 0 0.766
447 12.2472720146 60.19879 81.787566 2.089809 56.6822430671 81.7006485781 2.12133306456 3.5176209246 1.80619585226 0 0.742
450 12.2090809345 59.161438 83.629466 2.0974137 56.8652102005 83.6954331433 2.08820441625 2.29717517205 -0.527653091373 0 0.698
453 12.2621691227 58.11891 85.485673 2.0964985 55.3674637614 85.6884208163 2.07429287577 2.75890613845 -1.27228854985 0 0.698
456 12.1665608883 57.036783 87.336936 2.0992423 54.2677313318 87.9739845518 2.072491614 2.84138663305 -1.53270140694 0 0.636
459 12.3400640488 56.357629 88.602308 2.124456 54.3346317525 88.4440675903 2.11161817887 2.02917665335 -0.735552969093 0 0.71
462 12.2883679867 56.200217 88.720884 2.2094598 53.9542960191 88.5634615962 2.19794170007 2.25143129267 -0.659938514218 0 0.542
465 12.2786130905 56.199637 89.07416 2.3631742 53.0758043878 88.5888947268 2.35188833873 3.16129919089 -0.646632218735 0 0.514
468 12.1786258221 56.109511 89.161307 2.4869631 52.9121104143 87.9567966395 2.47001420168 3.41675514403 -0.971100341345 0 0.492
471 12.2425079346 56.023191 89.233423 2.608836 52.9708112178 88.8989928941 2.6281068854 3.0706458328 1.10414040078 0 0.51
474 13.344397068 54.873312 89.789936 2.6823278 51.8177023958 89.4435135392 2.70705385209 3.07518431556 1.41669842883 0 0.52
477 12.3337960243 52.997249 90.667048 2.6986067 50.0919518704 90.2004661236 2.73040638101 2.94252443633 1.82198751154 0 0.64
480 12.3306679726 51.122563 91.609157 2.7018871 47.835034627 90.8537421345 2.71676140365 3.37320239865 0.852234822213 0 0.658
483 12.3398911953 49.137432 92.566213 2.7007601 46.6057863361 91.8771915745 2.72380923673 2.62373403614 1.32061825632 0 0.39
486 12.2373299599 47.308569 93.452781 2.7003868 44.6224894925 92.5536301831 2.71323823125 2.83257750334 0.736332771613 0 0.66
489 12.2654559612 45.360782 94.336008 2.7008969 42.2108705207 93.5782057732 2.71360809017 3.23978495316 0.72829754922 0 0.632
492 12.2926690578 43.468079 95.251019 2.7064338 40.6685349408 94.2169834776 2.73532719103 2.98440553562 1.65546936199 0 0.662
495 12.3199088573 41.590918 96.131677 2.7064065 38.0053450857 95.59381585 2.73431737303 3.62568996747 1.59917522689 0 0.612
498 12.3469240665 39.606214 97.06058 2.704478 35.8952944212 96.2325030346 2.71688351772 3.80218826216 0.71078380824 0 0.702
501 12.2035841942 37.718719 97.944153 2.696243 34.3619748366 96.8484415363 2.73039527145 3.53105012569 1.95678101466 0 0.648
504 12.2273139954 35.769603 98.891663 2.7044976 32.8675718111 97.1902635275 2.751154325 3.36400731069 2.67323342849 0 0.642
507 12.2832801342 33.862509 99.822852 2.7013631 31.2863772999 98.6938686033 2.70898915772 2.81266031478 0.43694092156 0 0.55
510 12.2111840248 31.979521 100.73965 2.7066945 29.12590111 99.3204834133 2.73421508986 3.18703314658 1.57681364896 0 0.534
513 12.2662420273 30.015598 101.64307 2.7044148 27.3441782688 100.420320671 2.72861146665 2.93795835614 1.38636687736 0 0.468
516 12.2017331123 28.083667 102.5122 2.7038251 25.7902849416 101.559776549 2.70228461847 2.48328647086 -0.0882630899915 0 0.468
519 12.3431358337 26.231599 103.44351 2.6987262 23.3735924134 102.165858883 2.71907631987 3.1305900442 1.16597598124 0 0.554
522 12.3349308968 24.326425 104.3449 2.7056645 21.5897809262 103.345714178 2.7108407626 2.91334740339 0.296578000908 0 0.614
525 12.3268129826 23.072168 104.95788 2.6888385 19.8966973747 103.611550594 2.68734137658 3.44908923661 -0.0857788535606 0 0.64
528 12.3566300869 23.059574 104.94595 2.6093304 19.5055412037 103.815087003 2.58690662641 3.72961127133 -1.28478758773 0 0.638
531 12.435945034 23.148655 105.02795 2.4881616 19.1079055554 103.878166741 2.46971769315 4.20114955894 -1.05675802028 0 0.622
534 12.2883400917 23.15609 104.97342 2.3614352 18.9404844793 104.212014711 2.34811678753 4.28381464589 -0.763088824417 0 0.522
537 12.6068930626 23.189116 104.80794 2.2179164 19.1253527547 104.297047139 2.2107098257 4.09575185151 -0.412906291955 0 0.588
540 12.4874401093 23.170444 104.45908 2.0515088 19.0883711415 104.014551702 2.09498761447 4.10620557563 2.4911525675 0 0.51
543 12.3428580761 23.203193 104.36781 1.9241471 19.1299696144 105.100437509 1.94446948312 4.13858572657 1.16438678236 0 0.474
546 12.3132231236 23.268475 104.40083 1.8086424 19.3347842227 104.479656827 1.79686432508 3.93448049939 -0.674833983541 0 0.54
549 12.4999320507 23.269141 104.3114 1.6661585 19.0342217332 105.038402731 1.68103679364 4.29686794858 0.852463432007 0 0.558
552 12.2794411182 23.273746 104.22596 1.531085 19.1665889739 104.41305455 1.51724982851 4.11141620459 -0.792696934958 0 0.512
555 12.220138073 23.201513 103.9692 1.3630267 19.623172617 104.107814239 1.41167989547 3.58102412781 2.78762276043 0 0.484
558 12.2512500286 23.573375 105.47089 1.3112874 19.8131944054 105.523938224 1.36899951931 3.76055477531 3.30666086325 0 0.554
561 12.330698967 24.091257 107.45193 1.3021436 19.5405966801 106.768636622 1.34800934353 4.60167352033 2.62791352824 0 0.352
564 12.3136179447 24.69734 109.54228 1.2971878 20.8228366036 109.036706433 1.28083026758 3.90734963886 -0.937217570788 0 0.394
567 12.3316309452 25.24514 111.62222 1.291934 21.4799016459 111.231898 1.31204258439 3.78541558178 1.15213701743 0 0.622
570 12.2372760773 25.838263 113.71051 1.2925571 22.0501444786 113.394051748 1.31929002409 3.80131395144 1.53168372459 0 0.634
573 12.3454949856 26.485855 115.66064 1.2984976 22.5364890818 115.843061178 1.32577109134 3.95357668984 1.56265594612 0 0.716
576 12.4728629589 26.666562 116.70228 1.2516028 22.6090517503 117.041585664 1.30381434726 4.07167259982 2.99150129982 0 0.706
579 12.5088441372 26.671044 116.66524 1.1445574 22.7317560097 116.329341858 1.16658954839 3.9535828602 1.26234911609 0 0.648
582 12.5737421513 26.68282 116.71548 1.0360889 22.794312388 116.032610777 1.03978720899 3.94801238905 0.211897496245 0 0.654
585 12.7540419102 26.598988 116.54426 0.86252405 22.3676296864 116.306484214 0.867059594788 4.23803380147 0.259867574173 0 0.594
588 12.4633080959 26.490987 116.49462 0.72378221 22.3945840748 116.114373058 0.757573604136 4.1140132064 1.93610426788 0 0.626
591 12.2700541019 26.414554 116.44154 0.58967497 22.3977738681 115.94751519 0.647183805521 4.04704622414 3.29501356005 0 0.622
594 12.47402215 26.30131 116.37003 0.43724496 21.8033773619 116.12047915 0.517153136226 4.50485001346 4.57840124636 0 0.578
597 12.1576972008 26.176025 116.35464 0.31453037 22.0970916242 116.090375177 0.383756581802 4.08748497015 3.96636976792 0 0.5
600 12.3519518375 26.088883 116.46581 0.14702743 22.0708552458 116.209111256 0.212626628825 4.02621922884 3.75855723209 0 0.53
603 12.3232560158 25.977812 116.45377 0.019989929 21.8020138513 115.515676538 0.11899717935 4.27987260586 5.67269758625 0 0.504
606 12.2562618256 25.890585 116.45549 -0.11586106 21.9782193501 116.529328378 -0.0372048238892 3.91306236658 4.50667036153 0 0.414
609 12.3886752129 27.617035 116.21759 -0.13548047 24.5422418384 116.109390164 -0.0744771535725 3.07669631113 3.4952325676 0 0.478
612 12.2412629128 29.732468 115.90829 -0.14344069 26.7466817291 115.312223607 -0.0980879202027 3.04470274422 2.59852229861 0 0.566
615 12.2902641296 31.744289 115.6014 -0.14068963 27.5210991138 114.617494023 -0.104426634093 4.33628917251 2.07771661798 0 0.54
618 12.3303201199 33.87565 115.27561 -0.13567301 30.1449497191 114.818672446 -0.0933052344241 3.75857905527 2.42749472786 0 0.568
621 12.4075899124 35.936054 114.9269 -0.14240112 33.0408726566 114.431027644 -0.0827853298512 2.93733968154 3.41573316786 0 0.584
624 12.4088551998 38.113735 114.67885 -0.14674677 34.7836721318 114.414560204 -0.113943537241 3.34053405945 1.87948679145 0 0.644
627 12.2867310047 40.163768 114.30534 -0.14012204 36.7308029484 114.302923468 -0.0909439141172 3.43296590215 2.81769905745 0 0.718
630 12.258056879 42.346763 113.98058 -0.16006212 38.8398576817 114.464445981 -0.0872110229176 3.54012869805 4.17406039572 0 0.73
633 12.3250129223 44.341947 113.67079 -0.15507802 40.8761350581 114.489445168 -0.0809406314724 3.56118641757 4.24775946675 0 0.718
636 12.3615109921 46.544067 113.30502 -0.15009707 42.8904732708 114.103813417 -0.0736999883177 3.73989546127 4.37723034751 0 0.738
639 12.4225430489 48.557097 112.97025 -0.14631805 45.060486778 114.234158239 -0.0839756372115 3.71803000019 3.57195713745 0 0.742
642 12.2469270229 50.586062 112.64729 -0.14866611 47.4713188619 114.076092035 -0.0789060495688 3.42682069452 3.99695704129 0 0.72
645 12.3378851414 52.747394 112.3225 -0.14488479 49.8233623066 114.133319776 -0.0673584355936 3.43933563425 4.44193290852 0 0.742
648 12.2900309563 54.919709 111.95097 -0.14565598 51.6494219663 113.689956268 -0.0562478412275 3.7038966675 5.12270900578 0 0.72
651 12.2919478416 56.9199 111.70562 -0.14317608 54.034928215 113.206660199 -0.0757602146473 3.25210453087 3.86264455693 0 0.634
654 12.2046298981 58.963864 111.32719 -0.14485493 56.4973240936 114.004844204 -0.0312712595232 3.64055643366 6.50786493993 0 0.608
657 12.2511670589 61.070196 111.0267 -0.15209978 57.7162387581 111.965466087 -0.120590712582 3.48285959314 1.80533657943 0 0.606
660 12.3555409908 63.25691 110.67843 -0.1447313 59.6392792005 111.938617785 -0.124239001741 3.83083879254 1.17412220277 0 0.686
663 12.4073529243 65.338645 110.4192 -0.14848438 61.2816220816 111.784721408 -0.133812710551 4.28066392952 0.840624737862 0 0.66
666 12.1368429661 67.412523 110.08404 -0.1445869 63.5703633608 111.444227215 -0.115298959532 4.07581893033 1.67807537944 0 0.742
669 12.2324719429 69.507235 109.73429 -0.15139682 66.1347006584 111.343738173 -0.11414730527 3.73688524147 2.13423998292 0 0.76
672 12.29357481 71.647859 109.39116 -0.14906575 68.0065998877 110.751988488 -0.119980218188 3.88723836385 1.66647821774 0 0.73
675 12.2756597996 73.702975 109.06139 -0.1559357 69.9286617835 111.205084419 -0.0894114847278 4.34060664157 3.81155677051 0 0.724
678 12.2394800186 75.754203 108.72815 -0.15045699 72.0413507448 110.429459364 -0.132087663264 4.0840819557 1.05248489446 0 0.694
681 12.2332561016 77.860742 108.43703 -0.15243836 74.3682445327 109.737546685 -0.144885133411 3.72677906616 0.432768005242 0 0.742
684 12.1572430134 79.97813 108.08555 -0.15170568 75.8008518608 109.369628374 -0.15454249866 4.37018419772 -0.162537736486 0 0.7
687 12.1514279842 82.120618 107.73965 -0.14888428 78.008867239 109.054787606 -0.139247102709 4.31695277282 0.552169585165 0 0.756
690 12.2066469193 84.192494 107.42985 -0.14593359 80.9019564472 108.729832118 -0.143886512146 3.53802075948 0.117288921348 0 0.728
693 12.4038701057 86.28045 107.15458 -0.15823172 82.4471868623 108.591353372 -0.127059076164 4.09368098462 1.78606092808 0 0.708
696 12.3493688107 88.385341 106.75858 -0.15035877 84.4748738082 108.542509378 -0.109784217962 4.29815747555 2.32475058739 0 0.706
699 12.3341150284 90.512184 106.42958 -0.15443508 87.0535698105 108.717991641 -0.102695213821 4.14714841213 2.96447596466 0 0.746
702 12.2289409637 92.541412 106.11165 -0.15857271 89.1767051878 108.487753833 -0.106642501622 4.11911657456 2.97538176928 0 0.784
705 12.249147892 94.624435 105.7799 -0.14991569 91.1320697288 108.0885768 -0.12135293919 4.18647868206 1.63652507272 0 0.75
708 12.262554884 96.812614 105.41142 -0.16008539 93.3991690183 107.432051344 -0.1318961607 3.96668093921 1.61512386664 0 0.668
711 12.3286869526 98.833392 105.05687 -0.15857643 94.6961454515 106.947049575 -0.127224576902 4.54858085895 1.79632886245 0 0.648
714 12.2219030857 100.9283 104.72764 -0.15390186 96.3910383594 106.991165127 -0.129861646597 5.07053145102 1.37740276659 0 0.456
717 12.2750070095 103.02648 104.38009 -0.15580909 98.7973249116 106.919052178 -0.124168961818 4.9327559946 1.81284580807 0 0.644
720 12.2518179417 103.56436 104.3046 -0.21764658 99.6359333182 106.674569085 -0.18312199794 4.58795048553 1.9781128415 0 0.56
723 12.5568580627 103.46604 104.39779 -0.32798619 99.5953140667 106.88671172 -0.2871456665 4.60187468098 2.33998962965 0 0.512
726 12.1879360676 103.43166 104.43448 -0.46455789 99.1432658048 106.767583027 -0.434423004309 4.88197649627 1.7266017662 0 0.54
729 12.327324152 103.35806 104.51276 -0.60050128 99.3877558585 107.182452121 -0.559421334965 4.78440915851 2.35370747313 0 0.534
732 12.1259508133 103.30537 104.5712 -0.75278089 100.632558651 106.54129116 -0.6433971876 3.32041860137 6.26722449504 0 0.378
735 12.4842679501 103.24477 104.73622 -0.88717849 99.5802631466 106.999529855 -0.80546710737 4.3071083081 4.68171736288 0 0.402
738 12.3632400036 103.11543 104.83266 -1.0218313 100.610634306 106.679852694 -0.93093157148 3.11225357498 5.20817080308 0 0.424
741 12.2562129498 103.3336 104.43355 -1.1359167 100.017087489 106.645598833 -1.06286282904 3.98652922688 4.18567848297 0 0.386
744 12.3045730591 104.18264 102.5184 -1.1499809 101.253691697 104.528951652 -1.07589901737 3.55261257531 4.24457921302 0 0.54
747 12.3196930885 105.02068 100.61649 -1.1544373 102.477258571 103.183195197 -1.06580153655 3.61344269782 5.07845515985 0 0.588
750 12.3258681297 105.97315 98.645528 -1.1675657 104.522267598 101.060952412 -1.07126804858 2.81768252861 5.51744900349 0 0.59
753 12.327559948 106.66644 96.709247 -1.154133 104.977926139 99.0178755681 -1.09116584674 2.86021763593 3.60775212958 0 0.636
756 12.352241993 107.65453 94.805864 -1.1707179 105.194233731 97.2671349608 -1.10400410489 3.48007363054 3.82241889495 0 0.664
759 12.2769260406 108.36584 92.821603 -1.1639211 106.149071478 95.1585786677 -1.09510446829 3.22110508218 3.94290255716 0 0.616
762 12.2481229305 109.18739 90.932737 -1.1605274 107.410691027 92.515855817 -1.13492197494 2.37968998626 1.46708278843 0 0.634
765 12.245028019 110.00551 88.971931 -1.1631703 108.141633974 90.1762411331 -1.11772710746 2.21909818086 2.60370314 0 0.692
768 12.2305879593 110.83946 87.051439 -1.1600004 108.994226071 89.0194364148 -1.11133612077 2.69775871374 2.78825781266 0 0.708
771 12.2723920345 111.68317 85.129972 -1.1502451 110.434619548 86.8413975815 -1.11227665672 2.11845598331 2.17543155475 0 0.732
774 12.193529129 112.49307 83.177328 -1.1488654 111.1048876 86.0393376986 -1.10605504947 3.18090394234 2.45285240494 0 0.692
777 12.2671470642 113.40329 81.226755 -1.149046 112.102890457 83.5799906039 -1.10947940382 2.68863474245 2.26699897061 0 0.67
780 12.1992061138 114.20236 79.347389 -1.1522317 111.967724329 82.0377492496 -1.15029741747 3.49737542377 0.110826225318 0 0.51
783 12.1850271225 115.10134 77.33273 -1.146946 112.996676223 80.0978123191 -1.12340855817 3.47495177579 1.34859607747 0 0.534
786 12.2266378403 115.87569 75.433999 -1.1405871 113.981985162 78.2158124867 -1.12895006212 3.36520494013 0.666753156623 0 0.516
789 12.2422018051 116.74641 73.521868 -1.1514597 114.468124082 75.9446278664 -1.13172265307 3.32571076563 1.13084948887 0 0.572
792 12.2510559559 117.66191 71.592443 -1.1472421 115.529644019 74.2928546767 -1.13221073245 3.44075303363 0.861233920989 0 0.486
795 12.3704760075 118.47567 69.543126 -1.1411103 116.503458985 71.7984004555 -1.12431867531 2.99597716231 0.962089225987 0 0.624
798 12.4087929726 119.32773 67.660396 -1.1493947 117.25555814 70.3459670311 -1.14228862977 3.39207723673 0.407147832927 0 0.64
801 12.2768929005 120.23613 65.736718 -1.1477983 118.53743011 68.1480786839 -1.12149556284 2.94961720636 1.50703582877 0 0.596
804 12.2497251034 121.05504 63.851108 -1.1435448 119.759004715 66.1534547643 -1.12068602325 2.64206511728 1.30971143258 0 0.686
807 12.3546538353 121.9387 61.889647 -1.1416966 120.321736586 64.5030232738 -1.12576713789 3.07315899868 0.912690948794 0 0.766
810 12.2732470036 122.75206 59.947854 -1.134592 121.290263382 62.595181397 -1.11487442502 3.02410180021 1.12973382869 0 0.722
813 12.207709074 123.61313 58.017737 -1.1345099 122.369420292 60.8319940608 -1.10251968822 3.07682574138 1.83290412087 0 0.664
816 12.3298380375 124.50226 56.14403 -1.1250591 122.794582035 59.2561957492 -1.11248969501 3.54989291143 0.720173856686 0 0.678
819 12.3683259487 125.37031 54.195354 -1.1346431 123.802257832 57.8735445529 -1.11762116708 3.99848388101 0.975284915291 0 0.568
822 12.4258918762 126.19009 52.293812 -1.120627 125.087592073 56.0144259145 -1.11262422624 3.88052439498 0.458525161109 0 0.584
825 12.3792040348 127.09539 50.434417 -1.1252352 125.669296133 53.7624235733 -1.11003503543 3.62068660188 0.870905277636 0 0.71
828 12.3404579163 127.94916 48.435924 -1.125081 126.860989435 51.5005546906 -1.117683547 3.2520880136 0.42384283622 0 0.702
831 12.3590521812 128.83417 46.49897 -1.1135569 127.349520968 49.2667553425 -1.13301667906 3.14083085354 -1.11496321062 0 0.658
834 12.3772778511 129.69028 44.561049 -1.1141866 128.00489145 47.3244780859 -1.12902333026 3.23683099278 -0.85008202583 0 0.692
837 12.3684449196 130.6504 42.689185 -1.1179531 129.149989474 45.2610369238 -1.12505163142 2.97752482184 -0.406715891038 0 0.668
840 12.3250660896 131.56218 40.752166 -1.1133477 130.326295394 42.7757968286 -1.11262393256 2.37117955665 0.0414688197637 0 0.522
843 12.3699970245 131.80181 39.159633 -1.0655485 131.547690209 42.6671646525 -1.10901324895 3.51672506189 -2.49034667249 0 0.532
846 12.4143989086 89.526265 39.287264 -0.26055386 132.656340998 40.7092243332 -1.11022537264 43.153510017 -48.6825916468 0 0.574
849 12.4630360603 49.129117 22.860079 0.57174269 133.1902594 40.1373282316 -1.08271250397 85.818290606 -94.7933000081 0 0.358
852 12.3858759403 45.693587 19.436118 1.0035584 134.561945502 39.6841145801 -1.02812588724 91.1458529408 -116.406934962 0 0.068
855 12.3533360958 46.841947 21.209275 1.0214136 133.075101135 33.4708848801 -1.06959251594 87.1005393144 -119.805825379 0 0.016
858 12.3568429947 48.00008 22.972907 1.0079248 37.689643837 86.7946591717 -2.94799439913 64.6492161138 133.342525795 0 0.012
861 12.3931400776 49.170996 24.731115 1.014741 66.407008077 104.711345452 -2.78427569059 81.8163637387 142.332377329 0 0.024
864 12.4912080765 50.349541 26.532036 1.0144485 36.8364250435 93.4802884443 1.74692695608 68.2984099976 41.9679241178 0 0.024
867 12.5333929062 51.518278 28.351001 1.0069992 45.1609142968 82.3247590593 -0.858124501478 54.3468732523 -106.863716365 0 0.01
870 12.8205189705 52.642563 30.101924 1.0170679 101.683363518 98.5918116801 1.99021497837 84.2369564376 55.7572204363 0 0.026
873 12.5094120502 53.80357 31.912095 1.0183648 29.5918946121 74.1392882207 -2.67640503463 48.6758777259 148.305282203 0 0.022
876 12.4981060028 54.946688 33.671099 1.0064723 36.6107294311 101.700533898 1.71908917206 70.457159957 40.8299391788 0 0.046
879 12.3772580624 56.161659 35.476636 1.0152563 36.3075186458 103.839482784 1.65452577932 71.1875390055 36.6274431364 0 0.018
882 12.3448398113 57.333476 37.252395 1.017552 36.4391401798 105.975982832 1.48655613674 71.829692982 26.8719576094 0 0.016
885 12.2366929054 58.434052 39.044555 1.0099164 36.6425422468 108.420591802 1.51310908612 72.7179783798 28.8308171965 0 0.03
888 12.3506340981 59.558673 40.733157 1.0155176 36.6697113355 109.102582074 1.56471392965 72.0991182406 31.4666318128 0 0.024
891 12.4328892231 60.829575 42.673596 1.0256616 82.5932691644 43.3068151798 -3.13764747101 21.7729040372 121.459961423 0 0.01
894 12.2664301395 61.938983 44.298725 1.0235902 35.937700945 114.265569481 1.59419518975 74.641985472 32.6932576817 0 0.026
897 12.4757380486 63.08776 46.123861 1.0214801 35.2313952215 116.576823791 1.66556006909 75.7601281986 36.9030638979 0 0.014
900 12.2316160202 64.233274 47.872937 1.026201 60.9552099555 49.2508466945 0.92161402483 3.555887935 -5.99239226929 0 0.026
903 12.3089561462 65.367062 49.701179 1.0288308 63.225612235 50.3337627409 0.910618180326 2.23292841028 -6.77308419252 0 0.018
906 12.3346560001 66.47055 51.411163 1.0247772 63.9226855808 51.5516512947 0.927562583982 2.55173471572 -5.56998720484 0 0.04
909 12.5917489529 67.601685 53.206336 1.0345375 64.9208041249 54.1788723964 0.933808222369 2.85183262286 -5.77136248164 0 0.096
912 12.8740589619 68.713633 54.989386 1.0321621 66.6857104562 55.1887117601 0.938033731465 2.0376949238 -5.3931582495 0 0.142
915 12.3352870941 69.889939 56.860516 1.0335194 67.3803139672 58.1356289612 1.02490538007 2.81498328047 -0.493546986354 0 0.088
918 12.2924849987 70.97178 58.665246 1.0279054 68.1034005498 60.2204351007 1.01450014434 3.26285362981 -0.768064572459 0 0.16
921 12.3931288719 72.083269 60.388926 1.0348295 68.8894240439 61.9782550921 0.985031025287 3.5674378154 -2.85324242722 0 0.15
924 12.4569959641 73.21006 62.180545 1.0389104 70.1551203058 63.7329745831 1.01586561018 3.42676146613 -1.32036919617 0 0.274
927 12.4172801971 74.211219 63.966291 1.0279221 71.0710836675 65.1830171002 1.00451190805 3.36762116471 -1.34130519622 0 0.338
930 12.3603899479 75.394113 65.876292 1.0355825 72.701924412 66.7250756735 1.0274605682 2.82282006474 -0.465352413819 0 0.408
933 12.4604740143 76.475569 67.55587 1.0353462 73.8068561536 68.9314685027 1.01001691765 3.00238230368 -1.45126097692 0 0.46
936 12.5422949791 77.652303 69.425792 1.0395167 75.2205933395 70.5604406885 1.00459801857 2.68340073777 -2.00069307236 0 0.532
939 12.4934449196 78.72098 71.209083 1.0347632 76.164984539 72.3995830838 1.00219759542 2.81964594336 -1.86587169992 0 0.6
942 12.3708100319 79.923618 73.070281 1.0406815 76.6653776594 74.2807712509 1.01118975219 3.47583324751 -1.6897526799 0 0.65
945 12.4335720539 80.886825 74.813727 1.0240856 78.569839142 75.6072858235 1.00343476077 2.44911393626 -1.18320593105 0 0.616
948 12.3658959866 82.003807 76.66259 1.0354781 79.4502894075 77.8457844399 0.998821956944 2.81432073114 -2.10024229033 0 0.6
951 12.9664139748 83.149971 78.458347 1.0359732 81.4797812268 79.7100472181 0.982177680596 2.08717208554 -3.08225621854 0 0.684
954 12.519245863 84.209192 80.07724 1.046865 82.134379431 80.9025051939 1.00300973794 2.23291509842 -2.51272142559 0 0.666
957 12.4730920792 84.421821 80.346791 1.1291589 82.1598530647 80.880510463 1.08868156621 2.32408162621 -2.31918039219 0 0.61
960 12.5691690445 84.549549 80.462185 1.2384433 81.687166283 81.0874490605 1.20421027645 2.92987883089 -1.96140776933 0 0.654
963 12.4139461517 84.477315 80.645515 1.377415 82.2868689689 81.1387142185 1.33117724863 2.24528378706 -2.64922800795 0 0.6
966 12.7200460434 84.491575 80.745704 1.5042297 81.9025905946 81.1950361271 1.47621815965 2.62768712212 -1.60494303977 0 0.566
969 12.5383069515 84.58151 81.604236 1.6242617 81.4161153064 81.4261854056 1.60595653938 3.17039833153 -1.04880844655 0 0.584
972 12.6887469292 84.52138 83.606555 1.6450761 81.2218660876 83.5734779058 1.62484537379 3.29967970453 -1.15913522847 0 0.642
975 12.7575109005 84.450105 85.633891 1.6510189 81.284041795 86.575889125 1.62488658905 3.30322822187 -1.49727112659 0 0.654
978 12.6301009655 84.288283 87.799076 1.6553182 81.1798490654 88.2554031175 1.61821827285 3.14175046177 -2.1256692459 0 0.654
981 12.6265099049 84.219899 89.940013 1.6574582 81.0974862126 90.4775718474 1.60551942678 3.16834832832 -2.97587249864 0 0.66
984 12.6819159985 84.085061 91.960688 1.6559816 81.1269156441 92.9057659949 1.61133784685 3.10544624224 -2.55789863737 0 0.666
987 12.4305179119 83.972707 94.061302 1.6546883 80.3175178409 95.0228152489 1.65026296972 3.77953906143 -0.253552748064 0 0.532
990 12.2988219261 83.850194 96.236204 1.650278 80.0613258583 96.8021992402 1.65684217519 3.8309101278 0.376099534379 0 0.448
993 12.8545041084 83.742141 98.372522 1.653672 79.8263482559 98.9360203939 1.65707059637 3.95612983288 0.19472522852 0 0.582
996 12.5880539417 83.558608 100.37046 1.6603574 80.1588143111 101.274909057 1.64932800926 3.51804281159 -0.631937539844 0 0.618
999 12.5133838654 83.448658 102.54165 1.6520527 79.6933350367 102.702950565 1.64264841292 3.75878549944 -0.538825959282 0 0.54
1002 12.5239109993 83.308795 104.69204 1.6576029 79.3428955226 104.992752457 1.65554210615 3.97728382774 -0.118074790047 0 0.706
1005 12.4261479378 83.194681 106.76107 1.661421 78.7653025225 107.586619759 1.65576906257 4.50565490255 -0.323832160684 0 0.662
1008 12.7540099621 83.066158 108.84686 1.6653468 78.7925124323 109.294449053 1.67547842684 4.29702017665 0.580499457446 0 0.62
1011 12.4893500805 82.920912 111.09751 1.6564676 78.5921026803 111.757631862 1.67471344771 4.37885270359 1.04541006718 0 0.734
1014 12.3776788712 82.798446 113.12029 1.6519674 78.30622376 113.677942389 1.64460494916 4.52670264545 -0.421837359952 0 0.738
1017 12.4877610207 82.725101 115.25424 1.6521864 78.1916258084 116.382199635 1.65944581383 4.67169029925 0.415933774113 0 0.7
1020 12.4969170094 82.605874 115.888 1.7134215 78.4954647387 117.235976682 1.70181955077 4.32579535238 -0.664742725198 0 0.692
1023 12.562885046 82.650086 115.98425 1.8265292 78.5328982047 116.975251615 1.82537456132 4.2347750287 -0.0661559232604 0 0.622
1026 12.5387601852 82.697137 116.16336 1.9516157 78.6577278484 117.337168083 1.97204059339 4.20650112429 1.17026018849 0 0.608
1029 12.429956913 82.611261 116.28116 2.0730733 78.3315284168 117.471589471 2.08282642457 4.442210408 0.558812874825 0 0.64
1032 12.5078299046 82.517518 116.45008 2.1971216 78.5024389033 117.229073453 2.20375215225 4.08994999394 0.379902660045 0 0.576
1035 12.4776260853 82.418538 116.4581 2.3123831 78.3500167512 117.146349554 2.36049500469 4.12632434507 2.75660908283 0 0.612
1038 12.4345989227 82.414024 116.83182 2.4679277 78.9031869017 116.387546308 2.52056490927 3.5388354362 3.0158899363 0 0.584
1041 12.4221200943 82.282962 116.94587 2.5874118 78.5299450392 117.24239626 2.59452623194 3.76471302107 0.407626924027 0 0.508
1044 12.4936170578 82.208722 116.96752 2.707272 79.1564554769 116.576540347 2.74127779921 3.07720587822 1.94838877352 0 0.502
1047 12.4295830727 82.043289 117.20312 2.8493508 78.2463922706 117.180453597 2.87531648212 3.79696438478 1.48772399784 0 0.422
1050 12.5233209133 81.832352 117.28824 2.9891727 78.3180969386 117.050989988 3.01898106325 3.52225442082 1.70789340836 0 0.482
1053 12.5115289688 81.142386 117.29523 3.0875315 77.5023661 117.582403997 3.12861699017 3.65133041193 2.35402518623 0 0.436
1056 12.4407830238 79.131234 117.37152 3.1037602 75.652301042 116.824251271 -3.13102942641 3.52171514856 2.77286825453 0 0.536
1059 12.5691130161 77.094643 117.50841 3.1079346 74.283170843 117.06596496 -3.11490341259 2.84607331292 3.45764528512 0 0.578
1062 12.4005172253 74.899205 117.59033 3.115912 71.7416687599 117.238377485 -3.11061028006 3.17709075732 3.2465523083 0 0.654
1065 13.8658599854 72.824078 117.69503 3.116944 69.7787515068 116.800847723 -3.12781818319 3.17388963182 2.20148284052 0 0.68
1068 13.6257779598 70.711208 117.83017 3.1174699 67.6985848576 117.024729565 -3.12083537143 3.11843430148 2.57143663296 0 0.658
1071 14.0970129967 68.550781 117.88294 3.1169773 65.8478089256 117.172679129 -3.13354711338 2.79473228415 1.87133136987 0 0.682
1074 14.0784070492 66.454241 117.99143 3.11617 63.8625423088 117.293752504 -3.13253020327 2.68396274098 1.97585091018 0 0.694
1077 6614.62781811 64.352032 118.06903 3.1139299 61.2351064798 117.105336327 3.11354497318 3.26250366971 -0.0220546823526 0 0.65
1080 12.4745850563 62.204954 118.16997 3.1178991 59.4188736767 117.399931789 -3.14026840453 2.89053670006 1.43341450438 0 0.686
1083 12.3391060829 60.134729 118.2293 3.1166836 56.850572894 117.364193902 3.13758420351 3.3961875522 1.19751637032 0 0.75
1086 12.2114779949 58.034017 118.36643 3.1239361 54.6442135883 116.941024053 3.13649975412 3.67730190276 0.719844356549 0 0.76
1089 12.3092489243 55.858025 118.47896 3.1251128 52.688872162 117.260625912 3.13588657934 3.39527136784 0.617292085809 0 0.756
1092 12.282791853 53.766425 118.55 3.1243401 50.4531362871 116.94075224 3.14038042814 3.68341695282 0.919043104384 0 0.768
1095 12.5134730339 51.628528 118.603 3.1187628 48.3651838733 116.956946617 -3.13866573798 3.65498380692 1.47575416926 0 0.756
1098 12.3999462128 49.494235 118.64783 3.1200968 46.8621093733 117.71437843 3.12878273138 2.79274365955 0.497667209045 0 0.664
1101 12.2832551003 47.379245 118.80828 3.1260538 44.7939780509 117.671412777 3.14145665988 2.82419409392 0.882518863819 0 0.584
1104 12.6378881931 45.313934 118.87713 3.1250737 42.6113939922 117.324201713 3.12624772114 3.11693900462 0.067266456212 0 0.598
1107 12.5676128864 43.229975 118.9845 3.131291 40.6105067098 117.256497767 3.13166892251 3.13808952093 0.0216533645619 0 0.488
1110 12.3601841927 41.038059 119.03542 3.1300111 38.8518873001 117.400566122 3.13124621841 2.72985235956 0.0707670720695 0 0.614
1113 12.8280341625 38.877743 119.09254 3.1262084 35.8917126782 117.999970867 3.11525991789 3.17963589007 -0.627301816964 0 0.608
1116 12.4422700405 36.866989 119.17866 3.1252668 33.9309057922 118.706943866 3.09483573857 2.97373514517 -1.74357138583 0 0.594
1119 12.2651839256 34.67231 119.25843 3.1314701 32.3469251359 118.769010869 3.08988295502 2.37633033308 -2.38276788922 0 0.58
1122 12.2388980389 32.567479 119.34722 3.1353596 30.2484732999 118.449798104 3.10426398901 2.48659475929 -1.78164727093 0 0.494
1125 12.2500989437 30.502201 119.36971 3.1349527 27.5523001235 118.078643888 3.12256426384 3.2200569696 -0.709805106558 0 0.494
1128 12.3382029533 29.15421 119.31018 -3.13185 26.0820289759 117.571597427 -3.12845169592 3.53000929311 0.194708481553 0 0.486
1131 12.63113904 28.938717 119.39146 -3.028318 26.1638385393 117.439414014 -3.03114741995 3.39270305267 -0.162113821714 0 0.48
1134 12.2754738331 28.80706 119.32785 -2.9089456 26.3787085788 117.684673742 -2.88873012957 2.93205027907 1.15826113624 0 0.506
1137 12.287596941 28.607415 119.34948 -2.7753086 25.980948233 117.711575828 -2.75614819303 3.09532837564 1.09781045299 0 0.488
1140 12.3122570515 28.309413 119.3977 -2.6319404 26.3357437732 117.385662951 -2.66325616689 2.81845051431 -1.79426127489 0 0.43
1143 12.3150792122 28.176965 119.31562 -2.5155106 26.1643723977 117.832381514 -2.5025254285 2.50010507564 0.743995523216 0 0.464
1146 12.3664190769 28.13257 119.1422 -2.3876282 26.0251508155 118.174633818 -2.38174181496 2.31892214952 0.337265019476 0 0.436
1149 12.3116149902 28.071656 119.10664 -2.2643471 26.1016847728 118.046686183 -2.2644908266 2.23702676096 -0.00823492744238 0 0.38
1152 12.3221790791 27.847582 119.05477 -2.1225081 25.1238145977 118.524035536 -2.14424509113 2.77499332134 -1.24543785124 0 0.364
1155 12.3492209911 27.651134 118.95518 -2.0012288 25.4558108838 118.391219336 -2.01319612067 2.26660433574 -0.685676966748 0 0.296
1158 12.2209410667 27.585975 118.8068 -1.8653126 25.5579510981 118.539979062 -1.87426110935 2.04550100453 -0.512711818901 0 0.256
1161 12.3369560242 27.545652 118.66047 -1.7395281 25.8106821278 117.824976979 -1.77738109382 1.92566067788 -2.16881678773 0 0.192
1164 12.2500319481 27.426878 118.54472 -1.6078392 25.6355854602 117.901314542 -1.61355963005 1.90333905187 -0.327756498666 0 0.224
1167 12.4109339714 27.408113 118.27266 -1.4907581 26.7638689794 117.557052449 -1.48543041599 0.962883443525 0.305253808566 0 0.168
1170 12.3193750381 27.619078 117.43976 -1.368489 27.119380549 116.49076931 -1.36906190071 1.07251147877 -0.032824792673 0 0.23
1173 12.346257925 28.00462 115.50954 -1.3464267 26.083127759 115.569776723 -1.31167811947 1.92243618746 1.99094700817 0 0.164
1176 12.2994179726 28.352772 113.43776 -1.3439724 26.2847045956 113.854135611 -1.37202908041 2.10956664706 -1.60752937468 0 0.224
1179 12.3112299442 28.777386 111.37552 -1.3470791 26.5322471443 111.185940107 -1.40121781364 2.25312871745 -3.10191979987 0 0.328
1182 12.3374710083 29.292879 109.18718 -1.3487141 26.7620567537 109.788232352 -1.37956526956 2.60121609484 -1.76764180879 0 0.192
1185 12.3145358562 29.664866 107.14961 -1.3582731 27.0356531884 107.6682415 -1.41390918274 2.67987660938 -3.18771272968 0 0.382
1188 12.2824690342 30.155372 105.1583 -1.3627181 27.216782377 105.515411158 -1.40522188924 2.96020900473 -2.43528773696 0 0.49
1191 12.3228058815 30.584999 103.08809 -1.3538609 27.3759552617 103.294832432 -1.43993900679 3.21569652603 -4.93191222766 0 0.574
1194 12.2503721714 30.932942 101.04272 -1.3388863 28.4714032606 101.167513149 -1.38395374213 2.46470004174 -2.58217422736 0 0.568
1197 12.3579509258 31.46397 98.886394 -1.3633561 29.0777911792 98.8220430905 -1.38339158208 2.38704637667 -1.14794856363 0 0.604
1200 12.4328370094 31.761459 96.890841 -1.3338862 30.3994439063 96.60711422 -1.3576086054 1.39125339215 -1.3591937091 0 0.478
1203 12.3431251049 32.148779 94.808879 -1.340085 30.5849788251 94.4365063842 -1.32492182279 1.6075236707 0.86878605814 0 0.492
1206 12.2837028503 32.63242 92.742465 -1.3409888 31.1561932696 93.0292023362 -1.35021740377 1.50381636499 -0.528760047065 0 0.532
1209 12.2929301262 33.223163 90.635151 -1.3443959 31.6208337343 90.9915710619 -1.32463724 1.64149149749 1.13208782677 0 0.488
1212 12.353274107 33.480467 88.544154 -1.3400822 31.8682551605 88.8007623951 -1.35381314001 1.63250570712 -0.786724911155 0 0.498
1215 12.7170860767 33.996344 86.523674 -1.3537744 32.022462305 86.6839633004 -1.35660691875 1.9803791571 -0.162291369954 0 0.636
1218 12.5043458939 34.391099 84.502242 -1.3500462 32.5627583868 84.6523025598 -1.34329586056 1.83448836724 0.38676596035 0 0.71
1221 12.4234759808 34.871654 82.311763 -1.3462417 33.1320586965 82.9037631575 -1.36240024232 1.83756795966 -0.925816277756 0 0.67
1224 12.1819291115 35.319079 80.358924 -1.358939 33.9495805955 80.6934902145 -1.340255976 1.40977318451 1.07045842354 0 0.712
1227 12.6357178688 35.776446 78.250756 -1.3606991 34.8246745367 78.1891379231 -1.34411722434 0.953763967552 0.950071491676 0 0.726
1230 12.2684500217 36.167733 76.160289 -1.3496683 34.8371647102 76.9388111963 -1.33769481305 1.54159293717 0.686030268193 0 0.634
1233 12.302970171 36.593873 74.026216 -1.3452321 35.1101524339 74.7382785257 -1.3624216541 1.6457398819 -0.984888901432 0 0.73
1236 12.2313940525 37.096668 72.068535 -1.358637 35.5550077933 72.161424066 -1.36942833719 1.54445607622 -0.618298076119 0 0.702
1239 12.2509608269 37.456761 70.030489 -1.3570922 35.5925041923 69.9206222366 -1.39187554945 1.86749140585 -1.99293912072 0 0.732
1242 12.2030148506 37.942935 67.912468 -1.3598503 35.5308702714 67.8975068106 -1.37252587521 2.41211112762 -0.72625696253 0 0.682
1245 12.0921838284 38.381728 65.750541 -1.3597279 37.0953634637 65.4211914921 -1.34925430478 1.32785722827 0.60009280272 0 0.696
1248 12.1743550301 38.78715 63.709446 -1.3638712 37.5834320903 63.1015697735 -1.3572022379 1.34849928178 0.38210338234 0 0.764
1251 12.2631130219 39.284372 61.704874 -1.358189 37.7608551435 61.772620137 -1.34913584812 1.52502234449 0.518707393908 0 0.766
1254 12.2004289627 39.616785 59.610797 -1.3616912 38.5769982432 59.3380034009 -1.35220560324 1.07497574272 0.543484660654 0 0.776
1257 12.2600300312 40.0981 57.483375 -1.3627524 38.8171768589 58.0260063761 -1.34361381727 1.39111929887 1.09656001634 0 0.708
1260 12.2724759579 40.478176 55.366289 -1.371191 39.9528426109 56.0231775052 -1.325084943 0.841116922858 2.64168247626 0 0.656
1263 12.2399020195 40.927924 53.368372 -1.3697355 40.4014785202 53.954372818 -1.33308024946 0.787744756827 2.10019115284 0 0.734
1266 12.1821169853 41.311773 51.24524 -1.3687118 40.8675946614 51.9284085314 -1.33757881314 0.814870320213 1.78378875076 0 0.764
1269 12.2504220009 41.752813 49.127024 -1.3690442 40.8985948024 50.2715237285 -1.35121255156 1.42813457268 1.02167819741 0 0.746
1272 12.2023961544 42.124468 46.999249 -1.3746445 41.6487848467 48.0447299973 -1.35299345984 1.14861001999 1.24051322304 0 0.764
1275 12.3430531025 42.489069 45.000812 -1.3756167 41.5609610379 45.672636502 -1.35561117665 1.14574541267 1.14623205515 0 0.77
1278 12.2236220837 42.919623 42.847052 -1.3693623 41.7313133863 43.8673196043 -1.36725767306 1.56621381756 0.120586241014 0 0.654
1281 12.2862899303 43.26925 40.76156 -1.3849404 42.9594144657 41.9351634814 -1.33032129214 1.21381349058 3.12944436134 0 0.674
1284 12.2545650005 43.723057 38.666685 -1.382086 43.5692225162 39.0781568789 -1.33127206145 0.43928823742 2.9114242194 0 0.7
1287 12.2906808853 44.069109 36.638541 -1.3748634 43.9351011854 37.2856202763 -1.35225730226 0.660809869967 1.29523399188 0 0.638
1290 12.2035019398 44.48264 34.512889 -1.372972 43.7214258814 35.5069412502 -1.37439440527 1.25203307085 -0.0814978186946 0 0.656
1293 12.2533409595 44.660959 33.544964 -1.3339999 44.3153037363 34.0691162857 -1.3143773628 0.627863981996 1.12428856498 0 0.658
1296 12.2453680038 44.654294 33.324157 -1.2074321 44.6052721479 33.7508182736 -1.22203897955 0.429468257718 -0.836912549926 0 0.68
1299 12.3095571995 44.699557 33.107025 -1.0711259 44.4242355618 33.8032231398 -1.07002487168 0.748661301374 0.0630842759412 0 0.64
1302 12.2525539398 44.829945 32.953901 -0.95914547 43.6363405326 32.8429788782 -0.971139419877 1.19874740525 -0.687202707653 0 0.606
1305 12.3359520435 44.914184 32.826307 -0.82117543 44.576979747 33.8992663569 -0.855542209149 1.12469928864 -1.9690714007 0 0.576
1308 12.3134920597 44.932468 32.690373 -0.70238554 43.5338272781 33.0736338916 -0.753152954302 1.4502016343 -2.90875857631 0 0.534
1311 12.2824878693 45.019913 32.619075 -0.56167342 43.7680360849 32.7948056122 -0.657950111233 1.26415072628 -5.51624807312 0 0.498
1314 12.2290818691 45.164806 32.47066 -0.44585332 43.3630283509 32.9727740861 -0.676697894267 1.8704334397 -13.226419829 0 0.528
1317 12.221380949 45.307079 32.373178 -0.30795343 43.1597546934 33.2490968187 -0.56374395477 2.31910229499 -14.6557175088 0 0.454
1320 12.2633171082 45.468859 32.25314 -0.19105128 43.3210531508 33.0431509732 -0.459562465951 2.28849017995 -15.384557707 0 0.478
1323 12.3191790581 46.833289 32.057508 -0.10389315 44.8132436835 32.6160595492 -0.298108821427 2.09584420072 -11.1277382881 0 0.412
1326 12.2116448879 48.863767 31.868312 -0.084237935 46.2855242381 30.0475052307 -0.438728983342 3.15637023026 -20.3108409452 0 0.298
1329 12.5619850159 51.033972 31.691587 -0.08198003 48.5064158892 28.9713624488 -0.620031057709 3.71324137413 -30.8280530504 0 0.272
1332 12.3461959362 53.111195 31.42619 -0.084122232 50.8011531109 27.8395575969 -0.595660331203 4.26617223328 -29.3089741445 0 0.278
1335 12.2691280842 55.206155 31.249451 -0.082409142 53.4341326967 33.1018644759 -0.0543359025281 2.56349346189 1.608478139 0 0.328
1338 12.2771239281 57.287235 31.07162 -0.080297126 56.2239295813 32.7760712669 -0.0335205805307 2.00892322772 2.68009863559 0 0.414
1341 12.2948138714 59.516372 30.847745 -0.092608556 58.4450519561 32.8489284061 -0.0267761948925 2.26990344757 3.77191644684 0 0.558
1344 12.248953104 61.567611 30.670937 -0.091677002 60.7464182503 32.9790303808 -0.0303914255375 2.44982705245 3.51140487633 0 0.602
1347 12.2755811214 63.68279 30.502969 -0.089332225 63.1595156585 32.0959858437 -0.0935501058431 1.6767583907 -0.241666770802 0 0.506
1350 12.1521821022 65.773678 30.270465 -0.081918863 65.1774785919 31.5742512483 -0.0749713794691 1.43363604711 0.398061484558 0 0.534
1353 12.2906470299 67.870787 30.052005 -0.080757136 67.6125449944 31.4729832492 -0.0827437150057 1.44425348125 -0.113822592694 0 0.642
1356 12.2247178555 69.978421 29.855203 -0.080851998 69.6386227452 31.771580251 -0.0761334631003 1.94626941148 0.270352135236 0 0.676
1359 12.2649869919 72.04312 29.748383 -0.089661546 70.6342773658 31.028204062 -0.104213875527 1.90336006021 -0.833787063966 0 0.548
1362 12.1708860397 74.192216 29.503442 -0.097083695 72.5268448094 31.0540585101 -0.103861189709 2.27549396037 -0.388321842512 0 0.596
1365 12.2448370457 76.337484 29.313327 -0.092202589 74.8490177238 30.5967116584 -0.100031976356 1.96535188628 -0.4485908517 0 0.612
1368 12.3158028126 78.469083 29.072242 -0.088851811 77.332213104 30.2785324266 -0.087778313899 1.65759155209 0.0615068532044 0 0.644
1371 12.2995941639 80.508884 28.860474 -0.08148585 79.0883857391 30.1765904301 -0.0890254300299 1.93648593252 -0.431986115013 0 0.658
1374 12.1669988632 82.648681 28.706332 -0.092016755 81.0991364062 30.2583198468 -0.0620557623839 2.19311530129 1.71663842693 0 0.684
1377 12.211561203 84.803463 28.469695 -0.089914919 83.5634581486 30.2800111523 -0.0450543264609 2.19427815071 2.57032261894 0 0.716
1380 12.1623189449 86.909059 28.274418 -0.095059786 85.0552858918 30.4521606111 -0.0664074908265 2.85990167956 1.6416555868 0 0.724
1383 12.2432360649 88.999768 28.069648 -0.093100738 87.019965234 30.326813474 -0.0533824706145 3.00240153361 2.27568909076 0 0.798
1386 12.130436182 91.148907 27.8824 -0.087682683 89.6983401133 30.0708893151 -0.0492652153286 2.62557227574 2.20115875715 0 0.798
1389 12.3079679012 93.191686 27.680334 -0.085944106 91.2702817173 30.3035008704 -0.0604698555766 3.25158405204 1.45956703552 0 0.76
1392 12.1480948925 94.597595 27.536443 -0.026113958 93.465365331 29.8043098797 -0.0538239027329 2.53479076209 -1.58766288373 0 0.762
1395 12.1079831123 66.734672 23.138609 0.64678418 94.8067636562 30.9369576873 -0.0266628540568 29.13514325 -38.5856727771 0 0.626
1398 12.1825828552 41.954155 8.6979942 1.5862633 98.1701232331 31.3924815325 0.0198538719907 60.6240450619 -89.7486492144 0 0.616
1401 12.2131679058 40.498777 7.6026468 1.6671323 100.008808595 31.4875777534 0.0174040632678 64.1243618846 -94.5224653083 0 0.506
1404 12.2127201557 40.36551 9.5759073 1.6613912 102.043010049 30.9585975584 -0.0115133505608 65.2788898111 -95.8503702754 0 0.562
1407 12.3391640186 40.15753 11.693798 1.6450717 102.59680987 30.7060906676 -0.0155335338865 65.2696785897 -95.145671339 0 0.492
1410 12.2393050194 40.017928 13.779826 1.6578436 103.39835348 30.7271918669 -0.0330864688452 65.6070997974 -96.8831563966 0 0.328
1413 12.2775120735 39.937066 15.922073 1.6651068 105.817823252 32.1108264964 0.0322247081658 67.8406214285 -93.5572523046 0 0.202
1416 12.2318429947 39.75755 17.953862 1.6630734 106.908142202 29.6954775297 -0.037704782941 68.1694034614 -97.4474117704 0 0.148
1419 12.2926499844 39.645384 20.177858 1.663423 110.12235898 31.91058628 0.0522899768515 71.4469097668 -92.3111224606 0 0.114
1422 12.2638747692 39.526919 22.292671 1.6684735 111.947530759 32.703291396 0.037280750844 73.1650601351 -93.460460099 0 0.13
1425 12.2481849194 39.303781 24.413998 1.6572417 117.68318279 29.5274772789 -0.0316293603417 78.5460266038 -96.7651838994 0 0.092
1428 12.2890059948 39.21094 26.55624 1.6661167 120.100540278 28.8660953389 -0.0316325975879 80.9225732713 -97.2738694231 0 0.088
1431 12.3842508793 39.049874 28.673026 1.6660737 117.889691136 34.9151141249 0.0765190152756 79.0865376038 -91.07477474 0 0.066
1434 12.4977478981 38.816051 30.701859 1.6598041 120.445231178 35.0597774155 0.148559365002 81.7454250061 -86.5879451267 0 0.132
1437 12.3247139454 38.695572 32.853799 1.6647394 122.890618872 34.9727799749 0.121582269233 84.2217074051 -88.4163907185 0 0.202
1440 12.3436059952 38.58982 35.008607 1.6723781 124.308776758 35.0694839846 0.101794481408 85.7189783757 -89.9878127177 0 0.158
1443 12.2792489529 38.393816 37.160762 1.6689022 126.456916358 35.5474876795 0.0947911358828 88.0778763297 -90.1899204588 0 0.322
1446 12.2561089993 38.314928 39.264936 1.6781402 129.130357165 36.560394625 0.161883896772 90.8556917227 -86.8750868351 0 0.332
1449 12.172052145 38.042909 41.445131 1.6601298 130.2734028 37.4589385846 0.143574637555 92.3165950229 -86.8922102069 0 0.17
1452 12.2058939934 37.893052 43.482766 1.6655679 135.779761381 27.5758801208 -0.107478245326 99.1707461497 -101.588061009 0 0.142
1455 12.3562200069 37.737395 45.529248 1.6663309 137.793123823 27.2191479196 -0.0650968808033 101.717297621 -99.2035043717 0 0.2
1458 12.2526779175 37.667375 47.706088 1.6735516 140.779983826 26.2150513161 -0.0794689857193 105.328413814 -100.440680961 0 0.222
1461 12.1380908489 37.411337 49.793915 1.6717816 142.052758475 25.797720073 -0.127143475995 107.357554272 -103.070814515 0 0.158
1464 12.1950659752 37.208006 51.943854 1.66906 28.3133372445 114.66482498 1.59723851216 63.3485227364 -4.1150681313 0 0.024
1467 12.2972800732 37.03196 53.963531 1.6741645 140.988364467 38.0396726754 0.0739730661207 105.168927415 -91.6842155743 0 0.022
1470 12.1782360077 36.983983 56.143126 1.6856298 34.1953931764 56.0732873165 1.74396107754 2.78946422204 3.3421360167 0 0.048
1473 12.2283101082 36.720012 58.206076 1.6746777 33.8241649436 57.9873164235 1.73632802009 2.90409812621 3.53230314678 0 0.046
1476 12.3164298534 36.536888 60.398002 1.6787317 34.2782077572 59.8478446588 1.69564634513 2.32471708799 0.969137777771 0 0.08
1479 12.2694678307 36.401835 62.417273 1.6766351 33.5524244594 62.1157786658 1.72198021496 2.8653166077 2.59808370856 0 0.062
1482 12.2010979652 36.239068 64.615141 1.6886647 33.2290155107 63.8049394799 1.74950748019 3.11718502688 3.48603451891 0 0.1
1485 12.2406179905 35.99676 66.655908 1.678851 33.5254804696 66.2038247616 1.67099902 2.51229014482 -0.449885314705 0 0.148
1488 12.3032608032 35.830181 68.859683 1.6854848 33.023006426 68.7534704909 1.68543997341 2.80918318842 -0.0025683743253 0 0.322
1491 12.4321470261 35.575227 70.898859 1.683738 32.8178411501 71.1841083564 1.69015571287 2.77210099395 0.367707861732 0 0.386
1494 12.2794151306 35.463169 73.006353 1.6935188 33.3265597719 72.6628357714 1.67055702922 2.16404784603 -1.31561255601 0 0.446
1497 12.1854231358 35.205801 75.07321 1.6913976 31.9343630811 75.1344180064 1.71111874905 3.27201046416 1.12993860791 0 0.476
1500 12.1884479523 34.978045 77.287591 1.6912075 31.0356574043 75.8168707897 1.72384445562 4.20778301388 1.86995981339 0 0.386
1503 12.2870481014 34.814043 79.320098 1.7000185 30.7955935049 78.4660845614 1.72627585973 4.10819611241 1.50443589343 0 0.614
1506 12.1093950272 34.580736 81.372215 1.6970036 30.9547517874 80.7533801566 1.70877941733 3.67841243927 0.674704633493 0 0.62
1509 12.2341589928 34.345965 83.441951 1.6955247 30.832947325 82.972632499 1.71695367395 3.5442281304 1.2277897665 0 0.64
1512 12.2082819939 34.142398 85.698773 1.7034669 30.2215503969 85.1135833239 1.73833662191 3.9642770947 1.99788789823 0 0.668
1515 12.2518599033 33.910208 87.748137 1.7016389 30.7514052362 87.2737678775 1.69652872756 3.19422306127 -0.29279131349 0 0.68
1518 12.1667280197 33.670818 89.737713 1.6967853 30.3138012507 89.2266897298 1.6851892366 3.39568936123 -0.664405491575 0 0.734
1521 12.2185189724 33.472926 91.900649 1.7056804 29.8171763779 91.6910101348 1.70286937558 3.66175555624 -0.161059835117 0 0.748
1524 12.2475860119 33.217902 94.036516 1.7078464 29.6185058493 93.5417088975 1.69908343589 3.63324740675 -0.502080859544 0 0.716
1527 12.2757031918 33.034075 96.178482 1.7177188 28.6820697432 95.978609464 1.71084874595 4.35659256599 -0.393625101887 0 0.71
1530 12.1809649467 32.713254 98.174723 1.7080491 28.3830612116 97.1552975521 1.72155980253 4.44857256081 0.774106232985 0 0.59
1533 12.3505520821 32.45653 100.24821 1.7068362 27.5444127899 99.4928118512 1.71023729687 4.9698613511 0.194868496226 0 0.67
1536 12.3525309563 32.217075 102.39435 1.7082962 28.1228734528 101.961929733 1.7025379689 4.11697383966 -0.329922339749 0 0.778
1539 12.4335358143 31.955228 104.48204 1.7110577 27.9565376328 103.552362121 1.70372591355 4.10534110785 -0.420080419674 0 0.694
1542 12.3560659885 31.741377 106.6002 1.7198575 27.8459997225 105.567110383 1.68168254197 4.03004197125 -2.18726397796 0 0.746
1545 12.2483701706 31.439656 108.68741 1.7105287 27.4352527102 107.970850743 1.691269897 4.06800969476 -1.10344813014 0 0.782
1548 12.220717907 31.216018 110.75498 1.7177022 27.1751951806 110.150314704 1.69019744109 4.08581315989 -1.57590660185 0 0.684
1551 12.3034689426 30.916985 112.90957 1.719675 27.3167905342 112.757879071 1.68953733274 3.60338872866 -1.72676113819 0 0.752
1554 12.1992521286 30.668641 114.94646 1.716506 27.3579973214 114.28326078 1.67520610623 3.37641744638 -2.36630960715 0 0.746
1557 12.2620060444 30.419865 117.12266 1.716223 26.9562443086 116.146343203 1.69242160982 3.59859177752 -1.36371920376 0 0.648
1560 12.2931959629 30.132888 119.21343 1.725557 26.2486831161 117.888949803 1.70232131969 4.10381473403 -1.331306416 0 0.45
1563 12.2526619434 29.88258 121.34383 1.72867 25.9835231641 119.84276087 1.71449513151 4.17802019397 -0.812160139756 0 0.574
1566 12.2568371296 29.981486 120.5055 1.7055843 25.2562698297 119.805713547 1.70274160852 4.7767529699 -0.162874224249 0 0.574
1569 12.2224128246 30.170653 118.4575 1.6900862 26.8094179279 117.877179806 1.6945186993 3.41096360831 0.253963502825 0 0.548
1572 12.2693548203 30.502618 115.6086 1.6745202 27.1590076305 114.659287403 1.68694965236 3.47576246447 0.712155162141 0 0.608
1575 12.3022260666 30.699806 113.48782 1.6738205 27.9321140273 112.283167348 1.70071035014 3.01849413929 1.5406749246 0 0.618
1578 12.2968688011 30.8492 111.36091 1.6697397 27.6105109949 111.184594684 1.69064772658 3.24348478685 1.19794168076 0 0.602
1581 12.2951898575 30.973164 109.37107 1.6787837 27.897119005 108.712888261 1.68096612924 3.14567258507 0.125043984305 0 0.554
1584 12.2629230022 31.204408 107.09871 1.665475 27.0179171907 107.195673171 1.66788226331 4.18761353913 0.137926028101 0 0.536
1587 12.3048408031 31.322843 104.96751 1.6587885 27.7139510737 104.975354228 1.67520994277 3.60890045131 0.940879364467 0 0.62
1590 12.2506539822 31.457099 102.91722 1.6541397 28.3530243925 102.582606733 1.69027558431 3.12205784825 2.07043365989 0 0.642
1593 12.3060238361 31.546684 101.34427 1.631357 28.4051291268 101.636668826 1.66570384539 3.1551329758 1.96792928049 0 0.628
1596 12.234361887 31.536552 101.09899 1.5279681 28.5588504015 101.831389358 1.58208310979 3.06645000441 3.10056166955 0 0.622
1599 12.2477779388 31.522716 100.84711 1.3818466 28.768489587 102.003277453 1.47248829921 2.9870531154 5.19338681274 0 0.578
1602 12.1868679523 31.33472 100.81397 1.2437751 28.6793995615 101.971561948 1.32985738528 2.89667839947 4.93215163741 0 0.57
1605 12.2430238724 31.335612 100.76499 1.1262837 28.3681322476 101.837812808 1.20139940802 3.1554531939 4.30381304465 0 0.544
1608 12.1262171268 30.238332 99.003137 0.9296569 28.4758637589 100.060674989 1.03259258427 2.05540285592 5.89778027006 0 0.456
1611 12.3623168468 28.772289 97.32743 0.78863198 26.4317271799 98.7182698565 0.869892268056 2.72262100561 4.65587154761 0 0.522
1614 12.1767520905 27.005154 95.945316 0.6582802 24.7859989754 97.3096418626 0.734422662808 2.60500174329 4.36264176061 0 0.556
1617 12.1232290268 26.209553 95.323497 0.64585939 24.2821768747 95.5855575885 0.728188912523 1.9451104031 4.71713416987 0 0.548
1620 12.1907250881 26.225548 95.299359 0.74214735 23.7432837744 95.1206854819 0.811101168462 2.48868638273 3.9507627792 0 0.49
1623 12.2861409187 26.287241 95.304851 0.87876564 23.782371928 94.476318183 0.973839212474 2.63833957193 5.44731444597 0 0.426
1626 12.1685729027 26.503119 95.525486 1.0159202 24.0374755378 94.6835026751 1.06860456701 2.60544307212 3.0185918759 0 0.408
1629 12.314770937 26.584147 95.637624 1.1414331 23.3905359349 94.8534779315 1.21131687104 3.28847026627 4.00404513722 0 0.386
1632 12.1911189556 26.62792 95.717086 1.2595284 24.5795047873 95.7212865592 1.31732707102 2.04841951965 3.31161991074 0 0.31
1635 12.3333301544 26.756174 95.797181 1.3910555 24.5860551919 96.1485576691 1.4578964287 2.19838149667 3.82970311349 0 0.306
1638 12.2645270824 26.381693 93.77201 1.3952992 23.5965425951 93.8631827025 1.52679742235 2.7866422877 7.53429315387 0 0.414
1641 12.3105690479 26.011804 91.856332 1.39866 23.6978126642 92.3668695049 1.50340600974 2.36964226119 6.00150427911 0 0.338
1644 12.2041780949 25.609249 89.727224 1.3968171 22.7392946474 90.290775011 1.47215779372 2.92476114034 4.31670377585 0 0.522
1647 12.2585439682 25.2462 87.568251 1.3940659 23.4450902521 87.7662643513 1.5028010053 1.81196181283 6.23006261847 0 0.598
1650 12.516422987 24.820481 85.505592 1.4017015 22.8353597995 85.6731764322 1.50486263761 1.99218240197 5.91069779497 0 0.538
1653 12.3880591393 24.493958 83.448062 1.398475 21.2628670695 83.61802089 1.44258024501 3.23555785381 2.52704439322 0 0.448
1656 12.2638170719 24.080092 81.345956 1.3962744 20.7383402084 81.6133222926 1.43774557095 3.35243042744 2.37612306666 0 0.55
1659 12.3576219082 23.622432 79.208855 1.3888608 20.3236739351 79.0781770876 1.44090356327 3.30134540566 2.98183068952 0 0.596
1662 12.2909829617 23.236261 77.182266 1.3737053 19.7817118132 77.4225647502 1.41243702573 3.46289670263 2.21916441744 0 0.626
1665 12.3128490448 22.741503 75.111069 1.3685019 19.3847719552 75.2446050343 1.41503513837 3.35938613133 2.66615816557 0 0.64
1668 12.2855010033 22.23837 73.007777 1.3690406 19.2859677905 72.6642706034 1.43595009643 2.97231819481 3.83363175456 0 0.704
1671 12.2118139267 21.796618 70.8705 1.3677106 18.1079538821 71.3922456178 1.39456628273 3.72538071405 1.53871727609 0 0.514
1674 12.161411047 21.306705 68.900927 1.3588762 19.5637768619 69.1642446035 1.44774513688 1.76270662753 5.09181501331 0 0.644
1677 12.218419075 20.800373 66.796896 1.3509317 19.793714105 66.711393201 1.46906042365 1.01028355399 6.76827730447 0 0.64
1680 12.2561819553 20.180988 64.758154 1.3339286 19.39195385 65.4147384345 1.440776031 1.02648819252 6.12190684783 0 0.532
1683 12.2252030373 19.716632 62.635567 1.3210663 18.2931330337 63.2176585494 1.44212708472 1.53791413249 6.93627202906 0 0.552
1686 12.1091840267 19.127208 60.642471 1.320188 17.4103121085 60.765645944 1.43271758646 1.72130867924 6.44747037433 0 0.622
1689 12.2341959476 18.573484 58.538556 1.3117791 17.1053551614 58.5123987804 1.40919555938 1.46836183789 5.58155197753 0 0.466
1692 12.2268111706 18.03732 56.562177 1.3046299 16.2138955776 56.6945435185 1.39133535342 1.82822250272 4.96785654167 0 0.538
1695 12.2701661587 17.470308 54.449011 1.30616 16.6414221035 54.4747057972 1.4218231871 0.829284059867 6.62701246587 0 0.652
1698 12.304251194 16.865167 52.414515 1.2995721 15.384660636 52.1928349259 1.39277271689 1.49701073783 5.34000199573 0 0.53
1701 12.2926080227 16.322269 50.452679 1.2871313 15.276035165 50.5271159512 1.39149271226 1.048878495 5.97946846639 0 0.346
1704 12.3535189629 15.679585 48.421133 1.2791916 14.4749724563 48.7249944338 1.37634820052 1.24234582602 5.56666316138 0 0.53
1707 12.29479599 15.049517 46.343459 1.2810584 13.9463860586 46.365833689 1.39133971034 1.10335782985 6.31865364161 0 0.592
1710 12.1896197796 14.370513 44.264129 1.2685694 13.459935639 44.5656545692 1.38120779456 0.959202168097 6.45370461938 0 0.596
1713 12.2071340084 13.728985 42.398373 1.2622613 12.7771862616 42.5204353237 1.35906682346 0.959593689668 5.54654792768 0 0.628
1716 12.2572300434 13.116178 40.310007 1.2578142 12.9311065839 40.2063894434 1.38146075145 0.212103812046 7.08442554938 0 0.652
1719 12.2731239796 12.482531 38.460523 1.239848 12.9320365986 38.7556629475 1.38868568002 0.537738664979 8.52777089789 0 0.588
1722 12.3640158176 12.331027 38.238303 1.1567887 11.0636358923 38.1603744501 1.25119079599 1.26978465845 5.40884167715 0 0.386
1725 12.5894808769 12.263795 38.100898 1.043782 11.9059670144 38.1967204773 1.15720123659 0.37043597887 6.49844357199 0 0.396
1728 12.794588089 12.231882 38.075858 0.90529637 11.405088393 37.3267177245 1.02378845739 1.11570552609 6.78909651341 0 0.442
1731 13.0500440598 12.170047 37.918491 0.7605547 10.7807608135 38.0299390842 0.886684963123 1.39374918243 7.22673174583 0 0.326
1734 12.4870021343 11.9457 37.868652 0.60051086 11.6177910181 37.5245038972 0.764505716808 0.475354832827 9.39621315695 0 0.422
1737 12.3204410076 11.861848 37.85602 0.47073445 11.0921123076 37.7680628315 0.607549952448 0.774744796499 7.83895086225 0 0.466
1740 12.0847129822 11.68598 37.868337 0.32347919 11.6167399271 37.5241349628 0.470280953289 0.351097180481 8.41112146156 0 0.476
1743 12.2526669502 11.634663 37.834152 0.18688423 11.8934519692 37.0691529276 0.237797881424 0.807586101484 2.91713734617 0 0.492
1746 12.4810609818 11.546787 37.799316 0.059161186 11.9352756249 37.7651350204 0.0341887954356 0.389989424236 -1.43081258369 0 0.484
1749 12.6132369041 11.461332 37.784444 -0.088384018 12.0695416907 38.2368525941 -0.146342811948 0.758018841351 -3.3207942789 0 0.44
1752 12.5120248795 11.353119 37.809133 -0.22428348 12.9758296121 37.075960407 -0.0997614049169 1.7806548744 7.13458935847 0 0.42
1755 12.6996469498 11.259101 37.929753 -0.36642208 11.6679386393 38.369208595 -0.272388860943 0.600224487369 5.38770658598 0 0.418
1758 12.5827140808 11.22919 38.083377 -0.50941267 12.3276343562 38.1050921726 -0.305409973988 1.09865897915 11.6884934908 0 0.418
1761 12.4926691055 11.185129 38.110347 -0.64618684 12.5851804495 38.1898530851 -0.455011561746 1.40230712715 10.9535365912 0 0.392
1764 12.4458739758 11.588805 37.741111 -0.76036767 13.2726378601 37.5672779954 -0.770565522231 1.69278203384 -0.584293892953 0 0.31
1767 12.4262270927 13.063467 36.224873 -0.77289998 12.4706820961 36.9069418624 -0.763655877717 0.90366579848 0.52964804621 0 0.334
1770 12.2570281029 14.493375 34.807156 -0.77803694 14.1958905557 34.7156197496 -0.71347147529 0.311248903205 3.69932863021 0 0.312
1773 12.3525240421 15.892318 33.28564 -0.77023756 15.7538907706 34.0300082793 -0.749171180333 0.757130261658 1.20701464454 0 0.39
1776 12.2697620392 17.405154 31.857105 -0.77891679 17.7692090627 31.9638496433 -0.740546042772 0.379381743875 2.19848187295 0 0.538
1779 12.2743391991 19.008966 30.381332 -0.78385491 18.9131214599 30.8177900846 -0.756232921234 0.446857735127 1.58262337806 0 0.528
1782 12.2308490276 20.517371 28.856906 -0.78454873 20.1508103641 29.4024268397 -0.762053082867 0.65723640068 1.28890563813 0 0.658
1785 12.3181381226 22.037399 27.308602 -0.78653789 21.6819045712 27.6605098604 -0.774992616647 0.500215384745 0.661495436473 0 0.572
1788 12.1973450184 23.470866 25.802264 -0.78746834 23.8268200377 25.9114253195 -0.767248710889 0.372316358288 1.15849941139 0 0.584
1791 12.311455965 25.030138 24.239515 -0.79252133 24.9560517796 24.7592393257 -0.763939017902 0.524978230785 1.63764585197 0 0.654
1794 12.208343029 26.508975 22.80392 -0.79210599 26.3796175801 23.0324977862 -0.772090128814 0.2626426211 1.14682436926 0 0.648
1797 12.3284029961 27.961008 21.312251 -0.79564812 28.0963126303 21.4712811409 -0.772066004234 0.208801170242 1.35115570541 0 0.758
1800 12.280189991 29.36401 19.750057 -0.78815021 29.3103961777 20.0629872108 -0.793928508474 0.317489777421 -0.331072115342 0 0.752
1803 12.2914381027 31.016391 18.179875 -0.79578372 30.9226820097 19.0414886874 -0.775818411309 0.866694595074 1.14392792469 0 0.706
1806 12.1468219757 32.405165 16.663972 -0.79079715 32.0381417629 17.2632757748 -0.781495695384 0.70275961111 0.532934092815 0 0.74
1809 12.3628509045 33.875627 15.226881 -0.79213801 33.6539360336 15.4050294479 -0.801100865953 0.284400692851 -0.513533818476 0 0.696
1812 12.2221131325 34.400964 14.714584 -0.72873329 34.077682965 14.9147529327 -0.750298581764 0.380234439786 -1.23560020205 0 0.66
1815 12.343285799 34.541831 14.529671 -0.59347242 33.4510381541 14.3672939805 -0.627764320529 1.10281246328 -1.9647811718 0 0.61
1818 12.3537290096 34.648846 14.435796 -0.47955783 33.7615381442 15.2746548525 -0.493474348446 1.22106486537 -0.797357772465 0 0.65
1821 12.2558169365 34.668797 14.324629 -0.34405458 33.8039555243 14.8610861438 -0.381961804567 1.01771167095 -2.17192398077 0 0.666
1824 12.241779089 34.864126 14.20779 -0.22615765 34.3026096211 15.1920386796 -0.243607435477 1.13315758264 -0.999799061238 0 0.59
1827 12.262650013 35.017605 14.088235 -0.094353638 34.8718807937 15.1629357239 -0.125633096842 1.08453547208 -1.79218097708 0 0.562
1830 12.2633159161 36.599142 14.0692 -0.022879679 36.4714315985 14.8260291555 -0.0275484447396 0.767528707781 -0.267500572414 0 0.6
1833 12.3031430244 38.63985 14.009333 -0.014813302 38.6997422042 15.0814689071 -0.0420437208662 1.07380746854 -1.56018807541 0 0.654
1836 12.355175972 40.768535 13.925491 -0.0089087199 40.0842060926 14.7305266761 -0.0415527149974 1.05659287016 -1.87036314553 0 0.612
1839 12.3628730774 42.905865 13.952369 -0.011506708 42.099467044 14.9644332272 -0.0172809686933 1.29404469144 -0.330840767535 0 0.626
1842 12.2740190029 45.04117 13.838962 -0.010052037 44.6036741835 14.9529230069 0.00577393653398 1.19679226035 0.906761490183 0 0.664
1845 12.2993497849 47.095509 13.764363 -0.008210261 46.2341567251 14.8120001271 0.0120580983299 1.3562710981 1.16129144726 0 0.604
1848 12.2568888664 49.256947 13.750747 -0.012245698 48.6257855768 15.0456514375 -0.00824500022493 1.44053540202 0.229223097619 0 0.708
1851 12.3653080463 51.347189 13.680192 -0.017629817 50.9737466312 15.0374700532 -0.00277441270918 1.40771549561 0.851151968824 0 0.786
1854 12.2807779312 53.510554 13.649042 -0.0075411209 52.4518218541 15.0652390272 0.00864766130068 1.7681990206 0.927548895555 0 0.708
1857 12.3035650253 55.608657 13.581194 -0.0077936973 54.9478110896 14.8188438986 0.0101834923447 1.40303050178 1.03001709415 0 0.708
1860 12.2289810181 57.666716 13.591636 -0.01411162 57.2722128734 15.1903585063 0.00652237193787 1.64667737249 1.18224065255 0 0.73
1863 12.3729081154 59.905766 13.533857 -0.012519778 58.9343752617 14.9770491828 0.00544898247064 1.73965618528 1.02953413805 0 0.738
1866 12.3022241592 62.027534 13.447994 -0.021676244 60.6167835545 14.9544052986 0.00663315434527 2.06385363335 1.62200904574 0 0.704
1869 12.2716832161 64.181261 13.371995 -0.025327169 63.0404040411 15.0167991291 0.0077578936069 2.00173305503 1.8956344523 0 0.708
1872 12.2145369053 66.241252 13.310079 -0.024907545 65.3983213673 15.0648009531 -0.00396453230283 1.94668466478 1.19994623784 0 0.792
1875 12.2476651669 68.444119 13.24669 -0.026304862 66.8201923672 14.9838631974 -0.00637218262899 2.3780051359 1.14205840235 0 0.742
1878 12.2087059021 70.49734 13.123327 -0.017605166 69.1594456293 15.0455162788 -0.0033667897714 2.34195921623 0.815798865018 0 0.808
1881 12.2295298576 72.634932 13.039101 -0.019360635 71.7599021734 14.8145422313 0.00999874980447 1.97936069561 1.6821688384 0 0.818
1884 12.2515449524 74.720419 12.994859 -0.019347658 73.6980507074 14.9621375232 0.00322132897526 2.21707503561 1.29310770157 0 0.79
1887 12.3011050224 76.914825 12.90632 -0.036038761 75.7324169428 14.7275397383 0.0112585985638 2.17138899071 2.70993908512 0 0.79
1890 12.2361168861 79.004774 12.78569 -0.032634565 78.0971432534 15.1470645687 0.00445679159256 2.52979908803 2.12517818917 0 0.808
1893 12.2420048714 81.177999 12.691712 -0.029848436 80.8653320098 15.0320676581 0.00431809018809 2.36114913827 1.9575977512 0 0.748
1896 12.2508609295 83.222919 12.597068 -0.02122413 82.2026321729 14.8536192524 -0.00129500086139 2.47649122032 1.14185498901 0 0.674
1899 12.3619279861 85.390174 12.538762 -0.021700441 84.3358441162 14.7171993846 -0.00422302722623 2.42016547833 1.00138204604 0 0.74
1902 12.2307538986 87.449986 12.512039 -0.030894579 86.8030418254 14.9792567574 0.00285716357884 2.55062741843 1.93383240098 0 0.758
1905 12.2636151314 89.572355 12.414566 -0.034322832 88.2025914169 15.2055028315 -0.0030959924753 3.10895169968 1.7891661123 0 0.612
1908 12.3299298286 91.713838 12.339838 -0.030338307 90.2562214913 15.0876003156 0.00611160188582 3.11044106673 2.08842594279 0 0.76
1911 12.3515520096 93.866625 12.234111 -0.027880568 92.8854109057 14.9044866598 0.00523298626942 2.84494064315 1.89726690431 0 0.792
1914 12.2280349731 96.027017 12.118277 -0.016096141 94.8228840432 14.961552324 0.00433750904012 3.08774201407 1.17076190735 0 0.74
1917 12.3097851276 98.003729 12.063433 -0.023465033 97.3873520341 14.9017466435 0.00288020587657 2.90446981447 1.50947099789 0 0.758
1920 12.2877449989 100.1865 11.996018 -0.023536261 99.3288304111 14.9842822477 0.00434073342278 3.10890983105 1.59723412594 0 0.77
1923 12.3473038673 102.26857 11.921444 -0.023061579 101.99882457 15.0442657065 0.0099482705791 3.13445019223 1.89132506324 0 0.756
1926 12.2791638374 104.50291 11.810699 -0.022632517 104.26366732 15.1995056716 0.0058684239548 3.39724119204 1.63298362886 0 0.778
1929 12.3142819405 106.528 11.779433 -0.025937223 105.777639578 15.4464764038 0.00819336544587 3.74302659463 1.95553867025 0 0.75
1932 12.2796421051 108.61821 11.737233 -0.017267816 108.167738766 14.9625555864 0.00520894095511 3.25662864306 1.28782331067 0 0.738
1935 12.3086791039 110.65428 11.638117 -0.015586443 109.27414876 14.8219298644 0.00720528815439 3.4700758775 1.30587000294 0 0.606
1938 12.3383700848 112.94226 11.558687 -0.011710616 111.428065996 15.1765515378 -0.00908286143563 3.92195452515 0.150559246135 0 0.744
1941 12.4612190723 114.89636 11.528856 -0.01668203 114.032873252 15.119535171 0.00138092758583 3.6930456636 1.03493123519 0 0.79
1944 12.2548489571 117.03777 11.494892 -0.018548407 116.25979137 15.010276138 0.00610926989279 3.60044113769 1.41278081855 0 0.736
1947 12.3139810562 119.07747 11.406331 -0.016261061 118.261603983 15.3408610258 0.00717188610796 4.01822894843 1.34260897084 0 0.678
1950 12.2662529945 121.291 11.334615 -0.012126455 120.474462731 15.081825958 -0.0029772671538 3.83514316221 0.52420984956 0 0.718
1953 12.2853908539 123.43737 11.229443 0.0013807468 122.909697938 14.9895621775 0.00487699142215 3.79696379148 0.200320060995 0 0.744
1956 12.4000511169 125.58554 11.258252 -0.0049853053 124.688658054 15.4091872816 0.0247080412832 4.24672355309 1.70130343884 0 0.704
1959 12.3836750984 127.50849 11.183265 -0.012828209 126.496954236 14.9400340485 0.00405731986297 3.89056786142 0.967469538695 0 0.738
1962 12.3010559082 130.28779 11.390648 -0.01314096 129.08742846 14.7724136718 0.000946908880937 3.58848253231 0.807175429211 0 0.784
1965 12.3150560856 132.78769 11.256475 0.0084755214 131.061362617 15.0561362162 0.00259615754971 4.17344361285 -0.336862734843 0 0.768
1968 12.3040938377 125.9239 10.596074 0.27888777 132.949232025 14.8797381014 -0.00782726822611 8.22830895135 -16.4275616133 0 0.74
1971 12.3120779991 93.936275 13.265891 0.84250578 133.3376957 14.8840017834 0.0063449741335 39.4346324405 -47.9084851704 0 0.426
1974 12.2781867981 59.212281 6.4432491 1.3602712 133.490214242 14.4585264881 -0.00254366764607 74.7091429369 -78.0835401738 0 0.052
1977 12.3412671089 41.747696 3.5851691 1.5088422 139.618509598 13.9492209966 0.01950268869 98.4180355731 -85.3328682601 0 0.032
1980 12.3021287918 40.889782 2.6549702 1.6071612 139.314927412 12.7931317577 -0.0596705800922 98.9459022352 -95.5024261576 0 0.014
1983 12.3943641186 40.408125 3.8011614 1.6070032 63.8344185078 103.180022331 1.46899614231 102.102640649 -7.90722194892 0 0.028
1986 12.2331879139 40.388712 5.5337894 1.5172855 35.5802365514 88.979094555 -0.578477971914 83.5837327986 -120.078401798 0 0.018
1989 12.330062151 40.44034 7.6724587 1.5542124 37.0162523486 88.3983807822 -1.31614792263 80.7985078592 -164.459532168 0 0.026
1992 12.3562529087 40.554207 9.7439313 1.5604739 35.8953131936 86.0168529084 -1.50699512261 76.4150761446 -175.753028782 0 0.02
1995 12.3164319992 40.580821 11.876658 1.5652859 36.3364781835 84.3104201422 -1.38628317731 72.5580067533 -169.112451071 0 0.024
1998 12.2614581585 40.665042 14.024391 1.567666 29.7868221009 93.8919897161 2.53463606609 80.6050184098 55.4033037023 0 0.034
2001 12.3377699852 40.771617 16.174621 1.5548315 30.420865715 83.2091279703 -1.8946226383 67.8289258127 162.360836252 0 0.024
2004 12.2328419685 40.847233 18.25792 1.5551713 57.7073212376 79.3211249174 -0.22468131007 63.3480668226 -101.978042712 0 0.02
2007 12.4301898479 40.88758 20.352438 1.5597309 26.8471050748 100.705321779 3.02014726937 81.5703430649 83.6756942966 0 0.024
2010 12.2562439442 40.971014 22.508388 1.5678505 61.9820875143 77.4030507565 -0.34424568689 58.7783056015 -109.555041532 0 0.028
2013 12.2943770885 41.044823 24.54743 1.5705547 135.452603934 44.0621117239 0.247866356819 96.4035886454 -75.7844596754 0 0.038
2016 12.3215157986 41.105608 26.696222 1.5717508 64.1495427033 74.9314596524 -0.405042590932 53.4570956748 -113.26191827 0 0.036
2019 12.44313097 41.160404 28.869777 1.5672714 39.6077942036 28.9228292263 1.70870910179 1.55351592161 8.10378337657 0 0.02
2022 12.3102219105 41.204205 31.003136 1.5608691 38.8264532857 29.8802488819 1.78154260348 2.62955865023 12.6436603996 0 0.022
2025 12.3769230843 41.244227 33.116661 1.5660557 38.8617986755 33.08618069 1.60237699794 2.38262329604 2.08105707855 0 0.056
2028 12.3245429993 41.277887 35.228156 1.5643441 39.5412457931 35.1711961565 1.60318079175 1.73757506468 2.22517852743 0 0.026
2031 12.2897770405 41.31792 37.33529 1.5797774 39.4303791578 37.9803354059 1.67598667167 1.9947165229 5.51238521659 0 0.048
2034 12.2447221279 41.419072 39.474789 1.5713492 39.866883765 38.9228763203 1.67405887171 1.64739064067 5.88483070427 0 0.118
2037 12.5514941216 41.429937 41.518923 1.5745722 39.3292952541 41.8256601307 1.64321463912 2.12291860697 3.93292205719 0 0.146
2040 12.5294699669 41.494048 43.684079 1.5737379 39.1833260394 43.3947843439 1.62509819208 2.32876091028 2.94272797091 0 0.156
2043 12.412817955 41.508319 45.798644 1.5762653 38.9341498029 45.4722862203 1.63278375571 2.59477483722 3.23826897678 0 0.294
2046 12.2142601013 41.512588 47.943477 1.5772604 39.315696516 47.8484088663 1.63074184013 2.19894750787 3.06426080167 0 0.384
2049 12.5575067997 41.583607 50.107906 1.5744728 39.2606218872 49.8918910817 1.62647396092 2.33300713232 2.97944705071 0 0.57
2052 12.2613041401 41.632502 52.265699 1.5728612 39.2319265547 51.9466147851 1.61257646745 2.42168891579 2.27551720708 0 0.648
2055 12.3130939007 41.660201 54.305408 1.5732479 39.2081592273 54.0068045818 1.60651676803 2.47015644372 1.90616572751 0 0.724
2058 12.5896251202 41.689009 56.508616 1.5685378 39.0428451033 56.7378672279 1.60141618084 2.65607595779 1.88379245917 0 0.752
2061 12.3107140064 41.794127 58.57462 1.5657057 39.3044324543 58.249317971 1.61823160843 2.51085649552 3.00951286817 0 0.658
2064 12.281001091 41.856016 60.76704 1.5641567 39.1063211232 60.5062898129 1.61920587171 2.76203051682 3.15408520481 0 0.796
2067 12.3351621628 41.858156 62.785084 1.5639758 39.15565216 62.8311119422 1.60735153554 2.7028957761 2.48524657958 0 0.758
2070 12.2474830151 41.958088 65.023529 1.5767642 39.3305845752 64.4423205627 1.62307347319 2.69101792915 2.65332590624 0 0.75
2073 12.3279571533 41.99726 67.044355 1.5737097 39.086705846 66.4488499208 1.62205419755 2.9708503467 2.76993567252 0 0.766
2076 12.4219539165 42.044947 69.102812 1.5759217 38.8617848678 68.9063529053 1.61553289414 3.1892189225 2.26955424598 0 0.774
2079 12.3241231441 42.097902 71.261122 1.5727544 38.8181451507 71.3867129749 1.61872066522 3.28216058161 2.633672997 0 0.764
2082 12.3413898945 42.114798 73.459441 1.5684742 38.6611196745 73.1979306417 1.63706789103 3.46356487505 3.93012899712 0 0.794
2085 12.3174881935 42.172982 75.545483 1.5804547 39.1606224781 75.1671715151 1.59123016851 3.03602198098 0.617388867987 0 0.754
2088 12.2144918442 42.213453 77.648417 1.5799022 38.9036336322 77.7392290084 1.60295031303 3.31106494474 1.32055960258 0 0.756
2091 12.3365159035 42.308345 79.80823 1.5843424 38.6932615387 79.7901185202 1.59187933247 3.61512883008 0.431834420849 0 0.752
2094 12.13793993 42.259747 81.948131 1.5870316 38.7855299339 82.228536481 1.60292192719 3.48551451816 0.910448683003 0 0.718
2097 12.1808459759 42.325886 84.065588 1.5841531 38.3077788581 84.4833809987 1.58954708459 4.03976929958 0.30905255163 0 0.726
2100 12.1432781219 42.338042 86.100283 1.5789413 38.6343283944 86.544464691 1.62661558626 3.73025359015 2.73153539424 0 0.602
