3 2.77932882309 58.425211 99.52669 -0.076600623 39.1334178218 18.7498736168 -0.403076563096 83.0485842687 -18.7056934801 0
6 2.88239908218 58.436309 99.5178 -0.082073852 123.903267819 6.3894547134 2.48469393375 113.836775222 147.064961114 0
9 2.75477719307 59.138497 99.506199 -0.079127672 82.981206222 112.216051428 2.31692348593 27.0187921969 137.283618847 0
12 2.79072999954 60.588187 99.398001 -0.084356487 23.6367477013 76.4840107304 0.80101294071 43.479418307 50.7279315177 0
15 2.78007984161 62.026729 99.268445 -0.080345137 65.6476585628 100.657831526 1.97617089581 3.87834060103 117.829689181 0
18 2.78201198578 63.612811 99.142137 -0.077882356 20.277702245 36.2975793921 -2.84320767522 76.3372128895 -158.441469772 0
21 2.78729295731 65.109709 99.045111 -0.075303117 85.8652211337 8.9806700289 2.1381956031 92.4250767453 126.824134619 0
24 2.80546498299 66.576646 98.887554 -0.079079542 83.1627250423 87.492655216 -2.78942352276 20.1231641721 -155.291271126 0
27 2.78299498558 68.114632 98.811042 -0.080004433 79.7869212543 28.8443524504 -0.121247677712 70.9336308317 -2.36306385542 0
30 2.78454518318 69.601579 98.673025 -0.074381156 136.171147394 98.1825563169 -0.94976493472 66.571375198 -50.1557959749 0
33 2.80550503731 71.154315 98.514904 -0.080273853 32.5941697903 72.6676111897 -1.28906062212 46.4216258247 -69.2583802017 0
36 2.78863120079 72.642873 98.438251 -0.077397051 94.0326705259 11.3427238656 -3.12573515855 89.6836344324 -174.656908091 0
39 2.7997610569 74.179887 98.27586 -0.078945335 95.571687148 11.9956576288 0.220607239107 88.8925330654 17.1630982386 0
42 2.83346486092 75.689674 98.17429 -0.079512997 90.5789327711 12.4949702841 -2.6360622855 86.9634167552 -146.479484348 0
45 2.7870721817 77.259307 98.055637 -0.072379503 73.6452020134 97.8802862355 -0.0883607688747 3.61835635952 -0.915659085894 0
48 2.81671214104 78.667542 97.976243 -0.066300397 75.394516207 97.7446737124 0.00787420852356 3.28120742659 4.24989184355 0
51 2.78302097321 80.25432 97.827625 -0.077582567 77.8185160314 98.2305883732 0.105356118254 2.46891078287 10.4816145747 0
54 2.78330278397 81.813353 97.68277 -0.074716444 66.3453543425 25.1940249186 -0.130057217853 74.1206931021 -3.17079277674 0
57 2.79281282425 82.622729 97.654646 -0.085105116 72.9670352689 8.75780834607 -3.05132551516 89.4196855636 -169.951909978 0
60 2.75531506538 81.436592 97.754867 -0.094486992 79.4323025865 98.3075518116 0.0898701019859 2.07909512867 10.5628834087 0
63 2.77301502228 79.890684 97.897701 -0.093381766 77.6719784412 99.7016428594 -0.113262250792 2.85952104186 -1.13906787323 0
66 2.78724598885 78.411812 98.037468 -0.097953665 76.9565234822 99.0200167752 -0.033252743302 1.75592333707 3.7070897439 0
69 2.80690407753 76.931086 98.162597 -0.096433306 74.569182132 97.6378298488 0.0949726814513 2.41949797371 10.9667552545 0
72 2.79467511177 75.443161 98.337547 -0.10164342 73.3075136043 98.3935661548 0.0771422724162 2.13638197528 10.2436656128 0
75 2.80066490173 73.912871 98.553041 -0.10292365 71.8988979376 99.1857920349 0.022473427889 2.11103324657 7.18472332631 0
78 2.80459189415 72.413468 98.668417 -0.11145399 70.1668583151 100.174080294 -0.0306805789604 2.70449200995 4.62797554944 0
81 2.78076696396 70.926618 98.82512 -0.11572496 68.6885216102 98.1352683329 0.0231160232282 2.3420014459 7.95500236242 0
84 2.77918410301 69.460294 99.048845 -0.12091472 66.3343869905 98.0858170383 0.0351724110238 3.2708894031 8.94313384397 0
87 2.76597595215 67.984026 99.205817 -0.12024712 66.1280134866 97.3232895642 0.0467326609918 2.64361343553 9.56723671485 0
90 2.77133917809 66.409271 99.378533 -0.12589377 63.6690290782 99.639429353 0.0293154420736 2.75263377458 8.89283279337 0
93 2.77403402328 64.97003 99.579245 -0.12534264 62.9428494419 100.054838916 -0.0264332506749 2.08222251172 5.66709056255 0
96 2.79594707489 63.450289 99.830398 -0.13542326 60.8186153987 98.8515836567 0.00635002677918 2.80780759 8.12301098014 0
99 2.81040000916 62.015499 100.01094 -0.13023941 59.7568172218 99.2900880937 0.00397984004537 2.37092194003 7.69019655701 0
102 2.81000304222 60.420275 100.24313 -0.1356293 57.4376618314 99.0099018382 0.00335401580999 3.22751189192 7.96315741865 0
105 2.78685498238 58.989222 100.44438 -0.14088208 56.7058076654 98.6763978502 -0.00846758232405 2.88786112989 7.58679186318 0
108 2.79479408264 58.528509 100.58832 -0.24160345 55.0896344796 99.7698856301 -0.102840866108 3.53492472125 7.95051041133 0
111 2.76038885117 58.390768 100.67023 -0.3827913 56.4506624174 100.715584851 -0.263101929077 1.9406356521 6.85769580644 0
114 2.79131698608 58.26024 100.80046 -0.53685502 56.8271376534 101.66708151 -0.41452313702 1.6747582445 7.00910059464 0
117 2.80118393898 58.2435 100.85046 -0.70040996 56.7430234428 101.754865287 -0.531876977365 1.75196427556 9.65622861375 0
120 2.79447793961 58.129433 100.95873 -0.85888639 56.8352007125 101.24419485 -0.686468061937 1.32534048242 9.87884250873 0
123 2.8065559864 58.21235 101.09089 -1.0276822 56.4527977236 100.562033509 -0.814265786456 1.83731146017 12.2278597749 0
126 2.79363417625 58.152327 101.12822 -1.1869287 57.0279173659 102.354275315 -1.20762538244 1.66358307926 -1.18583255354 0
129 2.78994703293 58.049715 101.26081 -1.3398137 55.1452206376 101.207484392 -1.23324205481 2.90498384189 6.10610548526 0
132 2.82836890221 58.024835 101.49733 -1.4943786 54.9093495914 102.746618589 -1.44279986596 3.35663094649 2.95524377307 0
135 2.84954309464 58.064001 101.65215 -1.6522241 57.0968942127 103.219181906 -1.69680967957 1.8414354544 -2.55456553652 0
138 2.80162191391 58.104403 101.68885 -1.8037565 56.0205240471 101.710803807 -1.74913058517 2.08399459217 3.12983437161 0
141 2.80010581017 58.177183 101.78616 -1.9584038 55.4303004265 102.302130718 -1.80938798019 2.79492211961 8.53797755553 0
144 2.82767820358 58.164815 101.89412 -2.1101089 56.2212188121 102.523033904 -2.01545386129 2.04281639913 5.42333422791 0
147 2.80728006363 58.333441 101.96561 -2.2758326 55.7537479408 102.207618891 -2.18664756935 2.59101998898 5.10992585214 0
150 2.80867886543 58.547547 101.97367 -2.4518694 55.6299038812 101.619326532 -2.30559788603 2.93908160176 8.38074041361 0
153 2.81666493416 58.609003 102.09152 -2.5989269 54.9656667095 102.8459562 -2.36473922447 3.72062807946 13.4179654216 0
156 2.7970790863 58.561869 102.14088 -2.6173282 54.0807129425 102.501535331 -2.49897663086 4.49564588009 6.7810454103 0
159 2.74615502357 58.51155 102.01626 -2.5045701 53.9737244683 103.183166545 -2.26257814245 4.68545957615 13.8651178439 0
162 2.76819181442 58.437648 101.90068 -2.3721379 55.1464383755 101.805555857 -2.28749668914 3.29258399968 4.84958415518 0
165 2.77491497993 58.147744 101.95537 -2.2082701 53.8460554687 103.015117011 -1.96974412084 4.43030336966 13.6665319103 0
168 2.79738283157 58.037351 101.82492 -2.0566813 51.7625921901 98.7669416093 -1.75617204317 6.98024569488 17.217912121 0
171 2.78808116913 57.944091 101.71587 -1.9011295 53.0353939218 101.530636627 -1.73040453637 4.91219079513 9.78181987368 0
174 2.78971099854 57.908577 101.57431 -1.7585036 54.6717161639 101.285961404 -1.64385180202 3.24967890497 6.5690641381 0
177 2.7887160778 57.841285 101.40683 -1.6171883 54.0034282003 101.787923508 -1.4110979046 3.85673139814 11.8081098545 0
180 2.78124690056 57.86028 101.30305 -1.4556073 52.369445259 101.424052615 -1.16603767633 5.49216785848 16.5911173112 0
183 2.77039718628 57.788579 101.03213 -1.3093986 53.9403284914 100.841963008 -1.1555526071 3.85294633522 8.81472608798 0
186 2.74865198135 57.852229 100.87925 -1.1701135 51.5372462758 100.859413902 -0.853150121117 6.31501387785 18.1606638702 0
189 2.76940393448 57.956865 100.8248 -1.0236231 50.9564530177 100.341522785 -0.747198962761 7.01707380525 15.8379364193 0
192 2.78008580208 57.906072 100.67156 -0.85835482 52.9803430155 102.027514066 -0.642959371074 5.10895463469 12.3412501498 0
195 2.79062104225 57.990597 100.53155 -0.72265365 51.4702483377 101.67133335 -0.372783271646 6.61921844055 20.0460960563 0
198 2.78637695312 58.042848 100.37669 -0.56279892 52.663700569 101.600998833 0.0605428980932 5.51671634245 35.7148553708 0
201 2.79683303833 58.157277 100.32166 -0.41301063 52.3954573721 103.736965948 0.087467879677 6.69797582404 28.6753063415 0
204 2.80321907997 58.686264 100.08548 -0.29965148 54.0497993366 102.490947721 0.0943218384661 5.22332073797 22.5730083889 0
207 2.77154612541 59.980629 99.666017 -0.30408986 54.8754586783 102.223202793 0.172333698877 5.70981288592 27.2970591842 0
210 2.79559206963 61.363687 99.173884 -0.32636207 56.1974810939 101.78199169 0.0760613230377 5.78721946948 23.0571619984 0
213 2.78063201904 62.885593 98.69498 -0.37512441 60.2415306549 99.9712620829 -0.178114496319 2.9359771184 11.2878365762 0
216 2.78568387032 64.287236 98.118834 -0.4012694 61.0807936167 99.9803676731 -0.204075315981 3.70763811255 11.2983887592 0
219 2.78942012787 66.572969 97.068508 -0.44319642 63.3174242446 98.2709522152 -0.280763745064 3.47051058856 9.30670672887 0
222 2.77965497971 67.896132 96.441291 -0.47211549 65.0423789886 97.5028363831 -0.382305028505 3.04479635613 5.14576039976 0
225 2.81144785881 69.150612 95.708615 -0.49267498 66.1292064852 97.6717219487 -0.441087094095 3.60314864767 2.95576813633 0
228 2.81430602074 70.465141 94.973778 -0.52461339 66.5897387044 95.7913974304 -0.466412105522 3.96071262348 3.33468796282 0
231 2.79491996765 71.675984 94.192345 -0.54871183 68.5270204881 95.4134457117 -0.437221914461 3.37743366291 6.38790161868 0
234 2.79565405846 72.999296 93.402727 -0.58180979 70.4762702547 95.2802500194 -0.47336894932 3.1449565339 6.21320249782 0
237 2.78504705429 74.284244 92.44261 -0.63095882 71.5031848525 93.9399404391 -0.522712447789 3.15852630605 6.20206027529 0
240 2.80013799667 75.447368 91.599491 -0.66374929 73.0401222977 92.5276854947 -0.529708564949 2.57999552156 7.67996782827 0
243 2.81034111977 76.572595 90.665594 -0.69142624 74.002392113 92.905548266 -0.585039494541 3.40930168717 6.09551151095 0
246 2.78673601151 77.783785 89.658033 -0.71509647 75.2922400892 92.20269105 -0.643033484886 3.56133130081 4.12890490613 0
249 2.78460812569 78.874801 88.696028 -0.74032963 76.3742592896 90.4251361828 -0.658492464651 3.04015196226 4.68892418181 0
252 2.79445910454 80.03236 87.613917 -0.7252394 77.9527158065 88.9678350335 -0.654861620374 2.48153460845 4.03234974406 0
255 2.81465411186 81.079285 86.604124 -0.70281223 79.0587238875 89.3648563867 -0.599965750972 3.42115631339 5.89266918609 0
258 2.79567480087 82.380517 85.593177 -0.66953842 80.2231515558 87.481923552 -0.562046199401 2.86733137215 6.15885057081 0
261 2.79361510277 83.553536 84.670161 -0.64546431 80.6673624492 86.4280475012 -0.557710218319 3.37937312474 5.02793908835 0
264 2.81087899208 84.753159 83.736184 -0.60820056 82.4357454184 85.1477198663 -0.533374178405 2.71345521611 4.28723586163 0
267 2.77629804611 85.938286 82.919631 -0.58097683 85.1686150965 84.7481593867 -0.52864234179 1.98391263934 2.99854529742 0
270 2.81272411346 87.249998 82.030848 -0.55954063 84.7269448662 83.332424256 -0.463285939736 2.83899592565 5.51498751046 0
273 2.79907417297 88.578333 81.141585 -0.52544337 85.4997694564 83.2728293641 -0.48311081971 3.74429646682 2.42547646764 0
276 2.79971289635 89.874585 80.458812 -0.49549775 87.8819371543 81.9447779746 -0.418253342132 2.48570720613 4.4257785618 0
279 2.78860998154 91.229191 79.664539 -0.46697991 88.7906420591 82.4988988803 -0.39659997377 3.73899944744 4.03247330838 0
282 2.78701996803 92.640842 79.007823 -0.44436504 90.2899860672 80.7420975674 -0.370872403371 2.92134076961 4.21081790416 0
285 2.84075903893 93.942666 78.269838 -0.40450827 91.3106828668 79.9770493227 -0.32067981285 3.13718117327 4.80301679782 0
288 2.75461697578 95.385584 77.620959 -0.38607018 93.4597227384 80.5284206009 -0.305959163996 3.48744527693 4.59002310954 0
291 2.84613394737 96.747733 77.074345 -0.36376533 94.7978096865 79.2338009707 -0.273546434 2.90954481287 5.16916197314 0
294 2.77516913414 98.250871 76.540386 -0.33417824 95.9476230256 78.3533265565 -0.23090743251 2.93116098039 5.91698141606 0
297 2.7501270771 99.752933 76.027378 -0.30758365 96.0382720147 78.5642369231 -0.197180566284 4.49826182337 6.32563074214 0
300 2.76743292809 100.00981 75.897783 -0.33361957 98.2102510719 79.0164798337 -0.173039154223 3.60065025745 9.2005800965 0
303 2.76426696777 98.714105 76.429985 -0.36219797 96.3001520079 79.0695240835 -0.224148486633 3.57691705544 7.90965276087 0
306 2.80604887009 97.284888 77.028291 -0.39087517 95.0507580928 79.4326424041 -0.256021225198 3.2821094005 7.72656188783 0
309 2.78210783005 95.817851 77.649213 -0.42317241 93.7441354415 78.233269552 -0.272967185559 2.1543951062 8.60612542127 0
312 2.78828692436 94.571565 78.35291 -0.46228827 93.6829586632 79.9464585102 -0.316025468697 1.8245596938 8.38024121441 0
315 2.80790710449 93.13187 79.138887 -0.4938927 91.150968612 80.3666549139 -0.369149773437 2.33053306331 7.14724321619 0
318 2.78897690773 91.836662 79.862922 -0.52529077 89.7634322385 80.8523075416 -0.362812233957 2.2972081738 9.30933437673 0
321 2.78047800064 90.529269 80.702102 -0.55721841 87.8505978658 80.5579368691 -0.381839635782 2.68254778707 10.0484635789 0
324 2.79098892212 89.308886 81.573217 -0.59808232 87.4039705638 79.8880962795 -0.378643506225 2.54329209135 12.5729178907 0
327 2.79711103439 88.100372 82.484783 -0.6409076 85.5044442495 81.4836470277 -0.420111042514 2.78228577263 12.650710875 0
330 2.78802609444 86.96204 83.432583 -0.67310863 84.680288058 83.7602176181 -0.506272294558 2.30515430456 9.55901789027 0
333 2.78381991386 85.711036 84.448892 -0.70015711 83.4702549097 84.0541785799 -0.522271482289 2.27527989022 10.1920957039 0
336 2.77487111092 84.630521 85.38864 -0.74348817 81.7977715331 85.7408261726 -0.554696957099 2.85455857225 10.8169397084 0
339 2.79029297829 83.531548 86.470864 -0.76732045 80.8807114225 87.6459112327 -0.657817873181 2.89959834457 6.27403549755 0
342 2.77960586548 82.436303 87.632765 -0.79615086 79.8317886236 87.7451910782 -0.607295412259 2.60693973078 10.8206200936 0
345 2.77310085297 81.390428 88.717115 -0.83255466 77.175394847 87.4834083072 -0.602876202979 4.39187166081 13.1596062324 0
348 2.80646514893 80.091493 90.270385 -0.85191671 77.2243815704 89.4359349831 -0.66639302174 2.9860734721 10.629724337 0
351 2.80174589157 79.121061 91.3195 -0.83027867 76.4744911199 89.1766306095 -0.657827214223 3.40532250384 9.88074058694 0
354 3.11520504951 78.091476 92.534394 -0.81038411 74.8583512488 91.3399487916 -0.634146524514 3.44670785143 10.0976698399 0
357 2.79627490044 77.093441 93.512556 -0.78090008 74.5043338884 93.4857051364 -0.649688370765 2.58924633904 7.51787716187 0
360 2.78492307663 76.051262 94.597058 -0.76703211 73.5453649244 95.0183916182 -0.631825821784 2.54107106776 7.74674967839 0
363 2.77792310715 75.027276 95.58972 -0.75132884 72.1162157197 94.2135630242 -0.57284944037 3.21995030664 10.2261163288 0
366 2.78456997871 73.852657 96.593273 -0.72312741 70.4780219615 95.6115197446 -0.559521842077 3.51454137796 9.37390854683 0
369 2.79115200043 72.811015 97.559971 -0.70587276 69.1635367478 94.9496439594 -0.476316149808 4.48529874806 13.1526249233 0
372 2.7808201313 71.630899 98.505259 -0.68120937 69.5636359041 99.4207180653 -0.634434944406 2.26089407268 2.67997717571 0
375 2.79554986954 70.538887 99.423882 -0.66641532 67.3726273877 100.35677281 -0.550025528782 3.30083098565 6.6686438152 0
378 2.82669305801 69.331788 100.31013 -0.63648641 66.5146756896 100.080657209 -0.457967332168 2.82644291138 10.2283897223 0
381 2.7854950428 68.205766 101.18772 -0.63190253 65.7194836482 100.770597961 -0.459295980594 2.52102969605 9.88962679729 0
384 2.80003190041 66.997353 102.01418 -0.604237 64.3225086194 102.820370598 -0.495530101825 2.79369571355 6.22844646938 0
387 2.78397488594 65.749881 102.79371 -0.58263231 63.5499976959 103.633801369 -0.431359473371 2.35483334018 8.6672950938 0
390 2.83477807045 64.390622 103.72927 -0.540005 62.2250324691 105.043593849 -0.476085369118 2.53322426865 3.66232507758 0
393 2.9161131382 63.066948 104.49561 -0.5165186 61.273053777 104.843888178 -0.419711966277 1.82738998925 5.5466115412 0
396 2.79324698448 62.072466 105.11862 -0.50368551 59.166408751 105.620936534 -0.350987479337 2.94915083292 8.74895269693 0
399 2.78709888458 62.084059 105.11634 -0.50537083 59.6600072586 106.798815077 -0.396073268415 2.95072012073 6.26228898991 0
402 2.80040407181 62.06969 105.12384 -0.50501376 59.5677187114 106.341342504 -0.354192295389 2.78247599752 8.6414333822 0
405 2.80368089676 62.088061 105.11683 -0.50531554 59.2554780006 106.233708576 -0.314180232118 3.04482252406 10.9512464575 0
408 2.79530286789 62.080145 105.11527 -0.50526072 58.6627979626 106.567198834 -0.333313379747 3.71299853389 9.85185689502 0
411 2.79398989677 62.084425 105.11388 -0.50526675 58.4705103372 106.078456986 -0.316862948554 3.74042617267 10.7947426671 0
414 2.787525177 62.090561 105.10315 -0.50372534 57.8473180874 106.548872357 -0.336993433424 4.48276962924 9.55303455697 0
