3 5.53089404106 31.520043 41.394881 -0.0070850614 91.9433728347 135.282935256 0.989890559598 111.650998743 57.1224953606 0
6 5.41127705574 31.529937 41.402987 -0.0081764059 129.859938878 76.7531569674 -0.696605142741 104.491261769 -39.4440611165 0
9 5.48309803009 31.522543 41.401068 -0.0068718684 10.7170907763 76.3537640177 0.218305113412 40.6762559872 12.9016907013 0
12 5.45019507408 31.528168 41.375423 -0.0049451513 139.524160446 114.961623278 -2.12814958198 130.68306415 -121.650652921 0
15 5.43845391273 31.523843 41.397689 -0.0081913964 30.2977669155 118.610239897 0.156391235449 77.2222848573 9.42989018612 0
18 5.45406389236 31.52518 41.394772 -0.0077822512 11.4908229578 131.506551615 0.720190811872 92.3120159427 41.7097841132 0
21 5.62688207626 31.646202 41.400982 -0.0069641742 99.8674029873 11.8899276199 0.290801145211 74.3305764459 17.0606960876 0
24 5.46550011635 32.968315 41.348607 -0.0066445448 84.4517759388 107.687041993 -0.661525167577 83.9722258102 -37.52189577 0
27 5.45844197273 34.520488 41.363888 -0.010157874 120.672754423 72.2904326111 -1.74569159978 91.5350434064 -99.43875769 0
30 5.48876404762 35.981317 41.339656 -0.012968194 106.774769159 20.7376497634 -3.12603612735 73.7302890914 -178.365653918 0
33 5.4715988636 37.47125 41.3168 -0.01805047 137.954314951 114.276466117 -1.33544521972 124.177128417 -75.4811591114 0
36 5.5036110878 39.051821 41.275587 -0.019803098 9.98794687386 76.9512034143 1.80267757161 46.0158492887 104.420450613 0
39 5.48997402191 40.609584 41.247017 -0.013659721 99.8396073491 135.312718482 1.45871600138 111.160028163 84.3609147498 0
42 5.483741045 42.081473 41.279186 -0.014178183 97.3526095178 27.9542386139 1.75955781847 56.8546634395 101.627586854 0
45 5.43971705437 43.552295 41.213208 -0.0092852628 79.5593576902 33.8394590479 1.26162378934 36.7543295026 72.8177248325 0
48 5.44312095642 45.079977 41.189892 -0.010404952 41.997133057 41.4474009746 0.012592921575 3.09358006991 1.31768109362 0
51 5.45031809807 46.640834 41.096545 -0.012029947 44.9139900889 29.1162356633 -0.367439566333 12.1041233345 -20.3634711861 0
54 5.46690702438 48.21014 41.103056 -0.013219293 71.6122158244 104.405416928 1.70297063554 67.4895995838 98.3304397482 0
57 5.43163895607 49.69993 40.993437 -0.019411138 48.2410263958 42.7061980482 -0.0608853855597 2.24987780435 -2.37629934365 0
60 5.44669985771 51.221815 41.026894 -0.026800957 49.6933652698 42.8434616443 -0.00438713159385 2.37404224563 1.28421759852 0
63 5.46309113503 52.707826 40.957156 -0.02058299 51.8574431633 41.9562341202 -0.0014812940909 1.31198630297 1.09444655713 0
66 5.4761300087 54.31159 40.951842 -0.027308534 52.8745817419 43.1329135687 -0.125619647675 2.61190848264 -5.6328118928 0
69 5.49930405617 55.778879 40.909196 -0.015002614 54.0790398595 42.6546883076 -0.0236536210485 2.43643109883 -0.49566619242 0
72 5.4915099144 57.331901 40.836464 -0.018380323 55.5268365348 42.4782224792 -0.00156510922873 2.44000586627 0.963440780704 0
75 5.47236394882 58.848313 40.76075 -0.022921269 57.5727031414 41.658705808 -0.0797491979236 1.55996959727 -3.25600048579 0
78 5.47375512123 60.388876 40.75568 -0.012358794 59.0222169341 42.0123943921 -0.0458010476484 1.85663353029 -1.91609999146 0
81 5.45031499863 61.86858 40.735896 -0.015077049 60.1066926146 41.9650048635 -0.0245785880506 2.14824480847 -0.544398086476 0
84 5.43517684937 63.333062 40.668539 -0.013920495 62.1077452512 42.2010067244 -0.0171890004022 1.9621056193 -0.187271564863 0
87 5.46895003319 64.876385 40.58717 -0.032109511 63.641172583 41.8881632703 -0.0484767646116 1.79397134995 -0.937774554165 0
90 5.428565979 66.44697 40.579857 -0.020157695 64.4106770304 41.6038042574 -0.0175841633102 2.27924484076 0.147452504268 0
93 5.46901297569 67.930314 40.55804 -0.02084507 66.0056892091 41.7268237147 -0.0319165016371 2.25171844547 -0.634346305975 0
96 5.44859004021 69.414343 40.447992 -0.021831497 67.6559174543 41.5543807265 -0.0161350995805 2.07753614023 0.326379530569 0
99 5.44688415527 70.999462 40.351868 -0.031419309 69.4500324159 42.0208928326 -0.0154666211936 2.27736161552 0.914021683194 0
102 5.45868110657 72.481812 40.325422 -0.028226015 71.2202425649 42.0475307437 -0.0279802731695 2.13476367887 0.0140799697359 0
105 5.39838004112 74.028193 40.279112 -0.026102315 72.6707111476 41.9914781839 -0.00381489928661 2.18516702502 1.27697485663 0
108 5.38385009766 75.500101 40.224463 -0.026983514 74.0811603437 41.7624164967 -0.019716117697 2.09253280602 0.416391136209 0
111 5.40020489693 77.104162 40.159206 -0.035689283 75.9774392556 42.3416471024 -0.0277768488584 2.45612567032 0.453349081988 0
114 5.43164110184 78.584191 40.097894 -0.03659834 77.8534936097 42.120593881 -0.0243501060423 2.15063560022 0.701772112266 0
117 5.41850185394 80.1084 40.071744 -0.024096447 78.6360523667 42.0181972975 -0.0143193271251 2.44059173 0.560187704628 0
120 5.42318916321 80.881063 40.047709 -0.06972902 79.5081121428 42.13235191 -0.0679221433928 2.49614304849 0.103526403696 0
123 5.40895795822 80.819811 40.085383 -0.20196514 79.3085239976 41.9636948205 -0.180398086975 2.41081805588 1.23570111488 0
126 5.43689799309 80.673305 40.189426 -0.34415967 78.4941040341 41.9021934767 -0.333439034451 2.77173037626 0.614247170648 0
129 5.46714997292 80.559381 40.228255 -0.49611957 79.2780867206 42.3205735074 -0.50229032613 2.45346933281 -0.353558282666 0
132 5.44802618027 80.474435 40.358509 -0.64523249 78.7157059062 41.9515483044 -0.625868894188 2.37295222257 1.10945231622 0
135 5.4885571003 80.446897 40.445937 -0.81868337 78.6919979164 42.4961847086 -0.812446535597 2.69873793837 0.357344288836 0
138 5.4729578495 80.377523 40.602704 -0.97166139 79.5316051252 43.0366816048 -0.933709413391 2.57678560062 2.17448808389 0
141 5.40952706337 80.303277 40.677658 -1.1291983 79.5247792484 42.6835725981 -1.0344101852 2.15168587953 5.43095892587 0
144 5.44370603561 80.24067 40.836497 -1.2914427 80.4883057345 43.1855444459 -1.19090316723 2.36206421595 5.76049090173 0
147 5.46010899544 80.334643 40.99259 -1.4510482 79.933835678 43.3237549203 -1.38480346314 2.36537024477 3.79554383722 0
150 5.41734290123 80.305505 41.173119 -1.6076845 80.0954905967 43.7316810836 -1.54797874942 2.56716691802 3.42088752064 0
153 5.47270202637 80.260339 41.240273 -1.7630876 78.6346700816 41.9391646296 -1.61996988621 1.76953353805 8.20004097378 0
156 5.46931195259 80.351916 41.337649 -1.9138236 79.0615267812 41.3028734763 -1.75605974198 1.29085772766 9.03920322407 0
159 5.40607595444 80.458888 41.424429 -2.0695544 78.9025102816 41.4058996593 -1.94781774604 1.5564880143 6.97499648389 0
162 5.46416592598 80.580246 41.530351 -2.2462491 79.1858678627 42.0939941998 -2.12972873687 1.50398937709 6.67612503478 0
165 5.47029018402 80.700832 41.575869 -2.3973477 78.6917770159 42.4373501774 -2.26371651817 2.18596700529 7.65650273008 0
168 5.44376182556 80.863789 41.557834 -2.56541 79.2710111918 42.9407381342 -2.21773427261 2.10935179399 19.9203518186 0
171 5.48503708839 80.910142 41.637692 -2.7112414 79.2773615389 43.1367101481 -2.37644277977 2.21653500816 19.1825479262 0
174 5.49256706238 81.000304 41.730578 -2.863125 79.6031705287 41.7836550764 -2.69384956263 1.39814130643 9.69876813652 0
177 5.46129393578 81.313486 41.614906 -3.0334876 79.5328855927 42.6108706983 -2.8429034783 2.04021653035 10.9196658155 0
180 5.43957209587 81.419836 41.643078 3.1037871 79.4197490899 43.0194385201 -3.02884603751 2.42790360786 8.62600391847 0
183 5.45173811913 81.472606 41.653948 2.9566422 78.6265748284 43.1914602057 -3.02455542508 3.23478549714 17.302619649 0
186 5.45641112328 81.600227 41.551467 2.7956666 79.7671828663 43.1863147843 2.92034363973 2.45617142595 7.1434681785 0
189 5.47652888298 81.705618 41.391179 2.6371497 79.5200420215 43.3455099489 2.83782824454 2.93191947634 11.4980336412 0
192 5.50251603127 81.817002 41.340993 2.4823985 79.0399777216 44.1365919563 2.7679591872 3.94046156782 16.3614221716 0
195 5.44666695595 81.903012 41.262396 2.332631 79.393441062 43.795875682 2.58322429499 3.5660153662 14.3579381774 0
198 5.44465184212 81.909487 41.089487 2.1583794 80.1832038783 44.077936794 2.37552548079 3.45121508855 12.441553967 0
201 5.48691701889 81.924053 40.998223 1.9975831 80.3469886366 42.9427289165 2.18110607979 2.50364439676 10.5150921858 0
204 5.43965101242 81.960862 40.844259 1.8446809 80.786295561 43.1616222151 1.93858278882 2.59803360067 5.38018191763 0
207 5.47096204758 81.927588 40.703608 1.6857979 80.3584412869 44.1064656917 1.89392775545 3.74722055354 11.9249623077 0
210 5.48408317566 81.924928 40.686406 1.5459903 80.1282403202 43.5881993837 1.64253501219 3.41298864059 5.53160454274 0
213 5.44377493858 81.81851 40.588718 1.3660151 81.0141816149 44.0649867147 1.64046880813 3.56810710715 15.7250391478 0
216 5.40973496437 81.824065 40.431016 1.2110526 81.3359911657 44.6115963044 1.54164040876 4.20897466724 18.9412862002 0
219 5.41663813591 82.277545 41.390368 1.1504821 81.5085347389 45.9298227764 1.39761416682 4.60413145429 14.1596244112 0
222 5.40554380417 82.927041 42.739254 1.1137092 82.0861393364 48.0145983706 1.36978743379 5.34194476161 14.6722020212 0
225 5.42414784431 83.677797 44.09726 1.084748 81.532670764 46.11449064 1.23897135707 2.9446198436 8.83634746247 0
228 5.44492697716 84.372874 45.412874 1.0478677 81.3750804768 46.9527158658 1.18233752451 3.37014524608 7.70455341628 0
231 5.42873597145 85.159381 46.677356 1.0274995 82.2865008608 49.1968627663 1.15347516755 3.82117189351 7.21787407212 0
234 5.46029996872 85.928298 47.908079 0.99952116 83.6447465357 50.0749782291 1.10062420946 3.1480247075 5.79277803001 0
237 5.53796887398 86.76373 49.194484 0.95689161 84.7330284651 51.2787242836 1.03877565755 2.90994953286 4.69161033382 0
240 5.43325018883 87.649962 50.387631 0.93226665 85.2347685475 51.7669366566 0.98471994628 2.78130248403 3.00535249841 0
243 5.40709900856 88.570925 51.559268 0.90792052 86.3416799231 52.4522960433 0.975381819681 2.4014646987 3.86524775219 0
246 5.41763186455 89.47196 52.652014 0.8832857 87.4935810582 54.5658972578 0.925155227483 2.75262281504 2.39894721496 0
249 5.38876914978 90.492516 53.754021 0.83763364 88.4673753015 56.3537057022 0.922498410123 3.2953839533 4.86239315739 0
252 5.43806695938 91.498687 54.898001 0.81217592 89.6856161637 57.4441830501 0.891391635023 3.12574293406 4.53872614193 0
255 5.41505885124 92.568948 55.94073 0.78340538 90.2861534111 58.8480132824 0.877819163394 3.69641004483 5.40951131636 0
258 5.45825695992 93.547241 56.960456 0.75288469 90.5480608893 59.0198179235 0.848714075392 3.63813865437 5.49061933632 0
261 5.44654798508 94.620679 57.928363 0.72990952 91.5041512435 59.7807305844 0.835199877733 3.62546699404 6.03269312154 0
264 5.41496300697 95.770396 58.899507 0.6896339 93.2477411944 61.5025827909 0.793903302528 3.6248849418 5.97419669718 0
267 5.40944600105 96.962501 59.840194 0.66858365 94.9527927352 61.8374464744 0.678842832539 2.83336279999 0.587807860731 0
270 5.42842102051 98.232224 60.772339 0.64204005 95.0960752482 63.2663855475 0.701138022807 4.0069560984 3.38606441965 0
273 5.40855002403 99.416545 61.686454 0.60185601 97.6493016181 64.4842008129 0.608090410173 3.3091594703 0.357204817689 0
276 5.45179891586 100.66015 62.48684 0.57932353 98.4543802301 64.8293828655 0.601430198412 3.21759651827 1.26661879911 0
279 5.43544411659 101.84252 63.245661 0.55317695 99.7927830534 65.5183259499 0.559584828067 3.06046197899 0.367144368884 0
282 5.43773198128 103.2489 64.041483 0.52149049 100.632843523 65.7324307362 0.53854215657 3.11497283098 0.976988528114 0
285 5.45265483856 104.5021 64.838724 0.48902664 101.68345523 66.5914969501 0.528758558603 3.31918233177 2.27647124792 0
288 5.45042490959 105.89753 65.50297 0.45749312 103.311115499 67.9428072464 0.498200169144 3.5556076502 2.3323421124 0
291 5.44048786163 107.23441 66.106065 0.425495 104.532448914 68.661935549 0.479716148186 3.71928326107 3.10664295141 0
294 5.4109120369 108.62185 66.694881 0.38650919 105.425463462 69.5016485247 0.450203002894 4.25380192775 3.64938665992 0
297 5.43223381042 110.08086 67.251857 0.35533208 106.720588573 69.9087515972 0.416418417619 4.28374987212 3.49998933146 0
300 5.47204303741 111.50781 67.766864 0.33459052 108.921210073 69.8137596537 0.367332997193 3.29852709525 1.87600575394 0
303 5.52069616318 112.87691 68.182524 0.30685182 109.459654208 70.0610550343 0.320396445568 3.89955330687 0.776049880151 0
306 5.43939185143 114.36462 68.651393 0.28808498 111.754263249 70.9680473179 0.338712799877 3.49010739031 2.9007604049 0
309 5.48352098465 115.83449 69.001579 0.25083859 112.743123788 71.3902011211 0.267144433855 3.90666874605 0.934256034283 0
312 5.51423192024 117.19736 69.329841 0.23044123 114.317453523 71.7485156727 0.293283048113 3.76083082453 3.60057095482 0
315 5.35777306557 117.78731 69.484411 0.20147117 116.012900071 73.0768496136 0.247092906019 4.00676250689 2.61393292796 0
318 5.43893694878 116.42938 69.228806 0.13415298 114.772105191 72.1063716853 0.219020125527 3.32068427654 4.86252925804 0
321 5.41841602325 114.80773 69.128985 0.0979988 113.353812634 72.1735102162 0.174777544976 3.37387158883 4.39909804343 0
324 5.36237597466 113.35769 69.056433 0.067460522 111.424066649 70.9870580496 0.182834168023 2.73243707106 6.61042298418 0
327 5.38953304291 111.81488 68.96352 0.032275621 110.6469367 70.524628066 0.163953670056 1.94965380146 7.5445964654 0
330 5.39277505875 110.29576 68.94659 -0.0039959963 108.662085974 71.6451972736 0.0667898290048 3.15457953479 4.05572903931 0
333 5.42141008377 108.74459 69.016615 -0.039899491 107.964239355 71.0648947953 0.0691860421108 2.19189353027 6.25014065318 0
336 5.44068217278 107.27384 69.125159 -0.081381225 105.971650728 71.3139495121 0.0266484303234 2.54686097115 6.18964331228 0
339 5.42381715775 105.77123 69.311189 -0.11875782 103.966986554 72.1001694696 -0.0487301263734 3.32170234567 4.01229129384 0
342 5.43599295616 104.23308 69.487176 -0.13593074 103.249299323 72.5802527003 -0.0812828711717 3.24575844669 3.13109224325 0
345 5.4382109642 102.67844 69.809947 -0.17996689 101.564009542 72.9118202948 -0.114505167094 3.29599350451 3.75068044215 0
348 5.42840409279 101.19539 70.111952 -0.20894349 99.1697152078 72.8225897076 -0.150274151309 3.38392008562 3.36150549383 0
351 5.44000315666 99.695937 70.47501 -0.24032587 98.3613355969 73.0989836201 -0.165904991243 2.94387473651 4.26400226045 0
354 5.4475440979 98.200311 70.897104 -0.28344925 96.5471009689 73.1802478638 -0.163603801478 2.81883829078 6.86663839417 0
357 5.37783813477 96.614615 71.415819 -0.3144709 95.7200612277 74.0477054048 -0.248866341232 2.77975763319 3.75886433422 0
360 5.43525886536 95.216051 71.909445 -0.34657274 93.9146098931 73.9151365837 -0.25477929928 2.39093029674 5.25937674026 0
363 5.37174201012 93.790761 72.497598 -0.38120404 91.9049341266 74.8367871971 -0.277388267693 3.00468785338 5.94820560006 0
366 5.41736698151 92.417114 73.016357 -0.35870282 90.3541200165 74.410927115 -0.251937849369 2.49013453086 6.11718221698 0
369 5.43968510628 91.055309 73.519772 -0.33819517 89.6630544776 74.0229866532 -0.215290310114 1.48040455357 7.04192975312 0
372 5.39418911934 89.614615 74.074076 -0.31837694 88.1181614022 76.3300961877 -0.270772088048 2.70721267311 2.7275571012 0
375 5.37180995941 88.314109 74.556366 -0.29979055 87.0374846624 76.3520127342 -0.207598051165 2.20320604876 5.28224108603 0
378 5.405575037 86.88131 74.994533 -0.2764152 84.416758282 75.6158400958 -0.123005200558 2.54166041748 8.78974550314 0
381 5.39417695999 85.443672 75.387112 -0.25727157 83.6879885199 75.8283615178 -0.112889783852 1.81028329809 8.27246698482 0
384 5.38344597816 84.055287 75.832526 -0.23267107 81.9505617481 75.9912762835 -0.0757658582171 2.11070368326 8.99000641877 0
387 5.42218494415 82.664555 76.128737 -0.22389476 80.4607181489 75.3035079566 -0.018641165412 2.35327428074 11.7601646998 0
390 5.37013912201 81.173968 76.455415 -0.20673661 78.7774313828 77.1221844985 -0.0394116454283 2.48756292816 9.58701427714 0
393 5.46364498138 79.819657 76.754609 -0.1833313 77.3142551788 77.9477955246 -0.0442754687513 2.77501934554 7.96731224723 0
396 5.39681887627 78.325485 77.027059 -0.15611548 75.744558964 78.1816811984 -0.0155333714613 2.82742491052 8.05476149432 0
399 5.43575191498 76.892215 77.264525 -0.13798763 74.374760446 77.7360416168 0.036889368945 2.56123121786 10.0197139735 0
402 5.44151997566 75.420868 77.548324 -0.12557438 73.0950378307 77.4977686131 0.0760273816646 2.32637955281 11.5509300858 0
405 5.43461990356 73.926916 77.691819 -0.097717287 70.6115864874 77.1602554352 0.109822498618 3.35767324211 11.891153797 0
408 5.43653392792 72.448195 77.857208 -0.08052134 70.0406582546 77.2920026298 0.134854368675 2.47299217361 12.3401191167 0
411 5.45432519913 71.010734 77.97039 -0.05919809 69.2327957789 77.5149382585 0.151668840952 1.83534754391 12.0817851824 0
414 5.365254879 70.665666 77.98114 -0.052809071 69.5936922181 78.9042003228 0.0966678913579 1.414626505 8.56439907755 0
417 5.41125202179 70.65903 77.973391 -0.052747867 69.5957639073 79.4755696481 0.113783578764 1.8404009005 9.5415489985 0
420 5.42722392082 70.662549 77.975477 -0.051931253 70.0348915189 79.2326256079 0.138740648675 1.40512509619 10.9246952377 0
423 5.40539908409 70.657477 77.975804 -0.053730261 70.4338625753 80.087756949 0.100015592845 2.12375814769 8.80898854298 0
426 5.44063901901 70.657208 77.964864 -0.053397677 70.0060842265 80.4701769732 0.0886574001184 2.58854307716 8.13915637729 0
