3 2.76269602776 58.425211 99.52669 -0.076600623 40.6691990719 92.4679867929 1.98147600964 19.107622839 117.919104965 0
6 2.7719810009 58.436309 99.5178 -0.082073852 86.8392314833 30.642198071 -2.2067449956 74.5021781337 -121.734689381 0
9 2.76802992821 59.138497 99.506199 -0.079127672 5.39426153272 32.4679861149 1.78260914247 85.9218530573 106.669662033 0
12 2.76839780807 60.588187 99.398001 -0.084356487 65.5602208777 9.1580136326 -1.69108974041 90.3768578838 -92.0590342236 0
15 2.74449396133 62.026729 99.268445 -0.080345137 136.931474083 131.547600375 -2.92218154257 81.5638688864 -162.825232106 0
18 2.76501893997 63.612811 99.142137 -0.077882356 26.0023103115 97.746358804 -0.790339175204 37.6363914159 -40.8207688257 0
21 2.77145600319 65.109709 99.045111 -0.075303117 74.7964422803 30.4028724297 -1.33303371346 69.3223608772 -72.0626549418 0
24 2.77891993523 66.576646 98.887554 -0.079079542 38.8409572799 77.5453964714 0.114186887574 34.9965157802 11.0733507362 0
27 2.75217890739 68.114632 98.811042 -0.080004433 55.7475496509 128.93343396 -2.1863982132 32.5622975727 -120.687473598 0
30 2.7706489563 69.601579 98.673025 -0.074381156 43.34315164 93.7085730489 0.015276676629 26.7235998809 5.13701540993 0
33 2.77076005936 71.154315 98.514904 -0.080273853 110.921992462 58.0256320751 2.89509611566 56.7525269193 170.476141694 0
36 2.80937004089 72.642873 98.438251 -0.077397051 69.5742813215 97.8772976935 -0.590274479964 3.1194428191 -29.3857120872 0
39 2.80220603943 74.179887 98.27586 -0.078945335 133.102934155 120.276065892 -0.595393954008 62.8962204371 -29.5903262045 0
42 2.76766419411 75.689674 98.17429 -0.079512997 43.3282620622 127.678463742 1.30973349996 43.792205366 79.5979609792 0
45 2.7743999958 77.259307 98.055637 -0.072379503 73.2476569722 97.6755283023 0.0403857102378 4.02961767019 6.46097079442 0
48 2.78356099129 78.667542 97.976243 -0.066300397 113.866674203 35.5341405324 -2.52920169715 71.67980935 -141.113849856 0
51 2.81611704826 80.25432 97.827625 -0.077582567 76.950589699 98.863196193 0.064887387449 3.46223072568 8.16292709735 0
54 2.78295493126 81.813353 97.68277 -0.074716444 79.0691463119 98.3219745633 0.154502623334 2.8176679756 13.1332851422 0
57 2.80568313599 82.622729 97.654646 -0.085105116 81.0107136782 97.9825312434 0.0888804442862 1.64502344374 9.96863830062 0
60 2.77341914177 81.436592 97.754867 -0.094486992 79.9783728441 98.8850730359 0.0241041524909 1.84493056518 6.79477206696 0
63 2.78904485703 79.890684 97.897701 -0.093381766 77.1718186098 98.7312516595 0.0762347263125 2.84377138887 9.71830914532 0
66 2.79490685463 78.411812 98.037468 -0.097953665 76.0411920967 98.0510647483 0.0877659903538 2.37065889521 10.6409524244 0
69 2.77802991867 76.931086 98.162597 -0.096433306 74.9206304301 98.9696995542 0.0183894702351 2.16641319501 6.57886047025 0
72 2.73993992805 75.443161 98.337547 -0.10164342 72.6024825748 98.9729105383 -0.0170741265882 2.91086597784 4.8454635889 0
75 2.74349808693 73.912871 98.553041 -0.10292365 71.236418019 98.4689951147 0.0505786921345 2.67777225887 8.79503634968 0
78 2.74857401848 72.413468 98.668417 -0.11145399 69.4875134645 97.1203091898 0.1167005553 3.31026399785 13.0722925224 0
81 2.76271295547 70.926618 98.82512 -0.11572496 70.2680284512 98.9450715616 -0.00279893506011 0.669424059153 6.47018462624 0
84 2.79262804985 69.460294 99.048845 -0.12091472 66.0526089493 99.1885690916 -0.0382034631128 3.41054837625 4.73900593786 0
87 2.75609016418 67.984026 99.205817 -0.12024712 66.1557392417 98.7429793955 -0.0173568315748 1.88596158995 5.89517927965 0
90 2.76595711708 66.409271 99.378533 -0.12589377 64.1039550245 98.6046223166 0.0337785640195 2.43175235019 9.14855084432 0
93 2.76311802864 64.97003 99.579245 -0.12534264 62.6355525327 99.5951450344 -0.00264788513101 2.33453161396 7.02989162239 0
96 2.79677009583 63.450289 99.830398 -0.13542326 60.6502068766 97.9542382407 0.0575001919104 3.37052449035 11.0536995636 0
99 2.77985787392 62.015499 100.01094 -0.13023941 60.0655035588 98.0950734438 0.0447495967982 2.73368375668 10.0261315507 0
102 2.76815795898 60.420275 100.24313 -0.1356293 57.6280233606 99.3189899446 -0.00420155277308 2.94120792527 7.53025522701 0
105 2.78091406822 58.989222 100.44438 -0.14088208 55.8415270229 99.4924726904 -0.00797273415955 3.28848159413 7.6151445745 0
108 2.78378415108 58.528509 100.58832 -0.24160345 56.1346039678 101.248798995 -0.162046020762 2.48334729886 4.55830492426 0
111 2.77824902534 58.390768 100.67023 -0.3827913 56.4303835912 99.1375024245 -0.209732389354 2.48844546879 9.91554518715 0
114 2.76540207863 58.26024 100.80046 -0.53685502 55.9944676495 101.152660021 -0.368824475675 2.29298259894 9.62744101912 0
117 2.75658798218 58.2435 100.85046 -0.70040996 56.3775695335 100.889022087 -0.455719133954 1.86632889395 14.019751618 0
120 2.77321791649 58.129433 100.95873 -0.85888639 56.5948677749 101.30992156 -0.47763550528 1.57423821004 21.8440666301 0
123 2.77490210533 58.21235 101.09089 -1.0276822 57.2109080998 102.14510193 -0.941202167231 1.45404562258 4.95494088984 0
126 2.77953696251 58.152327 101.12822 -1.1869287 56.0959236686 103.074643208 -1.21390591536 2.83149394605 -1.54568058315 0
129 2.76486706734 58.049715 101.26081 -1.3398137 56.239918861 101.515939272 -1.34057718758 1.82769062213 -0.0437446158975 0
132 2.76532697678 58.024835 101.49733 -1.4943786 54.5628632925 101.560512855 -1.26412259759 3.46254822008 13.1926971457 0
135 2.77371811867 58.064001 101.65215 -1.6522241 56.8025787908 102.465639659 -1.68500224182 1.50098348245 -1.87804918659 0
138 2.77392101288 58.104403 101.68885 -1.8037565 56.3437161405 102.879757702 -1.76753712944 2.12562446651 2.07521706948 0
141 2.76421284676 58.177183 101.78616 -1.9584038 57.9651860632 102.909230945 -2.0472616881 1.14290465408 -5.09118196484 0
144 2.77711510658 58.164815 101.89412 -2.1101089 56.5637655881 102.137626268 -2.0711184696 1.6194611826 2.23398710341 0
147 2.76153206825 58.333441 101.96561 -2.2758326 56.175614555 101.415100576 -2.24286066636 2.22694310483 1.88915263997 0
150 2.78538489342 58.547547 101.97367 -2.4518694 55.8770077484 101.918795368 -2.30957958262 2.67110297808 8.15260600336 0
153 2.75494217873 58.609003 102.09152 -2.5989269 55.5139783396 101.497297164 -2.51712569172 3.15155174918 4.68686399359 0
156 2.76272678375 58.561869 102.14088 -2.6173282 53.5590118783 103.044803382 -2.41254696629 5.08386239589 11.7331004148 0
159 2.76786208153 58.51155 102.01626 -2.5045701 55.086687195 102.484422001 -2.40476037024 3.45671243984 5.71867626937 0
162 2.78781199455 58.437648 101.90068 -2.3721379 53.7414859853 102.360388704 -2.11599891749 4.71860887979 14.6756826665 0
165 2.76714110374 58.147744 101.95537 -2.2082701 55.2615809852 102.375250911 -2.12312875158 2.91654537541 4.87823992648 0
168 2.76531600952 58.037351 101.82492 -2.0566813 54.6027600089 101.450039137 -1.94326341366 3.45498928178 6.49836620843 0
171 2.78810381889 57.944091 101.71587 -1.9011295 53.8712273328 101.417691477 -1.75529450823 4.08376405816 8.35572953377 0
174 2.77764391899 57.908577 101.57431 -1.7585036 52.5840181917 100.537516821 -1.48881773723 5.42456141988 15.4518617311 0
177 2.76883482933 57.841285 101.40683 -1.6171883 54.1839939022 101.749416052 -1.38622580122 3.6733014275 13.2331764059 0
180 2.78582119942 57.86028 101.30305 -1.4556073 54.7842999193 100.73894612 -1.39493760436 3.12727783286 3.4761175044 0
183 3.00199699402 57.788579 101.03213 -1.3093986 52.237619592 101.089933253 -1.06158356468 5.55126035823 14.198755624 0
186 2.77963590622 57.852229 100.87925 -1.1701135 53.2394389848 99.5885217875 -1.02126109227 4.78996983738 8.52861473314 0
189 2.76399302483 57.956865 100.8248 -1.0236231 53.477348573 101.843540921 -0.930670601635 4.59389817965 5.32578585152 0
192 2.74362301826 57.906072 100.67156 -0.85835482 51.2873714303 101.529888739 -0.474203847914 6.67412357201 22.0102293964 0
195 2.78247690201 57.990597 100.53155 -0.72265365 51.1991003022 102.230631851 -0.323120432077 7.00080756284 22.8915671623 0
198 2.7756960392 58.042848 100.37669 -0.56279892 54.2995116502 101.478870373 -0.154512768563 3.90222610864 23.393073311 0
201 2.797093153 58.157277 100.32166 -0.41301063 52.5676620542 104.522613671 -0.103497602039 6.99226765686 17.7337902065 0
204 2.76689505577 58.686264 100.08548 -0.29965148 54.8659811017 101.910788818 0.0632079159746 4.23394776822 20.790311946 0
207 2.79005408287 59.980629 99.666017 -0.30408986 56.340484864 102.896595512 0.00257577198334 4.86695868613 17.5706464344 0
210 2.80084586143 61.363687 99.173884 -0.32636207 56.2437213015 102.072024327 -0.00333443907375 5.8833040131 18.5081199182 0
213 2.97960686684 62.885593 98.69498 -0.37512441 59.9256142879 100.592997604 -0.212520353736 3.51624015116 9.31652615563 0
216 2.7627248764 64.287236 98.118834 -0.4012694 60.664823529 100.489818713 -0.271957684341 4.32936954091 7.40901554886 0
219 2.7720849514 66.572969 97.068508 -0.44319642 63.5004066393 98.4754469185 -0.335033284749 3.37936629873 6.19729114877 0
222 2.75564789772 67.896132 96.441291 -0.47211549 64.6900169354 96.9970284089 -0.375551893826 3.25392345869 5.53268651536 0
225 2.76371383667 69.150612 95.708615 -0.49267498 66.3579094865 96.7132513358 -0.385608935907 2.96790860645 6.13443245569 0
228 2.75861978531 70.465141 94.973778 -0.52461339 67.6722719023 96.5912948164 -0.443660801071 3.22745696301 4.63824168631 0
231 2.76046895981 71.675984 94.192345 -0.54871183 69.0212496666 95.2732601676 -0.434565330893 2.86635517343 6.54011264502 0
234 2.75805020332 72.999296 93.402727 -0.58180979 70.3690789704 94.8673535669 -0.486278917638 3.01051035592 5.47351579956 0
237 2.73766803741 74.284244 92.44261 -0.63095882 71.9703785542 92.9731618495 -0.540271435682 2.37391208058 5.19600437647 0
240 2.7505209446 75.447368 91.599491 -0.66374929 73.119355159 93.062521408 -0.517852226346 2.74956392229 8.35928599074 0
243 2.74632191658 76.572595 90.665594 -0.69142624 73.7438092328 92.6143288839 -0.578592889919 3.43505408465 6.46487474797 0
246 2.77926397324 77.783785 89.658033 -0.71509647 75.2123864229 91.2818835951 -0.642226630012 3.04121380333 4.17513428511 0
249 2.76155400276 78.874801 88.696028 -0.74032963 76.9580370921 89.7868747767 -0.660807665667 2.20543205945 4.55627293486 0
252 2.76045489311 80.03236 87.613917 -0.7252394 77.7142893858 88.4743540454 -0.632717551922 2.47261062071 5.30111140762 0
255 2.74027609825 81.079285 86.604124 -0.70281223 79.3656281848 87.4703977794 -0.634691447839 1.92016924809 3.90303331495 0
258 2.76258111 82.380517 85.593177 -0.66953842 79.7689171162 87.0525296314 -0.614828124782 2.99168247912 3.13466901192 0
261 2.75313782692 83.553536 84.670161 -0.64546431 80.5640666331 86.5748363801 -0.59138415589 3.54467423035 3.09856458593 0
264 2.77860403061 84.753159 83.736184 -0.60820056 81.9761193905 85.1231024559 -0.571828761921 3.10410885698 2.08395052321 0
267 2.77220392227 85.938286 82.919631 -0.58097683 83.5714120012 83.5584048568 -0.514946107919 2.45155554012 3.78328169346 0
270 2.74288606644 87.249998 82.030848 -0.55954063 85.2328970101 83.8472731038 -0.480689865794 2.71442379909 4.5178160004 0
273 2.77425909042 88.578333 81.141585 -0.52544337 85.6648667752 82.6619639771 -0.490174167486 3.28631064833 2.02077645086 0
276 2.78111600876 89.874585 80.458812 -0.49549775 87.8775725927 82.0548859791 -0.451773797197 2.55646449255 2.50519795926 0
279 2.79102396965 91.229191 79.664539 -0.46697991 88.6077121491 82.100110367 -0.385395131597 3.57828998957 4.67446347498 0
282 2.7590239048 92.640842 79.007823 -0.44436504 89.8949506335 80.7609284591 -0.357530023053 3.25780572588 4.975279985 0
285 2.76623296738 93.942666 78.269838 -0.40450827 91.2228828368 80.4106423537 -0.339889302938 3.46125175848 3.70239408916 0
288 2.77009010315 95.385584 77.620959 -0.38607018 92.8324726452 80.2271974433 -0.31067601943 3.64840463944 4.31976720057 0
291 2.76779198647 96.747733 77.074345 -0.36376533 94.7970465804 79.2385712375 -0.273944939075 2.91359789862 5.14632931422 0
294 2.73134493828 98.250871 76.540386 -0.33417824 96.0689144802 78.9393481703 -0.246961076044 3.24283113171 4.9971753958 0
297 2.78025317192 99.752933 76.027378 -0.30758365 96.9437554407 79.0814386443 -0.220729487451 4.14954997302 4.9763769472 0
300 2.74766993523 100.00981 75.897783 -0.33361957 98.299854426 79.1577295225 -0.181168784519 3.68119537578 8.73478659154 0
303 2.76046395302 98.714105 76.429985 -0.36219797 96.2759067585 79.1734810864 -0.229808610133 3.67036530078 7.58535157282 0
306 2.7511639595 97.284888 77.028291 -0.39087517 94.8342016205 79.2823560021 -0.289886521022 3.32966556341 5.7862233652 0
309 2.7665848732 95.817851 77.649213 -0.42317241 94.592614444 79.8366495871 -0.331492730295 2.50720630202 5.25285871423 0
312 2.76910591125 94.571565 78.35291 -0.46228827 93.4233033936 80.5495781588 -0.348054259925 2.47868023688 6.54512665415 0
315 2.74651408195 93.13187 79.138887 -0.4938927 90.2500718435 79.586285591 -0.306853672668 2.91632064668 10.7165468704 0
318 2.77335095406 91.836662 79.862922 -0.52529077 89.5145273701 81.3688795818 -0.389326189795 2.76770978925 7.79019660902 0
321 2.7666721344 90.529269 80.702102 -0.55721841 88.2043800662 80.1553042233 -0.312566498983 2.38832501202 14.0175219511 0
324 2.75641703606 89.308886 81.573217 -0.59808232 87.7497029018 82.0811845516 -0.433751135144 1.63984236043 9.41548333465 0
327 2.76431894302 88.100372 82.484783 -0.6409076 86.132038543 82.8325179912 -0.456624746025 1.99881370367 10.5586297694 0
330 2.78084182739 86.96204 83.432583 -0.67310863 84.5068714384 83.2794476052 -0.476223064945 2.45993965675 11.2807119247 0
333 2.77695417404 85.711036 84.448892 -0.70015711 84.238859189 83.7859240717 -0.510743612149 1.61456837478 10.8525940097 0
336 2.74184298515 84.630521 85.38864 -0.74348817 82.177826023 86.2116016485 -0.601315026862 2.58707914939 8.14592106192 0
339 2.74719905853 83.531548 86.470864 -0.76732045 80.903752601 87.1557612304 -0.631084017561 2.71558333975 7.80577259466 0
342 2.76523017883 82.436303 87.632765 -0.79615086 80.290322165 87.8435253287 -0.662865873459 2.15630555817 7.63666720123 0
345 2.77360296249 81.390428 88.717115 -0.83255466 77.5032354255 87.274885507 -0.623614041466 4.1461177048 11.9714156109 0
348 2.77442097664 80.091493 90.270385 -0.85191671 76.6953895319 88.4789657307 -0.592552581556 3.83962260703 14.8604699169 0
351 2.76426506042 79.121061 91.3195 -0.83027867 77.3600262424 91.9831388504 -0.71763817868 1.88192984489 6.45382475489 0
354 2.77157306671 78.091476 92.534394 -0.81038411 75.1167865226 90.5220069828 -0.598695541051 3.59144525139 12.128861572 0
357 2.76160883904 77.093441 93.512556 -0.78090008 74.9484615857 93.5184977553 -0.649446939625 2.1449876438 7.53171014726 0
360 2.78303194046 76.051262 94.597058 -0.76703211 73.7288367848 93.5661926109 -0.58384743242 2.54093335814 10.4957088968 0
363 2.76684999466 75.027276 95.58972 -0.75132884 72.3446205292 94.3167513173 -0.586472393119 2.96935845635 9.44557863181 0
366 2.78443312645 73.852657 96.593273 -0.72312741 70.6203764312 94.0320493578 -0.501575374788 4.12401554566 12.6939965602 0
369 2.76367211342 72.811015 97.559971 -0.70587276 69.9231202614 96.6921170403 -0.553936676026 3.01547782557 8.70529636747 0
372 2.76518678665 71.630899 98.505259 -0.68120937 69.4951141122 99.0588989404 -0.588940184791 2.20637582257 5.2866348916 0
375 2.74931716919 70.538887 99.423882 -0.66641532 67.6473606544 99.1486130861 -0.495785050411 2.90459938408 9.77639430466 0
378 2.77168393135 69.331788 100.31013 -0.63648641 66.6327621051 100.147417759 -0.491618238763 2.70392604464 8.30033479763 0
381 2.76167678833 68.205766 101.18772 -0.63190253 66.1717569662 102.134733234 -0.528370384652 2.24366370386 5.93195497239 0
384 2.73881387711 66.997353 102.01418 -0.604237 64.2091421173 103.197524609 -0.466816762121 3.02893122907 7.87359965017 0
387 2.74520397186 65.749881 102.79371 -0.58263231 64.4223911311 103.331986459 -0.456682953991 1.43247020843 7.21636653169 0
390 2.75355505943 64.390622 103.72927 -0.540005 61.794725562 104.201619265 -0.390995460188 2.6385208252 8.53761773844 0
393 2.77752995491 63.066948 104.49561 -0.5165186 61.1736670822 104.804060091 -0.409638247866 1.91824244867 6.12379309016 0
396 2.78619003296 62.072466 105.11862 -0.50368551 59.1216727819 105.797759477 -0.382531785311 3.02793841493 6.94159709697 0
399 2.75479984283 62.084059 105.11634 -0.50537083 58.464293413 104.780498642 -0.316690147415 3.63531186044 10.8106067878 0
402 2.77716207504 62.06969 105.12384 -0.50501376 58.7155402698 105.820233733 -0.299914980428 3.42568017248 11.7512944528 0
405 2.75593495369 62.088061 105.11683 -0.50531554 58.8398129568 105.213070737 -0.325128010572 3.24967346508 10.3239849571 0
408 2.94787192345 62.080145 105.11527 -0.50526072 58.7570014368 106.092503717 -0.327145697293 3.46385174042 10.205239069 0
411 2.7861430645 62.084425 105.11388 -0.50526675 57.634929638 106.638069496 -0.334902701671 4.70331400149 9.76114095002 0
414 2.7892510891 62.090561 105.10315 -0.50372534 58.1353595173 106.334688256 -0.319190439818 4.14249987873 10.5730709533 0
