3 2.70178294182 31.520043 41.394881 -0.0070850614 32.5950559164 123.649299693 0.417201459945 82.26144326 24.3098269773 0
6 2.69191980362 31.529937 41.402987 -0.0081764059 73.9804022267 107.156416014 -2.40005983344 78.2659276129 -137.044825485 0
9 2.7778840065 31.522543 41.401068 -0.0068718684 35.3990143011 17.1444043578 -2.90590421919 24.5644613374 -166.102318372 0
12 2.82627391815 31.528168 41.375423 -0.0049451513 59.6928538257 74.6043034644 -1.90323746462 43.5592472912 -108.764137835 0
15 2.8082549572 31.523843 41.397689 -0.0081913964 82.3789399022 22.7250552628 -0.20870385871 54.1747924003 -11.4885178302 0
18 2.87365198135 31.52518 41.394772 -0.0077822512 104.839223875 142.216349508 2.8132435644 124.659293759 161.632873132 0
21 2.81976413727 31.646202 41.400982 -0.0069641742 127.520845234 46.4508962726 2.42353609331 96.0075457942 139.257407434 0
24 2.74769902229 32.968315 41.348607 -0.0066445448 16.5872910703 15.0458092357 2.60959767483 30.9866925504 149.899637369 0
27 2.7487680912 34.520488 41.363888 -0.010157874 86.5339714513 115.058390725 0.294881779851 90.2013425212 17.4774847498 0
30 2.78750109673 35.981317 41.339656 -0.012968194 39.7527018378 119.403954481 1.65760541016 78.1553455682 95.716816884 0
33 2.7902431488 37.47125 41.3168 -0.01805047 54.7792770995 66.4341380045 -1.38524261188 30.5032534414 -78.3343395131 0
36 2.79578709602 39.051821 41.275587 -0.019803098 20.9951943061 101.538774315 1.56620453712 62.9102019778 90.8715437682 0
39 2.76775503159 40.609584 41.247017 -0.013659721 22.1991455969 100.61093157 -1.10984938017 62.1531865259 -62.8070410164 0
42 2.76712703705 42.081473 41.279186 -0.014178183 65.7829977494 51.4169131356 1.32060796908 25.7785916396 76.4776130669 0
45 2.77778983116 43.552295 41.213208 -0.0092852628 86.7965686684 124.484590202 -0.011275219838 93.8306469068 -0.114016139688 0
48 2.75637102127 45.079977 41.189892 -0.010404952 67.6621233003 59.5614035065 -0.814635704629 29.1112652862 -46.0790278803 0
51 2.78218698502 46.640834 41.096545 -0.012029947 70.4163587022 107.789180823 -1.44452643146 70.803836392 -82.0760027268 0
54 2.8319580555 48.21014 41.103056 -0.013219293 77.061385758 53.1758349852 0.944366807967 31.2753317203 54.8656421058 0
57 2.76069402695 49.69993 40.993437 -0.019411138 124.230691326 140.729391416 3.06984673324 124.507409366 177.00143785 0
60 2.75123214722 51.221815 41.026894 -0.026800957 121.580551911 139.5944928 2.98858873939 121.102945434 172.769103191 0
63 2.72128915787 52.707826 40.957156 -0.02058299 120.724985643 137.209396119 -3.05066948851 117.859355733 -173.611167924 0
66 2.69885015488 54.31159 40.951842 -0.027308534 118.540359937 139.972688066 3.06313884008 118.027381752 177.069591342 0
69 2.89426994324 55.778879 40.909196 -0.015002614 121.399593146 140.554961499 3.11146672753 119.312014093 179.133498047 0
72 2.69992995262 57.331901 40.836464 -0.018380323 36.3334012732 92.9540953422 -0.193594068541 56.1888288497 -10.0390081322 0
75 2.72299313545 58.848313 40.76075 -0.022921269 55.604931574 42.3143152736 -0.0303713372011 3.59626029835 -0.426857465008 0
78 2.72056412697 60.388876 40.75568 -0.012358794 58.9501614116 42.2579419139 -0.0816879002692 2.08006983646 -3.97226518664 0
81 2.70981502533 61.86858 40.735896 -0.015077049 115.080841493 142.082050976 2.98092599016 114.466536165 171.658329552 0
84 2.70953702927 63.333062 40.668539 -0.013920495 62.8758067047 42.2108286587 -0.0271894665168 1.60864532963 -0.76025606639 0
87 2.70430898666 64.876385 40.58717 -0.032109511 62.5108992614 43.139052442 -0.0475842919971 3.47960152561 -0.886639640021 0
90 2.72699284554 66.44697 40.579857 -0.020157695 65.1522730608 42.2242047074 -0.000926921376389 2.0928735144 1.1018421654 0
93 2.85286903381 67.930314 40.55804 -0.02084507 65.6559354314 42.261565486 0.0469253082954 2.84161872088 3.88295665233 0
96 2.71220517159 69.414343 40.447992 -0.021831497 68.9235228465 43.084384145 0.0294088481152 2.68169125096 2.9358555159 0
99 2.79331707954 70.999462 40.351868 -0.031419309 69.363040529 40.9179471166 -0.0279209986591 1.73156599558 0.200438417959 0
102 2.72354698181 72.481812 40.325422 -0.028226015 71.0950313778 40.4888289428 -0.030846876933 1.39637470726 -0.150164327449 0
105 2.71299791336 74.028193 40.279112 -0.026102315 72.6749043327 42.465264186 -0.0119903161735 2.57111874431 0.80855797325 0
108 2.70623087883 75.500101 40.224463 -0.026983514 74.3153982404 41.7619968441 0.0213534741361 1.9410128671 2.76950541457 0
111 2.73723292351 77.104162 40.159206 -0.035689283 75.9878124791 41.7988762652 0.00416866925439 1.98362164517 2.28369244421 0
114 2.7378680706 78.584191 40.097894 -0.03659834 77.7369631701 41.7648720637 0.00740807546916 1.86992268843 2.52138187788 0
117 2.71520495415 80.1084 40.071744 -0.024096447 78.0507516266 42.5254941045 -0.0514810453346 3.20231266489 -1.56902190823 0
120 2.71381282806 80.881063 40.047709 -0.06972902 78.669759689 41.6807855622 -0.0236602908381 2.74896369406 2.63954374851 0
123 2.72817516327 80.819811 40.085383 -0.20196514 78.2128138438 41.2232563228 -0.1820259011 2.84450169115 1.14243423569 0
126 2.7351770401 80.673305 40.189426 -0.34415967 79.4328210656 42.3522728236 -0.331394446926 2.49333246356 0.731393406658 0
129 2.7981698513 80.559381 40.228255 -0.49611957 79.0479441672 42.1728508729 -0.470229491255 2.46290365396 1.48339224337 0
132 2.70986199379 80.474435 40.358509 -0.64523249 78.5801126085 42.6845656464 -0.647194896979 2.99983280288 -0.112437637557 0
135 2.74133586884 80.446897 40.445937 -0.81868337 78.0410121549 41.9061725223 -0.756427931644 2.81435066552 3.56697386953 0
138 2.72247385979 80.377523 40.602704 -0.97166139 79.6442131477 44.3925059454 -0.947029480853 3.86009612896 1.41130443548 0
141 2.7381439209 80.303277 40.677658 -1.1291983 79.3302740229 42.1150791811 -1.02627743451 1.73577488327 5.89693121633 0
144 2.78708910942 80.24067 40.836497 -1.2914427 79.3284528868 44.2298919433 -1.16033771578 3.51386813968 7.51176226869 0
147 2.75313210487 80.334643 40.99259 -1.4510482 79.2191456424 43.1416005319 -1.33612246447 2.42127665111 6.58475960329 0
150 2.73463797569 80.305505 41.173119 -1.6076845 79.5170537374 44.1676547013 -1.53650823691 3.09659481683 4.07809947651 0
153 2.7098698616 80.260339 41.240273 -1.7630876 78.6667976379 42.3429426577 -1.62132503168 1.93784789053 8.12239685776 0
156 2.76504802704 80.351916 41.337649 -1.9138236 78.7167981417 41.0742213344 -1.71527259564 1.6562018432 11.3761345679 0
159 2.72239995003 80.458888 41.424429 -2.0695544 78.8287233525 40.3616113728 -1.91461986732 1.94602622971 8.8770948236 0
162 2.74359917641 80.580246 41.530351 -2.2462491 78.4210349019 41.6992485607 -2.07922856581 2.16580676704 9.56957170092 0
165 2.72808003426 80.700832 41.575869 -2.3973477 80.3013156127 42.4947813856 -2.31454025102 1.0020046487 4.74451733853 0
168 2.72506809235 80.863789 41.557834 -2.56541 80.0843854269 42.4412679533 -2.145111721 1.17810249111 24.0813175236 0
171 2.71804499626 80.910142 41.637692 -2.7112414 80.4327909838 41.6977496533 -2.618215716 0.481114242519 5.32997907945 0
174 2.73207712173 81.000304 41.730578 -2.863125 80.1595795008 42.1155517034 -2.69958491813 0.924674232274 9.37015647232 0
177 2.71187901497 81.313486 41.614906 -3.0334876 80.3715426075 43.4688276213 -2.80936179689 2.07949097923 12.8414625983 0
180 2.73169898987 81.419836 41.643078 3.1037871 80.5521057063 44.2620993349 -3.05904377918 2.75902675147 6.89580077011 0
183 2.73784589767 81.472606 41.653948 2.9566422 78.9988234365 43.1637812381 -3.08744168945 2.89813674252 13.6995021115 0
186 2.7266869545 81.600227 41.551467 2.7956666 79.3723998209 43.5304883889 2.99261293454 2.97988919215 11.2841937598 0
189 2.74890613556 81.705618 41.391179 2.6371497 79.9221896198 42.4352726507 2.70003286512 2.06657889735 3.60293996386 0
192 2.7287800312 81.817002 41.340993 2.4823985 79.5204857439 44.6912740378 2.84580936178 4.06181855168 20.8219086094 0
195 2.73825788498 81.903012 41.262396 2.332631 79.8980011475 43.4001013735 2.56301135399 2.93084506288 13.1998219664 0
198 2.73502898216 81.909487 41.089487 2.1583794 80.0683971824 42.8069204517 2.34317613055 2.51777468758 10.5880727285 0
201 2.72797203064 81.924053 40.998223 1.9975831 80.0083889514 44.5841823154 2.15220592564 4.06557166449 8.85923532566 0
204 2.73634290695 81.960862 40.844259 1.8446809 81.3474976232 43.307268452 2.02936332935 2.53823391738 10.5815237522 0
207 2.7679028511 81.927588 40.703608 1.6857979 79.5969635118 43.3668061785 1.84019073677 3.53898785574 8.84605793384 0
210 2.74094390869 81.924928 40.686406 1.5459903 80.821216587 45.3584470557 1.88007405885 4.8006402187 19.1415893859 0
213 2.7379629612 81.81851 40.588718 1.3660151 79.7266064917 43.9927770707 1.50957026906 3.995457226 8.22510531423 0
216 2.70652198792 81.824065 40.431016 1.2110526 81.057947754 44.9853407689 1.53766713914 4.61831243372 18.7136346204 0
219 2.71857404709 82.277545 41.390368 1.1504821 80.7277658346 47.0395081655 1.44321409684 5.85786651184 16.7723079477 0
222 2.71704816818 82.927041 42.739254 1.1137092 82.5898842382 48.6526548743 1.44667202871 5.92300469205 19.07736482 0
225 2.74107789993 83.677797 44.09726 1.084748 81.350249052 49.110159809 1.36645144147 5.52690183966 16.1404182707 0
228 2.6907749176 84.372874 45.412874 1.0478677 81.9167641449 53.4921702151 1.50699260463 8.44437700197 26.3059193049 0
231 2.71760702133 85.159381 46.677356 1.0274995 82.498622229 48.5720270942 1.12965476037 3.26640716887 5.85306527448 0
234 2.69223189354 85.928298 47.908079 0.99952116 83.9758699536 49.9700599669 1.13384379142 2.83967265442 7.69611987318 0
237 2.68899583817 86.76373 49.194484 0.95689161 85.8727103743 51.1877237699 1.11021500455 2.18332790794 8.78478340844 0
240 2.71298718452 87.649962 50.387631 0.93226665 86.5219370772 52.732059554 1.00148051838 2.60168896513 3.96566254204 0
243 2.70860505104 88.570925 51.559268 0.90792052 86.7119405635 52.7454824904 0.920458154766 2.20520474155 0.718353557145 0
246 2.69966197014 89.47196 52.652014 0.8832857 82.4731864056 57.9834907315 1.39925488744 8.79815184938 29.5628567992 0
249 2.70693993568 90.492516 53.754021 0.83763364 81.480343357 59.5813633002 1.24935232453 10.7320628973 23.5897429701 0
252 2.70265293121 91.498687 54.898001 0.81217592 82.2291463385 60.0688348875 1.29814206252 10.6142313508 27.8438089529 0
255 2.71371793747 92.568948 55.94073 0.78340538 89.1528763025 58.3396950205 0.847197341215 4.17427586685 3.65501014446 0
258 2.71193194389 93.547241 56.960456 0.75288469 90.6106310538 59.3584577384 0.871333873365 3.7913177542 6.78663829361 0
261 2.72533202171 94.620679 57.928363 0.72990952 90.2228225932 60.2266877891 0.820973189289 4.96220090392 5.21756391721 0
264 2.71195316315 95.770396 58.899507 0.6896339 93.1203938255 61.8490250603 0.778319513986 3.96511895314 5.0813113849 0
267 2.70838999748 96.962501 59.840194 0.66858365 94.5899346847 62.0358095106 0.73105546758 3.23261479159 3.57937148586 0
270 2.7240729332 98.232224 60.772339 0.64204005 96.7773633014 63.1025486856 0.689895497218 2.74708879202 2.74191515229 0
273 2.73736000061 99.416545 61.686454 0.60185601 98.4615397015 64.2681960002 0.635937376402 2.75271263953 1.95271845488 0
276 2.72921299934 100.66015 62.48684 0.57932353 98.9171367515 64.1229386413 0.618327448827 2.39058861966 2.23475993323 0
279 2.72346186638 101.84252 63.245661 0.55317695 99.9375220157 65.5171101084 0.571062377185 2.96454016202 1.02475949246 0
282 2.69246792793 103.2489 64.041483 0.52149049 100.868381439 65.7451722454 0.568999668199 2.92735813763 2.72207539895 0
285 2.66722202301 104.5021 64.838724 0.48902664 101.507936519 66.2491117572 0.530500266573 3.30971427462 2.37626376373 0
288 2.68964195251 105.89753 65.50297 0.45749312 102.998015438 68.3275056015 0.51088473267 4.04786191203 3.05911406737 0
291 2.6775598526 107.23441 66.106065 0.425495 105.269367573 69.3337443843 0.532392387399 3.77879689167 6.12476913893 0
294 2.67645311356 108.62185 66.694881 0.38650919 105.458615547 69.276626268 0.490126231131 4.08307002558 5.93681914243 0
297 2.70175504684 110.08086 67.251857 0.35533208 106.674450817 70.1679709933 0.430501424591 4.48412135704 4.30688619381 0
300 2.69670701027 111.50781 67.766864 0.33459052 108.903717213 69.6018237 0.388569786677 3.18565163536 3.09278416183 0
303 2.69100308418 112.87691 68.182524 0.30685182 109.468296646 71.1058310425 0.292549613615 4.49047537164 -0.819456063594 0
306 2.68437504768 114.36462 68.651393 0.28808498 111.105826755 71.1757500364 0.352516338823 4.12214893698 3.69164492888 0
309 2.70246982574 115.83449 69.001579 0.25083859 112.583380201 70.896881841 0.289139221763 3.76322837233 2.19446455271 0
312 2.70561909676 117.19736 69.329841 0.23044123 113.867371527 71.570858503 0.273109708925 4.01384886088 2.44472376063 0
315 2.6600060463 117.78731 69.484411 0.20147117 115.293943167 73.1462203252 0.23672791311 4.43009319304 2.02006257957 0
318 2.66935515404 116.42938 69.228806 0.13415298 113.603535887 72.8915530558 0.197265907172 4.62613347672 3.61610435969 0
321 2.68687415123 114.80773 69.128985 0.0979988 112.398609881 72.2314208696 0.227666902826 3.92797251402 7.42943502942 0
324 2.6828379631 113.35769 69.056433 0.067460522 111.580305638 71.2640204581 0.142226950458 2.83417316984 4.2838007999 0
327 2.6861410141 111.81488 68.96352 0.032275621 111.115823298 70.9291873945 0.135787731696 2.08627145354 5.93080707138 0
330 2.70983982086 110.29576 68.94659 -0.0039959963 108.875812568 71.8248094122 0.0656502428328 3.20942326502 3.99043556127 0
333 2.7108540535 108.74459 69.016615 -0.039899491 107.345660444 71.2074904241 0.0628464037726 2.59941128473 5.88690613276 0
336 2.71038389206 107.27384 69.125159 -0.081381225 105.831813352 70.9873638411 0.0333343542671 2.35525958709 6.5727185364 0
339 2.72358608246 105.77123 69.311189 -0.11875782 104.049530668 71.9055082394 -0.00575236969521 3.11363788913 6.47473536444 0
342 2.69911003113 104.23308 69.487176 -0.13593074 102.409114336 72.55932197 -0.0840661104887 3.57280444543 2.97162437701 0
345 2.71456408501 102.67844 69.809947 -0.17996689 100.995170723 72.0831333375 -0.0356854125626 2.82856351924 8.26671971907 0
348 2.70095205307 101.19539 70.111952 -0.20894349 99.6399761976 72.9343354884 -0.149185502003 3.22260153482 3.42388050443 0
351 2.73185706139 99.695937 70.47501 -0.24032587 97.5201079865 73.9015880754 -0.220893929954 4.05902318329 1.11336815236 0
354 2.69278907776 98.200311 70.897104 -0.28344925 96.5401052688 73.2759261098 -0.169157236615 2.90087533339 6.54844999904 0
357 2.72104001045 96.614615 71.415819 -0.3144709 95.9274270744 74.0227286328 -0.212790197599 2.69596088226 5.82587510548 0
360 2.71026706696 95.216051 71.909445 -0.34657274 93.5989535822 73.5923311893 -0.20961037093 2.3339044506 7.84736569982 0
363 2.72217702866 93.790761 72.497598 -0.38120404 91.9002518685 74.945728447 -0.273867214766 3.09311614097 6.14994707225 0
366 2.72349381447 92.417114 73.016357 -0.35870282 91.0682889902 75.3614494138 -0.312725981929 2.70532573567 2.63427877682 0
369 2.74423694611 91.055309 73.519772 -0.33819517 89.6271912804 74.1342221116 -0.196337695934 1.55469262579 8.12783455635 0
372 2.72967791557 89.614615 74.074076 -0.31837694 88.1363791285 75.7918647388 -0.2187423869 2.26626994041 5.7086393863 0
375 2.70944714546 88.314109 74.556366 -0.29979055 86.3520689354 76.2067435697 -0.185829940028 2.56385400087 6.52946198214 0
378 2.70434212685 86.88131 74.994533 -0.2764152 84.6053110684 76.0218667272 -0.135997974808 2.49711548064 8.04531437443 0
381 2.71236801147 85.443672 75.387112 -0.25727157 83.6803689498 76.1998248947 -0.107825715434 1.94158180263 8.56261673236 0
384 2.70742201805 84.055287 75.832526 -0.23267107 81.4249539897 75.1034609176 -0.0195425808 2.72950318545 12.2113629252 0
387 2.69093394279 82.664555 76.128737 -0.22389476 80.9072660199 75.5520401678 -0.0300197493166 1.84949825518 11.1082198652 0
390 2.69753408432 81.173968 76.455415 -0.20673661 79.1141016676 77.1184932214 -0.0211986622255 2.16395980441 10.630541347 0
393 2.680975914 79.819657 76.754609 -0.1833313 77.447020843 77.9161751617 -0.0436424721685 2.64171124112 8.00358027988 0
396 2.68864393234 78.325485 77.027059 -0.15611548 75.7055265197 77.7133725706 0.0335602662078 2.7083590522 10.8676197337 0
399 2.70243597031 76.892215 77.264525 -0.13798763 74.0666386684 78.3562068957 -0.00626099042157 3.02913369908 7.54738049728 0
402 2.69718599319 75.420868 77.548324 -0.12557438 72.255890614 77.4239620729 0.100792927978 3.16741972947 12.9698913669 0
405 2.71503996849 73.926916 77.691819 -0.097717287 71.9577981976 77.8821640797 0.0402273092042 1.97829627944 7.90364316914 0
408 2.92272186279 72.448195 77.857208 -0.08052134 69.8848518549 77.3302872402 0.119023303293 2.61693973311 11.4330658851 0
411 2.74176096916 71.010734 77.97039 -0.05919809 69.7128324707 79.1293388764 0.0259140911205 1.74003186118 4.87656876336 0
414 2.7104640007 70.665666 77.98114 -0.052809071 69.5588943468 78.9951340694 0.108999251889 1.5010421264 9.27093399162 0
417 2.7067399025 70.65903 77.973391 -0.052747867 70.0205926191 79.9306817895 0.0553563752633 2.05878350585 6.19391682914 0
420 2.70149517059 70.662549 77.975477 -0.051931253 70.3593399709 79.5240221306 0.138987588547 1.57795048621 10.9388438502 0
423 2.72201085091 70.657477 77.975804 -0.053730261 70.8421351014 80.1719199135 0.116293572928 2.20386563108 9.74164810073 0
426 2.71836614609 70.657208 77.964864 -0.053397677 70.4719556123 80.1803643726 0.127281507627 2.22323196002 10.352154725 0
