3 2.73096895218 31.520043 41.394881 -0.0070850614 13.9567048945 39.8906447528 -2.60130370335 17.6276365998 -148.637779318 0
6 2.74183082581 31.529937 41.402987 -0.0081764059 94.3502889367 17.9762653248 -1.07446148969 67.0463116502 -61.0936350588 0
9 2.73589015007 31.522543 41.401068 -0.0068718684 26.6497254882 55.5077953669 -2.50069603349 14.9246141494 -142.885599507 0
12 2.7793879509 31.528168 41.375423 -0.0049451513 64.7715598347 68.7686512705 -1.71816748734 43.0756550241 -98.1604092228 0
15 2.72960495949 31.523843 41.397689 -0.0081913964 77.3464144147 68.3184013606 2.61055016593 53.1453930747 150.042839157 0
18 2.74069094658 31.52518 41.394772 -0.0077822512 145.732107447 79.850627239 -2.9644501197 120.507572704 -169.404590287 0
21 2.73223400116 31.646202 41.400982 -0.0069641742 72.3492446027 108.346532377 2.82721688464 78.3482252028 162.386613048 0
24 2.74425792694 32.968315 41.348607 -0.0066445448 140.350157008 28.2262043684 1.36435305185 108.18067038 78.5523760107 0
27 2.74721288681 34.520488 41.363888 -0.010157874 32.2699594211 37.9121546666 -2.20981516435 4.12059970019 -126.031079112 0
30 2.74376678467 35.981317 41.339656 -0.012968194 78.089835405 33.7026053807 -1.18715723058 42.7954654657 -67.2760761463 0
33 2.75297999382 37.47125 41.3168 -0.01805047 117.854709616 133.93876774 0.39613668381 122.639021065 23.7311758418 0
36 2.71922898293 39.051821 41.275587 -0.019803098 58.8800132307 45.0791958578 2.7618519302 20.1897163794 159.377093177 0
39 2.71770191193 40.609584 41.247017 -0.013659721 16.3756981571 109.557350133 1.65103588293 72.4816034304 95.3800322791 0
42 2.73958396912 42.081473 41.279186 -0.014178183 12.6338396397 76.1938054524 -2.2911581196 45.674870137 -130.461340403 0
45 2.75569701195 43.552295 41.213208 -0.0092852628 26.8972910105 40.157154259 -2.63113683083 16.688451318 -150.221029358 0
48 2.70641994476 45.079977 41.189892 -0.010404952 23.0169536014 89.8909297264 0.74900218531 53.4655784324 43.5108239 0
51 2.73264503479 46.640834 41.096545 -0.012029947 110.493645249 78.5433705657 -0.968761208706 74.0232818064 -54.816663424 0
54 2.73324799538 48.21014 41.103056 -0.013219293 140.599988415 14.7012768675 -2.06984550419 96.0881784167 -117.836001937 0
57 2.72832918167 49.69993 40.993437 -0.019411138 70.3646852075 105.907941983 1.25881154095 68.1243353365 73.2367647819 0
60 2.75573515892 51.221815 41.026894 -0.026800957 121.487541896 139.083230831 -3.13752951857 120.632987068 -178.231617789 0
63 2.7403280735 52.707826 40.957156 -0.02058299 121.227932311 138.212441365 3.10404379317 118.968884589 179.027927229 0
66 2.74291086197 54.31159 40.951842 -0.027308534 36.7581167718 92.1360799892 1.40500393432 54.1105409408 82.0654593787 0
69 2.74735212326 55.778879 40.909196 -0.015002614 38.7713591287 90.6800015167 -0.850751903303 52.5964714972 -47.8849070081 0
72 2.73388886452 57.331901 40.836464 -0.018380323 34.4049554813 92.9324799175 2.44139499201 56.9178329286 140.934744101 0
75 2.70361399651 58.848313 40.76075 -0.022921269 57.7602659815 40.9078220523 0.0769103333525 1.09794193969 5.71992947683 0
78 2.72446513176 60.388876 40.75568 -0.012358794 58.3507773986 40.7917722795 0.117565127625 2.03841815182 7.44409236689 0
81 2.71469283104 61.86858 40.735896 -0.015077049 61.489010654 41.0427225521 0.0506100797299 0.488073172231 3.76359524456 0
84 2.72845411301 63.333062 40.668539 -0.013920495 61.4438069031 40.8439132483 0.0273871683158 1.89737738684 2.36675476954 0
87 2.74665808678 64.876385 40.58717 -0.032109511 63.0570024634 40.6428494542 0.100390951397 1.82023433002 7.59171727887 0
90 2.75461411476 66.44697 40.579857 -0.020157695 64.8169376782 40.5545966775 0.0722090424329 1.63022803747 5.2922242223 0
93 2.75948214531 67.930314 40.55804 -0.02084507 65.7689397535 41.2972639727 0.049163046297 2.28429216943 4.01116959548 0
96 2.74943709373 69.414343 40.447992 -0.021831497 68.4927332066 42.2860156522 0.0149021627631 2.05613607463 2.10468367049 0
99 2.75672292709 70.999462 40.351868 -0.031419309 69.9591153856 42.165495148 0.0705979063884 2.09082866588 5.84515587943 0
102 2.70885801315 72.481812 40.325422 -0.028226015 70.4338350292 41.5755330734 0.0977334430904 2.39937228641 7.21694533834 0
105 2.73065090179 74.028193 40.279112 -0.026102315 72.2885400721 42.5225358326 0.0820721871363 2.83889816695 6.19794242334 0
108 2.7474091053 75.500101 40.224463 -0.026983514 75.1240886665 42.1543420771 0.00744205379811 1.96616848906 1.97243974217 0
111 2.7165389061 77.104162 40.159206 -0.035689283 76.3327563373 40.8715363179 0.0814503342567 1.04999103723 6.71160568259 0
114 2.77334022522 78.584191 40.097894 -0.03659834 77.3093600506 41.7988408682 0.0255643924211 2.12565618055 3.56166221073 0
117 2.72180008888 80.1084 40.071744 -0.024096447 78.5911793143 41.098406208 0.08801939231 1.83193719834 6.42376440903 0
120 2.72332000732 80.881063 40.047709 -0.06972902 79.9483924215 41.7321762024 -0.00942543093775 1.92543609709 3.45514114276 0
123 2.74500513077 80.819811 40.085383 -0.20196514 78.5096514098 41.2480345906 -0.149032885011 2.5862320185 3.03279481096 0
126 2.72350001335 80.673305 40.189426 -0.34415967 79.3272858267 41.7121620916 -0.284512439388 2.03236138996 3.41753457369 0
129 2.74577617645 80.559381 40.228255 -0.49611957 79.1089486833 41.8675052653 -0.475989657884 2.18881139837 1.1533590062 0
132 2.73235583305 80.474435 40.358509 -0.64523249 78.7367313893 41.9692152446 -0.57974094024 2.36938566824 3.75238939503 0
135 2.73251414299 80.446897 40.445937 -0.81868337 78.6100399687 42.4332399718 -0.722999180986 2.70618123104 5.48230019663 0
138 2.74460506439 80.377523 40.602704 -0.97166139 78.4627768341 42.671796894 -0.879771557843 2.81911303143 5.26489956275 0
141 2.70138692856 80.303277 40.677658 -1.1291983 79.2981811716 42.1655263814 -1.00083390423 1.79554168555 7.35473811715 0
144 2.70851492882 80.24067 40.836497 -1.2914427 81.1904683909 44.426414687 -1.2192385172 3.71343856591 4.13699493782 0
147 2.70731282234 80.334643 40.99259 -1.4510482 79.4230580625 43.752080665 -1.31182242067 2.90616170029 7.97704955489 0
150 2.7081990242 80.305505 41.173119 -1.6076845 78.9909875428 43.364791261 -1.44286115971 2.55565714544 9.44368176386 0
153 2.72869992256 80.260339 41.240273 -1.7630876 78.747675191 41.8971912917 -1.6069662248 1.64914930831 8.94509589067 0
156 2.7151620388 80.351916 41.337649 -1.9138236 78.1241925482 41.5391317583 -1.66129692433 2.23681628199 14.4687127304 0
159 2.70168089867 80.458888 41.424429 -2.0695544 77.6822072095 40.7939090842 -1.82327463666 2.84736923783 14.1107910189 0
162 2.74322795868 80.580246 41.530351 -2.2462491 79.0579740732 42.121793318 -2.12643732558 1.63313068508 6.86470901011 0
165 2.7187230587 80.700832 41.575869 -2.3973477 79.2575158597 41.9250273085 -2.25729952298 1.48494882245 8.02416947159 0
168 2.74199390411 80.863789 41.557834 -2.56541 80.3249489567 41.8894572157 -2.28862918023 0.632710478392 15.8583728232 0
171 2.7491209507 80.910142 41.637692 -2.7112414 79.800457891 43.1869904034 -2.44948714064 1.90570836295 14.9974143307 0
174 2.74461507797 81.000304 41.730578 -2.863125 79.4158431041 41.6554049097 -2.61387857892 1.58624314783 14.2807679868 0
177 2.77286720276 81.313486 41.614906 -3.0334876 78.1145547974 43.9107040984 -2.60734169972 3.93749282508 24.4163615427 0
180 2.75369000435 81.419836 41.643078 3.1037871 78.8001733283 43.4586413078 -2.8214533414 3.18730334895 20.5087301074 0
183 2.72570300102 81.472606 41.653948 2.9566422 78.3459625827 43.3350795043 -2.9624723459 3.54994397054 20.8597180656 0
186 2.73720693588 81.600227 41.551467 2.7956666 79.5862914234 44.2497456707 3.09619140894 3.36699336078 17.2188031914 0
189 2.73585700989 81.705618 41.391179 2.6371497 79.5028467146 43.8413781061 2.90579809761 3.29479544054 15.3924193559 0
192 2.73195099831 81.817002 41.340993 2.4823985 77.8045564056 43.5159739384 2.76983725874 4.56401815628 16.4690277443 0
195 2.72693800926 81.903012 41.262396 2.332631 79.2743359352 43.8420284734 2.58557862677 3.68299355849 14.4928314518 0
198 2.75881314278 81.909487 41.089487 2.1583794 80.7428312074 44.8301005073 2.35842913876 3.91832555427 11.4620057237 0
201 2.7499768734 81.924053 40.998223 1.9975831 80.9354479762 43.7906112266 2.25791082004 2.96222414771 14.9156796488 0
204 2.7123939991 81.960862 40.844259 1.8446809 80.2748506518 44.1650570355 1.99112335231 3.72428971198 8.39053445866 0
207 2.73487114906 81.927588 40.703608 1.6857979 80.7054039533 44.2593618991 2.00148110028 3.75993612112 18.087315039 0
210 2.73869895935 81.924928 40.686406 1.5459903 80.1726973 44.541658675 1.6572618838 4.23477102265 6.37539213121 0
213 2.71765303612 81.81851 40.588718 1.3660151 80.684181111 44.0311782522 1.55563660008 3.62453233069 10.8645116593 0
216 2.73797678947 81.824065 40.431016 1.2110526 80.5119220111 44.0074690303 1.50970879992 3.8095584392 17.1117397806 0
219 2.7179749012 82.277545 41.390368 1.1504821 81.8757026317 46.852311667 1.48768054432 5.47670575355 19.3200477179 0
222 2.72444415092 82.927041 42.739254 1.1137092 81.7475383151 48.3801010668 1.37816218762 5.76284497574 15.15204007 0
225 2.72046494484 83.677797 44.09726 1.084748 81.8995726621 47.5086118949 1.33614164854 3.84699929122 14.4037950576 0
228 2.71188092232 84.372874 45.412874 1.0478677 81.9635857577 56.0937775249 1.49634279482 10.9492634429 25.69573015 0
231 2.73337292671 85.159381 46.677356 1.0274995 81.7128985141 50.6788301684 1.25287437229 5.28110187806 12.9130289908 0
234 2.72758197784 85.928298 47.908079 0.99952116 84.391108731 49.7909382894 1.17364099573 2.4306603943 9.9763317168 0
237 2.7308678627 86.76373 49.194484 0.95689161 85.6393770462 50.9598119158 1.13654855042 2.09297687876 10.2935844464 0
240 2.73662590981 87.649962 50.387631 0.93226665 86.3083672746 51.508147661 1.00181651218 1.74797997555 3.98491356838 0
243 2.73342299461 88.570925 51.559268 0.90792052 87.2317740264 52.1256033405 0.967148413138 1.45398110306 3.39350830629 0
246 2.72217297554 89.47196 52.652014 0.8832857 82.6482449917 59.0244067756 1.35795934865 9.33651306438 27.1967967136 0
249 2.71820282936 90.492516 53.754021 0.83763364 82.1471977184 59.6943743673 1.28398934825 10.2436387748 25.5742982444 0
252 2.71849322319 91.498687 54.898001 0.81217592 82.112244401 60.0644623608 1.28212779188 10.7143654809 26.926258833 0
255 2.71344184875 92.568948 55.94073 0.78340538 81.9064034641 60.8682794552 1.22053077673 11.7460886943 25.0454403509 0
258 2.71865487099 93.547241 56.960456 0.75288469 90.350588725 60.0186228747 0.82400656593 4.42390895031 4.07498332182 0
261 2.72154808044 94.620679 57.928363 0.72990952 90.9293274248 60.4967275899 0.793337991027 4.49695153613 3.63418369083 0
264 2.72695994377 95.770396 58.899507 0.6896339 93.3204526739 60.728677933 0.805852127151 3.05746440753 6.65881391826 0
267 2.72978711128 96.962501 59.840194 0.66858365 94.5837020798 61.3013742808 0.7189166447 2.79172565193 2.88386816656 0
270 2.73020100594 98.232224 60.772339 0.64204005 94.4059004637 63.7685012444 0.72366403894 4.85980863817 4.67671007327 0
273 2.72399687767 99.416545 61.686454 0.60185601 99.09870978 64.5417555476 0.646542814917 2.87293685187 2.56036532165 0
276 2.71691393852 100.66015 62.48684 0.57932353 99.5049470924 65.0355747474 0.604445199106 2.79831066364 1.43936561408 0
279 2.72950696945 101.84252 63.245661 0.55317695 100.064743156 65.3140874087 0.574916870336 2.72743071707 1.24560568218 0
282 2.71195006371 103.2489 64.041483 0.52149049 100.143634895 66.0074825872 0.557475371344 3.67529940941 2.06178182729 0
285 2.71284484863 104.5021 64.838724 0.48902664 102.424404325 65.4219999874 0.53975961608 2.15801533688 2.90678541153 0
288 2.68982601166 105.89753 65.50297 0.45749312 102.799762503 67.9782216741 0.516465375973 3.96522815431 3.37886137561 0
291 2.68198895454 107.23441 66.106065 0.425495 104.663600529 68.6989052088 0.50933824424 3.65128493644 4.80386403561 0
294 2.71338200569 108.62185 66.694881 0.38650919 106.357191974 69.1194984684 0.478101521051 3.31774710381 5.24785400501 0
297 2.69423604012 110.08086 67.251857 0.35533208 106.377469859 70.1406441488 0.506900853448 4.69682762398 8.68425102453 0
300 2.7121720314 111.50781 67.766864 0.33459052 108.568726846 70.1016509198 0.370855546136 3.7535902476 2.07783294151 0
303 2.71660685539 112.87691 68.182524 0.30685182 109.072260479 70.7680365563 0.343970288091 4.60002534324 2.12673156359 0
306 2.70582294464 114.36462 68.651393 0.28808498 111.030794532 71.9239204614 0.353669375838 4.67159803853 3.75770908342 0
309 2.71929693222 115.83449 69.001579 0.25083859 113.350731373 70.1859902147 0.340933385661 2.75170616926 5.16205154749 0
312 2.71150684357 117.19736 69.329841 0.23044123 114.174549249 71.7025004303 0.247477034913 3.8427721252 0.976079722116 0
315 2.69786500931 117.78731 69.484411 0.20147117 115.207401731 72.3563281032 0.273883387223 3.8605484746 4.14891443206 0
318 2.67937088013 116.42938 69.228806 0.13415298 115.126225864 71.4786645265 0.274841083448 2.60001424839 8.06083455527 0
321 2.7022819519 114.80773 69.128985 0.0979988 112.442823163 71.6948357251 0.290790834581 3.48946619007 11.0461699052 0
324 2.69799113274 113.35769 69.056433 0.067460522 111.71868074 71.0695595177 0.188806518916 2.59596412327 6.95261348411 0
327 2.67780685425 111.81488 68.96352 0.032275621 109.999114328 71.2782882202 0.158234979936 2.94196480075 7.21693965722 0
330 2.70556616783 110.29576 68.94659 -0.0039959963 108.457713906 71.8063927935 0.0786317756107 3.39954194897 4.73422260105 0
333 2.72125411034 108.74459 69.016615 -0.039899491 107.842224104 71.034812446 0.0988197502671 2.21074311977 7.94802706186 0
336 2.70727109909 107.27384 69.125159 -0.081381225 105.741107307 72.2966628596 0.0134401549083 3.522457415 5.43286487635 0
339 2.72895097733 105.77123 69.311189 -0.11875782 104.131207772 72.1733459118 -0.03291555451 3.29872931553 4.91839951642 0
342 2.700111866 104.23308 69.487176 -0.13593074 102.555337188 73.2477373098 -0.092003190044 4.11784437619 2.51686321683 0
345 2.72500014305 102.67844 69.809947 -0.17996689 99.6218146738 73.6136804899 -0.0546540173723 4.87968716696 7.17989872023 0
348 2.70059490204 101.19539 70.111952 -0.20894349 100.065327372 73.0583014089 -0.161491242558 3.15563248547 2.71881350683 0
351 2.71532917023 99.695937 70.47501 -0.24032587 98.0741417799 72.9467602456 -0.144569793319 2.95631003318 5.48641905654 0
354 2.7298078537 98.200311 70.897104 -0.28344925 96.5181916561 72.5139003475 -0.13097679067 2.33314292666 8.73602841157 0
357 2.70393896103 96.614615 71.415819 -0.3144709 96.4523591174 74.6988071404 -0.269219377425 3.28699529986 2.59272126008 0
360 2.68814301491 95.216051 71.909445 -0.34657274 93.9184351417 74.0913286412 -0.257606098825 2.5385868391 5.09741305677 0
363 2.71635007858 93.790761 72.497598 -0.38120404 92.637149057 75.115013549 -0.310059708335 2.86036442982 4.07626994066 0
366 2.72762012482 92.417114 73.016357 -0.35870282 91.0225667984 74.2134962011 -0.231788628475 1.83790755056 7.27164753472 0
369 2.72169780731 91.055309 73.519772 -0.33819517 89.5357353813 74.6184662898 -0.236870081922 1.87516215968 5.80549990569 0
372 2.7054579258 89.614615 74.074076 -0.31837694 88.0965253955 76.1253778435 -0.267216696736 2.55194735459 2.9312660179 0
375 2.72954583168 88.314109 74.556366 -0.29979055 87.558249088 76.555806381 -0.174363174576 2.13754205657 7.18645924719 0
378 2.71672701836 86.88131 74.994533 -0.2764152 84.6061437594 76.5083470888 -0.161095696872 2.73276682462 6.60732082476 0
381 2.68889904022 85.443672 75.387112 -0.25727157 83.7188922397 76.0093838829 -0.0938540246628 1.83359960673 9.36313564621 0
384 2.6940331459 84.055287 75.832526 -0.23267107 81.9612793384 76.2394033103 -0.108752798728 2.13317069934 7.09999394845 0
387 2.70858001709 82.664555 76.128737 -0.22389476 80.995141548 74.4856218881 0.0301120349134 2.34238522553 14.5535173162 0
390 2.70410108566 81.173968 76.455415 -0.20673661 78.7465560237 77.3585838425 -0.0419922957814 2.58998896922 9.4391539035 0
393 2.73985886574 79.819657 76.754609 -0.1833313 76.0894102599 77.4326220032 0.0157965345053 3.79136418388 11.4091845007 0
396 2.71727800369 78.325485 77.027059 -0.15611548 74.604616998 77.8780248407 0.0242729170282 3.816936147 10.3354938228 0
399 2.72374987602 76.892215 77.264525 -0.13798763 73.2881079198 77.3243039188 0.0892686441866 3.6046028026 13.0208253788 0
402 2.71316885948 75.420868 77.548324 -0.12557438 72.6550462181 77.990813148 0.032302849321 2.80099389059 9.04569892131 0
405 2.72212409973 73.926916 77.691819 -0.097717287 71.2863935977 77.4148062359 0.0844322635324 2.65501311271 10.4364004857 0
408 2.70527386665 72.448195 77.857208 -0.08052134 70.0645771872 77.3778966861 0.0874640127706 2.43133157198 9.62485173377 0
411 2.7110850811 71.010734 77.97039 -0.05919809 69.7440354597 78.6461227523 0.0970334701607 1.43566707303 8.95140902395 0
414 2.73078608513 70.665666 77.98114 -0.052809071 69.8831023612 79.1172463899 0.126731314573 1.37954469951 10.2869063455 0
417 2.70313405991 70.65903 77.973391 -0.052747867 70.174535952 80.2367591832 0.0509319215351 2.31464252434 5.94041430387 0
420 2.73093605042 70.662549 77.975477 -0.051931253 69.8916404794 79.6373744123 0.117845661599 1.83199425659 9.72750066527 0
423 2.70941901207 70.657477 77.975804 -0.053730261 70.5785692217 80.980911435 0.0699343709237 3.00614323237 7.08546148427 0
426 2.71280193329 70.657208 77.964864 -0.053397677 71.3036601052 79.8161408974 0.170559274115 1.96089940466 12.8317880915 0
