3 12.9320771694 72.513547 45.80148 1.6808269 99.9479922408 77.5474768495 0.477287756641 41.9578014395 -68.9577133933 0 0.004
6 12.9522600174 72.505015 45.806851 1.6805552 15.6446992705 49.5029427466 -1.72109173508 56.9803176461 165.099987226 0 0.002
9 13.0335969925 72.51553 45.801787 1.6811119 89.6722117457 138.022652153 -1.45184564996 93.80319663 -179.505245006 0 0.004
12 13.1782641411 72.511327 45.798497 1.6805172 116.614917628 57.9983096164 -3.01575805146 45.7598310106 90.9232486596 0 0.008
15 13.0411841869 72.518426 45.80176 1.6806948 133.628290297 67.4785435714 -2.80462413313 64.8405618453 103.010155361 0 0.006
18 12.9392888546 72.509508 45.806599 1.6825332 17.586716441 12.3238135359 -0.277672261822 64.3242563507 -112.311499941 0 0.004
21 13.032515049 72.510969 45.800989 1.6811293 89.6149628321 79.783606647 -0.681042333512 38.0442493309 -135.342465086 0 0.004
24 13.4390218258 72.522343 45.818169 1.6838228 70.6034438996 113.805547002 -1.5760934373 68.0144524451 173.220558036 0 0.008
27 13.2136778831 72.508499 45.799812 1.6808804 139.336153547 31.9899162865 -0.536778031968 68.2396412059 -127.062468553 0 0.004
30 12.9192531109 72.523901 45.815543 1.6832165 126.75921308 61.5117265727 1.96529179393 56.460953367 16.1617238473 0 0.004
33 12.9342808723 72.511009 45.802779 1.6808191 78.6305260009 27.6421755041 2.8852358754 19.1639246413 69.0079980054 0 0.008
36 13.3440599442 72.527172 45.853315 1.6851825 54.5324628558 114.031565959 0.822368951755 70.5130020707 -49.4355748212 0 0.006
39 13.0353729725 72.188088 49.017093 1.6798669 39.2382037768 93.5257915805 -0.349708175319 55.3779660123 -116.286086021 0 0.01
42 13.0823879242 71.804616 53.279503 1.6643548 87.3379731815 47.4397819247 1.24944501288 16.594804234 -23.7725796809 0 0.008
45 13.0036070347 71.568933 57.324136 1.642571 55.296943025 104.004978739 -2.60941967599 49.4356019136 116.378879737 0 0.01
48 12.8959751129 71.37336 61.652431 1.6431927 73.7161812265 125.797941108 -1.97080551101 64.1882799143 152.933155341 0 0.014
51 13.0204398632 71.165072 65.844712 1.6344026 44.5509089178 109.794384788 2.32304788441 51.3798347094 39.4564683781 0 0.008
54 13.1520838737 70.960331 70.343426 1.6128178 114.441186253 106.776737173 1.68935202882 56.7271622463 4.38508829954 0 0.004
57 12.9334959984 70.885213 74.631613 1.6236159 18.4213202093 73.9136993013 -2.43363452005 52.4688045112 127.536674503 0 0.006
60 13.2390460968 70.832043 79.069602 1.6124517 42.6867293794 84.4944901978 -2.24731464268 28.6633579812 138.851678658 0 0.008
63 12.9649348259 70.841819 83.283634 1.5826474 52.4239421258 129.860812156 2.57487998357 50.0864424125 56.8507393338 0 0.01
66 13.3409719467 70.897044 87.066595 1.5142468 26.4631135466 77.961536526 -2.02753936303 45.3572074245 157.070600921 0 0.006
69 13.0527470112 70.898205 87.488163 1.2381173 49.8317932415 71.291191687 -1.88617010193 26.573211776 -179.008482117 0 0.012
72 12.9819619656 70.648486 87.373684 0.94938085 49.4496962004 71.0609311418 -2.09987439284 26.7487307134 -174.709456073 0 0.018
75 12.8799619675 70.490448 87.162959 0.64684814 50.2031516328 71.045849186 -2.68439425302 25.9101451684 169.133870345 0 0.024
78 12.9541130066 73.090524 88.460194 0.4660111 53.6089888247 107.586414784 3.02414270366 27.3009621493 146.570144329 0 0.012
81 12.9581468105 76.750616 90.291223 0.4640309 48.1442963614 107.49718394 2.956631344 33.3821301767 142.815485454 0 0.028
84 13.2056779861 80.704264 92.172539 0.45240664 115.089464972 97.6463568435 -0.832169341187 34.8181666331 -73.6007821859 0 0.01
87 13.0302290916 84.637734 93.972859 0.42386385 59.537781527 104.839537278 -2.50136315725 27.3512762216 -167.603161633 0 0.016
90 12.9138860703 88.678811 95.730817 0.41656148 88.0176632313 111.506764455 2.18522180859 15.7897952638 101.336772221 0 0.018
93 13.0566108227 92.647535 97.41769 0.40779386 96.1539104201 89.7847064271 -3.06291635712 8.39982778462 161.142952646 0 0.014
96 13.0087931156 96.759828 99.128022 0.39320766 86.5837007879 135.414120304 2.16418256876 37.6859986626 101.469387895 0 0.034
99 12.9645979404 100.07577 100.58602 0.32958371 85.0535132476 140.272697645 2.17074378684 42.4346624876 105.490701811 0 0.042
102 13.1369819641 100.12714 100.52966 0.1390585 82.8833036619 140.31981627 1.91464798006 43.3659593193 101.733783355 0 0.028
105 12.9554209709 100.08551 100.52401 -0.14356162 80.9482629682 122.196664992 1.47411225676 28.9125958426 92.6858857668 0 0.014
108 13.051846981 99.772178 100.71077 -0.40700642 96.4896850393 103.588228839 -0.38294628981 4.36514941398 1.37854391444 0 0.016
111 13.054910183 99.760338 100.7618 -0.66729138 96.5923621724 103.192642575 -0.528467432122 3.99312740472 7.95402630874 0 0.014
114 13.0994348526 99.638101 100.95548 -0.8821311 79.6321854014 121.20070106 0.811538573738 28.462354694 97.0401241945 0 0.02
117 12.9964478016 99.549051 101.11221 -1.1251977 97.5239342286 103.930099161 -1.16311628369 3.47010046856 -2.17257481064 0 0.042
120 12.9137589931 100.80276 98.46873 -1.1938854 98.8713630485 100.162494403 -1.1604438932 2.56887758319 1.91605719996 0 0.04
123 13.0574159622 102.35582 94.496879 -1.1822805 100.506370953 96.0804038697 -1.1559695574 2.43475107335 1.50750596591 0 0.092
126 13.4004571438 103.84912 90.431736 -1.1842505 102.074136633 92.3396883351 -1.18294783578 2.60592556796 0.0746371622136 0 0.098
129 13.0182259083 105.46668 86.336829 -1.1831903 103.472542881 88.6642039035 -1.17753953099 3.06484204985 0.323765215329 0 0.152
132 13.0647969246 106.96067 82.891423 -1.1821311 105.41404189 83.9063520327 -1.15710531301 1.84990255217 1.43387197378 0 0.206
135 13.0419669151 108.13488 79.987125 -1.1809983 106.847115991 81.8563182078 -1.17457612068 2.26985008103 0.367963770412 0 0.42
138 13.0080180168 109.11096 77.465416 -1.174964 107.876731906 79.1012756811 -1.16597513175 2.049232999 0.515024213469 0 0.516
141 13.1773130894 110.00241 75.115832 -1.1797573 108.089111435 77.6925273481 -1.18418168698 3.20937226212 -0.253498700667 0 0.51
144 12.95261693 110.9669 72.896666 -1.1819268 109.819821094 75.3123366764 -1.15704111355 2.67418302189 1.42584480401 0 0.53
147 13.0369329453 111.79529 70.750926 -1.1680053 109.338630601 73.8460947204 -1.17898834281 3.95161293757 -0.629281999211 0 0.426
150 13.0636041164 112.62755 68.634671 -1.166408 110.394125042 71.4991117446 -1.17972743818 3.63224556191 -0.763147592951 0 0.588
153 13.1813640594 113.50263 66.493746 -1.1746568 111.443612403 69.1111960184 -1.16589207552 3.33025495441 0.50218172102 0 0.594
156 12.9192979336 114.39844 64.423702 -1.1690506 113.374474261 67.6765144401 -1.16365579676 3.41017515759 0.309099457242 0 0.616
159 12.9837930202 114.9392 62.935672 -1.1627449 113.905208829 65.9776145591 -1.14810481566 3.21287290057 0.838815044492 0 0.67
162 12.9192910194 115.58582 61.52951 -1.1720902 114.392424154 63.8225493606 -1.13191760436 2.58499964294 2.30172018241 0 0.634
165 12.8136250973 116.16312 60.165609 -1.1710096 114.610356341 62.9300024618 -1.15845864959 3.17063813626 0.719116487218 0 0.672
168 12.9550418854 116.71267 58.758483 -1.1690165 115.177524952 61.7117183068 -1.1795095616 3.32840338527 -0.601208143626 0 0.636
171 12.9032781124 117.29804 57.404001 -1.1730259 114.978728669 60.5372222655 -1.17259427745 3.89824069902 0.0247301503784 0 0.67
174 13.1090669632 117.3062 57.346669 -1.1782941 115.063987027 60.259064581 -1.21169541194 3.67553629224 -1.91375420428 0 0.628
177 12.8472909927 117.30973 57.394113 -1.1925087 114.877506361 60.0172165471 -1.25705347311 3.57720338398 -3.69814308856 0 0.604
180 12.7172658443 117.3509 57.478875 -1.2542253 115.08970786 59.694427044 -1.30704678227 3.16570067322 -3.02644800167 0 0.502
183 12.6991288662 117.31554 57.561663 -1.3141336 115.376495504 61.0895520094 -1.37004871057 4.02565453324 -3.20369984654 0 0.56
186 13.5042359829 117.31761 57.625945 -1.389572 115.150095695 60.4048487298 -1.4262107926 3.52426222077 -2.09924818265 0 0.56
189 13.2530031204 117.34247 57.653648 -1.4539696 115.247630741 60.7781425068 -1.47105072818 3.76175722825 -0.978676554096 0 0.514
192 13.0176749229 117.36058 57.739095 -1.5147103 115.58324375 60.6585927895 -1.56282948423 3.41795135838 -2.75702617002 0 0.486
195 12.9175970554 117.34118 57.80351 -1.5718326 115.17031227 59.7776568622 -1.60614756383 2.93426694977 -1.96610260161 0 0.44
198 12.8363940716 117.32521 57.826191 -1.6475747 115.343543223 59.957776264 -1.64441076925 2.91043964913 0.181279878614 0 0.49
201 12.8820631504 117.28663 57.948056 -1.7072698 116.028742299 60.1111912035 -1.72025123063 2.50228603012 -0.743781187381 0 0.442
204 12.9114990234 117.37131 58.006137 -1.7818651 116.310424241 59.8777113671 -1.76991455373 2.15134125717 0.684715864369 0 0.344
207 12.8980751038 117.40314 57.989067 -1.8555926 115.875364728 59.421528982 -1.82228152882 2.0942885691 1.9085837898 0 0.324
210 13.340182066 117.02719 57.008887 -1.8977403 117.459492351 59.7131621755 -1.880395446 2.73861087912 0.993786930605 0 0.324
213 12.8642971516 116.38504 55.250118 -1.9095407 114.853129437 56.7952932636 -1.86893159119 2.17584847097 2.32673054459 0 0.378
216 12.9196610451 115.67443 53.450651 -1.9075572 115.709942633 55.4766783275 -1.84542407032 2.02633854006 3.5599660987 0 0.438
219 12.9990129471 115.02136 51.574537 -1.9165104 114.16294828 53.632798276 -1.89713528881 2.23009196244 1.11011209853 0 0.466
222 12.9800958633 114.35753 49.684701 -1.9233127 114.358299348 51.6243812718 -1.88987712872 1.93968042442 1.91571712013 0 0.532
225 12.9923861027 113.59486 47.870819 -1.9110101 113.206714846 50.0849253242 -1.88845040192 2.24787087602 1.29257548712 0 0.53
228 12.8378529549 112.87829 45.986656 -1.9118326 112.23863755 47.830227465 -1.9136434458 1.95138694337 -0.103753821424 0 0.466
231 12.7778189182 112.17059 44.128463 -1.9122248 111.908799817 46.025485892 -1.9208601358 1.91500129319 -0.494768295848 0 0.412
234 13.1476049423 111.43202 42.277019 -1.9027456 110.571476814 44.1886759231 -1.93008194124 2.09641760305 -1.56625698046 0 0.484
237 13.0379829407 110.82393 40.37458 -1.9174412 109.990956485 42.7065123834 -1.93326415427 2.47623777485 -0.906588499073 0 0.45
240 13.0037691593 110.14399 38.567468 -1.912432 109.669418992 40.9234581443 -1.91592946322 2.40331171544 -0.200389881482 0 0.42
243 12.852684021 109.42625 36.696167 -1.9074722 109.175950346 38.8853848076 -1.90791366855 2.20348009426 -0.0252942847458 0 0.56
246 12.7892420292 108.96452 35.308972 -1.917648 108.629717402 37.5531301003 -1.90567018355 2.26899501064 0.68627833012 0 0.578
249 12.915569067 108.91335 35.330429 -1.9171391 108.698036888 37.2665219864 -1.93668306951 1.94802869277 -1.11978696812 0 0.596
252 13.0811259747 108.9585 35.348205 -1.9450374 108.906517873 37.6743237886 -1.99083041753 2.32669954228 -2.62374663568 0 0.556
255 13.0666019917 108.97674 35.368834 -2.0165302 108.191009695 37.5477728009 -2.0613194088 2.31627856909 -2.56623263204 0 0.542
258 12.934278965 108.99865 35.397074 -2.0803106 108.292129824 38.2555841967 -2.12866785898 2.94452904613 -2.77066684857 0 0.532
261 13.0137090683 109.05048 35.474836 -2.159245 109.319957882 37.3413952007 -2.16418696733 1.88591133902 -0.283153870484 0 0.498
264 12.7168779373 109.09365 35.518169 -2.2238592 108.506565276 37.6232151111 -2.2305756394 2.18538042514 -0.384823631032 0 0.48
267 12.8009979725 109.14301 35.568827 -2.2920109 108.937750982 37.9952702676 -2.3129182945 2.43510948325 -1.19790546553 0 0.45
270 12.7797160149 109.24021 35.586114 -2.3597618 108.791863883 37.5086162767 -2.36790915085 1.97408947238 -0.466808817864 0 0.466
273 13.253041029 109.32691 35.57971 -2.4292889 107.600428821 37.3028047981 -2.45003801316 2.43921974065 -1.18883661252 0 0.404
276 13.0756938457 109.34422 35.612178 -2.4970016 108.762704855 37.8442567241 -2.47317481724 2.30658520207 1.36517409154 0 0.392
279 12.776763916 109.45255 35.562283 -2.5751384 108.778615524 38.0333451624 -2.51953402244 2.56131526544 3.18589615684 0 0.428
282 12.8795371056 109.51035 35.610832 -2.6455993 109.059144407 37.5781093962 -2.57094417259 2.01835746121 4.27742371977 0 0.398
285 12.8657147884 109.52669 35.619453 -2.7060079 109.247634081 37.0616861026 -2.62556089499 1.46898214022 4.60927386152 0 0.358
288 13.4618871212 109.56751 35.667144 -2.7779359 110.411638089 36.5153542485 -2.68781234351 1.19666739553 5.16369942163 0 0.348
291 13.0273427963 109.58407 35.725569 -2.8421247 109.527811954 36.2857002301 -2.75752137545 0.56294934295 4.84741342966 0 0.332
294 12.8730280399 109.62066 35.728072 -2.9074408 109.024842118 37.3288814386 -2.8071800132 1.70809537417 5.74451993427 0 0.318
297 12.8099608421 108.40689 35.538158 -2.9474042 107.899070252 37.6149622543 -2.89191625235 2.13798896323 3.17922521413 0 0.348
300 12.9314579964 106.63579 35.154474 -2.9731605 105.775597224 36.6549745297 -2.8818747537 1.72957608993 5.23028799257 0 0.418
303 12.8541340828 104.74277 34.838538 -2.9724974 103.94875382 36.191832198 -2.90512873296 1.56903374096 3.85994029296 0 0.424
306 12.9548659325 102.71686 34.507066 -2.970186 101.699616714 35.591862617 -2.91712756751 1.48713402317 3.04002424936 0 0.396
309 12.9230840206 100.87602 34.149296 -2.9774562 100.616140482 35.1131448965 -2.91450825822 0.998269532234 3.60665139312 0 0.402
312 12.9744539261 98.917573 33.856952 -2.9648121 98.0149991976 34.7547475503 -2.89782015737 1.27305786153 3.83835557398 0 0.506
315 12.843075037 96.872255 33.519705 -2.9713846 96.4160969634 34.6306080684 -2.90695539261 1.20091039701 3.69152166098 0 0.598
318 12.7920560837 94.700759 33.157106 -2.9752463 94.6231855826 33.8546685293 -2.90413355762 0.70186260576 4.07446000801 0 0.472
321 12.8026690483 92.656194 32.878926 -2.9695623 92.0817507695 33.9286116462 -2.94361540508 1.19658889389 1.48664757044 0 0.444
324 12.9280259609 90.628889 32.525228 -2.9736018 89.8855318915 33.8291243869 -2.94648564246 1.50090825118 1.55364138351 0 0.57
327 12.9428629875 88.510396 32.191288 -2.9695852 87.5220884675 33.5348633013 -2.94551192974 1.66791677521 1.37929678501 0 0.592
330 12.9376680851 87.334812 32.006658 -2.9896435 86.2203030512 33.5189840358 -2.98376388795 1.87863254405 0.336876955428 0 0.578
333 12.7722620964 87.328365 31.983283 -3.0015998 86.2849279951 33.4824272161 -3.03517260924 1.82652516102 -1.92358027602 0 0.554
336 12.8612139225 87.328448 32.00285 -3.0442403 86.3592556419 33.9119278582 -3.08394148694 2.14100726193 -2.27471045336 0 0.526
339 13.0589129925 87.480424 31.977098 -3.121648 86.47482625 33.4815459388 -3.1231231391 1.80958294512 -0.0845192448062 0 0.506
342 12.9485838413 87.509332 32.088761 3.0972389 86.6747990031 33.9059958816 3.11431883232 1.99969696149 0.978608036169 0 0.418
345 13.0717890263 87.537767 32.004513 3.0032565 86.4284685166 34.3226372139 3.10088799946 2.56987217515 5.59387286655 0 0.408
348 12.9381439686 87.588829 31.971963 2.902116 86.4680280821 34.3068087759 2.95013259819 2.58992268129 2.75114842281 0 0.3
351 13.0191149712 87.696053 31.883789 2.7788249 86.755819689 33.2595485603 2.96547025916 1.66635921903 10.6939913454 0 0.29
354 13.0825901031 87.777704 31.698119 2.6376296 86.0779922528 33.5559943155 2.82237458614 2.5180787739 10.585107992 0 0.294
357 12.8147201538 87.896098 31.65995 2.4917922 86.1248113765 33.0285266388 2.7737332628 2.23840530706 16.1540329701 0 0.21
360 12.9239530563 87.958395 31.594625 2.366513 86.1268532607 33.8805421556 2.57227208945 2.92915728237 11.7891274221 0 0.224
363 13.1557278633 87.964094 31.460561 2.2184109 85.7201129829 34.0366671282 2.41548522307 3.41639775044 11.2915269624 0 0.278
366 13.0833420753 87.708527 31.831987 2.1125682 85.393065541 34.4237819907 2.23938022812 3.47545148753 7.26579400264 0 0.252
369 12.9043419361 86.721318 33.612273 2.0920166 84.9962443048 35.9267196835 2.29104316271 2.88661440173 11.403382054 0 0.304
372 13.1588110924 85.724716 35.405361 2.0873093 84.2999625515 36.4393810566 2.09156973805 1.76043172729 0.244105118988 0 0.268
375 13.145234108 84.755772 37.248267 2.0862059 83.7464064615 38.3980975224 2.11639588852 1.53000948379 1.72975892586 0 0.298
378 12.9999940395 83.690185 39.149374 2.0868314 81.6120957499 39.9319685374 2.08658682196 2.22056505 -0.0140132896526 0 0.476
381 13.172342062 82.666747 40.97523 2.090975 80.9654176581 41.8785427251 2.13538943066 1.92626462585 2.5447594261 0 0.466
384 13.1707708836 81.635815 42.877142 2.0910396 80.1107348119 43.6734886916 2.08804668731 1.72047599033 -0.171481265405 0 0.518
387 12.9663038254 80.624097 44.699122 2.0805048 79.1657629812 45.4452167972 2.12858581294 1.63810730929 2.75483911628 0 0.52
390 13.0073060989 79.602515 46.546403 2.0762437 78.1789033894 47.0737005364 2.12402932491 1.51812802808 2.73791462875 0 0.56
393 12.9825339317 78.599692 48.40129 2.0808805 76.8615453902 48.8431413553 2.08358136199 1.79342863177 0.154747993059 0 0.648
396 13.0126550198 77.532669 50.298142 2.0919608 75.9678431444 51.0221284959 2.13552398626 1.72419152199 2.49598671462 0 0.614
399 12.9296369553 76.53881 52.074716 2.0854653 75.3309855517 52.6642869892 2.10469736909 1.3440364017 1.10191639039 0 0.704
402 13.1001040936 75.533974 53.92833 2.0838411 74.566164598 54.8312296592 2.08134782597 1.32358710828 -0.142854079254 0 0.662
405 12.9243130684 74.451304 55.860797 2.0823704 73.1898880258 56.1284741573 2.11325246121 1.28950429256 1.7694117701 0 0.61
408 13.0637590885 73.464188 57.689364 2.0801622 71.2617523492 57.8460496984 2.12731738312 2.20800208419 2.70179297479 0 0.47
411 12.9298069477 72.461178 59.521835 2.0808323 69.9618487049 60.4947575296 2.13947538197 2.68201886162 3.36000109478 0 0.576
414 13.0020940304 71.469371 61.42577 2.0898858 69.5515154571 61.8621282933 2.1253300977 1.96687021521 2.0308086661 0 0.57
417 12.9328091145 70.386885 63.322712 2.0827703 68.0022000285 63.6843874009 2.11617116348 2.41195595086 1.91372850958 0 0.626
420 12.948497057 69.38246 65.186025 2.0922796 66.7451695376 65.1377017196 2.12045262817 2.63773314092 1.61419561017 0 0.628
423 12.7244699001 68.400253 67.014087 2.0893798 65.9302149193 67.5615592758 2.13122414663 2.5299830064 2.39750445814 0 0.716
426 13.348567009 67.30799 68.901204 2.089526 64.5973433116 69.0011631419 2.12739698378 2.71248913352 2.16984753642 0 0.71
429 13.3887929916 66.315197 70.741557 2.0869248 63.6279176256 70.4313595225 2.11676673512 2.70512345581 1.7098169347 0 0.66
432 12.9954409599 65.281228 72.464006 2.0745737 62.7173820528 72.2548155511 2.10991700611 2.5723659702 2.02502227431 0 0.77
435 13.0337398052 64.283593 74.421326 2.0918621 61.2657669275 74.5548562404 2.11672670524 3.02077879511 1.42463693977 0 0.732
438 12.8287110329 63.28447 76.191493 2.091939 60.4062736472 75.7338265096 2.12362319773 2.91435633744 1.81537080694 0 0.744
441 13.16492486 62.204887 78.125252 2.0893553 59.6917598544 77.9332112116 2.12389692727 2.52045387074 1.9790894599 0 0.702
444 12.9495930672 61.273659 79.948227 2.0960183 57.9973740728 79.8097912008 2.13236144786 3.27920834881 2.08230898648 0 0.784
447 13.0124530792 60.19879 81.787566 2.089809 57.052670112 81.8805691469 2.13378544163 3.14749423114 2.5196645035 0 0.768
450 13.0816099644 59.161438 83.629466 2.0974137 56.8096408677 83.5414269549 2.10693267846 2.35344441727 0.545397291123 0 0.724
453 13.1429860592 58.11891 85.485673 2.0964985 55.7221330424 85.931614498 2.09310948476 2.43790967919 -0.194176270017 0 0.738
456 13.0212368965 57.036783 87.336936 2.0992423 54.7963707768 87.6500697393 2.08234815283 2.26218913187 -0.967963331097 0 0.742
459 12.9408311844 56.357629 88.602308 2.124456 54.1950757256 88.7874079162 2.09933722049 2.17046046811 -1.43920005267 0 0.704
462 12.9709661007 56.200217 88.720884 2.2094598 53.6717674081 88.5684598422 2.22385076264 2.53303976728 0.824541422382 0 0.58
465 12.8775269985 56.199637 89.07416 2.3631742 53.2169811492 88.0954828195 2.35992600431 3.13911531291 -0.186107903822 0 0.554
468 12.9266400337 56.109511 89.161307 2.4869631 53.1425792238 88.055147242 2.48589550315 3.16642915201 -0.0611687938579 0 0.506
471 13.1491808891 56.023191 89.233423 2.608836 52.814840964 88.6501311973 2.6035425093 3.26094147152 -0.303294676226 0 0.504
474 12.895786047 54.873312 89.789936 2.6823278 52.0513954288 89.34569657 2.70756395676 2.85666970547 1.44592527333 0 0.514
477 13.1942710876 52.997249 90.667048 2.6986067 49.764805387 89.7919425343 2.71358447905 3.34880594943 0.858163525899 0 0.634
480 12.9680230618 51.122563 91.609157 2.7018871 47.990418257 91.1377070168 2.74377291246 3.16742731218 2.39988027561 0 0.624
483 12.9420130253 49.137432 92.566213 2.7007601 46.6223641831 91.6573093059 2.71942959207 2.67426102855 1.06968310129 0 0.41
486 13.0012969971 47.308569 93.452781 2.7003868 44.6881150258 92.7458729439 2.70912481058 2.71412933193 0.500651127364 0 0.644
489 13.0481340885 45.360782 94.336008 2.7008969 42.5311342824 93.1978675493 2.72565543476 3.04996227703 1.41855954854 0 0.676
492 12.8975050449 43.468079 95.251019 2.7064338 41.2498213366 94.431054467 2.73077936134 2.36495431175 1.39489791454 0 0.598
495 13.0752880573 41.590918 96.131677 2.7064065 38.1787842089 95.3503481544 2.71751751852 3.50044736757 0.636614467371 0 0.628
498 13.4035098553 39.606214 97.06058 2.704478 36.3842923242 95.8993120824 2.72536287339 3.42480984308 1.19661510063 0 0.642
501 12.9665100574 37.718719 97.944153 2.696243 34.8559632098 96.9035771478 2.74363968132 3.04600867014 2.71562980265 0 0.634
504 12.8344199657 35.769603 98.891663 2.7044976 32.8378107537 97.0936575502 2.75063099292 3.439219297 2.64324870868 0 0.638
507 13.0967841148 33.862509 99.822852 2.7013631 32.0248081955 98.6710259779 2.70510103492 2.16883550139 0.214167894839 0 0.528
510 13.026211977 31.979521 100.73965 2.7066945 29.1938370996 99.350765729 2.73491945862 3.11272136742 1.61717100601 0 0.572
513 13.1003639698 30.015598 101.64307 2.7044148 27.4457015623 100.379972608 2.72062846976 2.86352627415 0.928974847543 0 0.474
516 13.0867979527 28.083667 102.5122 2.7038251 25.7870347371 101.765387031 2.70848634587 2.41500504397 0.267069715643 0 0.508
519 13.2335729599 26.231599 103.44351 2.6987262 23.3379781005 102.330133399 2.72348114499 3.10042728758 1.4183538698 0 0.594
522 12.972069025 24.326425 104.3449 2.7056645 21.3590030516 103.284612584 2.70309362839 3.15115890188 -0.147300093052 0 0.612
525 12.9150221348 23.072168 104.95788 2.6888385 20.0921968937 103.966911405 2.678743158 3.14042139702 -0.57842048946 0 0.642
528 12.8838891983 23.059574 104.94595 2.6093304 19.4024741872 104.404346501 2.60112466067 3.69698706933 -0.47015423157 0 0.68
531 12.9486021996 23.148655 105.02795 2.4881616 18.905614578 104.244157219 2.47365925732 4.31482596947 -0.830923028678 0 0.588
534 13.1243948936 23.15609 104.97342 2.3614352 18.7285186306 104.707648614 2.33287017203 4.43554085328 -1.63665554434 0 0.572
537 13.1860449314 23.189116 104.80794 2.2179164 19.0618266494 104.602115082 2.20468079787 4.1324183332 -0.758344141515 0 0.574
540 13.0261127949 23.170444 104.45908 2.0515088 18.8960590126 104.655604873 2.0872971585 4.27890044832 2.05052189777 0 0.558
543 12.9896349907 23.203193 104.36781 1.9241471 19.1524382657 104.461816942 1.93454441807 4.05184540949 0.595722443446 0 0.464
546 12.9451282024 23.268475 104.40083 1.8086424 19.5767495687 103.667881792 1.81277504571 3.7637813082 0.23678315725 0 0.576
549 12.9177231789 23.269141 104.3114 1.6661585 19.1664785013 104.543759323 1.68495693581 4.10923720817 1.07707103323 0 0.552
552 13.0026750565 23.273746 104.22596 1.531085 19.2844810021 104.032606967 1.54578699939 3.99394799896 0.842362515271 0 0.542
555 12.8706510067 23.201513 103.9692 1.3630267 19.5764830323 104.574053984 1.40152527385 3.67514497787 2.20580579862 0 0.526
558 12.9247341156 23.573375 105.47089 1.3112874 19.2183429361 105.644075302 1.31251518101 4.35847420852 0.0703466698984 0 0.552
561 13.1162531376 24.091257 107.45193 1.3021436 20.1603920478 106.332378889 1.36086899367 4.08718655836 3.36471720753 0 0.34
564 13.0238177776 24.69734 109.54228 1.2971878 20.969104131 108.555408833 1.30238539674 3.85663809487 0.297800356833 0 0.382
567 13.0308248997 25.24514 111.62222 1.291934 21.5771032739 111.141351912 1.31344377502 3.69942259575 1.23241932666 0 0.548
570 12.8678810596 25.838263 113.71051 1.2925571 21.931572089 113.417373097 1.30600072921 3.91767317651 0.770263215096 0 0.668
573 12.9497139454 26.485855 115.66064 1.2984976 22.3995685262 115.574385681 1.30524077415 4.08719671093 0.38635541907 0 0.702
576 12.9323468208 26.666562 116.70228 1.2516028 22.4334610323 116.468068845 1.28744689192 4.23957529334 2.0537151875 0 0.706
579 12.9333379269 26.671044 116.66524 1.1445574 22.6832369281 116.553677601 1.17634963635 3.98936729465 1.82156096411 0 0.664
582 12.835034132 26.68282 116.71548 1.0360889 22.6418655522 116.38035073 1.02769919403 4.05482730543 -0.480694743319 0 0.642
585 12.9435830116 26.598988 116.54426 0.86252405 22.3790561652 116.293670917 0.883857401802 4.2273655601 1.22231102112 0 0.616
588 14.3200201988 26.490987 116.49462 0.72378221 22.5173058727 115.947948796 0.7616048822 4.01110846357 2.16707948696 0 0.628
591 13.4498348236 26.414554 116.44154 0.58967497 22.5194246361 116.15296592 0.622210031819 3.90580436807 1.86412172841 0 0.608
594 12.9281690121 26.30131 116.37003 0.43724496 22.0710557653 116.627307124 0.48227507633 4.23807059975 2.58003561671 0 0.568
597 12.8346290588 26.176025 116.35464 0.31453037 22.2338745697 116.417683241 0.356013940942 3.94265449484 2.37683353413 0 0.488
600 13.058683157 26.088883 116.46581 0.14702743 22.1588400334 115.41814106 0.250233266417 4.06728999783 5.91325884782 0 0.428
603 12.8759520054 25.977812 116.45377 0.019989929 21.8013998111 116.018512953 0.0954947115767 4.1990317299 4.3261053747 0 0.488
606 13.0929811001 25.890585 116.45549 -0.11586106 22.8279222288 116.072669562 -0.00535133437212 3.08649554314 6.33174087363 0 0.456
609 13.0503509045 27.617035 116.21759 -0.13548047 24.7423165832 115.901324438 -0.0603864191423 2.89206325687 4.30257218069 0 0.434
612 12.8631050587 29.732468 115.90829 -0.14344069 26.6143696336 115.480233577 -0.0925155318691 3.14734328025 2.91779663194 0 0.514
615 12.7849471569 31.744289 115.6014 -0.14068963 27.9790303378 115.075740075 -0.126240229598 3.80177473682 0.827889659548 0 0.55
618 12.8309850693 33.87565 115.27561 -0.13567301 30.3332684444 115.086449809 -0.126990103513 3.54742845777 0.497493895594 0 0.608
621 13.0408120155 35.936054 114.9269 -0.14240112 33.0519804568 114.749411759 -0.0969518750834 2.88952976761 2.60404991578 0 0.618
624 12.8514521122 38.113735 114.67885 -0.14674677 34.4386432755 114.445030002 -0.100870629811 3.68252236585 2.62850921319 0 0.622
627 12.792650938 40.163768 114.30534 -0.14012204 36.8099125737 114.330177361 -0.0784816499839 3.35394739302 3.53173419546 0 0.696
630 12.9523818493 42.346763 113.98058 -0.16006212 39.0752996867 114.612703223 -0.0904861135603 3.33197418656 3.98641152437 0 0.712
633 12.9613008499 44.341947 113.67079 -0.15507802 41.0845235397 114.321709558 -0.0831268722494 3.32182237193 4.12249709723 0 0.732
636 13.2153599262 46.544067 113.30502 -0.15009707 42.5635539358 114.31714908 -0.0753674503102 4.10717537102 4.28169181284 0 0.712
639 12.8562259674 48.557097 112.97025 -0.14631805 44.8934541658 114.128426349 -0.0809174970732 3.84234970722 3.74717566053 0 0.718
642 12.8829741478 50.586062 112.64729 -0.14866611 47.5177634826 114.070488918 -0.0882741352513 3.38229965457 3.46020526956 0 0.694
645 12.740721941 52.747394 112.3225 -0.14488479 49.7238106068 113.688778135 -0.0714893693992 3.31794702745 4.20524783601 0 0.724
648 12.891728878 54.919709 111.95097 -0.14565598 51.7797921342 114.123853188 -0.0617330551356 3.81844199544 4.80842939912 0 0.706
651 12.863558054 56.9199 111.70562 -0.14317608 53.7825964725 113.73470864 -0.0693083602648 3.7362914944 4.23230858308 0 0.646
654 12.8775258064 58.963864 111.32719 -0.14485493 56.1000054276 113.373387307 -0.065441508836 3.51974563619 4.55005386939 0 0.622
657 13.0591320992 61.070196 111.0267 -0.15209978 57.4348042925 112.017659149 -0.118554631497 3.76803302839 1.92199543234 0 0.614
660 12.8659951687 63.25691 110.67843 -0.1447313 59.8163107237 111.965507647 -0.122005396779 3.67345780544 1.30209834017 0 0.722
663 13.0621368885 65.338645 110.4192 -0.14848438 61.2981830214 111.738853636 -0.137265233885 4.25050805433 0.642809722139 0 0.716
666 12.893198967 67.412523 110.08404 -0.1445869 63.561605257 111.746627744 -0.112117134236 4.19449227804 1.86038054006 0 0.728
669 12.8528418541 69.507235 109.73429 -0.15139682 65.944153534 111.341529128 -0.10941620514 3.90880635831 2.40531205282 0 0.8
672 12.7649250031 71.647859 109.39116 -0.14906575 68.3262272045 111.174151209 -0.120837773943 3.76991981848 1.61734389228 0 0.76
675 12.7693850994 73.702975 109.06139 -0.1559357 69.9145501795 111.346309237 -0.0861733516189 4.42414042956 3.99708813116 0 0.722
678 12.920997858 75.754203 108.72815 -0.15045699 71.9012790082 110.035219955 -0.12651519862 4.06859375621 1.37176360004 0 0.676
681 12.9505848885 77.860742 108.43703 -0.15243836 74.3767895587 109.718324175 -0.150872513134 3.71209366465 0.0897164167908 0 0.7
684 12.8794178963 79.97813 108.08555 -0.15170568 75.9302097505 109.252538976 -0.144819165647 4.21278074629 0.394568207969 0 0.75
687 12.8664550781 82.120618 107.73965 -0.14888428 77.9706261133 108.954714999 -0.141789626757 4.3242127157 0.406493687928 0 0.752
690 12.9203310013 84.192494 107.42985 -0.14593359 80.7776904223 108.54617693 -0.141733805789 3.5926409908 0.240629910134 0 0.76
693 12.9599101543 86.28045 107.15458 -0.15823172 82.091311373 108.728843506 -0.128748603387 4.47517463591 1.68925814883 0 0.644
696 12.8565628529 88.385341 106.75858 -0.15035877 84.708712432 108.560256238 -0.112849840659 4.09434181432 2.14910334531 0 0.714
699 12.9539620876 90.512184 106.42958 -0.15443508 87.0352986916 108.698097992 -0.102640767565 4.15149434895 2.9675955053 0 0.78
702 12.8728349209 92.541412 106.11165 -0.15857271 89.450547115 108.526199215 -0.114057417802 3.92217970657 2.55053836672 0 0.766
705 13.0749650002 94.624435 105.7799 -0.14991569 91.1702586772 108.041797685 -0.0953984975443 4.12886367028 3.12360503862 0 0.754
708 12.8122270107 96.812614 105.41142 -0.16008539 93.3144039185 107.617885455 -0.122421040033 4.13593563527 2.15800829118 0 0.702
711 12.8527030945 98.833392 105.05687 -0.15857643 94.9313532776 106.827426671 -0.13663274327 4.28494773802 1.25728063661 0 0.64
714 12.8292589188 100.9283 104.72764 -0.15390186 96.7278861007 107.025144412 -0.118325629755 4.78769291492 2.03836784403 0 0.5
717 12.8151240349 103.02648 104.38009 -0.15580909 98.9563832094 106.68251128 -0.126740148743 4.67619841724 1.66552764892 0 0.624
720 13.0399048328 103.56436 104.3046 -0.21764658 99.347900085 107.087587465 -0.201918540198 5.05208406938 0.901150300678 0 0.6
723 12.9496600628 103.46604 104.39779 -0.32798619 99.7098601739 106.955220246 -0.297939317107 4.54415408515 1.72155900435 0 0.582
726 12.8445780277 103.43166 104.43448 -0.46455789 99.3011317259 106.623172584 -0.438440672454 4.67457367594 1.49640633803 0 0.55
729 12.8354811668 103.35806 104.51276 -0.60050128 99.754800503 107.234760562 -0.560094980056 4.5158350351 2.31511045256 0 0.536
732 12.8194139004 103.30537 104.5712 -0.75278089 100.56938068 106.463211368 -0.647053259263 3.32646126948 6.05774701914 0 0.414
735 12.7852201462 103.24477 104.73622 -0.88717849 100.103881182 107.483356372 -0.830642048312 4.17276177291 3.2392994974 0 0.402
738 12.7683711052 103.11543 104.83266 -1.0218313 100.472799072 106.599667913 -0.938912945401 3.17896448337 4.75087176272 0 0.398
741 12.99614501 103.3336 104.43355 -1.1359167 100.179145558 106.366763371 -1.05757520819 3.69971576767 4.48863684172 0 0.372
744 12.9298319817 104.18264 102.5184 -1.1499809 101.493409795 104.541673189 -1.08367322461 3.36535191187 3.79914994911 0 0.584
747 12.9837231636 105.02068 100.61649 -1.1544373 102.462737323 102.90447172 -1.06079916181 3.43189905035 5.36507011986 0 0.558
750 13.2138860226 105.97315 98.645528 -1.1675657 104.495724532 100.902529666 -1.07524117274 2.69756233173 5.28980575739 0 0.606
753 12.8566160202 106.66644 96.709247 -1.154133 104.748331393 99.1110924169 -1.08354917536 3.07376024338 4.04415525377 0 0.652
756 12.8778610229 107.65453 94.805864 -1.1707179 105.390420889 97.2981226719 -1.10638176605 3.3671268694 3.68618894581 0 0.63
759 12.8393270969 108.36584 92.821603 -1.1639211 105.99045416 95.2642929096 -1.09881957083 3.40722642128 3.73004286125 0 0.64
762 12.7243480682 109.18739 90.932737 -1.1605274 107.298712475 92.6394256962 -1.13565576483 2.54556262931 1.42503972479 0 0.604
765 12.8888421059 110.00551 88.971931 -1.1631703 108.196180493 90.489259511 -1.13341030868 2.36134687723 1.70512190113 0 0.702
768 12.7646489143 110.83946 87.051439 -1.1600004 108.577394785 89.2839414578 -1.11945567447 3.17820802691 2.32304165433 0 0.662
771 12.862195015 111.68317 85.129972 -1.1502451 109.963065546 87.2227587131 -1.10107942891 2.70896946465 2.81698545045 0 0.684
774 12.7340650558 112.49307 83.177328 -1.1488654 110.942499188 85.9951886868 -1.09001584725 3.21630357627 3.37183099855 0 0.684
777 12.9490749836 113.40329 81.226755 -1.149046 111.846227442 83.4665705903 -1.1171879885 2.72785954315 1.82532960251 0 0.676
780 13.0154268742 114.20236 79.347389 -1.1522317 112.242315932 81.7705356315 -1.13985035919 3.11663477912 0.709398572857 0 0.594
783 12.8466291428 115.10134 77.33273 -1.146946 113.382196505 80.3051880433 -1.13683305046 3.43379690364 0.579429326829 0 0.544
786 12.875025034 115.87569 75.433999 -1.1405871 114.053410498 78.3791685133 -1.1278635924 3.46334030183 0.729003286063 0 0.518
789 12.950786829 116.74641 73.521868 -1.1514597 114.394934565 76.0599965239 -1.14601344573 3.45999033609 0.312047383844 0 0.588
792 12.784154892 117.66191 71.592443 -1.1472421 115.613384943 74.4985635482 -1.13668104126 3.55555783918 0.605104092795 0 0.51
795 12.8178369999 118.47567 69.543126 -1.1411103 116.562053529 72.0560204814 -1.1165571299 3.15857035259 1.40679302041 0 0.596
798 12.7821531296 119.32773 67.660396 -1.1493947 117.347706323 70.3899359984 -1.12634859955 3.37207389642 1.32044428996 0 0.616
801 12.7627019882 120.23613 65.736718 -1.1477983 118.553605752 68.220860382 -1.10827565255 3.00030852054 2.26448089379 0 0.604
804 12.9446909428 121.05504 63.851108 -1.1435448 119.683660588 66.2680921293 -1.1122570672 2.77893752603 1.79265504025 0 0.688
807 12.9394359589 121.9387 61.889647 -1.1416966 120.258022849 64.4665238262 -1.12742440861 3.07651911485 0.817736331057 0 0.74
810 12.7659130096 122.75206 59.947854 -1.134592 121.541725516 62.58599236 -1.12099824605 2.90253054572 0.778864728972 0 0.708
813 12.9415988922 123.61313 58.017737 -1.1345099 122.971783932 60.8835583145 -1.11962541578 2.93670846107 0.852818126124 0 0.656
816 12.9175410271 124.50226 56.14403 -1.1250591 122.867293394 59.265348904 -1.11456003352 3.52359865811 0.601552197916 0 0.684
819 12.7794749737 125.37031 54.195354 -1.1346431 123.934490549 57.7850777576 -1.12998845375 3.86622479321 0.266691585212 0 0.632
822 12.7542929649 126.19009 52.293812 -1.120627 124.825442482 55.597111842 -1.12435202116 3.57408067807 -0.213427991163 0 0.602
825 12.8130531311 127.09539 50.434417 -1.1252352 125.899775734 53.6070378041 -1.12487391811 3.39043009637 0.0206999276088 0 0.716
828 12.7203090191 127.94916 48.435924 -1.125081 126.692749815 51.411892695 -1.10661155986 3.23031828552 1.05822097003 0 0.71
831 13.4449090958 128.83417 46.49897 -1.1135569 127.248937448 49.7525187345 -1.12654994258 3.61919074006 -0.744446503152 0 0.666
834 12.8399970531 129.69028 44.561049 -1.1141866 128.337157913 47.2718757051 -1.13564298557 3.02977240169 -1.22936033692 0 0.658
837 12.7377951145 130.6504 42.689185 -1.1179531 128.927244647 45.4112380623 -1.13307297383 3.2216202823 -0.866304957355 0 0.64
840 12.8193249702 131.56218 40.752166 -1.1133477 130.242526598 43.333636306 -1.11920187025 2.89921955753 -0.335419247627 0 0.57
843 12.743694067 131.80181 39.159633 -1.0655485 131.461803535 42.0709301439 -1.10302441767 2.93108434821 -2.14721191615 0 0.52
846 12.7614729404 89.526265 39.287264 -0.26055386 132.646743357 40.7390517502 -1.09357260583 43.1449109561 -47.7284583916 0 0.536
849 12.8164129257 49.129117 22.860079 0.57174269 133.78472961 39.9324673578 -1.07764495665 86.3599397327 -94.5029509339 0 0.366
852 12.904417038 45.693587 19.436118 1.0035584 135.283016405 39.2976615857 -1.06115571557 91.7646270345 -118.299404723 0 0.07
855 12.7605819702 46.841947 21.209275 1.0214136 64.1679005256 103.152857106 2.65941224762 83.7552345468 93.8504093566 0 0.02
858 12.8008549213 48.00008 22.972907 1.0079248 30.1211546519 93.0371496453 3.07143194588 72.3094327807 118.230250454 0 0.006
861 12.8456799984 49.170996 24.731115 1.014741 38.0889695022 88.6238735999 1.3635991263 64.8467108866 19.9880982859 0 0.02
864 12.8436598778 50.349541 26.532036 1.0144485 36.7418453431 95.6941375622 1.90575147808 70.4880534105 51.0678989117 0 0.024
867 12.8758821487 51.518278 28.351001 1.0069992 100.681679088 95.480208168 1.99269417146 83.2067933621 56.4761617518 0 0.012
870 12.7843940258 52.642563 30.101924 1.0170679 100.418156502 96.9335829843 2.41327720874 82.1521635567 79.9969007077 0 0.022
873 12.7563400269 53.80357 31.912095 1.0183648 99.6486733447 100.449241476 1.94718103119 82.4567398564 53.2172499903 0 0.024
876 12.7645409107 54.946688 33.671099 1.0064723 68.024839024 95.7607426499 -1.00923098524 63.4520439606 -115.491290995 0 0.01
879 12.9553911686 56.161659 35.476636 1.0152563 130.342018552 70.2878803377 1.27758816795 81.9423484869 15.0305088656 0 0.016
882 12.9475400448 57.333476 37.252395 1.017552 55.2933801426 115.595933526 2.25855143043 78.3700964647 71.104029742 0 0.016
885 13.1173648834 58.434052 39.044555 1.0099164 46.0573854456 120.6871908 1.42913532632 82.5754313059 24.0194751703 0 0.008
888 12.8085410595 59.558673 40.733157 1.0155176 88.7239982657 68.1315632775 2.39426170641 40.0161075619 78.996218326 0 0.016
891 12.8385441303 60.829575 42.673596 1.0256616 88.5353921082 69.3636822255 2.14612137405 38.4704172625 64.197616167 0 0.022
894 12.9046449661 61.938983 44.298725 1.0235902 87.9410924083 73.0053570511 2.11987326791 38.7321625706 62.8123929426 0 0.024
897 12.8532400131 63.08776 46.123861 1.0214801 81.3688655432 94.434448161 3.00802080755 51.6537670622 113.820398373 0 0.018
900 12.8572149277 64.233274 47.872937 1.026201 62.7924967297 47.9026093674 1.06316006072 1.44108278459 2.11759819426 0 0.032
903 12.9263210297 65.367062 49.701179 1.0288308 63.8955430372 50.9255779843 1.02615091053 1.91429384653 -0.153546356411 0 0.046
906 12.9763989449 66.47055 51.411163 1.0247772 64.0821504086 52.0272788361 0.995775107568 2.4665869804 -1.66169749342 0 0.04
909 12.8938241005 67.601685 53.206336 1.0345375 65.2038536338 54.5765641053 1.00706621492 2.76172415736 -1.57398869311 0 0.074
912 12.7972960472 68.713633 54.989386 1.0321621 66.2215221174 55.789511975 0.9843230477 2.61740677526 -2.74097579269 0 0.13
915 12.9129860401 69.889939 56.860516 1.0335194 67.2020358644 58.0341483236 1.01634215425 2.93295688635 -0.984183685328 0 0.092
918 12.8210668564 70.97178 58.665246 1.0279054 68.2385352193 59.950827684 1.04076958286 3.02048792376 0.737063385018 0 0.19
921 12.9906270504 72.083269 60.388926 1.0348295 69.2218857594 61.9417769129 1.07305645418 3.2555890415 2.19024313832 0 0.234
924 12.7474298477 73.21006 62.180545 1.0389104 70.2465034103 63.439053669 1.0349755532 3.21970677701 -0.225450114734 0 0.292
927 12.7897968292 74.211219 63.966291 1.0279221 71.1643397861 65.4286791642 1.042061165 3.37965265771 0.810108750618 0 0.426
930 12.8697681427 75.394113 65.876292 1.0355825 72.7262965123 67.3530431372 1.03157265414 3.04926855712 -0.22974724447 0 0.418
933 12.8971428871 76.475569 67.55587 1.0353462 73.830070344 68.722253326 1.02800994077 2.8912131022 -0.420336691163 0 0.426
936 12.9159238338 77.652303 69.425792 1.0395167 74.838353864 70.5038921152 1.00616592826 3.01340498412 -1.91085846449 0 0.59
939 12.6613180637 78.72098 71.209083 1.0347632 75.9519294603 72.1340594963 1.01682293211 2.91945584144 -1.02790163315 0 0.606
942 12.7417960167 79.923618 73.070281 1.0406815 77.3744983875 74.4975980861 1.00930938028 2.9215141388 -1.79749005429 0 0.644
945 12.9046230316 80.886825 74.813727 1.0240856 78.3520967959 76.092020452 1.01326659878 2.83881686939 -0.619883108212 0 0.648
948 12.8023970127 82.003807 76.66259 1.0354781 79.7987099157 77.7974590856 1.00819873502 2.47999616785 -1.56299248132 0 0.632
951 12.8039839268 83.149971 78.458347 1.0359732 81.2518464888 79.4221586418 1.01109329844 2.12880472118 -1.42551335415 0 0.658
954 12.6425359249 84.209192 80.07724 1.046865 81.5890088978 81.7942638277 1.02785022879 3.13265547323 -1.08946613849 0 0.602
957 12.6968991756 84.421821 80.346791 1.1291589 82.2624054309 80.9597109266 1.08521231725 2.24471522392 -2.51795371571 0 0.666
960 12.925896883 84.549549 80.462185 1.2384433 81.5195270646 81.1404622091 1.21679621615 3.10501093415 -1.24028654354 0 0.674
963 12.8003969193 84.477315 80.645515 1.377415 81.9379001404 81.2222683073 1.32883143069 2.60408759583 -2.78363347528 0 0.572
966 12.7212610245 84.491575 80.745704 1.5042297 82.6521188285 80.8039528517 1.48810907156 1.84037820448 -0.923643972663 0 0.55
969 12.8381800652 84.58151 81.604236 1.6242617 81.4733390716 81.5894327471 1.60768892683 3.10820617984 -0.949549957663 0 0.608
972 12.8364911079 84.52138 83.606555 1.6450761 81.3562188564 84.0057100228 1.63908104323 3.1902303674 -0.343491450657 0 0.65
975 12.7902839184 84.450105 85.633891 1.6510189 81.2947208904 86.7208390568 1.63415030171 3.33734999018 -0.966499488418 0 0.69
978 12.8436470032 84.288283 87.799076 1.6553182 81.1241142056 88.1409681095 1.62096785438 3.18258611413 -1.96812982877 0 0.618
981 12.8608169556 84.219899 89.940013 1.6574582 81.2125600505 90.5468237198 1.62332602469 3.06794830578 -1.95562959058 0 0.656
984 12.83664608 84.085061 91.960688 1.6559816 81.245723981 92.7466797278 1.6267871821 2.94611909188 -1.67271693108 0 0.632
987 12.8614048958 83.972707 94.061302 1.6546883 80.1649362724 94.9187858915 1.6452072925 3.90312650809 -0.543221715285 0 0.532
990 12.8643770218 83.850194 96.236204 1.650278 80.030979048 96.7252141688 1.66117326759 3.85039397915 0.624252849753 0 0.406
993 13.0282239914 83.742141 98.372522 1.653672 79.9989768725 99.2426067523 1.67051362253 3.8429578662 0.964953891265 0 0.576
996 12.9337480068 83.558608 100.37046 1.6603574 79.7877946206 100.969401838 1.65590914054 3.81808392619 -0.254866493229 0 0.636
999 12.7094330788 83.448658 102.54165 1.6520527 79.5799802731 102.869785565 1.65424177665 3.88256877646 0.125424853317 0 0.546
1002 12.822851181 83.308795 104.69204 1.6576029 79.1267995917 104.998422115 1.65319494338 4.1932035004 -0.252557310599 0 0.666
1005 12.8976559639 83.194681 106.76107 1.661421 78.8562641622 107.841120824 1.6692305339 4.4708355417 0.447453332455 0 0.61
1008 12.8360259533 83.066158 108.84686 1.6653468 78.6232981722 109.53317368 1.67671249102 4.49555668604 0.65120612681 0 0.576
1011 12.838242054 82.920912 111.09751 1.6564676 78.5350370412 111.528150882 1.6714873795 4.4069661586 0.860569974421 0 0.738
1014 12.8567721844 82.798446 113.12029 1.6519674 78.4944149097 113.762102349 1.66949601452 4.35162115976 1.00431563254 0 0.714
1017 12.8110120296 82.725101 115.25424 1.6521864 78.4123350908 116.425356371 1.6577431167 4.46894432065 0.318376414592 0 0.692
1020 12.8129332066 82.605874 115.888 1.7134215 78.6882334292 117.23299644 1.71646586409 4.1420916293 0.174429213512 0 0.708
1023 12.7983081341 82.650086 115.98425 1.8265292 78.4762394847 117.270054366 1.8178675609 4.36741200265 -0.496275363834 0 0.626
1026 12.8119540215 82.697137 116.16336 1.9516157 78.6172567561 117.337268785 1.98098401541 4.24540747618 1.68268052434 0 0.592
1029 12.7389431 82.611261 116.28116 2.0730733 78.5576409145 117.021696509 2.09348261731 4.12070747792 1.1693677445 0 0.674
1032 12.759747982 82.517518 116.45008 2.1971216 78.7253751768 117.126727188 2.22431585366 3.85203824089 1.55811596157 0 0.684
1035 12.9181578159 82.418538 116.4581 2.3123831 78.7290646887 116.820423504 2.3868188624 3.70722155203 4.2648550306 0 0.602
1038 12.9280519485 82.414024 116.83182 2.4679277 78.6949367018 117.065729065 2.5070313268 3.7264358015 2.24047277932 0 0.542
1041 12.8122859001 82.282962 116.94587 2.5874118 78.5855124262 117.631465764 2.60497204013 3.76047535603 1.00612764658 0 0.444
1044 12.7756519318 82.208722 116.96752 2.707272 79.335331023 117.123794237 2.77717151494 2.87763745871 4.0049471959 0 0.486
1047 12.8991920948 82.043289 117.20312 2.8493508 78.4591358579 117.925834693 2.88378725018 3.65629187482 1.97306325659 0 0.428
1050 12.8554852009 81.832352 117.28824 2.9891727 77.7101480376 116.719677189 2.9733124267 4.16122928676 -0.908726721786 0 0.432
1053 12.8718631268 81.142386 117.29523 3.0875315 77.3544059154 117.255989805 3.1044443835 3.78818332638 0.969036843736 0 0.42
1056 12.8202090263 79.131234 117.37152 3.1037602 75.3650500178 117.021119624 3.13332439715 3.78244923452 1.69390372163 0 0.52
1059 12.9269368649 77.094643 117.50841 3.1079346 74.2346499256 117.351165343 -3.11370863331 2.8643125297 3.52610109531 0 0.486
1062 12.9616930485 74.899205 117.59033 3.115912 71.8120298067 117.240861808 -3.12928167124 3.10689212736 2.17676039629 0 0.638
1065 13.0284080505 72.824078 117.69503 3.116944 69.5164432064 117.330532559 -3.11018248393 3.32765778179 3.21193397648 0 0.694
1068 13.2361700535 70.711208 117.83017 3.1174699 67.9258869388 117.320934107 -3.09980221006 2.83148982153 3.77654800904 0 0.626
1071 12.8475379944 68.550781 117.88294 3.1169773 65.5135703451 116.982944312 -3.13518716951 3.16775011645 1.77736307545 0 0.674
1074 12.8733139038 66.454241 117.99143 3.11617 63.6908109342 117.090819118 -3.13484678357 2.90648338889 1.84312063576 0 0.698
1077 13.0747110844 64.352032 118.06903 3.1139299 60.7673621154 116.99595913 3.12783243079 3.74183635035 0.796556339014 0 0.714
1080 12.7780749798 62.204954 118.16997 3.1178991 59.4813758305 117.25393598 3.13727485324 2.87349897723 1.11014888534 0 0.684
1083 12.8710999489 60.134729 118.2293 3.1166836 56.9737238024 117.533928035 3.14108921107 3.2365870959 1.39833851063 0 0.754
1086 13.0221099854 58.034017 118.36643 3.1239361 54.7479347997 117.399411222 3.14145919946 3.42541406911 1.00399964323 0 0.726
1089 12.7073659897 55.858025 118.47896 3.1251128 52.3292921799 116.993996226 -3.13215887782 3.82845565818 1.48474159407 0 0.792
1092 12.7678239346 53.766425 118.55 3.1243401 50.3312305703 117.001277286 -3.12302610546 3.7681696902 2.05228335449 0 0.746
1095 12.7644290924 51.628528 118.603 3.1187628 48.2046790627 117.251188858 -3.1287318924 3.68105078879 2.0449215952 0 0.724
1098 12.7495310307 49.494235 118.64783 3.1200968 46.9436499489 117.499887975 3.1270927715 2.79700822237 0.400839640628 0 0.718
1101 12.8964021206 47.379245 118.80828 3.1260538 44.533944003 117.639548051 3.13874740083 3.07598311634 0.727289754381 0 0.622
1104 13.0280618668 45.313934 118.87713 3.1250737 43.1196706912 117.427207067 3.12626899693 2.6300319351 0.0684854692872 0 0.612
1107 12.8662188053 43.229975 118.9845 3.131291 40.969381779 117.610994193 3.13525291326 2.64514648247 0.227000908752 0 0.524
1110 12.7429060936 41.038059 119.03542 3.1300111 38.6404512301 117.364075489 -3.12504329636 2.92265555513 1.61178246375 0 0.608
1113 12.7455098629 38.877743 119.09254 3.1262084 36.3445185255 117.984948225 3.12090181943 2.76477590032 -0.304044670477 0 0.572
1116 12.9740841389 36.866989 119.17866 3.1252668 34.2976468343 118.596064103 3.10172268535 2.63456583585 -1.34897840163 0 0.584
1119 12.6597468853 34.67231 119.25843 3.1314701 32.1642734385 118.695767868 3.09716362081 2.57037663943 -1.96561646726 0 0.592
1122 12.8954730034 32.567479 119.34722 3.1353596 30.3935560585 118.75880136 3.10687108425 2.25214951804 -1.6322717173 0 0.506
1125 13.0754787922 30.502201 119.36971 3.1349527 27.1292356957 118.289474058 -3.13539486852 3.54172339899 0.735548243557 0 0.508
1128 12.9670760632 29.15421 119.31018 -3.13185 26.461256428 117.8061586 -3.12550969441 3.08449012213 0.363272751098 0 0.46
1131 13.3096129894 28.938717 119.39146 -3.028318 26.5330084425 117.925581098 -3.02870783978 2.81713233965 -0.0223361741766 0 0.518
1134 12.8231549263 28.80706 119.32785 -2.9089456 26.5615578772 118.082700134 -2.895659771 2.56762107262 0.761221929273 0 0.502
1137 12.8403902054 28.607415 119.34948 -2.7753086 26.1864427943 117.447273987 -2.76033559123 3.07887871444 0.85789020919 0 0.466
1140 12.8429160118 28.309413 119.3977 -2.6319404 26.1821141322 117.823789517 -2.63017237792 2.64624161446 0.10130020315 0 0.468
1143 12.740021944 28.176965 119.31562 -2.5155106 26.2040916451 117.742768985 -2.4955963544 2.52311109364 1.141002225 0 0.42
1146 12.7177231312 28.13257 119.1422 -2.3876282 25.9588533087 118.216423471 -2.3501331661 2.36264818279 2.14830719529 0 0.426
1149 12.8224987984 28.071656 119.10664 -2.2643471 25.7286701146 118.37589349 -2.23275754562 2.45429690982 1.80994814278 0 0.356
1152 12.8098351955 27.847582 119.05477 -2.1225081 25.7055626264 118.140789472 -2.1314737426 2.32886397264 -0.513693481784 0 0.328
1155 12.8410499096 27.651134 118.95518 -2.0012288 25.7144126151 118.269090647 -2.03755650122 2.05465528076 -2.08142395942 0 0.272
1158 12.7837209702 27.585975 118.8068 -1.8653126 25.388037612 118.898811441 -1.86121761523 2.19986246544 0.234625344643 0 0.254
1161 12.7434358597 27.545652 118.66047 -1.7395281 24.3503649185 118.643381166 -1.73787206873 3.19533277794 0.094883602267 0 0.192
1164 12.7505400181 27.426878 118.54472 -1.6078392 24.8472917675 117.468745889 -1.61034166013 2.79499291904 -0.143380403767 0 0.208
1167 12.8949940205 27.408113 118.27266 -1.4907581 26.189434682 117.203761251 -1.50156224378 1.62102479281 -0.619031839886 0 0.194
1170 12.9852659702 27.619078 117.43976 -1.368489 25.6452282898 117.033023731 -1.34655519375 2.01532058755 1.25671452683 0 0.216
1173 13.1383850574 28.00462 115.50954 -1.3464267 27.0352952119 116.057546243 -1.30773125552 1.11350859331 2.21708565506 0 0.192
1176 12.875731945 28.352772 113.43776 -1.3439724 26.4889150989 113.66249391 -1.38578903015 1.87735661983 -2.39591642107 0 0.222
1179 12.8085408211 28.777386 111.37552 -1.3470791 26.7369504096 111.053432995 -1.41508830223 2.06570022923 -3.89664025591 0 0.318
1182 12.9838972092 29.292879 109.18718 -1.3487141 26.4218764579 109.776712536 -1.39094897409 2.93090501519 -2.4198800339 0 0.162
1185 12.7834219933 29.664866 107.14961 -1.3582731 27.2314448679 107.636969586 -1.39734476106 2.48174490465 -2.23864127747 0 0.39
1188 12.7015941143 30.155372 105.1583 -1.3627181 27.56647264 105.5681238 -1.41420524124 2.62113628862 -2.94999589228 0 0.446
1191 12.7642080784 30.584999 103.08809 -1.3538609 26.9714197629 103.34754425 -1.43152688757 3.62288164458 -4.4499332993 0 0.52
1194 12.8957848549 30.932942 101.04272 -1.3388863 28.4641934458 101.506616653 -1.39067374446 2.51195531972 -2.96720199918 0 0.54
1197 12.8646659851 31.46397 98.886394 -1.3633561 28.8996465692 98.7459754153 -1.39088586557 2.56816511083 -1.5773393781 0 0.616
1200 12.8212840557 31.761459 96.890841 -1.3338862 29.9924243444 96.9303971377 -1.33716312831 1.76947684378 -0.187754161809 0 0.484
1203 12.7755429745 32.148779 94.808879 -1.340085 30.28039575 94.7088186876 -1.34875470755 1.87106067116 -0.496737652111 0 0.458
1206 12.8045210838 32.63242 92.742465 -1.3409888 31.1727199205 92.5495037805 -1.33722040108 1.47239884348 0.215913353469 0 0.612
1209 12.884843111 33.223163 90.635151 -1.3443959 31.7744062275 91.1952029086 -1.32319804788 1.55323994481 1.21454746099 0 0.444
1212 12.8027870655 33.480467 88.544154 -1.3400822 31.5620328809 88.7893191992 -1.33539819622 1.93403605044 0.268373647906 0 0.53
1215 12.7621870041 33.996344 86.523674 -1.3537744 32.4785436677 86.5455177451 -1.35725961501 1.51795750862 -0.199688110658 0 0.65
1218 12.7167079449 34.391099 84.502242 -1.3500462 32.7828860076 84.6649640741 -1.33953036542 1.6164242953 0.602512939501 0 0.71
1221 12.8526360989 34.871654 82.311763 -1.3462417 33.4625534715 83.2218142556 -1.34540513921 1.6774258813 0.0479314025545 0 0.664
1224 12.887611866 35.319079 80.358924 -1.358939 34.1715988226 80.5814192426 -1.33519131563 1.16885195406 1.36064208784 0 0.704
1227 12.9488461018 35.776446 78.250756 -1.3606991 34.4164310176 78.0535091431 -1.33506014205 1.37424418314 1.46900408184 0 0.712
1230 12.856637001 36.167733 76.160289 -1.3496683 34.573595416 76.7131618352 -1.33897790049 1.68728865595 0.61251477301 0 0.646
1233 12.852711916 36.593873 74.026216 -1.3452321 34.9648408033 74.3090590953 -1.34450970099 1.65340440131 0.0413904142316 0 0.716
1236 12.8158631325 37.096668 72.068535 -1.358637 34.9673018731 72.0314438121 -1.36662660637 2.12968914601 -0.457770724699 0 0.702
1239 12.8237330914 37.456761 70.030489 -1.3570922 35.5275125344 70.0769465694 -1.37897711342 1.92980774895 -1.25391317389 0 0.696
1242 12.9592781067 37.942935 67.912468 -1.3598503 35.8552315485 68.1828082908 -1.37027913781 2.10513409884 -0.597528391614 0 0.706
1245 12.8576610088 38.381728 65.750541 -1.3597279 37.2018004887 65.5405919522 -1.35198488272 1.19846048521 0.443642211072 0 0.674
1248 12.8445670605 38.78715 63.709446 -1.3638712 37.4630524968 63.1444481766 -1.3583033981 1.43960297939 0.319011549795 0 0.758
1251 12.8290159702 39.284372 61.704874 -1.358189 37.728520748 61.5272477489 -1.34081187248 1.56595791884 0.995636066671 0 0.734
1254 12.997647047 39.616785 59.610797 -1.3616912 38.6410757718 59.4489634447 -1.34916251927 0.989039229552 0.717840528585 0 0.784
1257 12.8918540478 40.0981 57.483375 -1.3627524 38.8871061708 58.0732519778 -1.34743253737 1.34701926612 0.877763471213 0 0.684
1260 12.8108661175 40.478176 55.366289 -1.371191 39.6140088568 56.0226923589 -1.32145641627 1.08519593662 2.84958174383 0 0.638
1263 12.7609770298 40.927924 53.368372 -1.3697355 40.0426426068 53.6189213446 -1.32514488361 0.920053324119 2.55485412477 0 0.706
1266 12.8329670429 41.311773 51.24524 -1.3687118 40.8199303043 51.4891968932 -1.34357435302 0.549021131709 1.44026961967 0 0.718
1269 13.0517818928 41.752813 49.127024 -1.3690442 40.7932088218 50.059409548 -1.34645706534 1.3379772004 1.29414748734 0 0.726
1272 12.8358771801 42.124468 46.999249 -1.3746445 41.1741807227 47.6398365505 -1.35131713348 1.14603591535 1.33655964864 0 0.756
1275 12.8463659286 42.489069 45.000812 -1.3756167 41.869259874 45.8559845734 -1.34720702035 1.05616451508 1.62775474109 0 0.75
1278 12.8567759991 42.919623 42.847052 -1.3693623 41.6004308741 43.9164060804 -1.36185224334 1.69817137362 0.430294550498 0 0.694
1281 12.855907917 43.26925 40.76156 -1.3849404 42.9752930586 41.513596853 -1.34760310519 0.807446661818 2.13926941119 0 0.602
1284 12.95794487 43.723057 38.666685 -1.382086 43.4099109155 39.0037136009 -1.34759173778 0.460052983925 1.97637564262 0 0.698
1287 12.8569619656 44.069109 36.638541 -1.3748634 44.4458190011 37.0422458843 -1.33844974291 0.552166694545 2.08634886786 0 0.646
1290 12.7945570946 44.48264 34.512889 -1.372972 43.7658249286 35.4022786851 -1.36922676301 1.14229499622 0.214586272548 0 0.65
1293 13.0258200169 44.660959 33.544964 -1.3339999 44.1033379802 33.8612827742 -1.31443811659 0.64109185669 1.12080762917 0 0.7
1296 12.7533481121 44.654294 33.324157 -1.2074321 44.4931390717 33.5229465431 -1.21309348774 0.255906610664 -0.32437362355 0 0.708
1299 12.9457368851 44.699557 33.107025 -1.0711259 44.1939998752 33.5597091488 -1.02334334877 0.678609567387 2.73773852 0 0.666
1302 12.7623841763 44.829945 32.953901 -0.95914547 43.8897004384 33.6683408018 -0.813092230126 1.18088274865 8.36823422901 0 0.58
1305 12.7061140537 44.914184 32.826307 -0.82117543 44.3340067706 33.5587449411 -0.849604460831 0.934382659849 -1.62886348225 0 0.582
1308 12.6717228889 44.932468 32.690373 -0.70238554 43.8504587071 32.9021911052 -0.759665093672 1.10254751356 -3.2818766778 0 0.55
1311 12.8928060532 45.019913 32.619075 -0.56167342 43.7017467755 33.605061493 -0.707031051095 1.64612622841 -8.32837878175 0 0.528
1314 12.9585940838 45.164806 32.47066 -0.44585332 44.1528881739 33.1231625496 -0.679837858184 1.20405035779 -13.4063265093 0 0.486
1317 12.8281078339 45.307079 32.373178 -0.30795343 44.2800709368 33.1485775467 -0.599310092369 1.28685275729 -16.6935070868 0 0.422
1320 12.8943989277 45.468859 32.25314 -0.19105128 43.1522409144 32.8661113463 -0.516672544153 2.39634163376 -18.6567241557 0 0.458
1323 12.8006939888 46.833289 32.057508 -0.10389315 44.4541379511 31.6099098643 -0.265711583742 2.42088905251 -9.27151330083 0 0.364
1326 12.8396990299 48.863767 31.868312 -0.084237935 47.3573818453 32.3811053912 -0.205026769118 1.59127411097 -6.92069040727 0 0.426
1329 12.8901669979 51.033972 31.691587 -0.08198003 48.4767413143 29.757499655 -0.620532861439 3.20626303324 -30.8568042863 0 0.362
1332 12.7567939758 53.111195 31.42619 -0.084122232 50.4243443415 27.4617047391 -0.623099938427 4.78918676235 -30.8811478299 0 0.314
1335 12.6713891029 55.206155 31.249451 -0.082409142 53.8479406641 32.8427089879 -0.0201762068239 2.09361343096 3.5656845323 0 0.332
1338 12.6798090935 57.287235 31.07162 -0.080297126 56.3233676723 33.0297100783 -0.0349469431477 2.18246580269 2.59837407758 0 0.402
1341 12.9575870037 59.516372 30.847745 -0.092608556 58.5552192592 33.016329037 -0.0339853170897 2.37203948461 3.35886417095 0 0.546
1344 12.7844259739 61.567611 30.670937 -0.091677002 60.5829140917 32.9571722354 -0.0155045411627 2.48927691362 4.3643605211 0 0.604
1347 12.9984748363 63.68279 30.502969 -0.089332225 63.140480844 32.4987830903 -0.0746764750466 2.06818110997 0.839712617931 0 0.558
1350 13.0507261753 65.773678 30.270465 -0.081918863 65.4801080188 32.0081929398 -0.0446192567028 1.76235119279 2.13711001833 0 0.528
1353 12.6359472275 67.870787 30.052005 -0.080757136 67.6412707862 31.912088222 -0.0801079896542 1.87418976766 0.0371933458999 0 0.64
1356 12.8770620823 69.978421 29.855203 -0.080851998 69.4077894959 31.6237663189 -0.0786395758389 1.85834241363 0.126762452334 0 0.656
1359 12.9676389694 72.04312 29.748383 -0.089661546 70.88301843 31.2018494765 -0.0967234859186 1.85967751267 -0.404619352511 0 0.574
1362 12.7795619965 74.192216 29.503442 -0.097083695 72.3080139885 30.6450083129 -0.0942870522635 2.20304127668 0.160235825609 0 0.594
1365 12.7694621086 76.337484 29.313327 -0.092202589 74.9456498103 30.3506552955 -0.0906607604205 1.73587223151 0.0883402703376 0 0.702
1368 12.8136270046 78.469083 29.072242 -0.088851811 77.3622288429 30.3797799668 -0.0947764334373 1.71312044523 -0.339455860863 0 0.672
1371 12.8602209091 80.508884 28.860474 -0.08148585 79.4234268894 29.9809809512 -0.102123783106 1.56004902706 -1.18246646485 0 0.656
1374 12.7862000465 82.648681 28.706332 -0.092016755 81.0944762143 30.3979361743 -0.0704251580666 2.29718897748 1.23710737723 0 0.696
1377 12.7202908993 84.803463 28.469695 -0.089914919 83.3920505607 30.3951831712 -0.06431604091 2.38738136278 1.46670767483 0 0.678
1380 12.6926269531 86.909059 28.274418 -0.095059786 85.0199079899 30.013513718 -0.0596736696128 2.56775105015 2.02747512234 0 0.73
1383 12.6861689091 88.999768 28.069648 -0.093100738 87.0880598798 30.3439771995 -0.0606007133113 2.97106062621 1.86211424873 0 0.774
1386 12.7173368931 91.148907 27.8824 -0.087682683 89.6096713435 30.2543668808 -0.0606753830763 2.82762679467 1.54740430167 0 0.826
1389 13.049861908 93.191686 27.680334 -0.085944106 91.1676399133 30.2226847977 -0.0622562557237 3.24966308098 1.35721384657 0 0.712
1392 13.5079350471 94.597595 27.536443 -0.026113958 93.5395271466 30.1330486371 -0.054994859455 2.8039023551 -1.65475376191 0 0.754
1395 13.1927659512 66.734672 23.138609 0.64678418 95.1337740907 31.0292899565 -0.0251926323932 29.4749358865 -38.5014352808 0 0.626
1398 12.7380068302 41.954155 8.6979942 1.5862633 97.9435552031 31.6904953366 0.0292722336677 60.5265895588 -89.2090168404 0 0.616
1401 12.7849872112 40.498777 7.6026468 1.6671323 99.5151141808 31.9588471292 -0.00440732589995 63.8447534941 -95.7721658529 0 0.48
1404 12.7956418991 40.36551 9.5759073 1.6613912 101.82519025 31.1013613876 -0.0131174018202 65.1201771351 -95.9422756427 0 0.56
1407 12.8745028973 40.15753 11.693798 1.6450717 102.739181766 30.8056382123 -0.0266234991037 65.4348956906 -95.7810795409 0 0.488
1410 12.7903420925 40.017928 13.779826 1.6578436 103.267094508 30.4466369088 -0.0177882470023 65.4082536827 -96.0066328509 0 0.296
1413 12.8254389763 39.937066 15.922073 1.6651068 106.068601671 31.1248258536 -0.00433756586717 67.8564934589 -95.6521162961 0 0.236
1416 12.9617290497 39.75755 17.953862 1.6630734 105.904805465 30.3180944005 0.0170811187643 67.2928944866 -94.3084108259 0 0.12
1419 12.9931559563 39.645384 20.177858 1.663423 110.186996566 28.6163329844 -0.068296544981 71.0445421086 -99.2202212277 0 0.084
1422 12.9281029701 39.526919 22.292671 1.6684735 111.065386806 31.5954095539 0.0568040022934 72.1407881892 -92.3418601886 0 0.114
1425 12.8701751232 39.303781 24.413998 1.6572417 112.27633309 33.2156941569 0.061179526198 73.5014504196 -91.4476263993 0 0.108
1428 12.8933441639 39.21094 26.55624 1.6661167 115.832406309 33.7842371855 0.108060645277 76.9616335753 -89.2700361804 0 0.096
1431 12.7466449738 39.049874 28.673026 1.6660737 117.115079808 34.9979861048 0.124686387249 78.3210155589 -88.3149876157 0 0.088
1434 12.8118999004 38.816051 30.701859 1.6598041 120.400741243 35.5853766084 0.117205564768 81.7307189881 -88.3843855519 0 0.122
1437 12.9018051624 38.695572 32.853799 1.6647394 122.826611942 34.9768186051 0.107550030474 84.1578225358 -89.2203787765 0 0.216
1440 12.8693020344 38.58982 35.008607 1.6723781 124.384292509 35.3066417082 0.0991187602893 85.7949901672 -90.141120245 0 0.164
1443 13.2705829144 38.393816 37.160762 1.6689022 126.680397941 35.5179692362 0.0978144327475 88.3018647534 -90.0166983082 0 0.322
1446 12.9883129597 38.314928 39.264936 1.6781402 128.933944343 36.6508149743 0.139886160412 90.6567137712 -88.1354642873 0 0.314
1449 12.8967008591 38.042909 41.445131 1.6601298 130.732428471 37.9464835676 0.161305261205 92.755525731 -85.8763203036 0 0.162
1452 12.7699019909 37.893052 43.482766 1.6655679 135.691208567 27.67423679 -0.0796530329143 99.0675982533 -99.9937937739 0 0.112
1455 12.7677111626 37.737395 45.529248 1.6663309 138.043849135 27.7106023399 -0.0699493902469 101.876831882 -99.4815326829 0 0.218
1458 12.8204371929 37.667375 47.706088 1.6735516 140.692724156 26.581574043 -0.108004374686 105.168757997 -102.075638316 0 0.19
1461 12.8876368999 37.411337 49.793915 1.6717816 142.034824705 25.6695724626 -0.122036431257 107.368794733 -102.778202406 0 0.082
1464 12.7619290352 37.208006 51.943854 1.66906 138.887788627 37.8668430149 0.170300779888 102.649600259 -85.8725778188 0 0.024
1467 12.7806639671 37.03196 53.963531 1.6741645 27.8720610578 117.706769163 1.58058157861 64.3980136348 -5.36190643032 0 0.04
1470 12.8168649673 36.983983 56.143126 1.6856298 33.6334843711 56.2259972855 1.67139306861 3.35152334201 -0.815704622824 0 0.03
1473 12.9280478954 36.720012 58.206076 1.6746777 33.9163843045 57.7539509639 1.63445644034 2.83984952125 -2.30450842497 0 0.04
1476 12.9450728893 36.536888 60.398002 1.6787317 33.5011932662 60.3229843182 1.64903635323 3.03662150575 -1.70141804088 0 0.074
1479 12.7970881462 36.401835 62.417273 1.6766351 33.6790502759 62.4405218688 1.696143936 2.72288397914 1.11777396616 0 0.05
1482 12.8786890507 36.239068 64.615141 1.6886647 33.5842665629 64.0459023483 1.6502593095 2.71514333196 -2.2004667862 0 0.1
1485 12.6754159927 35.99676 66.655908 1.678851 32.9955634377 66.1534280527 1.63509264967 3.04297007926 -2.50716879234 0 0.146
1488 12.9782059193 35.830181 68.859683 1.6854848 33.2369470671 68.6473084105 1.65984919718 2.60191567831 -1.46881184712 0 0.244
1491 12.8644490242 35.575227 70.898859 1.683738 32.6740183893 70.5251641793 1.65564188439 2.92517678474 -1.60978884492 0 0.346
1494 12.9033439159 35.463169 73.006353 1.6935188 32.7293172127 72.8428422475 1.64846486909 2.73873718361 -2.58140009172 0 0.43
1497 12.8924000263 35.205801 75.07321 1.6913976 31.968267258 74.7519420482 1.68623800891 3.25343477386 -0.295622793622 0 0.444
1500 12.8736829758 34.978045 77.287591 1.6912075 31.5765924769 76.0557775264 1.6947235637 3.61762956927 0.201455610754 0 0.316
1503 12.9880747795 34.814043 79.320098 1.7000185 31.1419892283 78.1209036649 1.69292879748 3.86290641298 -0.406210032504 0 0.52
1506 12.8419761658 34.580736 81.372215 1.6970036 30.7844867173 80.9548755413 1.69605416485 3.81912042759 -0.0543986272386 0 0.562
1509 12.8252930641 34.345965 83.441951 1.6955247 30.4132691872 83.0781220108 1.67776059131 3.94948957327 -1.01780845458 0 0.564
1512 12.8393769264 34.142398 85.698773 1.7034669 29.8075797079 84.8970939695 1.688495288 4.40832608744 -0.857810180117 0 0.626
1515 12.7962238789 33.910208 87.748137 1.7016389 30.6398203086 87.2204195279 1.67241160311 3.31269095787 -1.67460075811 0 0.64
1518 12.9713728428 33.670818 89.737713 1.6967853 30.1147862357 89.7562646577 1.66536766226 3.55608015554 -1.80009804493 0 0.738
1521 12.7457480431 33.472926 91.900649 1.7056804 30.1892843877 92.1657047951 1.69018002053 3.29432190486 -0.888106324417 0 0.704
1524 12.739823103 33.217902 94.036516 1.7078464 29.553163067 93.723329081 1.68699627199 3.67809699343 -1.1946243375 0 0.716
1527 12.7423939705 33.034075 96.178482 1.7177188 28.774015143 96.2876903118 1.7113028738 4.2614594261 -0.3676054929 0 0.688
1530 12.7926130295 32.713254 98.174723 1.7080491 28.2110023036 97.3110659869 1.71084439413 4.58434005875 0.160158555867 0 0.516
1533 12.8430681229 32.45653 100.24821 1.7068362 28.0854240994 99.4819954863 1.70276184672 4.43775297591 -0.233443246997 0 0.686
1536 13.0088639259 32.217075 102.39435 1.7082962 27.7172269898 101.999154359 1.69501769029 4.5171685501 -0.760802564544 0 0.742
1539 12.7765078545 31.955228 104.48204 1.7110577 27.7037009318 103.476540091 1.67094810041 4.3688113348 -2.29811077439 0 0.7
1542 12.7818849087 31.741377 106.6002 1.7198575 27.6267203514 105.557991265 1.67816317473 4.24459637459 -2.38890886776 0 0.734
1545 12.7797291279 31.439656 108.68741 1.7105287 27.4078705025 107.983696277 1.68765295837 4.09273836231 -1.31068344857 0 0.774
1548 12.7559490204 31.216018 110.75498 1.7177022 27.0673090531 110.191586738 1.68277559312 4.18678849407 -2.00114716679 0 0.678
1551 12.7558481693 30.916985 112.90957 1.719675 27.1196668258 112.551042895 1.68565889162 3.81420594632 -1.94897944555 0 0.72
1554 12.752243042 30.668641 114.94646 1.716506 27.1878034827 114.38152978 1.67864027506 3.52638284584 -2.16954622716 0 0.74
1557 12.8362641335 30.419865 117.12266 1.716223 26.8703124506 115.879502926 1.68606103025 3.76095238086 -1.72815356875 0 0.7
1560 12.9214670658 30.132888 119.21343 1.725557 26.2388562767 117.902870927 1.7027726407 4.10865527208 -1.3054476266 0 0.412
1563 12.7062969208 29.88258 121.34383 1.72867 25.5923273289 120.21257074 1.69404086067 4.43689254937 -1.98410353197 0 0.594
1566 12.7257988453 29.981486 120.5055 1.7055843 25.7338481661 119.85753967 1.68349115985 4.29677550693 -1.26584368705 0 0.606
1569 12.7361769676 30.170653 118.4575 1.6900862 26.8281960392 117.795183135 1.68429633776 3.40744510801 -0.331734670292 0 0.572
1572 12.8333251476 30.502618 115.6086 1.6745202 27.2837738655 115.071901669 1.68284291036 3.26328096559 0.47685617796 0 0.58
1575 12.8220710754 30.699806 113.48782 1.6738205 27.7391512537 112.442665576 1.68718251029 3.13971723209 0.765586795161 0 0.622
1578 12.6747279167 30.8492 111.36091 1.6697397 27.8629699216 110.815951948 1.67726962092 3.03554762104 0.431432688562 0 0.592
1581 12.7376668453 30.973164 109.37107 1.6787837 28.117179674 108.842037046 1.68880879717 2.90456921702 0.574395757188 0 0.55
1584 12.8225331306 31.204408 107.09871 1.665475 27.4976279195 107.234812974 1.66371695557 3.70927790614 -0.100728526138 0 0.472
1587 12.8307340145 31.322843 104.96751 1.6587885 27.6555008508 105.125984779 1.67311046504 3.67076459268 0.820588151061 0 0.604
1590 12.8348281384 31.457099 102.91722 1.6541397 28.1221335407 102.69233617 1.68584653815 3.34253905757 1.81666800747 0 0.692
1593 12.881855011 31.546684 101.34427 1.631357 28.5174981538 101.96364752 1.65834730912 3.09185953802 1.54643080057 0 0.622
1596 12.8017749786 31.536552 101.09899 1.5279681 28.479563873 101.819299612 1.58454815205 3.14070411631 3.24179818705 0 0.578
1599 12.7263898849 31.522716 100.84711 1.3818466 28.722863615 101.996759476 1.47842814505 3.02669246795 5.53371491033 0 0.562
1602 12.6990809441 31.33472 100.81397 1.2437751 28.3411432549 101.970306587 1.31616909359 3.2091456854 4.1478702946 0 0.582
1605 12.724905014 31.335612 100.76499 1.1262837 28.5897169213 101.565650078 1.21358132564 2.86024410556 5.00178551054 0 0.474
1608 12.8547921181 30.238332 99.003137 0.9296569 27.5306041475 100.984614351 1.00334298139 3.35530067434 4.2219014726 0 0.49
1611 12.8382520676 28.772289 97.32743 0.78863198 26.8164851425 98.7202845029 0.878818612901 2.40108567014 5.16731343371 0 0.512
1614 12.8255841732 27.005154 95.945316 0.6582802 24.4106387593 97.948803581 0.676112243916 3.27802864865 1.02170085649 0 0.516
1617 12.7932729721 26.209553 95.323497 0.64585939 24.1534166672 95.4442558192 0.720975531221 2.05967941963 4.3038378653 0 0.54
1620 12.775042057 26.225548 95.299359 0.74214735 24.0363833994 95.181429392 0.814822432067 2.19233871492 4.16397547823 0 0.486
1623 12.9509110451 26.287241 95.304851 0.87876564 24.0206762064 94.5488331679 0.967882516104 2.38932604014 5.10602088412 0 0.458
1626 12.7669579983 26.503119 95.525486 1.0159202 24.1214523138 94.9379422194 1.07784886134 2.45306826205 3.54825092551 0 0.424
1629 12.7765758038 26.584147 95.637624 1.1414331 23.4513268478 95.331642175 1.15745929711 3.14772727267 0.91823345582 0 0.354
1632 12.7545878887 26.62792 95.717086 1.2595284 25.3057499975 96.1263103924 1.31232358429 1.38405134258 3.02494123825 0 0.278
1635 12.8638920784 26.756174 95.797181 1.3910555 23.7460119283 95.8949859037 1.45434604665 3.01175057015 3.6262812064 0 0.306
1638 13.0132169724 26.381693 93.77201 1.3952992 23.4186408163 93.7914903055 1.49951176345 2.9631162187 5.97094005794 0 0.462
1641 12.8190231323 26.011804 91.856332 1.39866 22.8037240422 92.0898847188 1.45394709087 3.21657020574 3.16771696869 0 0.428
1644 12.7058980465 25.609249 89.727224 1.3968171 22.9789954027 90.161811531 1.46366078451 2.66591453503 3.82986100928 0 0.49
1647 12.7777900696 25.2462 87.568251 1.3940659 23.4534195327 87.4574641703 1.50165009333 1.79620030215 6.16412022003 0 0.588
1650 12.7341761589 24.820481 85.505592 1.4017015 22.7502503139 85.4298287142 1.49421270005 2.07161655935 5.30050132057 0 0.544
1653 12.7057170868 24.493958 83.448062 1.398475 20.5462580361 84.3012769817 1.41229274293 4.03885018411 0.791698352187 0 0.478
1656 13.1101260185 24.080092 81.345956 1.3962744 20.4898124788 81.7257316618 1.42818508715 3.61030976427 1.82834769517 0 0.568
1659 12.8002381325 23.622432 79.208855 1.3888608 20.0313405998 79.1424446728 1.43414528429 3.59170541336 2.59460982704 0 0.602
1662 12.9715871811 23.236261 77.182266 1.3737053 19.8772584565 77.3381984735 1.41142308665 3.36261996415 2.16106998774 0 0.618
1665 12.8264210224 22.741503 75.111069 1.3685019 19.8918437029 74.9677152793 1.43435356864 2.85326276368 3.77302268715 0 0.686
1668 12.8978359699 22.23837 73.007777 1.3690406 19.2593669749 72.8357491748 1.42910087783 2.98396591744 3.44120043623 0 0.658
1671 12.8021290302 21.796618 70.8705 1.3677106 18.9766167652 71.4755534036 1.43206655789 2.88418040102 3.68732477384 0 0.508
1674 12.7734498978 21.306705 68.900927 1.3588762 20.0308735237 69.1145248197 1.48684759128 1.29358802738 7.33222061897 0 0.626
1677 12.8181180954 20.800373 66.796896 1.3509317 19.4802454131 66.9215449729 1.45054252061 1.32599932586 5.70727961458 0 0.632
1680 12.8132100105 20.180988 64.758154 1.3339286 19.7451983762 65.7664135218 1.46331070767 1.09840787483 7.41304871391 0 0.586
1683 12.7813448906 19.716632 62.635567 1.3210663 18.1818194769 63.5246983878 1.42246149322 1.77375424056 5.80951663448 0 0.592
1686 12.769908905 19.127208 60.642471 1.320188 17.1679389162 61.1038125491 1.40794590671 2.01285155127 5.02815767322 0 0.6
1689 12.7292628288 18.573484 58.538556 1.3117791 17.5413754771 57.9939951782 1.43835859223 1.16695950731 7.25247067761 0 0.492
1692 12.7993378639 18.03732 56.562177 1.3046299 16.6352723545 56.7357288974 1.40539398869 1.4127483362 5.77335700852 0 0.578
1695 12.7623431683 17.470308 54.449011 1.30616 16.5221994782 54.6043070332 1.4122162015 0.960742747578 6.07657273703 0 0.674
1698 12.7674541473 16.865167 52.414515 1.2995721 15.0473492255 52.1238454877 1.37316192828 1.84091016261 4.21638657573 0 0.506
1701 12.8225798607 16.322269 50.452679 1.2871313 15.2138185376 50.9731399063 1.39718072739 1.22455787226 6.305367727 0 0.328
1704 12.7454361916 15.679585 48.421133 1.2791916 14.4028409085 48.5896004883 1.38662969161 1.28781084392 6.155749208 0 0.496
1707 12.6284520626 15.049517 46.343459 1.2810584 14.107694056 46.443856311 1.39048990312 0.94715895068 6.26996327466 0 0.582
1710 12.8005168438 14.370513 44.264129 1.2685694 13.5629169885 44.703672444 1.3760828956 0.919461666914 6.1600695384 0 0.614
1713 12.7741320133 13.728985 42.398373 1.2622613 13.4633412366 42.1941644678 1.39576338667 0.335063775494 7.64910612229 0 0.666
1716 12.7188580036 13.116178 40.310007 1.2578142 12.6963218751 40.3057387003 1.37072071195 0.419877820317 6.46906661433 0 0.676
1719 12.7242639065 12.482531 38.460523 1.239848 12.7741417508 38.6620685848 1.36760133247 0.354481949805 7.31972676953 0 0.592
1722 12.9169158936 12.331027 38.238303 1.1567887 10.9459922771 38.0025652414 1.25498452303 1.40495319299 5.62620622542 0 0.38
1725 12.7663960457 12.263795 38.100898 1.043782 11.5379968102 37.7641124327 1.14251356954 0.800129696186 5.65690223934 0 0.386
1728 12.7865600586 12.231882 38.075858 0.90529637 11.2040693641 37.3781816145 1.01626746599 1.24223635169 6.35817544793 0 0.432
1731 12.8382270336 12.170047 37.918491 0.7605547 10.9501779776 37.7713794279 0.903894768007 1.22870755125 8.21278093194 0 0.32
1734 12.8546440601 11.9457 37.868652 0.60051086 11.638783784 37.6100321304 0.761097736903 0.401349972728 9.20095029171 0 0.424
1737 12.6823909283 11.861848 37.85602 0.47073445 11.4857624062 37.9242949293 0.613317683555 0.382232703775 8.16941751205 0 0.498
1740 12.8196938038 11.68598 37.868337 0.32347919 11.2056542164 37.4977117176 0.454529889344 0.606692639074 7.50865197463 0 0.472
1743 12.98706007 11.634663 37.834152 0.18688423 11.7542565967 37.7878699481 0.111539608103 0.128236721351 -4.31692884371 0 0.436
1746 12.8768851757 11.546787 37.799316 0.059161186 11.9559108963 37.4222027736 0.0407958276994 0.556414187479 -1.05225751987 0 0.452
1749 12.8387439251 11.461332 37.784444 -0.088384018 11.6449298481 36.7132439353 0.0235785605231 1.08682001655 6.41498321277 0 0.416
1752 12.7890481949 11.353119 37.809133 -0.22428348 11.9746421184 37.4570110876 -0.159137535574 0.714339434617 3.73258766799 0 0.46
1755 13.0716590881 11.259101 37.929753 -0.36642208 12.3314281807 37.708485394 -0.224612013103 1.09491777592 8.12511832568 0 0.446
1758 12.7593128681 11.22919 38.083377 -0.50941267 12.1877399292 38.3116640341 -0.346425878665 0.985359293168 9.33845525987 0 0.42
1761 12.7386391163 11.185129 38.110347 -0.64618684 12.0616778668 37.3397532708 -0.40788597368 1.16711293853 13.6536338945 0 0.432
1764 12.8427138329 11.588805 37.741111 -0.76036767 11.3476165492 37.1126052785 -0.63150379041 0.673194853472 7.38335643217 0 0.364
1767 12.7388617992 13.063467 36.224873 -0.77289998 12.5000354516 37.057003399 -0.765735391863 1.00493587385 0.410500662211 0 0.292
1770 12.8349130154 14.493375 34.807156 -0.77803694 13.8716005388 34.7448576326 -0.694820002872 0.624887643633 4.76797928144 0 0.334
1773 12.8858618736 15.892318 33.28564 -0.77023756 15.7689129608 33.9973448312 -0.75734326637 0.722324421875 0.738788604784 0 0.456
1776 12.7874791622 17.405154 31.857105 -0.77891679 17.7714796534 32.3173426023 -0.748381766514 0.588228811754 1.74952797311 0 0.558
1779 12.893157959 19.008966 30.381332 -0.78385491 18.8726124551 30.9458326671 -0.783978784426 0.58073513097 -0.00709748179626 0 0.518
1782 12.8884170055 20.517371 28.856906 -0.78454873 20.1657378993 29.4158569558 -0.74905048542 0.660357485384 2.03389959457 0 0.66
1785 12.7666702271 22.037399 27.308602 -0.78653789 21.8776573275 27.4039108769 -0.772547895591 0.186013934831 0.801567635047 0 0.606
1788 12.9583990574 23.470866 25.802264 -0.78746834 23.6672880012 26.016520355 -0.765095212813 0.290667143377 1.28188576231 0 0.604
1791 12.720523119 25.030138 24.239515 -0.79252133 25.0636137346 24.7502160472 -0.778666649297 0.511797014848 0.793814730763 0 0.654
1794 12.7689790726 26.508975 22.80392 -0.79210599 26.1996980373 22.9689502059 -0.759163890888 0.350552718548 1.88744324743 0 0.608
1797 12.8645322323 27.961008 21.312251 -0.79564812 28.0616062204 21.7042389909 -0.773555536061 0.404690729995 1.26581181825 0 0.688
1800 12.8629209995 29.36401 19.750057 -0.78815021 29.3715107832 20.1538266724 -0.785544247936 0.403839337037 0.149310627826 0 0.706
1803 12.7796311378 31.016391 18.179875 -0.79578372 30.9122531292 18.7133662624 -0.766710056307 0.543560137616 1.66579822461 0 0.696
1806 12.853785038 32.405165 16.663972 -0.79079715 32.3300806366 17.1314672259 -0.786542396175 0.473486481201 0.243779437057 0 0.732
1809 12.8313441277 33.875627 15.226881 -0.79213801 33.4027755061 15.5582322627 -0.789597897365 0.577392582775 0.145537733498 0 0.714
1812 12.9403269291 34.400964 14.714584 -0.72873329 34.0781917602 15.047177954 -0.754419131074 0.463465917922 -1.47169028677 0 0.658
1815 12.9142560959 34.541831 14.529671 -0.59347242 33.6038605036 14.6591513661 -0.653951018181 0.946865258278 -3.46516842663 0 0.59
1818 12.7436881065 34.648846 14.435796 -0.47955783 33.9217608357 15.3246863308 -0.500549457731 1.14838097174 -1.20273167408 0 0.616
1821 12.7969050407 34.668797 14.324629 -0.34405458 33.8135872261 14.7662873894 -0.368316688588 0.96252059215 -1.3901164242 0 0.674
1824 12.7775530815 34.864126 14.20779 -0.22615765 34.3297894862 15.5243002354 -0.2642425979 1.42081480493 -2.18210677767 0 0.612
1827 12.7285921574 35.017605 14.088235 -0.094353638 34.1622378178 14.9791980717 -0.107353963119 1.23509846225 -0.744863761611 0 0.556
1830 12.9575459957 36.599142 14.0692 -0.022879679 36.4521569213 14.9242437829 -0.043992477326 0.86758543327 -1.20967423779 0 0.568
1833 13.0634231567 38.63985 14.009333 -0.014813302 38.5425146265 15.2325599298 -0.0554503066743 1.22709343437 -2.32832885989 0 0.612
1836 12.8067400455 40.768535 13.925491 -0.0089087199 39.7763264438 14.8119747643 -0.0269342652038 1.33053796765 -1.03278766933 0 0.59
1839 12.817702055 42.905865 13.952369 -0.011506708 42.1685459397 15.0108514537 -0.0106613664189 1.28997073671 0.0484345048429 0 0.618
1842 12.8586931229 45.04117 13.838962 -0.010052037 44.7260183661 14.9768639538 -0.0179230989219 1.18073765449 -0.450978628409 0 0.652
1845 12.7888090611 47.095509 13.764363 -0.008210261 46.3916324663 14.8266392084 -0.00318997440052 1.27431272364 0.287641234096 0 0.624
1848 12.9004321098 49.256947 13.750747 -0.012245698 48.3184461386 14.9729173557 -0.00973043473467 1.54093615875 0.144113969468 0 0.73
1851 12.8238179684 51.347189 13.680192 -0.017629817 50.958803179 14.9042005848 -0.00302868019506 1.28414974268 0.836583515016 0 0.764
1854 12.7423191071 53.510554 13.649042 -0.0075411209 52.4449738687 15.0890074179 0.0053229030591 1.7913574241 0.737054280412 0 0.744
1857 12.7246999741 55.608657 13.581194 -0.0077936973 54.8957977803 14.9821618427 0.0146968374962 1.57190303875 1.28861272281 0 0.762
1860 12.9308149815 57.666716 13.591636 -0.01411162 56.8266416008 14.9784480424 0.0146604440857 1.62141069359 1.64851783999 0 0.764
1863 12.7486438751 59.905766 13.533857 -0.012519778 59.5543967329 14.9959423938 0.00334347171956 1.5037134237 0.908897258293 0 0.716
1866 12.7893300056 62.027534 13.447994 -0.021676244 60.7471993498 15.1779417764 -0.0046538538994 2.15220262187 0.975311109989 0 0.724
1869 12.8030810356 64.181261 13.371995 -0.025327169 63.2479907979 14.9978587622 0.00513523899328 1.8746803043 1.74536741182 0 0.758
1872 13.0478789806 66.241252 13.310079 -0.024907545 65.3769979529 15.1442677822 0.00153344085202 2.02760537253 1.51495689549 0 0.806
1875 13.0107860565 68.444119 13.24669 -0.026304862 67.0282824924 14.94807505 -0.00169341859955 2.21343716981 1.41013183457 0 0.758
1878 12.7647969723 70.49734 13.123327 -0.017605166 69.0655362244 14.9370023691 0.00439653856716 2.31073157166 1.26060481379 0 0.812
1881 12.8076269627 72.634932 13.039101 -0.019360635 71.7520770733 14.8687888549 0.00864122943907 2.03154878556 1.60438865086 0 0.806
1884 12.8615860939 74.720419 12.994859 -0.019347658 73.4492092322 15.192014305 -0.00454386553592 2.53839825641 0.84819482898 0 0.764
1887 12.8706889153 76.914825 12.90632 -0.036038761 75.6440653578 14.9498359653 -0.00333728781103 2.40640552877 1.87365639759 0 0.74
1890 12.7082240582 79.004774 12.78569 -0.032634565 78.1135932031 14.7962315187 0.00420434016517 2.19919994796 2.11071378785 0 0.762
1893 12.9147770405 81.177999 12.691712 -0.029848436 80.9004321046 14.4386471334 0.00622003907792 1.76884870515 2.06657139544 0 0.696
1896 12.9276220798 83.222919 12.597068 -0.02122413 82.2476192343 14.7725263995 -0.00114827511811 2.38407820364 1.15026175485 0 0.66
1899 12.9643449783 85.390174 12.538762 -0.021700441 84.2697831625 14.9578888094 0.00963584643108 2.66598014791 1.79543701541 0 0.764
1902 12.8358359337 87.449986 12.512039 -0.030894579 86.8648823149 14.8444901385 0.000806392268786 2.40471924258 1.81633186017 0 0.71
1905 12.7401711941 89.572355 12.414566 -0.034322832 88.3235676161 14.8733146838 0.00967941338094 2.75770103894 2.52114294943 0 0.69
1908 12.7316060066 91.713838 12.339838 -0.030338307 90.2599286551 14.8402797222 0.0117182253784 2.89241442208 2.40966180624 0 0.744
1911 12.6862339973 93.866625 12.234111 -0.027880568 92.8238953002 15.0246981065 -0.00553206725466 2.97903703 1.28047477115 0 0.772
1914 12.7384269238 96.027017 12.118277 -0.016096141 95.1280645883 14.7363458924 0.00291445229876 2.76810407385 1.08922676206 0 0.704
1917 12.9557368755 98.003729 12.063433 -0.023465033 97.2812066783 14.9683019182 0.013154264954 2.99337634406 2.0981312215 0 0.8
1920 12.8214790821 100.1865 11.996018 -0.023536261 99.0487838003 14.9931142007 -0.00111638733281 3.20577350847 1.28456413835 0 0.764
1923 12.8153951168 102.26857 11.921444 -0.023061579 101.738494799 14.9597656831 0.0110645352381 3.08421438438 1.95528231702 0 0.748
1926 12.8685109615 104.50291 11.810699 -0.022632517 103.852865355 15.2502315727 0.0209652822796 3.50042031173 2.49796989478 0 0.782
1929 12.9155550003 106.528 11.779433 -0.025937223 105.708035587 15.1457953316 0.0181597800301 3.46478527266 2.5265721628 0 0.738
1932 12.9024119377 108.61821 11.737233 -0.017267816 108.203738294 15.0044726647 0.00964995456805 3.29342402701 1.54227464745 0 0.762
1935 12.7900569439 110.65428 11.638117 -0.015586443 109.313683047 14.8097629712 0.00625037554998 3.44333244925 1.25115754091 0 0.628
1938 13.0145938396 112.94226 11.558687 -0.011710616 111.621424344 15.0377224335 -0.00183776529627 3.72132965199 0.565672677086 0 0.74
1941 12.9106562138 114.89636 11.528856 -0.01668203 113.863638008 14.980974616 -0.00386230370393 3.60328151156 0.734516211278 0 0.784
1944 12.8848559856 117.03777 11.494892 -0.018548407 116.388394761 15.418854927 0.0127196890891 3.97733242926 1.79152993932 0 0.696
1947 13.1733210087 119.07747 11.406331 -0.016261061 118.472241136 15.5902304684 0.0156725838021 4.22744801735 1.82966307163 0 0.692
1950 12.7762320042 121.291 11.334615 -0.012126455 120.308998783 15.1525599344 0.00243535855951 3.94221129742 0.834330459016 0 0.752
1953 12.7790269852 123.43737 11.229443 0.0013807468 122.677685508 14.8000352657 0.0121575298954 3.65051361531 0.617464188095 0 0.768
1956 12.9048140049 125.58554 11.258252 -0.0049853053 124.446878667 15.2093934354 0.00671956289855 4.11194215364 0.670639547534 0 0.722
1959 12.9284799099 127.50849 11.183265 -0.012828209 126.353551808 15.0051432596 0.00315335756526 3.99257256146 0.915676314197 0 0.744
1962 12.8891680241 130.28779 11.390648 -0.01314096 128.991233684 15.3042544167 0.00483477682074 4.12278709912 1.02993385347 0 0.758
1965 12.8220031261 132.78769 11.256475 0.0084755214 131.409335902 15.339108048 0.00472452186109 4.30903151824 -0.214916442535 0 0.768
1968 12.9752960205 125.9239 10.596074 0.27888777 132.781942478 15.0872768591 0.00276224183346 8.19778322192 -15.8208273798 0 0.718
1971 12.6239318848 93.936275 13.265891 0.84250578 133.249271487 14.8314294828 -0.00122059285824 39.3441559001 -48.3419602287 0 0.47
1974 12.7520260811 59.212281 6.4432491 1.3602712 133.62847076 14.8490946632 0.0167022751958 74.889435423 -76.9808288762 0 0.042
1977 12.7543621063 41.747696 3.5851691 1.5088422 139.190214749 13.5342010541 0.0190465099058 97.949107689 -85.3590053792 0 0.042
1980 12.7791790962 40.889782 2.6549702 1.6071612 24.140066465 94.5905631967 -1.16053096935 93.4489498612 -158.577080295 0 0.008
1983 12.728700161 40.408125 3.8011614 1.6070032 69.0929983363 103.927187235 2.91210267045 104.153938994 74.7766915016 0 0.014
1986 12.8993480206 40.388712 5.5337894 1.5172855 36.942045644 88.5013378833 2.31001815832 83.0391089204 45.420235604 0 0.014
1989 12.7744479179 40.44034 7.6724587 1.5542124 89.778533702 121.033266154 -2.02484033235 123.632236995 154.935383782 0 0.024
1992 12.8162109852 40.554207 9.7439313 1.5604739 37.5668501763 86.4586635922 -1.56398341455 76.7728757535 -179.018217393 0 0.018
1995 12.9267699718 40.580821 11.876658 1.5652859 32.5390757965 92.8366437307 -3.05820422787 81.3583981863 95.0935290528 0 0.026
1998 12.8371620178 40.665042 14.024391 1.567666 31.9051210632 95.1341553075 -2.82924283198 81.5814322064 108.075681024 0 0.032
2001 12.8913700581 40.771617 16.174621 1.5548315 33.4699823097 37.2112262344 -2.68151864464 22.2677486275 117.275016172 0 0.01
2004 12.7952299118 40.847233 18.25792 1.5551713 26.4980487271 95.8512409231 2.52097919273 78.9089509572 55.3367160741 0 0.026
2007 12.7428510189 40.88758 20.352438 1.5597309 25.0434016366 97.890792951 2.74328155247 79.1405994198 67.8124572265 0 0.02
2010 12.9553711414 40.971014 22.508388 1.5678505 107.152377983 125.181016281 0.194235984678 122.15417118 -78.7023144058 0 0.028
2013 13.0269808769 41.044823 24.54743 1.5705547 62.022122386 76.9952308428 -0.447161827343 56.4873340031 -115.606641271 0 0.026
2016 12.7407660484 41.105608 26.696222 1.5717508 63.8283431256 74.2108166697 -0.359154031356 52.6683908831 -110.632697478 0 0.024
2019 12.697551012 41.160404 28.869777 1.5672714 53.2938243468 39.8429682454 -0.118108266811 16.359425889 -96.5651417854 0 0.02
2022 12.9562110901 41.204205 31.003136 1.5608691 84.1917447487 113.904095021 2.33262631301 93.3836044507 44.2184311142 0 0.018
2025 12.9340181351 41.244227 33.116661 1.5660557 38.9964453637 33.929764578 1.55888000234 2.39032627751 -0.411137191046 0 0.008
2028 12.8030540943 41.277887 35.228156 1.5643441 38.6917377026 35.7124930795 1.51935988212 2.63111204531 -2.57740582905 0 0.018
2031 12.8571441174 41.31792 37.33529 1.5797774 38.1711767977 36.4512802646 1.82697553771 3.2685571731 14.1634099945 0 0.01
2034 12.7052190304 41.419072 39.474789 1.5713492 104.811332806 108.190560836 2.40779986962 93.4902991177 47.92509314 0 0.036
2037 13.0477659702 41.429937 41.518923 1.5745722 38.743381249 42.0213704975 1.56498543569 2.73313652984 -0.54928113421 0 0.066
2040 13.2311019897 41.494048 43.684079 1.5737379 38.4923744955 43.3186332511 1.51785936128 3.02383769789 -3.20160443403 0 0.076
2043 13.2501730919 41.508319 45.798644 1.5762653 39.1032467467 45.2131767436 1.56182724769 2.47530694091 -0.827239461573 0 0.13
2046 12.7387549877 41.512588 47.943477 1.5772604 39.1105174811 47.9098808322 1.55286148902 2.40230545103 -1.39795462412 0 0.17
2049 12.8453621864 41.583607 50.107906 1.5744728 38.9425604112 49.9189274867 1.5625326636 2.64779907899 -0.684119422601 0 0.312
2052 12.7961318493 41.632502 52.265699 1.5728612 38.7638032311 52.0959640168 1.55287720775 2.87371581601 -1.14499841364 0 0.404
2055 12.7511608601 41.660201 54.305408 1.5732479 38.9525903724 54.0756958857 1.55533803464 2.71733747741 -1.02615969684 0 0.534
2058 12.8037619591 41.689009 56.508616 1.5685378 39.0268782807 56.854576025 1.56453848418 2.68451640069 -0.229143917187 0 0.632
2061 12.8879861832 41.794127 58.57462 1.5657057 38.9398020885 58.3933166915 1.573855551 2.86007720003 0.466952065903 0 0.632
2064 12.722206831 41.856016 60.76704 1.5641567 39.0799030876 60.2382768588 1.56332667145 2.82602076459 -0.0475571327214 0 0.724
2067 12.7070908546 41.858156 62.785084 1.5639758 39.115386695 62.9130364316 1.5618486324 2.74575222578 -0.121877725531 0 0.768
2070 12.8548810482 41.958088 65.023529 1.5767642 38.9445199771 64.4478328864 1.57673888934 3.06806425032 -0.00145019397554 0 0.706
2073 12.785089016 41.99726 67.044355 1.5737097 38.7612301624 66.5202439453 1.58631338506 3.27819790545 0.722137960058 0 0.766
2076 12.8720209599 42.044947 69.102812 1.5759217 38.9536263462 69.0015347354 1.57678568637 3.09297922223 0.0495027727001 0 0.798
2079 12.819216013 42.097902 71.261122 1.5727544 39.0547528946 71.0236073058 1.58549620051 3.05240392276 0.730051392459 0 0.764
2082 12.8485691547 42.114798 73.459441 1.5684742 38.1874408105 73.0089916586 1.5834676253 3.95310499518 0.859059990337 0 0.752
2085 12.7464599609 42.172982 75.545483 1.5804547 38.7848055077 75.4413423928 1.5544902726 3.38977657215 -1.48765210747 0 0.76
2088 12.8054299355 42.213453 77.648417 1.5799022 38.8805371403 77.7584641565 1.57723437082 3.33473214882 -0.152855352602 0 0.796
2091 12.8204209805 42.308345 79.80823 1.5843424 38.7895246749 79.9875935812 1.57363631209 3.52338867779 -0.613413652144 0 0.768
2094 12.8100650311 42.259747 81.948131 1.5870316 38.8093120082 82.1465496812 1.57511317267 3.45613535695 -0.682875584349 0 0.742
2097 12.838351965 42.325886 84.065588 1.5841531 38.513778327 84.3294436233 1.59256570115 3.8212281665 0.482006540866 0 0.728
2100 12.802945137 42.338042 86.100283 1.5789413 38.5343522091 86.1312790831 1.59484184352 3.8038160816 0.911034035927 0 0.678
