3 2.79661989212 58.425211 99.52669 -0.076600623 55.4325616384 114.070813984 0.144861918419 14.8488212553 12.6888689436 0
6 2.82420802116 58.436309 99.5178 -0.082073852 74.4695955057 35.1023502687 -2.67693732485 66.3808439254 -148.674725407 0
9 2.82995200157 59.138497 99.506199 -0.079127672 57.9907463673 101.839541892 1.26333887597 2.60035008532 76.9176673361 0
12 2.83358883858 60.588187 99.398001 -0.084356487 29.3484071185 91.5494619937 1.46947958262 32.210610233 89.0282488447 0
15 2.8281519413 62.026729 99.268445 -0.080345137 113.482320347 75.2800749148 -2.3719688558 56.7725266326 -131.300367319 0
18 2.82552790642 63.612811 99.142137 -0.077882356 137.158462765 16.0812107044 -0.0440465149146 110.941788208 1.93865089047 0
21 2.81604003906 65.109709 99.045111 -0.075303117 76.4711549345 132.702045541 -0.226620906667 35.5228334515 -8.66987071315 0
24 2.81740188599 66.576646 98.887554 -0.079079542 117.429450048 58.0532675953 -0.0294849617397 65.218453107 2.84156013564 0
27 2.85069894791 68.114632 98.811042 -0.080004433 118.320001691 56.7327055175 -0.0516241325092 65.5069885354 1.62607143943 0
30 2.81861495972 69.601579 98.673025 -0.074381156 115.139851805 99.8338725717 -2.70375465807 45.5530663858 -150.652004432 0
33 2.82979297638 71.154315 98.514904 -0.080273853 14.3788737584 28.9320695146 2.50764826373 89.8065787301 148.277014997 0
36 2.83156490326 72.642873 98.438251 -0.077397051 28.1999287401 105.429185162 -1.73613821963 44.9894260349 -95.0388682673 0
39 2.81434893608 74.179887 98.27586 -0.078945335 24.6321059858 104.733710782 2.01796866373 49.9668534146 120.144322129 0
42 2.82726287842 75.689674 98.17429 -0.079512997 28.6722929428 49.4135682088 -1.54756203097 67.7365640631 -84.1130137646 0
45 2.82405281067 77.259307 98.055637 -0.072379503 121.511581994 73.340405191 -2.72087236446 50.6863544316 -151.747463032 0
48 2.81837701797 78.667542 97.976243 -0.066300397 34.2326239673 64.8008368117 -1.49803172402 55.4533093362 -82.0321624351 0
51 2.80005598068 80.25432 97.827625 -0.077582567 71.1676292125 123.689769795 3.08737416956 27.4120134772 -178.661336654 0
54 2.82465004921 81.813353 97.68277 -0.074716444 77.9078890747 98.8092856526 0.0703751831738 4.06468768638 8.31313787974 0
57 2.8166821003 82.622729 97.654646 -0.085105116 79.7637360162 99.5776093558 0.0715907202406 3.44552302982 8.97801008386 0
60 2.82599616051 81.436592 97.754867 -0.094486992 77.6557932234 98.3252915114 -0.00475002292365 3.82358778012 5.14154959437 0
63 2.85767388344 79.890684 97.897701 -0.093381766 76.4773421917 100.300820754 -0.00280540789314 4.17443251835 5.18964304319 0
66 2.84802103043 78.411812 98.037468 -0.097953665 76.4825965336 97.914432633 0.160033703994 1.93313476437 14.781587411 0
69 2.79914402962 76.931086 98.162597 -0.096433306 75.07872633 97.7698548116 0.00991760169918 1.89353710644 6.09345815855 0
72 2.81530690193 75.443161 98.337547 -0.10164342 72.9990396771 98.9232339177 0.0209168126446 2.51331617721 7.02218406668 0
75 2.82087516785 73.912871 98.553041 -0.10292365 72.0929778366 99.2031724471 0.0811786358176 1.93253254171 10.5482839761 0
78 2.84700989723 72.413468 98.668417 -0.11145399 69.2865869563 98.0402569281 0.0819743297552 3.18935262041 11.0826263603 0
81 2.81600403786 70.926618 98.82512 -0.11572496 69.2730353174 99.020989743 0.000335076220175 1.66514283001 6.64975024555 0
84 2.79388904572 69.460294 99.048845 -0.12091472 66.7841409349 98.733759897 0.0191141159905 2.69463798128 8.02306131239 0
87 2.82323312759 67.984026 99.205817 -0.12024712 66.1652088213 97.9229642552 0.0228520577045 2.22571496249 8.19897893426 0
90 2.82341980934 66.409271 99.378533 -0.12589377 63.6002332866 99.2414168259 0.0140889942072 2.81238221447 8.02042159365 0
93 2.82048988342 64.97003 99.579245 -0.12534264 63.1462585475 99.6774840359 -0.00104050527663 1.82641540163 7.12198770412 0
96 2.84931612015 63.450289 99.830398 -0.13542326 60.5576036676 98.5196888268 0.0364308642026 3.17578131628 9.84651600872 0
99 2.83795714378 62.015499 100.01094 -0.13023941 59.9619810896 98.8686623462 0.00522804094642 2.34983702559 7.76171320063 0
102 2.83254599571 60.420275 100.24313 -0.1356293 58.1504208872 98.4345592348 -0.00499531743216 2.90226909613 7.48477586212 0
105 2.81695914268 58.989222 100.44438 -0.14088208 56.619349772 98.7095759665 0.0320379246323 2.93697793855 9.90758645882 0
108 2.79630494118 58.528509 100.58832 -0.24160345 56.0768589774 99.324912201 -0.0938400051343 2.75804044566 8.46622175712 0
111 2.8115029335 58.390768 100.67023 -0.3827913 56.06790902 99.9515732841 -0.231223549223 2.43148952622 8.68419242984 0
114 2.79480695724 58.26024 100.80046 -0.53685502 56.7440272398 100.173920577 -0.372001735059 1.64056477548 9.44539746598 0
117 2.83148884773 58.2435 100.85046 -0.70040996 55.9809719008 101.554424132 -0.499945151352 2.36951448579 11.4857874764 0
120 3.20506691933 58.129433 100.95873 -0.85888639 57.3436620668 101.27286351 -0.711961648993 0.846236268287 8.41816756574 0
123 2.84652304649 58.21235 101.09089 -1.0276822 57.4387285782 100.852334093 -0.842775480143 0.809567183848 10.5943746514 0
126 2.82613182068 58.152327 101.12822 -1.1869287 55.8357149626 101.708924159 -1.14049026932 2.38828571402 2.66072608505 0
129 2.82179903984 58.049715 101.26081 -1.3398137 56.1052270448 100.886515865 -1.30643196655 1.98018421053 1.91263243939 0
132 2.81965589523 58.024835 101.49733 -1.4943786 55.3618030219 102.697718556 -1.51040387011 2.92107377558 -0.918180342877 0
135 2.80265307426 58.064001 101.65215 -1.6522241 57.368478607 101.904174245 -1.62160054894 0.739775384242 1.75460022927 0
138 2.82139921188 58.104403 101.68885 -1.8037565 55.0619776508 102.922252842 -1.66134349592 3.28293079056 8.1596640817 0
141 2.81929993629 58.177183 101.78616 -1.9584038 57.1024249546 103.630362366 -2.02099613272 2.13452271548 -3.58627649488 0
144 2.83290314674 58.164815 101.89412 -2.1101089 56.2983670083 100.977749396 -2.00796479981 2.07926986923 5.85242584318 0
147 2.81951999664 58.333441 101.96561 -2.2758326 56.4979019187 102.540589416 -2.21937653708 1.92348772994 3.23469413302 0
150 2.83427095413 58.547547 101.97367 -2.4518694 56.0391829686 102.222549024 -2.34666957233 2.52068063874 6.02750613079 0
153 2.80601096153 58.609003 102.09152 -2.5989269 55.7802820932 101.547097845 -2.53956070396 2.88063490422 3.40143247891 0
156 2.83818602562 58.561869 102.14088 -2.6173282 54.6817146456 102.856015472 -2.49998517488 3.94550586832 6.72326009484 0
159 2.85110402107 58.51155 102.01626 -2.5045701 54.5295329778 103.58055192 -2.36130865954 4.27825534262 8.20827590528 0
162 2.83305096626 58.437648 101.90068 -2.3721379 55.7569526064 101.835890853 -2.34530171835 2.68147821671 1.5375999468 0
165 2.83578205109 58.147744 101.95537 -2.2082701 55.6014811101 102.366029293 -2.17792208503 2.57916571 1.73881317431 0
168 2.83994197845 58.037351 101.82492 -2.0566813 55.0940533932 102.487836672 -1.86041708582 3.01702822591 11.245111142 0
171 2.80317807198 57.944091 101.71587 -1.9011295 54.9827485595 102.500705977 -1.68544357131 3.06357904434 12.3578934143 0
174 2.83896183968 57.908577 101.57431 -1.7585036 52.7201631128 100.03433379 -1.55821197955 5.41213131688 11.4758645234 0
177 2.85129308701 57.841285 101.40683 -1.6171883 55.2578076891 101.44019927 -1.51055522132 2.58369280764 6.10962536465 0
180 3.03560614586 57.86028 101.30305 -1.4556073 55.7033314353 100.813331068 -1.37197788235 2.21184351683 4.79161267423 0
183 2.79646706581 57.788579 101.03213 -1.3093986 54.644036749 102.383117286 -1.10869788099 3.42247171129 11.4993041447 0
186 2.81326985359 57.852229 100.87925 -1.1701135 53.1421320796 100.574983619 -1.02276069662 4.71991430327 8.44269373314 0
189 2.8164100647 57.956865 100.8248 -1.0236231 52.4831305994 100.794341224 -0.832209845316 5.47381914434 10.9671716363 0
192 2.82039499283 57.906072 100.67156 -0.85835482 53.2002477651 100.752997962 -0.624331016789 4.70652885595 13.4085762296 0
195 2.79597210884 57.990597 100.53155 -0.72265365 53.3455310498 102.489476754 -0.400666755138 5.04084465712 18.4484901341 0
198 2.79816603661 58.042848 100.37669 -0.56279892 54.6300605889 102.761247077 -0.199860765116 4.16331963297 20.7948244991 0
201 2.81065320969 58.157277 100.32166 -0.41301063 54.2121162803 102.356667716 -0.0779958286949 4.43909332032 19.1949341892 0
204 2.81200218201 58.686264 100.08548 -0.29965148 53.9151519127 103.904895985 0.0391039753742 6.11158318429 19.40925788 0
207 2.80268096924 59.980629 99.666017 -0.30408986 52.9426223624 103.062397595 0.280448511682 7.81466176977 33.4915816608 0
210 2.82038402557 61.363687 99.173884 -0.32636207 57.3545091071 101.529858422 0.0217534820677 4.65017449722 19.9455519163 0
213 2.80564188957 62.885593 98.69498 -0.37512441 60.2922917407 100.356721326 -0.186646801547 3.08003176232 10.7989714971 0
216 2.81351089478 64.287236 98.118834 -0.4012694 61.2635965827 99.310617711 -0.28785898374 3.25003749824 6.49793820454 0
219 2.81636381149 66.572969 97.068508 -0.44319642 63.5728742494 98.1275632847 -0.303897055057 3.18153525966 7.98126570009 0
222 2.82186508179 67.896132 96.441291 -0.47211549 65.7247816578 97.9720596006 -0.395811983003 2.65669245816 4.37186891299 0
225 2.79738593102 69.150612 95.708615 -0.49267498 66.7684903971 97.2273709076 -0.365306382139 2.82508811154 7.29768309993 0
228 2.8210670948 70.465141 94.973778 -0.52461339 67.3288092524 95.8375500347 -0.474676164335 3.25310297393 2.8611922712 0
231 2.78594589233 71.675984 94.192345 -0.54871183 68.9728837239 95.8242729565 -0.472619739865 3.15752117298 4.35975561905 0
234 2.80184793472 72.999296 93.402727 -0.58180979 70.0062526166 94.7048103568 -0.469179055216 3.26400517201 6.45326574657 0
237 2.78866291046 74.284244 92.44261 -0.63095882 71.3016105436 94.6174280287 -0.559427863521 3.69133252269 4.0984219108 0
240 2.81760406494 75.447368 91.599491 -0.66374929 73.6343998092 93.4360862947 -0.591208854188 2.58068516822 4.15626081605 0
243 2.82216501236 76.572595 90.665594 -0.69142624 74.3704935255 92.3939195363 -0.599063817408 2.79934993581 5.29197700012 0
246 2.80856800079 77.783785 89.658033 -0.71509647 74.955468891 91.4519558144 -0.622663433198 3.34925828753 5.29602289635 0
249 2.81181406975 78.874801 88.696028 -0.74032963 77.0397917111 91.0516268046 -0.676241545244 2.98598473184 3.67197677358 0
252 2.805341959 80.03236 87.613917 -0.7252394 78.3490295844 89.3819171114 -0.66644862496 2.44119349544 3.36846328408 0
255 2.79693198204 81.079285 86.604124 -0.70281223 79.1651262411 88.3927052255 -0.623152786518 2.61973787895 4.56414990987 0
258 2.81686210632 82.380517 85.593177 -0.66953842 80.3246440338 87.5277886263 -0.606090708194 2.82300120397 3.63528610622 0
261 2.82008504868 83.553536 84.670161 -0.64546431 80.707645305 86.918347554 -0.562564709103 3.62676669074 4.74979725472 0
264 2.81988310814 84.753159 83.736184 -0.60820056 82.8551453697 85.5432187736 -0.553101439328 2.6206545773 3.15694706937 0
267 2.82771611214 85.938286 82.919631 -0.58097683 84.657598226 84.6237919582 -0.500998915532 2.13174242016 4.58239695328 0
270 2.84018015862 87.249998 82.030848 -0.55954063 84.7052308764 83.9921071708 -0.498542689708 3.21284566209 3.49492453773 0
273 3.12838816643 88.578333 81.141585 -0.52544337 85.7452962251 82.8978372823 -0.473514493657 3.33324458253 2.97530544933 0
276 2.8076839447 89.874585 80.458812 -0.49549775 87.8573954512 82.4934117036 -0.432323802537 2.86507410538 3.61960056483 0
279 2.7843542099 91.229191 79.664539 -0.46697991 88.8514803004 82.273824402 -0.407539240441 3.53013859215 3.40569949717 0
282 2.79992103577 92.640842 79.007823 -0.44436504 90.0140754062 80.8944569068 -0.370970828301 3.23408259578 4.20517857103 0
285 2.78977203369 93.942666 78.269838 -0.40450827 91.3086097793 80.4330164211 -0.353733880801 3.40845904416 2.90915820847 0
288 2.81603312492 95.385584 77.620959 -0.38607018 92.9380553063 79.754922969 -0.312646822419 3.24718322974 4.20684850709 0
291 2.82371401787 96.747733 77.074345 -0.36376533 94.6872978765 79.1407147942 -0.280886187453 2.91809475935 4.74862507762 0
294 2.80175900459 98.250871 76.540386 -0.33417824 95.8071315085 79.1642837068 -0.249154887543 3.58562433585 4.87147925585 0
297 2.79304909706 99.752933 76.027378 -0.30758365 96.4345501085 78.8733266397 -0.196600971585 4.37162311669 6.35883907224 0
300 2.81464791298 100.00981 75.897783 -0.33361957 98.2183380591 79.3641528124 -0.186800237454 3.90193431407 8.41212810579 0
303 2.79101800919 98.714105 76.429985 -0.36219797 96.2225849594 78.4716748519 -0.207350156816 3.22120622812 8.87212616226 0
306 2.81233310699 97.284888 77.028291 -0.39087517 95.2301696703 78.6508721306 -0.242236479831 2.61813615763 8.51636961901 0
309 2.81381917 95.817851 77.649213 -0.42317241 93.4430203684 78.2080264868 -0.303190416147 2.4396911776 6.87446186534 0
312 2.81352090836 94.571565 78.35291 -0.46228827 93.2695353233 79.5842102982 -0.291498870043 1.79203284104 9.78551180309 0
315 2.81091785431 93.13187 79.138887 -0.4938927 91.7631177533 80.8128609684 -0.364720989296 2.16233012276 7.40099385585 0
318 2.83716011047 91.836662 79.862922 -0.52529077 90.078930261 80.6042268177 -0.381663596709 1.90765659888 8.22923085294 0
321 2.8149960041 90.529269 80.702102 -0.55721841 88.0074960421 80.7281546075 -0.357950790287 2.52190752998 11.4171936032 0
324 2.78531193733 89.308886 81.573217 -0.59808232 87.65508724 82.3936053962 -0.433578883963 1.84610060915 9.42535260033 0
327 2.77842307091 88.100372 82.484783 -0.6409076 86.1012434708 83.5136950622 -0.489226664537 2.24837161256 8.6906774346 0
330 2.81914496422 86.96204 83.432583 -0.67310863 83.7766389262 83.3510817445 -0.454241796647 3.18644354347 12.5401458265 0
333 2.79241800308 85.711036 84.448892 -0.70015711 83.902583906 83.7655550591 -0.507611608179 1.93324813495 11.0320446186 0
336 2.80655097961 84.630521 85.38864 -0.74348817 82.2080754132 86.2997769262 -0.613215355424 2.58812927018 7.46408246052 0
339 2.82660603523 83.531548 86.470864 -0.76732045 80.3642564826 86.2014002561 -0.579713360897 3.17873343729 10.7490944123 0
342 2.82678604126 82.436303 87.632765 -0.79615086 78.5942842377 86.9130507543 -0.593266613886 3.9088485217 11.624411032 0
345 2.82195401192 81.390428 88.717115 -0.83255466 77.713247797 87.7124181706 -0.60301585071 3.81196405599 13.1516050068 0
348 2.84323716164 80.091493 90.270385 -0.85191671 76.9221800883 89.237842736 -0.661244579867 3.33326984492 10.9247083274 0
351 2.8334069252 79.121061 91.3195 -0.83027867 75.9158321483 88.7106067734 -0.59319635679 4.13277338596 13.5838159441 0
354 2.83135199547 78.091476 92.534394 -0.81038411 74.9994307488 90.8965699386 -0.602558620856 3.49903007874 11.9075234032 0
357 2.79720711708 77.093441 93.512556 -0.78090008 74.732446529 92.5107993443 -0.627064614233 2.56472440804 8.81412292788 0
360 2.79514789581 76.051262 94.597058 -0.76703211 73.2186555696 93.2356936822 -0.553490644298 3.14276502391 12.2350247358 0
363 2.83256578445 75.027276 95.58972 -0.75132884 72.0519924801 94.5485647483 -0.624473477816 3.15219229772 7.26827686172 0
366 2.79610300064 73.852657 96.593273 -0.72312741 70.0451280713 94.511887096 -0.525392916363 4.33929070522 11.3293519496 0
369 2.79145407677 72.811015 97.559971 -0.70587276 68.9736770004 95.5472877543 -0.458920390634 4.333134751 14.1493285054 0
372 2.79184603691 71.630899 98.505259 -0.68120937 69.0030238223 99.3060922723 -0.602163248446 2.74719163505 4.52900915192 0
375 2.78995108604 70.538887 99.423882 -0.66641532 67.1719456089 99.7138893341 -0.533342637272 3.37940802288 7.62450308881 0
378 2.8138229847 69.331788 100.31013 -0.63648641 66.1030232504 99.7074926912 -0.471981429472 3.28452333437 9.42544109312 0
381 2.80554890633 68.205766 101.18772 -0.63190253 66.0138953828 101.969041671 -0.504125570189 2.32696376348 7.3210805162 0
384 2.80352210999 66.997353 102.01418 -0.604237 63.5991963634 102.272347484 -0.427174072825 3.40794937995 10.1449584353 0
387 2.82983493805 65.749881 102.79371 -0.58263231 63.9208201355 104.001010292 -0.461315571978 2.1915833642 6.95093707294 0
390 2.82416200638 64.390622 103.72927 -0.540005 62.5188397 104.966065721 -0.480062823781 2.24348671352 3.43443371218 0
393 2.81133198738 63.066948 104.49561 -0.5165186 60.5392594866 104.215555617 -0.338869674302 2.54315545689 10.1785336775 0
396 2.81168293953 62.072466 105.11862 -0.50368551 59.8009977856 105.841596974 -0.400982318145 2.38374989342 5.8844594358 0
399 2.78972387314 62.084059 105.11634 -0.50537083 59.8733368986 106.260008244 -0.382058107929 2.48902978332 7.06529853492 0
402 2.80992007256 62.06969 105.12384 -0.50501376 59.0047857962 106.58813449 -0.360787638686 3.39673315577 8.26354804684 0
405 2.81519508362 62.088061 105.11683 -0.50531554 58.7536619315 106.314654172 -0.35744417321 3.54302129466 8.47240522787 0
408 2.79779314995 62.080145 105.11527 -0.50526072 57.5308932365 105.867320344 -0.343406087266 4.6109946137 9.27358735031 0
411 2.79881095886 62.084425 105.11388 -0.50526675 58.228271525 106.298671033 -0.300644549717 4.03406115646 11.7239884709 0
414 2.81898188591 62.090561 105.10315 -0.50372534 58.2609268558 107.135176361 -0.346565987251 4.33534644658 9.00456762352 0
