3 2.76431798935 31.520043 41.394881 -0.0070850614 138.219012313 22.991939837 2.74941440705 108.27436583 157.935785772 0
6 2.73250007629 31.529937 41.402987 -0.0081764059 125.298436787 27.559347067 -0.903873508534 94.7849034339 -51.319663703 0
9 2.72851896286 31.522543 41.401068 -0.0068718684 63.0049825576 120.402198089 2.46818910973 85.0430629497 141.810548084 0
12 2.73030686378 31.528168 41.375423 -0.0049451513 12.1250412677 68.9240953395 1.68403130495 33.6958554522 96.7712226401 0
15 2.72490406036 31.523843 41.397689 -0.0081913964 148.633054179 70.1623358387 2.9522245551 120.590100136 169.619339624 0
18 2.76038312912 31.52518 41.394772 -0.0077822512 42.4410736609 144.37468514 -0.267853009428 103.556840646 -14.9009568212 0
21 2.73527503014 31.646202 41.400982 -0.0069641742 131.83349109 50.975409895 1.71219988328 100.643740813 98.5008447844 0
24 2.74423003197 32.968315 41.348607 -0.0066445448 48.6824550975 144.065216956 -1.45038878372 103.9116748 -82.7204515863 0
27 2.7476708889 34.520488 41.363888 -0.010157874 89.1446672004 111.336386321 -2.84994898704 88.7690907613 -162.708045476 0
30 2.74298405647 35.981317 41.339656 -0.012968194 61.2566929126 6.47883182759 0.286819672506 43.059513345 17.1765795001 0
33 2.75920605659 37.47125 41.3168 -0.01805047 54.5633522038 51.9036997325 0.0310767950421 20.1052829796 2.81478494593 0
36 2.7613799572 39.051821 41.275587 -0.019803098 68.4827721362 83.9732503899 -3.01632506353 51.8581849252 -171.688061843 0
39 2.75609111786 40.609584 41.247017 -0.013659721 82.2624923475 110.164570978 -2.97572398029 80.5269769709 -169.713780704 0
42 2.76237511635 42.081473 41.279186 -0.014178183 65.3638007401 21.812914582 -1.39383676711 30.3480231303 -79.0486140385 0
45 2.75823712349 43.552295 41.213208 -0.0092852628 112.933190371 28.6547427274 -1.78921056465 70.508323569 -101.982207644 0
48 2.75960707664 45.079977 41.189892 -0.010404952 32.4909227242 86.1199197582 1.31937693138 46.6603866455 76.1908895909 0
51 2.70016884804 46.640834 41.096545 -0.012029947 141.03195503 142.49277261 0.190165456463 138.531147049 11.5849432554 0
54 2.72337007523 48.21014 41.103056 -0.013219293 103.076437494 31.7915251816 2.60043953743 55.6508329402 149.751620071 0
57 2.75162816048 49.69993 40.993437 -0.019411138 36.5365753951 93.7921438663 -2.93957379011 54.4148633299 -167.312995458 0
60 2.74910187721 51.221815 41.026894 -0.026800957 49.7717682593 43.2846104246 -0.121761769757 2.68326648025 -5.44085379009 0
63 2.72595596313 52.707826 40.957156 -0.02058299 59.0340883184 11.8644608371 -1.38353208758 29.7725797801 -78.0912309822 0
66 2.75265407562 54.31159 40.951842 -0.027308534 95.3011664476 31.9733259066 2.97124932226 41.9614004603 171.80470979 0
69 2.71633291245 55.778879 40.909196 -0.015002614 35.389916518 94.9257359918 1.5495204213 57.7364389599 89.6405668739 0
72 2.72918105125 57.331901 40.836464 -0.018380323 29.4691015657 94.3093790352 3.02861811533 60.2966685205 174.580150699 0
75 2.75681805611 58.848313 40.76075 -0.022921269 125.305196865 66.8378233158 1.8389468706 71.3899934565 106.677186409 0
78 2.75779008865 60.388876 40.75568 -0.012358794 58.4621530423 40.3586170868 -0.0042761229991 1.96721130349 0.463102935544 0
81 2.72700381279 61.86858 40.735896 -0.015077049 60.4230477594 42.343347571 0.00841062949802 2.16181960664 1.3457448485 0
84 2.74915885925 63.333062 40.668539 -0.013920495 60.9420380166 41.5816471208 -0.0489881665705 2.55944566843 -2.00922957834 0
87 2.74541497231 64.876385 40.58717 -0.032109511 64.9498136042 41.2742618691 0.00906336296721 0.691004338997 2.35903190875 0
90 2.73120093346 66.44697 40.579857 -0.020157695 65.1364436645 42.5885455968 -0.0281590467551 2.39839720539 -0.458443685969 0
93 2.74727201462 67.930314 40.55804 -0.02084507 66.066538378 41.469277881 0.0329715110248 2.07461178174 3.08346296055 0
96 2.99077391624 69.414343 40.447992 -0.021831497 68.8043020744 43.3398771745 -0.00906927289571 2.95552868257 0.731221578376 0
99 2.75063300133 70.999462 40.351868 -0.031419309 69.1088433211 42.4100312657 -0.00570004233607 2.79472270849 1.47360543201 0
102 2.73144602776 72.481812 40.325422 -0.028226015 71.3495283099 41.4787297568 0.00249605416635 1.61622558354 1.76024490114 0
105 2.70221710205 74.028193 40.279112 -0.026102315 72.2054015286 41.8827197982 0.0216884806573 2.42778226344 2.73821089073 0
108 2.70344519615 75.500101 40.224463 -0.026983514 73.8408464091 42.145127939 -0.0126879613564 2.53812521468 0.819074832285 0
111 2.7378320694 77.104162 40.159206 -0.035689283 75.8752933835 42.1776929975 -0.0253093660024 2.36313517083 0.594725435659 0
114 2.72973394394 78.584191 40.097894 -0.03659834 78.517903358 41.9759860638 -0.0174732422219 1.87926151759 1.09578738546 0
117 2.72657418251 80.1084 40.071744 -0.024096447 78.9495894808 41.6904666017 0.0219643742131 1.99075480173 2.63909065642 0
120 2.79573702812 80.881063 40.047709 -0.06972902 79.1707842465 42.3279051397 -0.0447828554564 2.85032416584 1.42930994339 0
123 2.7357339859 80.819811 40.085383 -0.20196514 79.178475665 41.7745738423 -0.170579277793 2.35528074412 1.79827744087 0
126 2.75802111626 80.673305 40.189426 -0.34415967 79.0348378344 41.943155406 -0.353340578141 2.4000294753 -0.526027288578 0
129 2.75789403915 80.559381 40.228255 -0.49611957 78.7161019528 42.3325893838 -0.477393036437 2.79748116074 1.07295133804 0
132 2.73995113373 80.474435 40.358509 -0.64523249 78.7255328052 42.23327656 -0.634036758916 2.5638666679 0.641468139689 0
135 2.75551509857 80.446897 40.445937 -0.81868337 78.9550493347 42.7589673716 -0.814100541597 2.75240239724 0.26257672571 0
138 2.71536803246 80.377523 40.602704 -0.97166139 79.4862855789 43.5765876408 -0.911145742375 3.104559236 3.4672912034 0
141 2.70896697044 80.303277 40.677658 -1.1291983 80.7259368719 44.5001731707 -1.08597249476 3.84581117553 2.4766562063 0
144 2.73094582558 80.24067 40.836497 -1.2914427 80.4649395982 43.7345696029 -1.22244629921 2.90673728851 3.95320256671 0
147 2.72685694695 80.334643 40.99259 -1.4510482 79.5920599237 43.0889717688 -1.34583679148 2.22401577012 6.028169665 0
150 2.76876091957 80.305505 41.173119 -1.6076845 79.6804958515 43.4310963159 -1.50698656044 2.34288241164 5.76956694255 0
153 2.69591808319 80.260339 41.240273 -1.7630876 78.9305212918 41.5940941567 -1.63056390043 1.37608304543 7.59304867101 0
156 2.73481297493 80.351916 41.337649 -1.9138236 78.6519421125 40.9976066081 -1.71505342441 1.73364934356 11.3886921544 0
159 2.73032999039 80.458888 41.424429 -2.0695544 78.5848656774 40.5955372964 -1.93522697159 2.04915131749 7.6963947206 0
162 2.74285507202 80.580246 41.530351 -2.2462491 80.0407346508 41.7993911049 -2.15429894424 0.602872352991 5.26835585058 0
165 2.76024889946 80.700832 41.575869 -2.3973477 79.3486984427 42.6884592875 -2.26164544486 1.75103463829 7.77516648979 0
168 2.71999692917 80.863789 41.557834 -2.56541 80.1659748796 42.5278731886 -2.26696831646 1.19495630635 17.0994488978 0
171 2.74571990967 80.910142 41.637692 -2.7112414 79.8339379652 42.008598876 -2.58125344771 1.1383264186 7.44776105372 0
174 2.74071002007 81.000304 41.730578 -2.863125 79.510342773 42.374884481 -2.53051584927 1.62330382222 19.0571005643 0
177 2.73785805702 81.313486 41.614906 -3.0334876 79.5504656542 42.6583042472 -2.88179167898 2.04863872903 8.69153604403 0
180 2.73891305923 81.419836 41.643078 3.1037871 79.6886829123 42.5192268225 -3.04562186187 1.94023910182 7.66481998509 0
183 2.75246500969 81.472606 41.653948 2.9566422 77.9990410326 43.1624142566 -3.08324133769 3.78696765631 13.9401645397 0
186 2.72067189217 81.600227 41.551467 2.7956666 77.5227263174 44.860924712 -3.08926823395 5.25152569872 22.818071305 0
189 2.7283411026 81.705618 41.391179 2.6371497 77.7207405188 44.3111480314 2.96620689925 4.94018903326 18.8535887355 0
192 2.72554707527 81.817002 41.340993 2.4823985 79.0287885988 44.3285901651 2.75937967706 4.08654753937 15.8698524498 0
195 2.73317193985 81.903012 41.262396 2.332631 79.8320989973 45.5474432087 2.67788482597 4.7592342079 19.7815870887 0
198 2.74234008789 81.909487 41.089487 2.1583794 79.821281995 44.7423943316 2.39791564321 4.2076516154 13.7244157762 0
201 2.69292593002 81.924053 40.998223 1.9975831 80.1932138173 44.2612934096 2.24086212267 3.69370177114 13.9388612432 0
204 2.71024107933 81.960862 40.844259 1.8446809 80.6857903444 43.5494604176 2.04964694146 2.99063913518 11.7436891193 0
207 2.72680497169 81.927588 40.703608 1.6857979 80.1833423219 43.1438769235 1.77313998638 2.99955086711 5.00433292358 0
210 2.73927307129 81.924928 40.686406 1.5459903 80.0360921754 44.6968034735 1.8120878754 4.43294356696 15.2462680093 0
213 2.74609088898 81.81851 40.588718 1.3660151 81.4719426595 43.0219004668 1.54981898997 2.45773998593 10.5311871534 0
216 2.71110677719 81.824065 40.431016 1.2110526 81.3570594942 44.188539014 1.54269609818 3.78643279927 19.0017727488 0
219 2.72550201416 82.277545 41.390368 1.1504821 82.2737011032 46.1554115213 1.49592869348 4.76504507173 19.7926318535 0
222 2.72887897491 82.927041 42.739254 1.1137092 82.1056387784 48.3477161756 1.3730947538 5.6682933573 14.8616974992 0
225 2.90185499191 83.677797 44.09726 1.084748 81.7872423424 49.5030353067 1.45199177906 5.72683189726 21.0415185926 0
228 2.73993396759 84.372874 45.412874 1.0478677 82.0883477564 47.1254585336 1.28945119018 2.85517178856 13.8417143872 0
231 2.7534468174 85.159381 46.677356 1.0274995 82.4918492971 48.3556236456 1.19248874328 3.15155638949 9.45318730474 0
234 2.72031092644 85.928298 47.908079 0.99952116 83.1863705875 49.8311497925 1.08789806738 3.34908453291 5.0636237991 0
237 2.71200704575 86.76373 49.194484 0.95689161 85.4547755555 51.2531446119 1.06224083158 2.43955841348 6.03606577158 0
240 2.69904208183 87.649962 50.387631 0.93226665 85.5766096608 52.5376866081 0.972479995128 2.98689287399 2.30405495595 0
243 2.72037482262 88.570925 51.559268 0.90792052 86.5305577924 53.2257662797 0.930771686638 2.63444773301 1.30927540532 0
246 2.89100384712 89.47196 52.652014 0.8832857 80.4848984723 57.5602348519 1.35674588728 10.2400149821 27.1272704987 0
249 2.72523999214 90.492516 53.754021 0.83763364 89.3861146833 56.5002352835 0.979039757808 2.9607122056 8.10197374773 0
252 2.72812509537 91.498687 54.898001 0.81217592 81.7091879889 60.1404964627 1.25820487105 11.104866031 25.555576436 0
255 2.72964000702 92.568948 55.94073 0.78340538 90.5332195132 59.4011373488 0.90284920572 4.01479881085 6.84362710265 0
258 2.75646400452 93.547241 56.960456 0.75288469 90.720943532 59.5844003227 0.833440301584 3.85655820467 4.61549655985 0
261 2.7299079895 94.620679 57.928363 0.72990952 90.3813398938 60.3058084686 0.828559733786 4.8604776528 5.65224089802 0
264 2.72914099693 95.770396 58.899507 0.6896339 93.2449674428 61.6426099264 0.790073170117 3.7285926383 5.75474627505 0
267 2.72025084496 96.962501 59.840194 0.66858365 93.8839282961 62.962633378 0.759949846671 4.38488740591 5.23489745938 0
270 2.72775197029 98.232224 60.772339 0.64204005 94.4371483939 63.9014137574 0.730213581356 4.91870996236 5.05197121147 0
273 2.71870422363 99.416545 61.686454 0.60185601 97.971033375 64.110488439 0.649028863841 2.82231231781 2.70280543266 0
276 2.72872805595 100.66015 62.48684 0.57932353 99.6404933465 64.9146761706 0.610034153579 2.63326568395 1.7595891173 0
279 2.72415709496 101.84252 63.245661 0.55317695 99.2023878242 65.3298978027 0.571899727048 3.36367967492 1.07273610563 0
282 2.74080777168 103.2489 64.041483 0.52149049 100.699214045 65.299379679 0.533443730879 2.84309734736 0.684870253857 0
285 2.733689785 104.5021 64.838724 0.48902664 101.288909291 66.1429631086 0.53234593248 3.46779961704 2.48201263058 0
288 2.74034810066 105.89753 65.50297 0.45749312 103.744002448 67.7306767063 0.540459746102 3.09844446232 4.7536375161 0
291 2.69272589684 107.23441 66.106065 0.425495 104.207979389 69.7115931111 0.492984873615 4.70734693917 3.866884918 0
294 2.72128176689 108.62185 66.694881 0.38650919 104.948919838 69.1368131729 0.475992234111 4.41060638835 5.12700076557 0
297 2.7092730999 110.08086 67.251857 0.35533208 106.701338541 70.0499122942 0.459021826243 4.38751395693 5.9409848385 0
300 2.70809292793 111.50781 67.766864 0.33459052 108.134111243 69.7405430449 0.369665865592 3.90861257641 2.00966926737 0
303 2.72181200981 112.87691 68.182524 0.30685182 109.257838512 69.6706145914 0.354455622044 3.91306683376 2.72749694588 0
306 2.71301698685 114.36462 68.651393 0.28808498 111.16186487 71.6717647866 0.337559099877 4.40230464094 2.83465826406 0
309 2.70478391647 115.83449 69.001579 0.25083859 112.601448552 71.4445708608 0.29395562311 4.05225446362 2.47042402235 0
312 2.71996903419 117.19736 69.329841 0.23044123 114.290910405 71.7382495047 0.307148415793 3.77463650849 4.39499800424 0
315 2.71899819374 117.78731 69.484411 0.20147117 116.173447946 72.221717804 0.305647395278 3.17764051914 5.96885803401 0
318 2.73797297478 116.42938 69.228806 0.13415298 113.787191561 72.0825274374 0.258671136247 3.88907261275 7.1343648257 0
321 2.71470403671 114.80773 69.128985 0.0979988 114.004803465 71.1334709567 0.243729534752 2.15931817278 8.34975604661 0
324 2.71673297882 113.35769 69.056433 0.067460522 111.482955988 71.5950850054 0.160185343035 3.15584879561 5.31274090142 0
327 2.714001894 111.81488 68.96352 0.032275621 110.790482594 69.9653676944 0.184354297433 1.43286037312 8.71346631356 0
330 2.71409511566 110.29576 68.94659 -0.0039959963 108.799176546 71.6812508187 0.0746170739506 3.11739183104 4.50419713992 0
333 2.71586799622 108.74459 69.016615 -0.039899491 107.918262903 71.9834142329 0.0089837818157 3.07972631236 2.80080522113 0
336 2.74655199051 107.27384 69.125159 -0.081381225 106.484044377 71.4291027104 0.0280869254179 2.43555614738 6.27206301005 0
339 2.73762106895 105.77123 69.311189 -0.11875782 104.944756408 71.3503882706 -0.00512828639723 2.20031640084 6.51049270348 0
342 2.77727890015 104.23308 69.487176 -0.13593074 102.993368031 71.7923405277 -0.0229961150105 2.61737831925 6.47067737279 0
345 2.71153402328 102.67844 69.809947 -0.17996689 101.414968788 73.5398653379 -0.0879343039636 3.93810237449 5.27307875756 0
348 2.71159291267 101.19539 70.111952 -0.20894349 99.6610624519 72.55444571 -0.104006143649 2.88443002135 6.01246705919 0
351 2.71316289902 99.695937 70.47501 -0.24032587 98.3231478329 72.9770360363 -0.146093958085 2.85388934323 5.39909084819 0
354 2.71409296989 98.200311 70.897104 -0.28344925 97.6058097485 73.5956016674 -0.213614576748 2.7632085334 4.00123204102 0
357 2.71370005608 96.614615 71.415819 -0.3144709 95.6894690866 74.3599693039 -0.258397720394 3.08608424591 3.2127565353 0
360 2.71992278099 95.216051 71.909445 -0.34657274 93.6713740243 73.9408375907 -0.242911845529 2.55197625714 5.93933175372 0
363 2.73760986328 93.790761 72.497598 -0.38120404 91.4161274908 74.1445285744 -0.268558080356 2.88985546694 6.45413806681 0
366 2.74864292145 92.417114 73.016357 -0.35870282 89.7727809173 73.7380606909 -0.206157981082 2.74104973861 8.74017545653 0
369 2.72857093811 91.055309 73.519772 -0.33819517 90.0219817324 74.2098359026 -0.223561715134 1.2425592266 6.56801315485 0
372 2.69246792793 89.614615 74.074076 -0.31837694 87.7766253699 75.6021566858 -0.19816900381 2.39023774186 6.88740740768 0
375 2.71749377251 88.314109 74.556366 -0.29979055 87.682018165 76.9084477592 -0.215447911439 2.43553432038 4.83247722255 0
378 2.72567415237 86.88131 74.994533 -0.2764152 84.9760799137 76.9434769498 -0.19369993783 2.72548788311 4.73923542365 0
381 2.69812321663 85.443672 75.387112 -0.25727157 83.7953533985 76.4411213425 -0.14649501079 1.95649940104 6.34702931171 0
384 2.71878004074 84.055287 75.832526 -0.23267107 81.405392553 76.7905684034 -0.114235189396 2.81776255691 6.78587610154 0
387 2.7360959053 82.664555 76.128737 -0.22389476 81.3841148868 75.4926058816 -0.0489809195327 1.42975161595 10.0218248372 0
390 2.73206782341 81.173968 76.455415 -0.20673661 78.1890752863 77.2765657682 -0.0730744925588 3.09578311519 7.65827521016 0
393 2.75111985207 79.819657 76.754609 -0.1833313 76.6973665823 78.312794848 -0.0375851574378 3.48950434724 8.35063884912 0
396 2.71022295952 78.325485 77.027059 -0.15611548 75.9031585833 77.9734185762 0.00487047059595 2.60062717749 9.22381553005 0
399 2.7284321785 76.892215 77.264525 -0.13798763 73.7121754389 77.5497168507 0.0600472787977 3.19280221781 11.3465644704 0
402 2.72536206245 75.420868 77.548324 -0.12557438 72.5100983679 77.954703682 0.0436693885469 2.93900056093 9.69695364663 0
405 2.72559595108 73.926916 77.691819 -0.097717287 71.9077199131 77.3849052739 0.0828889401145 2.04238803188 10.3479745674 0
408 2.74847221375 72.448195 77.857208 -0.08052134 69.3317172867 77.8995719625 0.0876518502738 3.11676563814 9.63561402994 0
411 2.71548891068 71.010734 77.97039 -0.05919809 70.263478971 77.5443991254 0.137348096468 0.860150163387 11.261266964 0
414 2.74945616722 70.665666 77.98114 -0.052809071 69.1388051541 79.4884823722 0.0722914070942 2.14555006223 7.16772940987 0
417 2.73368597031 70.65903 77.973391 -0.052747867 69.8338151982 80.0962774158 0.058410720806 2.27763609984 6.36891793792 0
420 2.71944594383 70.662549 77.975477 -0.051931253 70.6376246258 79.6410755452 0.122144423852 1.66578502159 9.97380159953 0
423 2.73935890198 70.657477 77.975804 -0.053730261 70.0961877102 80.3718905396 0.0948249391796 2.46095029857 8.51158599501 0
426 2.7274389267 70.657208 77.964864 -0.053397677 70.3812188972 80.8235859591 0.103479023156 2.87201344427 8.98837282286 0
