3 1.5211918354 72.513547 45.80148 1.6808269 26.5045483898 96.2811883042 -2.75803734414 68.3010168562 105.671812979 0 0.006
6 1.52265191078 72.505015 45.806851 1.6805552 139.508435494 23.7756502355 1.49423372101 70.5324901379 -10.6754343789 0 0.006
9 1.53064990044 72.51553 45.801787 1.6811119 9.36222660987 105.317168309 -1.24529574848 86.7779945693 -167.670807393 0 0.004
12 1.5378370285 72.511327 45.798497 1.6805172 45.9753125879 94.169870087 3.04512654972 55.1720019141 78.1863564229 0 0.008
15 1.52949905396 72.518426 45.80176 1.6806948 57.2847929546 100.167082974 1.2131334124 56.4592943441 -26.7892941726 0 0.004
18 1.52800107002 72.509508 45.806599 1.6825332 21.5781458893 26.5953436458 1.13377115609 54.4341435014 -31.441749073 0 0.006
21 1.52355217934 72.510969 45.800989 1.6811293 69.0065151744 132.753239654 0.767750176028 87.0228423489 -52.332768899 0 0.006
24 1.5220849514 72.522343 45.818169 1.6838228 33.5191158811 84.5269753084 -1.03353673711 54.9511001847 -155.693232896 0 0.008
27 1.52955198288 72.508499 45.799812 1.6808804 27.6870264712 75.2476977632 0.600177645384 53.629678123 -61.9197067477 0 0.006
30 1.51450204849 72.523901 45.815543 1.6832165 54.338793 107.448525345 1.91148149156 64.2598059892 13.0786206268 0 0.006
33 1.52691078186 72.511009 45.802779 1.6808191 124.12194777 64.8073783038 -1.97979951204 54.9987617622 150.262003123 0 0.006
36 1.50668096542 72.527172 45.853315 1.6851825 74.84443118 139.691892795 -0.81128547568 93.8671847488 -143.037078696 0 0.01
39 1.52896690369 72.188088 49.017093 1.6798669 33.2916670833 87.910059229 0.534470229038 55.0054032093 -65.6263951145 0 0.016
42 1.51656603813 71.804616 53.279503 1.6643548 75.6484456422 135.75907785 1.76600342348 82.5690940595 5.82403711866 0 0.014
45 1.51361107826 71.568933 57.324136 1.642571 63.3227485008 100.969035508 -0.341400808971 44.4170779297 -113.673211327 0 0.006
48 1.51824712753 71.37336 61.652431 1.6431927 88.0286247637 133.366472534 1.33148543358 73.6226975705 -17.8595108094 0 0.006
51 1.52644610405 71.165072 65.844712 1.6344026 63.2699832465 117.472524894 1.16900194062 52.2279952772 -26.6654935651 0 0.008
54 1.51236796379 70.960331 70.343426 1.6128178 48.091146648 89.7094642048 -2.33420062797 29.9673660617 133.852502417 0 0.012
57 1.52231287956 70.885213 74.631613 1.6236159 79.2541162254 114.84691933 -1.35042067008 41.0768718917 -170.399743583 0 0.008
60 1.52109193802 70.832043 79.069602 1.6124517 142.351035246 34.4637312503 -1.16107799502 84.2890856351 -158.911545879 0 0.004
63 1.51083183289 70.841819 83.283634 1.5826474 72.1549617241 78.7386793603 -2.91401946995 4.73085156086 102.359966476 0 0.006
66 1.50284409523 70.897044 87.066595 1.5142468 19.1863100126 65.6109324697 -2.44684936668 55.9852254093 133.045907404 0 0.008
69 1.50580692291 70.898205 87.488163 1.2381173 58.6568251173 98.9522371126 -2.6763607097 16.7712962138 135.716931048 0 0.012
72 1.50779485703 70.648486 87.373684 0.94938085 46.3712705009 100.162901187 -0.826002749439 27.4398846325 -101.721987265 0 0.01
75 1.50490093231 70.490448 87.162959 0.64684814 61.5608490738 95.9994355597 2.80649602615 12.5626850225 123.738709111 0 0.014
78 1.52832388878 73.090524 88.460194 0.4660111 71.154369109 89.4635615328 1.73842596247 2.18069763325 72.9040014091 0 0.004
81 1.51897287369 76.750616 90.291223 0.4640309 40.2052143106 75.2966434276 3.02094224061 39.5019468025 146.500228406 0 0.01
84 1.52088212967 80.704264 92.172539 0.45240664 106.93116082 81.8498541002 -1.71494914763 28.1852433087 -124.180339334 0 0.01
87 1.51399898529 84.637734 93.972859 0.42386385 119.601103957 89.6975670093 -2.19482782958 35.223789693 -150.039981086 0 0.006
90 1.5028090477 88.678811 95.730817 0.41656148 104.931721829 45.2674966289 -1.48104092953 53.0160712735 -108.72460926 0 0.01
93 1.5152721405 92.647535 97.41769 0.40779386 24.5644120437 72.8656925528 -3.10580206164 72.3748036966 158.685782776 0 0.01
96 1.51423096657 96.759828 99.128022 0.39320766 18.3675250461 73.7011461953 -3.00156944522 82.412858072 165.493599483 0 0.018
99 1.51719021797 100.07577 100.58602 0.32958371 29.9262371896 138.373542211 -2.02905534818 79.6796949567 -135.140063429 0 0.004
102 1.512789011 100.12714 100.52966 0.1390585 15.3658937441 67.3692980228 3.07116198194 91.0169131167 167.997154611 0 0.012
105 1.50624585152 100.08551 100.52401 -0.14356162 11.6368242488 69.9533356506 2.84761852454 93.5827769479 171.381998046 0 0.012
108 1.50956916809 99.772178 100.71077 -0.40700642 99.0558273975 36.8133500814 -1.85007676719 63.9014352768 -82.6818404347 0 0.004
111 1.50496101379 99.760338 100.7618 -0.66729138 128.397246897 88.3792280293 -0.12456037538 31.1993692213 31.0961959756 0 0.006
114 1.51216411591 99.638101 100.95548 -0.8821311 7.92431736519 115.342708853 0.649456763974 92.8353944499 87.7535205592 0 0.006
117 1.51885795593 99.549051 101.11221 -1.1251977 88.0044579779 109.131924459 -0.923159770133 14.0567936616 11.575920683 0 0.006
120 1.51786494255 100.80276 98.46873 -1.1938854 61.5038327306 57.8213480728 -2.12791613511 56.5386181477 -53.5160190571 0 0.004
123 1.51945304871 102.35582 94.496879 -1.1822805 26.7120513472 91.1272184753 1.7446328382 75.7187846445 167.699781279 0 0.006
126 1.51114988327 103.84912 90.431736 -1.1842505 86.131896483 77.3813330268 2.86947800308 22.0048409882 -127.738465482 0 0.004
129 1.50997591019 105.46668 86.336829 -1.1831903 47.5495122373 87.7840979081 2.07424242386 57.9352475523 -173.362852875 0 0.01
132 1.60221195221 106.96067 82.891423 -1.1821311 41.0525963488 94.1610607723 2.34476697945 66.8646312181 -157.923625275 0 0.008
135 1.55768108368 108.13488 79.987125 -1.1809983 35.1995728001 89.7944359016 1.51400022145 73.5917276837 154.412041073 0 0.014
138 1.54645681381 109.11096 77.465416 -1.174964 101.071097915 83.5184040416 1.8989805611 10.0636994475 176.124049808 0 0.01
141 1.51631593704 110.00241 75.115832 -1.1797573 116.51725621 60.7339736634 -2.37695847416 15.7886373811 -68.5945745076 0 0.012
144 1.49564313889 110.9669 72.896666 -1.1819268 108.88542252 73.980333208 -0.795937783345 2.34667490707 22.1155415927 0 0.014
147 1.49876403809 111.79529 70.750926 -1.1680053 83.4990882129 49.7046727033 0.735004183973 35.2649941642 109.034411805 0 0.006
150 1.51262807846 112.62755 68.634671 -1.166408 28.3910243 99.8470041208 2.66184681384 89.8331898624 -140.657156267 0 0.014
153 1.50668501854 113.50263 66.493746 -1.1746568 32.1929591102 84.5517925628 -2.73634111628 83.2907895621 -89.4779202544 0 0.016
156 1.50553297997 114.39844 64.423702 -1.1690506 110.374648543 66.0964798702 -1.10891477066 4.35764655402 3.44552921881 0 0.024
159 1.50211596489 114.9392 62.935672 -1.1627449 111.383677776 68.3513328801 -1.55110631472 6.47851225605 -22.2514699894 0 0.03
162 1.47605586052 115.58582 61.52951 -1.1720902 111.906519557 66.6693204914 -1.11083687207 6.32098913446 3.5095571717 0 0.024
165 1.49868893623 116.16312 60.165609 -1.1710096 114.000274346 64.3060873501 -1.00676394642 4.67134480536 9.41058275378 0 0.038
168 1.50424599648 116.71267 58.758483 -1.1690165 112.901630414 61.1230549051 -1.01407927889 4.4849997795 8.87724885931 0 0.036
171 1.48750400543 117.29804 57.404001 -1.1730259 114.353362477 59.1712839831 -1.03490445968 3.4342997618 7.91377559083 0 0.032
174 1.52947592735 117.3062 57.346669 -1.1782941 116.298107902 62.5931357765 -1.06714327939 5.34243982787 6.36847291064 0 0.018
177 1.49576091766 117.30973 57.394113 -1.1925087 112.342225735 61.7847237034 -1.15002770386 6.62974818333 2.43398178849 0 0.032
180 1.50909113884 117.3509 57.478875 -1.2542253 114.146942743 61.1043375217 -1.19849313748 4.83831795176 3.19321769551 0 0.032
183 1.50488209724 117.31554 57.561663 -1.3141336 60.5335670847 104.574018041 0.206827778755 73.7180708823 87.1446678051 0 0.026
186 1.51179003716 117.31761 57.625945 -1.389572 63.5830037039 106.201731593 -2.42721857251 72.4362820482 -59.4527692309 0 0.026
189 1.49797391891 117.34247 57.653648 -1.4539696 66.5503112811 105.65956187 -2.91663836433 69.888562396 -83.8047470215 0 0.036
192 1.50575709343 117.36058 57.739095 -1.5147103 65.8006944069 107.473092839 -2.77971853086 71.6372273571 -72.4796326775 0 0.026
195 1.49891901016 117.34118 57.80351 -1.5718326 65.1356738742 108.479869822 -1.56770727932 72.7565001538 0.236363464118 0 0.03
198 1.50124692917 117.32521 57.826191 -1.6475747 67.5844083681 104.971258644 -2.95289410633 68.5332382872 -74.789292899 0 0.028
201 1.5010509491 117.28663 57.948056 -1.7072698 65.4254152085 105.728398384 -2.8209527241 70.5162868988 -63.8093312669 0 0.028
204 1.51015686989 117.37131 58.006137 -1.7818651 68.2679871982 104.809950159 -3.08798347211 67.8360762161 -74.8350702665 0 0.03
207 1.50540685654 117.40314 57.989067 -1.8555926 35.975125537 85.417117008 1.63319002243 85.9233348202 -160.107480096 0 0.02
210 1.50360512733 117.02719 57.008887 -1.8977403 66.004774032 102.214288988 2.94235818831 68.1675531327 -82.6827841921 0 0.042
213 1.50750613213 116.38504 55.250118 -1.9095407 61.2535231094 106.835865175 -2.8541709676 75.5021421306 -54.1233275338 0 0.03
216 1.50787401199 115.67443 53.450651 -1.9075572 58.2626833152 103.067602289 -2.80975137918 75.881160459 -51.6919187682 0 0.04
219 1.50426197052 115.02136 51.574537 -1.9165104 64.0964357935 102.764469444 -0.24583900979 72.2063507531 95.7224196123 0 0.008
222 1.5075879097 114.35753 49.684701 -1.9233127 118.202139562 51.5000343951 -0.989203523897 4.25164180272 53.5205133951 0 0.012
225 1.50272488594 113.59486 47.870819 -1.9110101 114.464904754 48.5175952556 -1.78801574119 1.08411134031 7.04705766381 0 0.016
228 1.52042102814 112.87829 45.986656 -1.9118326 100.402039612 120.895453123 1.22312008252 75.9406657214 179.619557682 0 0.006
231 1.50675201416 112.17059 44.128463 -1.9122248 48.0707864347 110.522854187 2.95656989298 92.2875939562 -81.0386127765 0 0.008
234 1.50705099106 111.43202 42.277019 -1.9027456 76.4383163011 113.29936022 3.06677021139 79.1753260236 -75.2677177835 0 0.014
237 1.51361989975 110.82393 40.37458 -1.9174412 44.8464534036 112.711670775 2.7966627338 97.9064968213 -89.901740407 0 0.016
240 1.50854802132 110.14399 38.567468 -1.912432 112.438962214 33.3653895721 -1.5196398836 5.68581721779 22.5053304957 0 0.012
243 1.51041412354 109.42625 36.696167 -1.9074722 110.344748484 35.6984575347 -1.76414729081 1.35612080679 8.21191239575 0 0.014
246 1.51987099648 108.96452 35.308972 -1.917648 112.643700808 55.1267426856 -2.45063203074 20.1563986458 -30.5377355096 0 0.008
249 1.49921298027 108.91335 35.330429 -1.9171391 109.732077453 38.8436793085 -2.60195181568 3.60738719458 -39.2368783654 0 0.012
252 1.50526785851 108.9585 35.348205 -1.9450374 108.958661339 39.8816138319 -1.82514446753 4.5334088348 6.86935902374 0 0.01
255 1.51211309433 108.97674 35.368834 -2.0165302 103.842004667 58.6435925027 -2.52667315446 23.8344265779 -29.2290382387 0 0.012
258 1.5169570446 108.99865 35.397074 -2.0803106 108.325267294 56.5301338043 -1.91163903375 21.1437853981 9.66416886984 0 0.008
261 1.50677204132 109.05048 35.474836 -2.159245 104.405646594 57.0822489063 -2.35084931965 22.1010128699 -10.9781188521 0 0.014
264 1.51698184013 109.09365 35.518169 -2.2238592 102.968249765 40.398486891 -2.33847908128 7.83185998075 -6.56723544545 0 0.016
267 1.50300884247 109.14301 35.568827 -2.2920109 108.493222835 54.5850964278 -2.20820837304 19.0273678241 4.80153110727 0 0.024
270 1.52746510506 109.24021 35.586114 -2.3597618 108.142246296 56.4499337977 -1.93815210842 20.8926901295 24.1564559296 0 0.016
273 1.50869417191 109.32691 35.57971 -2.4292889 112.412725978 37.0516193103 -2.28747850423 3.41888538356 8.12513716866 0 0.02
276 1.51378512383 109.34422 35.612178 -2.4970016 111.798670245 37.7622386435 -2.35049208976 3.26298740066 8.39437659535 0 0.032
279 1.50420713425 109.45255 35.562283 -2.5751384 37.2858394118 97.2131280268 -2.52120790803 94.9150188834 3.08998957707 0 0.012
282 1.50440406799 109.51035 35.610832 -2.6455993 37.4152781865 95.912203356 -2.18257920884 93.9891204726 26.529097053 0 0.02
285 1.49480509758 109.52669 35.619453 -2.7060079 104.778246608 52.5189826455 -2.73394564724 17.5539686933 -1.60071500619 0 0.012
288 1.49160408974 109.56751 35.667144 -2.7779359 110.379926251 37.2517475379 -2.35473963259 1.78072696889 24.2473600281 0 0.018
291 1.49793696404 109.58407 35.725569 -2.8421247 61.3202234084 112.768373355 -1.7426389242 90.9120046571 62.9958945883 0 0.014
294 1.51191592216 109.62066 35.728072 -2.9074408 105.370716434 57.5309094354 -2.72619893631 22.2131884373 10.3843938605 0 0.014
297 1.50012016296 108.40689 35.538158 -2.9474042 41.411252434 89.1028659646 -2.31260738032 85.776415128 36.3711786158 0 0.012
300 1.51191711426 106.63579 35.154474 -2.9731605 64.1354748143 96.6567551823 1.38585370701 74.7583265029 -110.246883101 0 0.014
303 1.49461293221 104.74277 34.838538 -2.9724974 35.4705349845 94.523774451 -2.46482162223 91.4383398485 29.0876794274 0 0.012
306 1.50179100037 102.71686 34.507066 -2.970186 63.2152345001 105.867565058 -2.17285319357 81.5640805924 45.6838046756 0 0.022
309 1.50131988525 100.87602 34.149296 -2.9774562 61.1371293246 108.951739422 -1.6399606082 84.7029218744 76.6328525275 0 0.012
312 1.50096893311 98.917573 33.856952 -2.9648121 37.7987103274 84.4562975075 -1.11435647055 79.3461350046 106.023297744 0 0.014
315 1.50661802292 96.872255 33.519705 -2.9713846 61.2963535935 103.091294166 -2.98715598903 78.1399435626 -0.903634028473 0 0.016
318 1.51356697083 94.700759 33.157106 -2.9752463 58.6780413208 102.098122241 -2.63102206673 77.7849594032 19.7225957726 0 0.022
321 1.50211811066 92.656194 32.878926 -2.9695623 36.9037879547 73.6941920494 -0.479638078497 69.0957069761 142.662149199 0 0.008
324 1.50425195694 90.628889 32.525228 -2.9736018 91.1212408363 32.8701998833 -2.88530504963 0.601178784513 5.05903114109 0 0.012
327 1.50236392021 88.510396 32.191288 -2.9695852 68.4588781819 131.116926193 -2.70444807096 100.937333325 15.1912384863 0 0.014
330 1.50754117966 87.334812 32.006658 -2.9896435 85.0959868523 33.5704015902 -2.85627402818 2.73086653971 7.64150785107 0 0.012
333 1.50432515144 87.328365 31.983283 -3.0015998 41.3336623422 73.0204924966 -0.988762541675 61.6406135259 115.327079749 0 0.014
336 1.52154803276 87.328448 32.00285 -3.0442403 42.8380110108 72.3182198355 -1.02833117615 60.0393873092 115.503084679 0 0.02
339 1.50634098053 87.480424 31.977098 -3.121648 46.7874043586 73.4455088089 -1.05293062835 58.0994917581 118.528774401 0 0.008
342 1.51849484444 87.509332 32.088761 3.0972389 41.2651962228 72.1050789983 -0.827816832949 61.1541151512 135.110872148 0 0.018
345 1.52464604378 87.537767 32.004513 3.0032565 44.5277486498 73.4409276256 -1.61460845817 59.7230117752 95.4158275355 0 0.024
348 1.51167917252 87.588829 31.971963 2.902116 46.2629101431 91.1041171912 0.160557616885 72.1418271785 -157.079724641 0 0.01
351 1.51419091225 87.696053 31.883789 2.7788249 43.6854302044 73.7718246023 -1.88182668289 60.7580648595 92.9643345197 0 0.026
354 1.49500513077 87.777704 31.698119 2.6376296 47.0516626371 88.9282751753 -0.0974998736402 70.2417341823 -156.711375261 0 0.024
357 1.50774788857 87.896098 31.65995 2.4917922 42.3971906459 73.5449506649 -1.6554806644 61.8425731282 122.378768381 0 0.02
360 1.50765419006 87.958395 31.594625 2.366513 44.7992528271 71.9849491335 -1.87806961363 59.1108267301 116.803330445 0 0.01
363 1.50401306152 87.964094 31.460561 2.2184109 58.2833295316 97.8332959917 2.61649860514 72.7068616411 22.8087453805 0 0.01
366 1.50244307518 87.708527 31.831987 2.1125682 38.6079878394 69.0520502887 -1.70796700832 61.613278253 141.099457082 0 0.014
369 1.52169799805 86.721318 33.612273 2.0920166 34.0199097687 69.3516527394 -1.49600949703 63.6768536733 154.421247857 0 0.01
372 1.51358914375 85.724716 35.405361 2.0873093 113.940532066 135.972688505 1.76933098216 104.450560735 -18.218815589 0 0.004
375 1.51078891754 84.755772 37.248267 2.0862059 24.462601202 83.1636363707 2.28072720241 75.7858007105 11.1452496534 0 0.006
378 1.51380491257 83.690185 39.149374 2.0868314 102.32047338 98.205007758 2.04486859894 61.9245954665 -2.40429139749 0 0.008
381 1.51835489273 82.666747 40.97523 2.090975 32.534920701 94.8950599849 0.95635998399 73.6243714654 -65.0086517896 0 0.008
384 1.51968979836 81.635815 42.877142 2.0910396 72.5766088155 103.191162679 -1.13414464771 60.9905755598 175.210554454 0 0.008
387 1.51120495796 80.624097 44.699122 2.0805048 86.3170747887 32.2741312148 0.396335880135 13.667128159 -96.4957710954 0 0.006
390 1.51805400848 79.602515 46.546403 2.0762437 95.1782372794 121.083695443 3.11804948152 76.1472986341 59.6910743532 0 0.004
393 1.50365710258 78.599692 48.40129 2.0808805 35.5786161705 92.7145351991 1.26745110787 61.7614496722 -46.6060711009 0 0.02
396 1.52389788628 77.532669 50.298142 2.0919608 36.0101631705 88.6406667191 1.66552121264 56.5178528626 -24.4331885728 0 0.02
399 1.51271605492 76.53881 52.074716 2.0854653 73.5769354587 29.9232628189 1.15104800977 22.3485923233 -53.5381670343 0 0.01
402 1.51206994057 75.533974 53.92833 2.0838411 18.7859609971 87.4648258893 -2.54146426789 65.9168683746 94.9895234608 0 0.01
405 1.50646400452 74.451304 55.860797 2.0823704 43.6708372938 112.854911897 1.32756769773 64.7747347626 -43.2470092053 0 0.012
408 1.51629900932 73.464188 57.689364 2.0801622 108.02784236 115.985679463 1.16068912732 67.7724619542 -52.6819264403 0 0.012
411 1.51040506363 72.461178 59.521835 2.0808323 107.947151829 117.406338335 1.20488358199 67.8960239257 -50.1881646117 0 0.01
414 1.53103804588 71.469371 61.42577 2.0898858 111.015490487 118.15635166 1.71041690438 69.1538463286 -21.7419661756 0 0.014
417 1.52392816544 70.386885 63.322712 2.0827703 112.814560516 115.94410504 1.67323516455 67.5952561582 -23.4646348238 0 0.01
420 1.5199098587 69.38246 65.186025 2.0922796 55.6501153114 99.8502428368 0.374482908146 37.2851885992 -98.4225005048 0 0.01
423 1.51225686073 68.400253 67.014087 2.0893798 66.0268549305 68.6874267205 2.38950949469 2.90397730992 17.1961648123 0 0.01
426 1.51688814163 67.30799 68.901204 2.089526 93.6218460981 104.211786456 1.25512174416 44.0369873641 -47.8078422674 0 0.008
429 1.50180196762 66.315197 70.741557 2.0869248 104.216578372 94.1035687307 0.897049328121 44.5230086814 -68.1748426848 0 0.012
432 1.50901794434 65.281228 72.464006 2.0745737 43.2809032093 44.8479999646 -3.11708004508 35.3080455455 62.5401517134 0 0.01
435 1.50921010971 64.283593 74.421326 2.0918621 106.934498676 96.9239154609 0.831224634801 48.2230887383 -72.229206252 0 0.01
438 1.49868988991 63.28447 76.191493 2.091939 82.2666861329 76.9526259592 1.51309394756 18.9974696394 -33.1653784971 0 0.012
441 1.5069038868 62.204887 78.125252 2.0893553 52.2812293168 130.361873297 1.26194769785 53.1708904035 -47.40696354 0 0.012
444 1.51999115944 61.273659 79.948227 2.0960183 30.641765399 112.38426691 -0.820244473303 44.6140066641 -167.089548861 0 0.008
447 1.51412701607 60.19879 81.787566 2.089809 55.9082878581 82.4556392863 2.19833562072 4.34220342052 6.21811733224 0 0.006
450 1.5119509697 59.161438 83.629466 2.0974137 95.9496352902 117.408488319 0.151912713738 49.9439066224 -111.468995551 0 0.016
453 1.49944591522 58.11891 85.485673 2.0964985 91.5372247275 85.4366501449 1.03287084229 33.4183506844 -60.94137576 0 0.006
456 1.51315498352 57.036783 87.336936 2.0992423 56.2387616552 87.8190650613 2.30565069272 0.932355349892 11.8263297589 0 0.032
459 1.50784993172 56.357629 88.602308 2.124456 56.3928373161 88.3579094546 2.33078630239 0.246921595918 11.8218555128 0 0.038
462 1.50742697716 56.200217 88.720884 2.2094598 53.3748923581 91.429479369 1.49251319023 3.91394279531 -41.0780148759 0 0.014
465 1.51009297371 56.199637 89.07416 2.3631742 55.3044437066 88.4702798564 2.35278073469 1.07983436714 -0.595501696658 0 0.018
468 1.51368713379 56.109511 89.161307 2.4869631 54.0754762911 89.4787283094 2.61928660349 2.05865331819 7.58157828065 0 0.018
471 1.50056409836 56.023191 89.233423 2.608836 52.3042799614 103.898855437 -0.0448253355592 15.129613606 -152.043594785 0 0.008
474 1.51138305664 54.873312 89.789936 2.6823278 94.6182885347 42.3344789161 -1.22310803352 61.9005942361 136.23500958 0 0.006
477 1.50879001617 52.997249 90.667048 2.6986067 78.2836416837 55.0669070787 -2.78055073366 43.6665969429 46.0674037637 0 0.008
480 1.52106285095 51.122563 91.609157 2.7018871 47.2352306001 92.6588047575 3.06571134615 4.02655108031 20.845593789 0 0.008
483 1.50728821754 49.137432 92.566213 2.7007601 108.416623368 112.426721123 3.01525506665 62.5176959917 18.0192342674 0 0.006
486 1.52769303322 47.308569 93.452781 2.7003868 61.9504393056 93.1063951422 -0.397489015226 14.6459669947 -177.495209668 0 0.006
489 1.49777793884 45.360782 94.336008 2.7008969 69.0570091566 91.4113704464 1.33534499039 23.8760274392 -78.240361127 0 0.006
492 1.51121401787 43.468079 95.251019 2.7064338 44.3783914841 93.6438264534 2.62066952464 1.84708870944 -4.91393101121 0 0.014
495 1.50607991219 41.590918 96.131677 2.7064065 37.6135486302 94.9000222115 2.67263005834 4.1637051555 -1.93524755396 0 0.022
498 1.51468110085 39.606214 97.06058 2.704478 83.8585217891 78.4261360966 1.29606114108 48.0157187205 -80.6963418113 0 0.028
501 1.50553393364 37.718719 97.944153 2.696243 35.7209094973 98.3263277037 3.13978747744 2.03403547491 25.4132265836 0 0.034
504 1.49075388908 35.769603 98.891663 2.7044976 32.1531887798 95.3434935188 2.80202202765 5.0663555421 5.58773810398 0 0.04
507 1.52091002464 33.862509 99.822852 2.7013631 29.9193673919 97.003127851 2.73047414307 4.84759837625 1.66793990504 0 0.036
510 1.51997303963 31.979521 100.73965 2.7066945 26.8556860783 96.578342814 2.86025081755 6.60076978848 8.79812891324 0 0.042
513 1.49999904633 30.015598 101.64307 2.7044148 27.9234014121 101.1772854 2.90057439845 2.14341826424 11.2391171019 0 0.03
516 1.49296498299 28.083667 102.5122 2.7038251 21.3061352597 99.9267374862 -3.09109739406 7.25393361569 27.9753984852 0 0.02
519 1.50819587708 26.231599 103.44351 2.6987262 22.5217220841 105.701125202 2.76429422737 4.34281166182 3.75677123923 0 0.034
522 1.5060710907 24.326425 104.3449 2.7056645 18.7705636468 96.0714236753 -3.13099411898 9.96584195492 25.5840946736 0 0.024
525 1.50758194923 23.072168 104.95788 2.6888385 18.5621742188 102.579339135 2.72219056991 5.09877441681 1.91093284401 0 0.026
528 1.5137450695 23.059574 104.94595 2.6093304 19.0538022795 104.321495553 2.62981569577 4.05415224603 1.17372098947 0 0.07
531 1.51428413391 23.148655 105.02795 2.4881616 18.8591946803 104.193271464 2.53837623903 4.36991511279 2.87708688597 0 0.056
534 1.5052189827 23.15609 104.97342 2.3614352 20.7999112933 104.701005811 2.40404874416 2.37187427753 2.44157623052 0 0.022
537 1.50404500961 23.189116 104.80794 2.2179164 19.2384692933 104.380148239 2.12367708785 3.97374070519 -5.39951485027 0 0.044
540 1.49262595177 23.170444 104.45908 2.0515088 18.1260941254 104.992525979 2.01620889502 5.07247772493 -2.02253557262 0 0.052
543 1.514731884 23.203193 104.36781 1.9241471 17.9972155777 103.721587031 2.03347558637 5.24593223813 6.26406084962 0 0.02
546 1.53380298615 23.268475 104.40083 1.8086424 20.1528624303 107.682654367 1.83456525812 4.52519754967 1.48527036313 0 0.028
549 1.50626206398 23.269141 104.3114 1.6661585 18.3004297628 105.462430165 1.67966083078 5.10029036414 0.773626567436 0 0.044
552 1.50264596939 23.273746 104.22596 1.531085 19.3373230596 106.681659983 1.460538827 4.6395999799 -4.04199797357 0 0.022
555 1.50669980049 23.201513 103.9692 1.3630267 20.8634458527 102.339230602 1.54799711437 2.85015056143 10.5980240781 0 0.03
558 1.51227998734 23.573375 105.47089 1.3112874 19.7099497893 105.422484253 1.35197203104 3.86372844221 2.33105764955 0 0.026
561 1.49380898476 24.091257 107.45193 1.3021436 18.2470883011 108.093786933 1.39467744376 5.87931017242 5.30179870968 0 0.024
564 1.50128698349 24.69734 109.54228 1.2971878 19.6812024076 108.90600089 1.23510100159 5.05633142233 -3.5573115122 0 0.032
567 1.50616884232 25.24514 111.62222 1.291934 115.609220507 107.65008393 1.27936472947 90.4513400167 -0.720166152694 0 0.01
570 1.50010991096 25.838263 113.71051 1.2925571 21.1658313373 112.159537299 1.26834998945 4.92312237923 -1.38696526876 0 0.032
573 1.49933505058 26.485855 115.66064 1.2984976 21.0581318285 114.136273441 1.15226426533 5.63771870832 -8.37855290077 0 0.022
576 1.5252468586 26.666562 116.70228 1.2516028 22.7214365241 117.038486819 1.28016601367 3.95942546922 1.63655159244 0 0.04
579 1.51501107216 26.671044 116.66524 1.1445574 24.7934934381 112.795349533 1.44751753012 4.30130774738 17.3583368165 0 0.016
582 1.51324486732 26.68282 116.71548 1.0360889 23.3489707421 114.941532168 1.05654139566 3.77643241515 1.17184168177 0 0.036
585 1.51287293434 26.598988 116.54426 0.86252405 22.0269083225 113.423433183 0.981965606562 5.53565466771 6.84349708945 0 0.028
588 1.52859807014 26.490987 116.49462 0.72378221 23.8293991663 116.220356074 0.750542832285 2.6756813146 1.53327071405 0 0.024
591 1.52193307877 26.414554 116.44154 0.58967497 25.0437105007 115.072621698 1.00838086283 1.93730462681 23.9900805163 0 0.016
594 1.5089828968 26.30131 116.37003 0.43724496 22.93641371 116.074008528 0.693157140607 3.37789220583 14.6626878748 0 0.014
597 1.52749800682 26.176025 116.35464 0.31453037 23.2178134672 117.944494986 0.408011448076 3.35837078791 5.35607123811 0 0.016
600 1.51102995872 26.088883 116.46581 0.14702743 20.8605838561 116.042969777 0.276852740929 5.24536993852 7.43844239021 0 0.018
603 1.51555800438 25.977812 116.45377 0.019989929 25.7244728067 119.433906022 0.0953616447629 2.9908847276 4.31848120787 0 0.01
606 1.50895500183 25.890585 116.45549 -0.11586106 29.2902573889 15.3889607795 -2.78242318053 101.123692086 -152.782755316 0 0.008
609 1.51374387741 27.617035 116.21759 -0.13548047 116.452161107 106.747081012 -0.991042437139 89.338514488 -49.020089829 0 0.026
612 1.49724006653 29.732468 115.90829 -0.14344069 27.2089286072 116.295717069 -0.234235130758 2.55310610849 -5.2021382587 0 0.016
615 1.50575399399 31.744289 115.6014 -0.14068963 112.751910345 47.2318091307 -1.93310012281 106.002998409 -102.697556393 0 0.006
618 1.49988484383 33.87565 115.27561 -0.13567301 29.1339929456 116.387232197 -0.139436189836 4.87021719545 -0.215614322132 0 0.048
621 1.50161910057 35.936054 114.9269 -0.14240112 29.6360244445 114.60690857 0.0217108375692 6.30815083167 9.40292253634 0 0.022
624 1.52645993233 38.113735 114.67885 -0.14674677 100.084502893 88.8999305304 -1.29565854208 67.1187660957 -65.8277955732 0 0.012
627 1.51393890381 40.163768 114.30534 -0.14012204 36.6825036276 114.129013509 -0.0697022338729 3.48572699187 4.03475768521 0 0.034
630 1.49871993065 42.346763 113.98058 -0.16006212 38.198743424 113.523251679 0.0512438318051 4.17315415429 12.1069392244 0 0.024
633 1.50635790825 44.341947 113.67079 -0.15507802 40.3061346324 113.468157061 -0.0550719332662 4.04089613509 5.72992669546 0 0.034
636 1.49376010895 46.544067 113.30502 -0.15009707 42.8004034046 113.715908102 -0.0670830315495 3.76614473267 4.75635404355 0 0.042
639 1.50808310509 48.557097 112.97025 -0.14631805 44.0995938763 114.082048864 -0.0123574690791 4.59406473754 7.67537590789 0 0.032
642 1.50050497055 50.586062 112.64729 -0.14866611 48.0526310786 113.37407746 0.105452300341 2.63561989769 14.5599124091 0 0.048
645 1.49304389954 52.747394 112.3225 -0.14488479 50.9348946897 113.243712404 0.01403698463 2.03317142515 9.10554695903 0 0.078
648 1.50444293022 54.919709 111.95097 -0.14565598 50.9014192343 114.876747971 0.060357905628 4.9705964807 11.8037261676 0 0.066
651 1.53388810158 56.9199 111.70562 -0.14317608 54.2293139418 112.900376231 -0.0380691212848 2.94392523493 6.02218513184 0 0.054
654 1.50455498695 58.963864 111.32719 -0.14485493 57.6405998111 114.376420243 -0.0439892562625 3.32397851832 5.7791774029 0 0.06
657 1.49585103989 61.070196 111.0267 -0.15209978 59.092572995 113.274473196 -0.016956719939 2.99390666049 7.74312697198 0 0.046
660 1.50442290306 63.25691 110.67843 -0.1447313 61.131437697 110.659554411 -0.0945050119285 2.12555611512 2.87775432711 0 0.058
663 1.50319004059 65.338645 110.4192 -0.14848438 61.9265223527 110.873230002 -0.209259552484 3.4421975834 -3.48216088251 0 0.062
666 1.49930000305 67.412523 110.08404 -0.1445869 63.0989619433 110.986174499 -0.0976182608428 4.40688729644 2.69110479318 0 0.068
669 1.49902486801 69.507235 109.73429 -0.15139682 66.0424456067 111.262519602 -0.0659714996215 3.78685242065 4.89451032124 0 0.126
672 1.5046980381 71.647859 109.39116 -0.14906575 68.56387877 112.079545207 -0.129957474255 4.09125275223 1.09482355397 0 0.136
675 1.49492692947 73.702975 109.06139 -0.1559357 68.2394753317 110.901951159 -0.0615252569719 5.76519678797 5.40931992747 0 0.136
678 1.50069189072 75.754203 108.72815 -0.15045699 72.4021551705 109.667160905 -0.147601692305 3.48108691787 0.163596507195 0 0.154
681 1.50685381889 77.860742 108.43703 -0.15243836 74.9457402512 109.126422192 -0.17185405096 2.9954126242 -1.11243714835 0 0.154
684 1.50827383995 79.97813 108.08555 -0.15170568 75.5738345808 109.293016624 -0.193661768125 4.56681440259 -2.40390677443 0 0.148
687 1.51895904541 82.120618 107.73965 -0.14888428 77.4847978035 109.568839832 -0.162846726753 4.98364970032 -0.799989270615 0 0.176
690 1.51459288597 84.192494 107.42985 -0.14593359 81.2153468186 108.837900399 -0.187519531001 3.29332829609 -2.38269890646 0 0.198
693 1.50299215317 86.28045 107.15458 -0.15823172 82.0373669887 107.752846275 -0.152929768131 4.28505262236 0.303779465267 0 0.202
696 1.50386214256 88.385341 106.75858 -0.15035877 84.6043100587 109.269730698 -0.122541219901 4.53895062822 1.59382821709 0 0.17
699 1.49909806252 90.512184 106.42958 -0.15443508 85.8771744359 110.100735961 -0.129940264264 5.91275737249 1.40344956164 0 0.136
702 1.50884389877 92.541412 106.11165 -0.15857271 89.6692056562 108.195367575 -0.104210529029 3.54844306906 3.11472353474 0 0.196
705 1.50008797646 94.624435 105.7799 -0.14991569 90.3595842186 107.542968176 -0.0947210779072 4.61490645402 3.16241832478 0 0.23
708 1.50077700615 96.812614 105.41142 -0.16008539 92.4169763935 105.627530562 -0.107108003428 4.40094691437 3.03538066023 0 0.228
711 1.50043296814 98.833392 105.05687 -0.15857643 93.0611459747 106.423060775 -0.132012368565 5.93171993684 1.52200860694 0 0.162
714 1.50984406471 100.9283 104.72764 -0.15390186 93.0808595694 106.278944979 -0.195017020809 7.99930424778 -2.35572518839 0 0.102
717 1.50360202789 103.02648 104.38009 -0.15580909 99.3251574926 108.222536944 -0.161501081619 5.33518386038 -0.326127096807 0 0.126
720 1.50559401512 103.56436 104.3046 -0.21764658 97.0225466473 105.74555339 -0.258239914423 6.6986318465 -2.3258267388 0 0.17
723 1.50935912132 103.46604 104.39779 -0.32798619 97.6500263631 105.098149008 -0.416023305041 5.8580301608 -5.04415513237 0 0.126
726 1.50313711166 103.43166 104.43448 -0.46455789 99.9840954486 107.557199195 -0.589061709759 4.6515671024 -7.13354340544 0 0.124
729 1.49700188637 103.35806 104.51276 -0.60050128 100.170853626 107.060918118 -0.625786216108 4.08061199669 -1.44872012425 0 0.13
732 1.49920296669 103.30537 104.5712 -0.75278089 100.136283417 105.711171115 -0.617039815858 3.36788418936 7.77739065493 0 0.06
735 1.50407099724 103.24477 104.73622 -0.88717849 99.5099179864 108.233833912 -0.917077450768 5.11687625783 -1.71308426384 0 0.088
738 1.53080892563 103.11543 104.83266 -1.0218313 99.2827087838 106.870293088 -0.866951458989 4.34070276827 8.87396122159 0 0.068
741 1.50869011879 103.3336 104.43355 -1.1359167 98.7749585048 105.794049067 -1.0342429463 4.75732803088 5.8254769745 0 0.08
744 1.50503897667 104.18264 102.5184 -1.1499809 101.409235201 104.742003851 -1.07308324056 3.55474165946 4.40591134043 0 0.088
747 1.50158500671 105.02068 100.61649 -1.1544373 103.854714673 102.673526296 -1.02026495987 2.36450279518 7.68750881672 0 0.078
750 1.52194714546 105.97315 98.645528 -1.1675657 104.34879712 102.760000763 -1.03669463704 4.42350634638 7.49835956809 0 0.086
753 1.51517105103 106.66644 96.709247 -1.154133 106.375984955 98.5021047256 -1.12572814074 1.8162331782 1.62747855322 0 0.094
756 1.51363396645 107.65453 94.805864 -1.1707179 105.353976167 96.2425435477 -1.15411112694 2.71230456653 0.951498007488 0 0.14
759 1.51849985123 108.36584 92.821603 -1.1639211 105.780006126 96.4931931013 -1.0852024757 4.49078063323 4.51024494158 0 0.092
762 1.5121781826 109.18739 90.932737 -1.1605274 107.906565201 90.9528602736 -1.15647010686 1.28098286908 0.232465773207 0 0.094
765 1.50638604164 110.00551 88.971931 -1.1631703 108.078543362 90.8903306225 -1.13847483647 2.71909130728 1.4149458333 0 0.116
768 1.50456905365 110.83946 87.051439 -1.1600004 110.123067321 88.2347297542 -1.07714415553 1.38325539179 4.74731311462 0 0.174
771 1.51541996002 111.68317 85.129972 -1.1502451 110.561279517 86.6733676031 -1.03567450004 1.90806400376 6.56441183411 0 0.178
774 1.51528501511 112.49307 83.177328 -1.1488654 111.591908915 86.7407423687 -1.07673011097 3.67559699432 4.13304761527 0 0.154
777 1.50253081322 113.40329 81.226755 -1.149046 113.092162279 84.1927422941 -1.19132517936 2.98226106956 -2.42241853851 0 0.174
780 1.51311802864 114.20236 79.347389 -1.1522317 112.998909244 80.2479094747 -1.18304011959 1.50307379976 -1.76519241571 0 0.11
783 1.50454092026 115.10134 77.33273 -1.146946 112.1233128 80.343000474 -1.12394763393 4.23442727328 1.31770931168 0 0.076
786 1.50875091553 115.87569 75.433999 -1.1405871 113.165076517 77.6546315258 -1.09416324106 3.50408822234 2.65989118616 0 0.068
789 1.51020598412 116.74641 73.521868 -1.1514597 113.678377666 75.9802435875 -1.18833294913 3.9314670202 -2.1126815522 0 0.058
792 1.50840783119 117.66191 71.592443 -1.1472421 115.32237131 74.7718240322 -1.10844421096 3.94739218105 2.22295529614 0 0.038
795 1.51649689674 118.47567 69.543126 -1.1411103 116.542557983 71.8879534227 -1.14253197768 3.03893693765 -0.0814561311432 0 0.048
798 1.50831508636 119.32773 67.660396 -1.1493947 117.654229978 71.0187832796 -1.17463669778 3.75224831844 -1.44625993955 0 0.084
801 1.51455187798 120.23613 65.736718 -1.1477983 119.060100087 69.3586906314 -1.00653526793 3.80811398188 8.09377553861 0 0.068
804 1.52847790718 121.05504 63.851108 -1.1435448 120.866333642 65.931084826 -1.17811734885 2.08851949619 -1.98086113606 0 0.046
807 1.5192899704 121.9387 61.889647 -1.1416966 121.716495462 63.3579708253 -1.13875483871 1.48504199028 0.168550506161 0 0.062
810 1.51889801025 122.75206 59.947854 -1.134592 121.177243797 63.4050663496 -1.11138937924 3.79899503864 1.3294122434 0 0.054
813 1.51194500923 123.61313 58.017737 -1.1345099 121.61664678 62.2351437239 -1.07709477882 4.6660973759 3.28964412356 0 0.07
816 1.52563786507 124.50226 56.14403 -1.1250591 123.444918495 59.5024255008 -1.07438516993 3.52090775186 2.90340232445 0 0.072
819 1.52543401718 125.37031 54.195354 -1.1346431 126.485372923 56.6418197114 -0.990312250126 2.68859811046 8.26954855131 0 0.056
822 1.51721715927 126.19009 52.293812 -1.120627 125.209208494 55.6105568202 -1.08840453855 3.45874612109 1.84621104676 0 0.062
825 1.51090097427 127.09539 50.434417 -1.1252352 126.424455155 55.0511585718 -1.09886410071 4.66523914782 1.5109526905 0 0.066
828 1.5136449337 127.94916 48.435924 -1.125081 126.416213897 51.5252446707 -1.16634205951 3.44874266376 -2.36408456838 0 0.094
831 1.51389598846 128.83417 46.49897 -1.1135569 128.022595415 51.1206467231 -1.14845169621 4.69239267749 -1.99932455005 0 0.088
834 1.5292930603 129.69028 44.561049 -1.1141866 127.707445386 47.9945574976 -1.14975995933 3.96492291349 -2.03820335294 0 0.092
837 1.51394605637 130.6504 42.689185 -1.1179531 127.540575955 45.7714268457 -1.14089872017 4.37849521908 -1.31468719426 0 0.096
840 1.51661801338 131.56218 40.752166 -1.1133477 128.927297471 46.088688381 -1.2201037109 5.95156089296 -6.11666886222 0 0.052
843 1.51085114479 131.80181 39.159633 -1.0655485 131.73389652 43.4914260553 -1.06402480032 4.33232539349 0.0873015610379 0 0.05
846 1.51085400581 89.526265 39.287264 -0.26055386 132.807546032 41.7475258105 -1.06637532947 43.3511496495 -46.1701692419 0 0.06
849 1.51148104668 49.129117 22.860079 0.57174269 134.33082557 40.6679683081 -1.01901250758 87.0428174226 -91.14355906 0 0.044
852 1.50370502472 45.693587 19.436118 1.0035584 133.885002597 40.2056696287 -1.02815908261 90.6040841237 -116.408836916 0 0.018
855 1.49874091148 46.841947 21.209275 1.0214136 33.2969112222 95.3388016606 2.2989769325 75.3568491721 73.1989870128 0 0.012
858 1.49447584152 48.00008 22.972907 1.0079248 28.9923233797 93.1929262041 -3.05004523379 72.7471367736 127.495443673 0 0.012
861 1.50782990456 49.170996 24.731115 1.014741 66.9869889307 108.302323114 -0.536631864793 85.4491452842 -88.8871176037 0 0.016
864 1.49663496017 50.349541 26.532036 1.0144485 34.9989734705 78.7386423501 -1.20643247301 54.416630455 -127.247106554 0 0.008
867 1.50134801865 51.518278 28.351001 1.0069992 96.432814675 126.929020214 2.82473871566 108.327934887 104.148802502 0 0.004
870 1.49535799026 52.642563 30.101924 1.0170679 59.6530334274 102.714105512 -2.77409602272 72.949815624 142.782307786 0 0.012
873 1.49788784981 53.80357 31.912095 1.0183648 84.8098802326 133.676967725 -0.500346311768 106.383648156 -87.0157370039 0 0.006
876 1.5102159977 54.946688 33.671099 1.0064723 118.067820293 73.3019847172 -0.438653750615 74.5310971653 -82.7996235646 0 0.008
879 1.50987005234 56.161659 35.476636 1.0152563 70.7921882279 110.21638714 0.318904065452 76.1582745736 -39.8980440941 0 0.006
882 1.50040912628 57.333476 37.252395 1.017552 8.75150994351 38.3716886674 3.00867044807 48.5948582077 114.082683585 0 0.01
885 1.50699710846 58.434052 39.044555 1.0099164 122.474943585 48.236331671 -0.210952308329 64.6971757756 -69.9506243268 0 0.006
888 1.506690979 59.558673 40.733157 1.0155176 118.368685765 63.5672181181 -1.48205078916 63.0873358806 -143.100127744 0 0.01
891 1.50985002518 60.829575 42.673596 1.0256616 55.6897286131 128.502600572 -0.261355626835 85.9827659869 -73.7406552583 0 0.008
894 1.50609302521 61.938983 44.298725 1.0235902 128.821779111 10.8874802924 -1.01148012635 74.763759192 -116.600940712 0 0.01
897 1.52753996849 63.08776 46.123861 1.0214801 82.4288008527 85.9065812533 -0.538592708215 44.2350617951 -89.3855876438 0 0.006
900 1.51287102699 64.233274 47.872937 1.026201 59.5993679864 138.42898832 0.801739608117 90.6745362027 -12.8606904185 0 0.004
903 1.50441813469 65.367062 49.701179 1.0288308 63.8612964031 66.0627759214 0.265022802724 16.4307389928 -43.7629746023 0 0.006
906 1.49221396446 66.47055 51.411163 1.0247772 137.566218691 121.297971496 -0.64962720934 99.6933303102 -95.9363058533 0 0.004
909 1.49700808525 67.601685 53.206336 1.0345375 78.7343615534 73.9311892753 -1.11572859702 23.5256462297 -123.201172189 0 0.006
912 1.50389003754 68.713633 54.989386 1.0321621 109.038092466 99.5743635883 1.22958796572 60.1155741698 11.3116688726 0 0.006
915 1.50639891624 69.889939 56.860516 1.0335194 132.79115279 57.3234797496 -2.77102968556 62.9029175138 142.015394447 0 0.006
918 1.50067400932 70.97178 58.665246 1.0279054 36.2009759965 64.0540345178 2.81056626518 35.1859041768 102.138943878 0 0.01
921 1.50152301788 72.083269 60.388926 1.0348295 25.5651302132 53.2212360064 2.22170087529 47.0671118302 68.002720629 0 0.006
924 1.50542998314 73.21006 62.180545 1.0389104 93.6973518991 101.665986762 0.882892174923 44.4840335457 -8.93918582402 0 0.01
927 1.50679707527 74.211219 63.966291 1.0279221 98.7193104727 18.0289344551 0.611353099371 52.0661816726 -23.867645612 0 0.006
930 1.50139808655 75.394113 65.876292 1.0355825 125.754559281 19.5962610725 0.458084383271 68.3960219041 -33.0882047653 0 0.004
933 1.49326896667 76.475569 67.55587 1.0353462 124.893924224 31.6479046369 -3.00163504224 60.280337583 128.698012846 0 0.004
936 1.50819182396 77.652303 69.425792 1.0395167 118.119512301 112.422143901 -0.592209356803 59.0447398618 -93.4910163763 0 0.006
939 1.51966404915 78.72098 71.209083 1.0347632 20.2872337066 65.9573382063 -3.04087569713 58.6692724453 126.483092375 0 0.006
942 1.50428795815 79.923618 73.070281 1.0406815 110.995330756 68.2512641264 0.678242385324 31.4431909516 -20.7662316014 0 0.01
945 1.51071190834 80.886825 74.813727 1.0240856 68.257082327 96.0213430534 3.0925740042 24.6834636681 118.515655533 0 0.004
948 1.50499510765 82.003807 76.66259 1.0354781 71.3980010089 99.2227518653 1.24375308334 24.9287790336 11.9332775238 0 0.004
951 1.5001809597 83.149971 78.458347 1.0359732 81.6401233931 116.838142188 -2.26877694575 38.409482143 170.651764303 0 0.004
954 1.49724888802 84.209192 80.07724 1.046865 108.252940898 60.5402564967 0.474211663308 30.980567869 -32.8106193165 0 0.01
957 1.52268004417 84.421821 80.346791 1.1291589 64.212186413 105.672969773 -0.368416703796 32.4013064765 -85.8047615993 0 0.014
960 1.5035700798 84.549549 80.462185 1.2384433 79.7672652097 80.4859184909 0.984589220559 4.78234268213 -14.5447673642 0 0.012
963 1.50579214096 84.477315 80.645515 1.377415 82.0176234499 82.2512551215 1.32039290289 2.93742810282 -3.26712550361 0 0.012
966 1.50243997574 84.491575 80.745704 1.5042297 64.1909789362 99.3688093006 2.92272496809 27.5487613439 81.2737921209 0 0.012
969 1.48989391327 84.58151 81.604236 1.6242617 63.0460812047 100.529044832 1.74031336596 28.6692009434 6.6492706652 0 0.012
972 1.49325799942 84.52138 83.606555 1.6450761 81.065575417 82.2709208344 -3.03122895032 3.70492968086 92.0674569008 0 0.012
975 1.49939513206 84.450105 85.633891 1.6510189 115.776974418 65.4629862842 1.43987766648 37.259067951 -12.0975015617 0 0.012
978 1.49833106995 84.288283 87.799076 1.6553182 33.8171197351 91.4857795249 3.12483770954 50.6056331271 84.197265809 0 0.022
981 1.49005889893 84.219899 89.940013 1.6574582 114.381919698 65.2553068952 0.790613453745 38.9754051687 -49.6665454535 0 0.01
984 2.20789384842 84.085061 91.960688 1.6559816 116.162365606 65.7978656502 0.387238172679 41.3938007933 -72.6936436705 0 0.012
987 2.28346300125 83.972707 94.061302 1.6546883 68.5715845305 102.03408032 -1.25600146441 17.3424268044 -166.770238972 0 0.006
990 1.93328094482 83.850194 96.236204 1.650278 115.960117468 68.3644266301 -1.59673700468 42.519209293 173.959744216 0 0.012
993 1.51072978973 83.742141 98.372522 1.653672 38.0652791508 80.9349391795 -1.40405080105 48.8921773192 -175.194611421 0 0.012
996 1.50836920738 83.558608 100.37046 1.6603574 32.5297350845 74.3879147989 -1.59965241708 57.2628896071 173.21519631 0 0.01
999 1.51516890526 83.448658 102.54165 1.6520527 40.4787750393 80.1360194346 -1.46740732897 48.4605315973 -178.73189402 0 0.012
1002 1.54449796677 83.308795 104.69204 1.6576029 130.438996196 57.5449135665 0.322233388401 66.6641387529 -76.5110371051 0 0.014
1005 1.5005300045 83.194681 106.76107 1.661421 22.3821679886 69.792543189 -2.38767947231 71.1676451299 128.003632112 0 0.006
1008 1.50828695297 83.066158 108.84686 1.6653468 95.3771965675 89.5008785391 -1.92768009289 22.9309543913 154.13472336 0 0.006
1011 1.49558377266 82.920912 111.09751 1.6564676 72.3767508953 98.8767520647 2.65270945868 16.1408258126 57.0804538769 0 0.006
1014 1.49688911438 82.798446 113.12029 1.6519674 108.632504304 86.6032378237 2.93612922645 37.0209754676 73.5770528676 0 0.008
1017 1.51124000549 82.725101 115.25424 1.6521864 126.471919051 47.0441156494 -0.798431212638 81.0333582761 -140.410046405 0 0.008
1020 1.49421286583 82.605874 115.888 1.7134215 90.2890748646 122.463902966 0.93874504424 10.1130645873 -44.3856914032 0 0.008
1023 1.50131297112 82.650086 115.98425 1.8265292 79.1820981676 117.471779141 1.76195936204 3.77355039056 -3.69957919914 0 0.008
1026 1.49683785439 82.697137 116.16336 1.9516157 131.247946759 91.8060911977 1.36375299982 54.3181155024 -33.6820516536 0 0.004
1029 1.50170302391 82.611261 116.28116 2.0730733 107.777514484 17.4588258591 -1.22071383475 101.976438649 171.279898564 0 0.004
1032 1.51592707634 82.517518 116.45008 2.1971216 63.3963815524 13.4775318133 1.89544198849 104.73281978 -17.2849685044 0 0.004
1035 1.50559616089 82.418538 116.4581 2.3123831 77.4347977369 114.294231243 -2.86865873523 5.43323062337 63.1481693604 0 0.006
1038 1.5074839592 82.414024 116.83182 2.4679277 49.6314074764 74.5558449722 -1.57758426214 53.4972710583 128.209238599 0 0.01
1041 1.50674414635 82.282962 116.94587 2.5874118 47.4111770476 29.4749197468 -2.86549203735 94.165856466 47.5716240292 0 0.004
1044 1.49915409088 82.208722 116.96752 2.707272 79.4891027751 58.3764829996 0.0740244656169 58.6541213003 -150.873970133 0 0.006
1047 1.4937748909 82.043289 117.20312 2.8493508 18.3340721277 16.6751527984 -2.46371493539 119.015698562 55.5837570865 0 0.006
1050 1.49177384377 81.832352 117.28824 2.9891727 90.3595119574 132.10085527 1.57553530238 17.0916947102 -80.9954566453 0 0.008
1053 1.50612306595 81.142386 117.29523 3.0875315 61.4754937174 82.4253405201 1.97856286953 40.0336838724 -63.5392221386 0 0.004
1056 1.50250005722 79.131234 117.37152 3.1037602 137.971241788 41.6182550214 -0.0994662208264 95.9202985372 176.468645262 0 0.006
1059 1.50032711029 77.094643 117.50841 3.1079346 23.988344647 73.0761763792 -1.45631212444 69.2423447703 98.4879260333 0 0.006
1062 1.50327897072 74.899205 117.59033 3.115912 81.3664886418 62.8657583178 1.16213173629 55.1053945045 -111.943363206 0 0.006
1065 1.50063586235 72.824078 117.69503 3.116944 70.3397413926 115.012576252 -3.11052242867 3.65615733951 3.19245657805 0 0.016
1068 1.49955201149 70.711208 117.83017 3.1174699 54.7562490484 99.8498784589 0.913309590758 24.0385440294 -126.28908309 0 0.014
1071 1.50256586075 68.550781 117.88294 3.1169773 96.4610158842 119.628281713 2.29710047288 27.9647533332 -46.9754819144 0 0.01
1074 1.49787211418 66.454241 117.99143 3.11617 60.9602955852 116.533982434 3.11938616422 5.68397656829 0.184272636151 0 0.012
1077 1.51058006287 64.352032 118.06903 3.1139299 62.4695036944 102.725526773 2.97591403172 15.458557633 -7.90772675851 0 0.012
1080 1.49697995186 62.204954 118.16997 3.1178991 61.4383218327 104.190823512 0.651235645869 14.0001521928 -141.329405401 0 0.014
1083 1.51222205162 60.134729 118.2293 3.1166836 56.9179658229 117.590945415 3.11802887413 3.27949110599 0.0770785296795 0 0.026
1086 1.50262618065 58.034017 118.36643 3.1239361 55.29147871 118.324613024 3.10374794176 2.74285707457 -1.15669626349 0 0.034
1089 1.50715684891 55.858025 118.47896 3.1251128 52.1453181118 117.551999312 -3.07198449062 3.8266759146 4.93248001546 0 0.04
1092 1.51182794571 53.766425 118.55 3.1243401 50.9814439446 116.253999202 -3.08305570866 3.60939595293 4.34241839638 0 0.062
1095 1.5068230629 51.628528 118.603 3.1187628 46.7820162602 117.854019632 -3.13443133981 4.90404400828 1.71836731269 0 0.06
1098 1.50774002075 49.494235 118.64783 3.1200968 45.9096165773 117.144070964 3.13668818693 3.88725873522 0.950616447078 0 0.06
1101 1.50973200798 47.379245 118.80828 3.1260538 46.1457478176 117.041348057 3.08739444998 2.1548929884 -2.21501759501 0 0.064
1104 1.49776315689 45.313934 118.87713 3.1250737 46.3833451156 118.333942218 -3.11772346095 1.19945533514 2.31407032154 0 0.052
1107 1.50220680237 43.229975 118.9845 3.131291 41.958983031 116.88230544 -3.11627527754 2.45655094653 2.0408200688 0 0.048
1110 1.51374101639 41.038059 119.03542 3.1300111 38.6042551419 116.859187542 -2.9755012194 3.26487196278 10.179912333 0 0.034
1113 1.51393699646 38.877743 119.09254 3.1262084 36.098018407 118.934448602 3.1146588396 2.78421653309 -0.661741065952 0 0.028
1116 1.51076602936 36.866989 119.17866 3.1252668 34.5643280696 117.736411417 3.06249299655 2.71704404353 -3.5966740017 0 0.056
1119 1.55165195465 34.67231 119.25843 3.1314701 33.4095902724 118.452923217 3.00613276325 1.49776576564 -7.18130041143 0 0.054
1122 1.58646392822 32.567479 119.34722 3.1353596 31.6627309517 118.454579264 3.05988453509 1.27097463167 -4.32440267775 0 0.066
1125 1.51194190979 30.502201 119.36971 3.1349527 31.153163194 118.678435993 3.07825526171 0.949532269852 -3.24852392319 0 0.03
1128 1.50470685959 29.15421 119.31018 -3.13185 29.0952560096 117.757244316 3.01116218825 1.55405431453 -8.03132811612 0 0.03
1131 1.51321291924 28.938717 119.39146 -3.028318 26.5770095962 118.765956943 -2.94863550217 2.44313649548 4.56547082653 0 0.016
1134 1.51119494438 28.80706 119.32785 -2.9089456 111.510622536 107.420299375 1.11778234656 83.5563822702 -129.285483415 0 0.006
1137 1.50802302361 28.607415 119.34948 -2.7753086 28.3721596208 116.833809517 -2.87829439871 2.52664660637 -5.90065161565 0 0.012
1140 1.49888586998 28.309413 119.3977 -2.6319404 41.9087431919 135.455815683 3.00566975355 21.0429290011 -36.9887316617 0 0.012
1143 1.48729801178 28.176965 119.31562 -2.5155106 43.0016164991 136.756399103 -2.98525928548 22.8899774531 -26.91461711 0 0.012
1146 1.4941599369 28.13257 119.1422 -2.3876282 17.9021807508 73.2974735388 -0.243598851153 46.9723302434 122.843832841 0 0.018
1149 1.49919509888 28.071656 119.10664 -2.2643471 20.3188683679 73.5687129276 -0.226288189498 46.1931652749 116.772173971 0 0.028
1152 1.50885415077 27.847582 119.05477 -2.1225081 90.8539005389 47.665001371 -0.45849035094 95.2170953176 95.341194056 0 0.01
1155 1.51218700409 27.651134 118.95518 -2.0012288 60.1505641531 92.6972195386 -2.41692130439 41.7814964771 -23.8174260766 0 0.01
1158 1.50961709023 27.585975 118.8068 -1.8653126 42.0472085225 143.155683731 -1.65729091887 28.3195235474 11.9187643758 0 0.016
1161 1.50763988495 27.545652 118.66047 -1.7395281 17.9754105263 71.4562436893 0.417224922342 48.1645980307 123.572845632 0 0.014
1164 1.50164103508 27.426878 118.54472 -1.6078392 38.4288564475 140.145819859 -2.20125182928 24.2415149047 -34.0000391674 0 0.02
1167 1.5105779171 27.408113 118.27266 -1.4907581 46.0259930786 143.292620443 -1.40373457328 31.186918398 4.98608079953 0 0.008
1170 1.50625491142 27.619078 117.43976 -1.368489 42.2636096991 137.584676845 -1.67606416984 24.9054207629 -17.622759115 0 0.018
1173 1.50801420212 28.00462 115.50954 -1.3464267 42.6109787814 139.028254053 -2.03223613 27.6852962341 -39.2939858892 0 0.03
1176 1.50828504562 28.352772 113.43776 -1.3439724 22.4896530458 74.6366856609 0.551472025137 39.2415536611 108.600965862 0 0.026
1179 1.52863812447 28.777386 111.37552 -1.3470791 33.9268753862 140.71517315 2.01201992659 29.7881266266 -167.53780281 0 0.014
1182 1.50409293175 29.292879 109.18718 -1.3487141 36.7857550373 135.208634877 -2.29197357352 27.0787611465 -54.0447868186 0 0.016
1185 1.50114393234 29.664866 107.14961 -1.3582731 23.4558566417 82.7005453499 1.55411876446 25.2251572735 166.867762122 0 0.006
1188 1.49203586578 30.155372 105.1583 -1.3627181 58.6196162484 65.2355988869 -0.599198487726 49.0309623075 43.7464513588 0 0.016
1191 1.49266695976 30.584999 103.08809 -1.3538609 34.8320322101 73.4120767811 2.02509215586 29.9783764013 -166.400250726 0 0.016
1194 1.49886894226 30.932942 101.04272 -1.3388863 89.1629679514 83.9046490291 2.69669628004 60.6996655584 -128.778150287 0 0.004
1197 1.50418186188 31.46397 98.886394 -1.3633561 26.3608076111 129.354069505 -2.06308091831 30.8920947339 -40.0912789096 0 0.016
1200 1.51325201988 31.761459 96.890841 -1.3338862 34.3991521861 80.1946176568 1.70654342183 16.903292557 174.203785237 0 0.02
1203 1.50588297844 32.148779 94.808879 -1.340085 21.3853788209 126.563868198 -2.37340520303 33.5295410403 -59.2048865193 0 0.01
1206 1.49414777756 32.63242 92.742465 -1.3409888 21.4390817534 126.618807072 -2.55719241649 35.6776873313 -69.6833342532 0 0.012
1209 1.504352808 33.223163 90.635151 -1.3443959 37.6771478552 93.1613942938 0.853748698693 5.12053574051 125.944408265 0 0.006
1212 1.51225209236 33.480467 88.544154 -1.3400822 86.0503850549 70.5394396693 -0.446655689974 55.5676706586 51.1895683296 0 0.004
1215 1.52108001709 33.996344 86.523674 -1.3537744 96.3274064423 101.133127433 2.9032547589 64.0202895556 -116.090195931 0 0.01
1218 1.50839281082 34.391099 84.502242 -1.3500462 95.7902639557 107.541464707 -2.90588302815 65.5794422071 -89.1428838638 0 0.004
1221 1.51385116577 34.871654 82.311763 -1.3462417 57.7747013152 111.17087925 -1.49904356021 36.8428848908 -8.75490169172 0 0.016
1224 1.50683712959 35.319079 80.358924 -1.358939 55.9070983974 105.435842027 0.661890644135 32.4456215912 115.785009724 0 0.006
1227 1.51089096069 35.776446 78.250756 -1.3606991 82.5250743444 38.490383742 2.7134981117 61.3703629954 -126.565694866 0 0.006
1230 1.50195002556 36.167733 76.160289 -1.3496683 86.8683501337 78.9917638168 -1.00210520499 50.7796201973 19.9138984586 0 0.008
1233 1.50570392609 36.593873 74.026216 -1.3452321 23.7977679228 103.908584867 2.60114030588 32.5068650324 -133.889516756 0 0.004
1236 1.50261712074 37.096668 72.068535 -1.358637 133.377603183 49.8538239476 0.678172443686 98.8104845994 116.700584796 0 0.008
1239 1.50320291519 37.456761 70.030489 -1.3570922 39.5582403405 79.3707570017 1.2635148504 9.57375693038 150.14972375 0 0.008
1242 1.49158716202 37.942935 67.912468 -1.3598503 36.044252711 70.472256113 1.06049192532 3.18708481499 138.675394488 0 0.008
1245 1.50961208344 38.381728 65.750541 -1.3597279 36.5979619888 66.8132023648 -1.35742726623 2.07631172015 0.131816605046 0 0.014
1248 1.49989700317 38.78715 63.709446 -1.3638712 41.6635329089 97.6914097401 2.04391813615 34.1034813219 -164.748053569 0 0.018
1251 1.55196285248 39.284372 61.704874 -1.358189 36.799457142 60.0124812587 -1.25166910675 3.00649214904 6.1031403174 0 0.012
1254 1.50582003593 39.616785 59.610797 -1.3616912 38.1243857247 58.5822936976 -1.36141609071 1.81247748673 0.0157626013112 0 0.022
1257 1.50892901421 40.0981 57.483375 -1.3627524 37.7629998686 106.298293964 2.01321678083 48.8707377278 -166.571214172 0 0.012
1260 1.49244189262 40.478176 55.366289 -1.371191 34.7217248728 108.206056943 2.05947795206 53.1524016944 -163.43714814 0 0.01
1263 1.51563692093 40.927924 53.368372 -1.3697355 141.945925781 37.03434149 -2.06177124611 102.330040733 -39.6507275245 0 0.006
1266 1.49163508415 41.311773 51.24524 -1.3687118 41.9972100752 51.6214806441 -1.26460821159 0.78190856647 5.96469624793 0 0.012
1269 1.51265192032 41.752813 49.127024 -1.3690442 42.2555832275 50.1945627997 -1.37938344959 1.18000719937 -0.592395364636 0 0.022
1272 1.50149106979 42.124468 46.999249 -1.3746445 40.2895406721 47.8106558623 -1.27681841877 2.00632484778 5.60502158072 0 0.03
1275 1.4906167984 42.489069 45.000812 -1.3756167 41.5309972421 46.4396450448 -1.10090770033 1.72862431547 15.7396662753 0 0.028
1278 1.49163484573 42.919623 42.847052 -1.3693623 42.4054589811 43.2820842651 -1.40591718945 0.673511477242 -2.09444088628 0 0.036
1281 1.48949790001 43.26925 40.76156 -1.3849404 43.1330612853 42.3761036584 -1.30901910611 1.62027731911 4.34996971502 0 0.038
1284 1.48747396469 43.723057 38.666685 -1.382086 43.17434184 39.2959133347 -1.27845086339 0.834875214658 5.93785593714 0 0.032
1287 1.49171805382 44.069109 36.638541 -1.3748634 45.0017719452 38.3202014738 -1.31301764591 1.92297740973 3.54350069023 0 0.046
1290 1.4875190258 44.48264 34.512889 -1.372972 42.8776423731 33.756870033 -1.3729832872 1.77414262696 -0.000646709178071 0 0.02
1293 1.50108885765 44.660959 33.544964 -1.3339999 42.1475334066 34.239433808 -1.23488395177 2.6076035987 5.67892551626 0 0.052
1296 1.49703812599 44.654294 33.324157 -1.2074321 43.7947275388 33.3152002078 -1.21704440403 0.859613125384 -0.550744452193 0 0.056
1299 1.51125907898 44.699557 33.107025 -1.0711259 44.7204422577 31.9252752107 -0.727326125166 1.18193432921 19.6982760955 0 0.048
1302 1.51135087013 44.829945 32.953901 -0.95914547 44.039315266 32.9681621412 -0.976066219441 0.790758342658 -0.969487529159 0 0.05
1305 1.51181197166 44.914184 32.826307 -0.82117543 44.0524251129 35.3727892091 -0.682311447725 2.68834521982 7.95632011074 0 0.04
1308 1.5029489994 44.932468 32.690373 -0.70238554 41.6141851193 32.317689026 -0.670290728615 3.33914579209 1.83889723662 0 0.044
1311 1.50004911423 45.019913 32.619075 -0.56167342 43.5413373955 32.3099429008 -0.507847444692 1.51054575331 3.0840012133 0 0.022
1314 1.5140068531 45.164806 32.47066 -0.44585332 44.1053928874 32.211923412 -0.504933802469 1.0905506706 -3.38506229709 0 0.046
1317 1.52009415627 45.307079 32.373178 -0.30795343 35.327923075 97.7021412565 -1.83321592437 66.086738406 -87.3911035771 0 0.014
1320 1.50865793228 45.468859 32.25314 -0.19105128 41.9136929644 30.0331341987 -0.187612836766 4.19137582406 0.197008285383 0 0.028
1323 1.51407694817 46.833289 32.057508 -0.10389315 40.488477954 31.6814128339 0.143529714395 6.35594798468 14.1762858849 0 0.022
1326 1.50450396538 48.863767 31.868312 -0.084237935 47.7782989969 35.2164350596 -0.117151114676 3.51968305502 -1.88578628582 0 0.044
1329 1.51014304161 51.033972 31.691587 -0.08198003 47.7609154084 33.2444684013 -0.0358967883458 3.62275311034 2.64037525307 0 0.022
1332 1.51299309731 53.111195 31.42619 -0.084122232 51.8655244379 32.2943064962 0.281396032143 1.51832848886 20.9426538703 0 0.036
1335 1.52171707153 55.206155 31.249451 -0.082409142 55.1718909267 34.682879315 -0.108776624748 3.43359928074 -1.51074547784 0 0.022
1338 1.50798010826 57.287235 31.07162 -0.080297126 58.6935852914 32.0743601949 0.147352208424 1.72722582215 13.0433460715 0 0.028
1341 1.51179218292 59.516372 30.847745 -0.092608556 59.3479866827 34.1352942004 -0.00779415150896 3.2918586483 4.85950741925 0 0.056
1344 1.49672579765 61.567611 30.670937 -0.091677002 60.61690973 34.4726372127 -0.17155334217 3.91876988502 -4.57657717471 0 0.052
1347 1.5082681179 63.68279 30.502969 -0.089332225 64.0726465919 32.8313174731 -0.0764889843933 2.36076148192 0.735863482034 0 0.042
1350 1.5073890686 65.773678 30.270465 -0.081918863 65.8952569122 32.1364904819 -0.053625956944 1.86998196007 1.62106410717 0 0.066
1353 1.51876997948 67.870787 30.052005 -0.080757136 66.7986094178 32.247656852 -0.113890574906 2.44345080228 -1.89840621005 0 0.072
1356 1.49255299568 69.978421 29.855203 -0.080851998 66.4889703668 30.1500153394 -0.186724937844 3.5018823562 -6.06607261769 0 0.09
1359 1.49388504028 72.04312 29.748383 -0.089661546 68.0888786612 30.4436611285 -0.103847311912 4.01490177229 -0.812784515894 0 0.068
1362 1.4992609024 74.192216 29.503442 -0.097083695 72.9143727518 30.3629938981 -0.0228542877318 1.54003663345 4.25303175222 0 0.082
1365 1.4940161705 76.337484 29.313327 -0.092202589 74.4363521914 30.4143151089 -0.0367274324529 2.19692443416 3.17849233798 0 0.096
1368 1.50345802307 78.469083 29.072242 -0.088851811 77.5124576445 30.131734039 -0.0329087729468 1.42746469356 3.20529997359 0 0.114
1371 1.49743413925 80.508884 28.860474 -0.08148585 78.9982052119 29.5481716138 -0.0571989128107 1.65984288679 1.39153899825 0 0.106
1374 1.49362611771 82.648681 28.706332 -0.092016755 79.8763985256 32.1099530721 -0.124139668275 4.38978205842 -1.8405073563 0 0.07
1377 1.49565005302 84.803463 28.469695 -0.089914919 83.4304926776 30.0259775607 -0.0804224689817 2.07534645659 0.54387732329 0 0.126
1380 1.50850820541 86.909059 28.274418 -0.095059786 84.4813188561 30.9961517799 -0.0762789220592 3.64715738276 1.07606423942 0 0.158
1383 1.50882101059 88.999768 28.069648 -0.093100738 87.389487509 29.5438445661 -0.0614600049553 2.18317630422 1.81288046416 0 0.126
1386 1.50133991241 91.148907 27.8824 -0.087682683 89.859772698 30.9861421734 -0.0844764616832 3.36081578308 0.183702949639 0 0.148
1389 1.49571204185 93.191686 27.680334 -0.085944106 91.3511153277 30.2182121939 -0.025576583157 3.13504802626 3.45880427856 0 0.11
1392 1.49249410629 94.597595 27.536443 -0.026113958 93.4916189035 30.6310327013 -0.0445335316304 3.28628491547 -1.05536382945 0 0.166
1395 1.4907181263 66.734672 23.138609 0.64678418 92.882126364 30.7138037382 0.0088767926268 27.2226549962 -36.5494010167 0 0.11
1398 1.50126314163 41.954155 8.6979942 1.5862633 98.3396425078 31.805652451 0.0593937946555 60.9367464781 -87.4831785235 0 0.162
1401 1.50285196304 40.498777 7.6026468 1.6671323 98.108326425 31.2177707103 -0.00152550967597 62.2618202613 -95.607049946 0 0.108
1404 1.49755787849 40.36551 9.5759073 1.6613912 99.7872915903 30.1284539309 0.0655534759522 62.8757131202 -91.4347663757 0 0.188
1407 1.49528098106 40.15753 11.693798 1.6450717 101.503419633 29.7375307223 0.0267885107957 63.9444639151 -92.7207967984 0 0.178
1410 1.51753592491 40.017928 13.779826 1.6578436 102.287120485 30.4548079239 -0.0250785196138 64.4632248256 -96.4243347031 0 0.138
1413 1.51386618614 39.937066 15.922073 1.6651068 104.297028926 30.0080924233 0.0860160498128 65.8833876715 -90.4752354539 0 0.072
1416 1.52005791664 39.75755 17.953862 1.6630734 104.524128427 29.241139053 -0.000613027907807 65.7427737813 -95.3222107523 0 0.06
1419 1.50794696808 39.645384 20.177858 1.663423 106.788647977 29.3961309479 -0.0620655300008 67.7731101072 -98.8632103673 0 0.062
1422 1.49918103218 39.526919 22.292671 1.6684735 112.436446715 31.6410244217 0.136423113903 73.5064006964 -87.7800211248 0 0.052
1425 1.49641513824 39.303781 24.413998 1.6572417 112.357831892 33.8553184368 0.0911724703237 73.6616106488 -89.7291572858 0 0.052
1428 1.48959898949 39.21094 26.55624 1.6661167 116.389479262 31.3072217806 0.0515320518782 77.3246322366 -92.508886004 0 0.03
1431 1.49177908897 39.049874 28.673026 1.6660737 115.960679504 33.2860005559 0.389976720637 77.0490203543 -73.1149711669 0 0.032
1434 1.49971485138 38.816051 30.701859 1.6598041 118.910335737 35.0654302421 0.205894254452 80.21306129 -83.3028979424 0 0.034
1437 1.49794411659 38.695572 32.853799 1.6647394 122.855169433 35.8372067869 0.12670214668 84.2124608483 -88.1230433491 0 0.056
1440 1.50626015663 38.58982 35.008607 1.6723781 124.174990053 33.3277320653 0.198075777886 85.6016744784 -84.4713007835 0 0.038
1443 1.50078201294 38.393816 37.160762 1.6689022 127.150833997 34.7941766101 0.0978581590618 88.7885632847 -90.0141929749 0 0.05
1446 1.52553582191 38.314928 39.264936 1.6781402 130.288520655 35.7344556954 0.170212822952 92.0413278749 -86.3978745171 0 0.022
1449 1.49516320229 38.042909 41.445131 1.6601298 131.859492543 27.983012929 0.0863070896609 94.7775288276 -90.1733990043 0 0.024
1452 1.49902796745 37.893052 43.482766 1.6655679 136.454048538 27.977867259 -0.162333091691 99.7731022044 -104.731012192 0 0.016
1455 1.48381900787 37.737395 45.529248 1.6663309 137.671645226 25.1911201651 -0.0428772086556 101.982811356 -97.9304109355 0 0.034
1458 1.4985640049 37.667375 47.706088 1.6735516 142.224038295 24.0022079431 -0.139715580817 107.209933164 -103.89255659 0 0.022
1461 1.49893188477 37.411337 49.793915 1.6717816 141.950267518 24.9861786544 -0.0929927101523 107.442132222 -101.114119765 0 0.024
1464 1.50496506691 37.208006 51.943854 1.66906 92.3988171022 140.725530356 1.68540694982 104.538087254 0.936611232873 0 0.006
1467 1.5092279911 37.03196 53.963531 1.6741645 114.35132514 106.638033059 2.48718812897 93.5568671602 46.5828225841 0 0.006
1470 1.50105309486 36.983983 56.143126 1.6856298 74.2290891871 73.2085581792 -1.20861932897 40.9686088408 -165.828259949 0 0.006
1473 1.4936311245 36.720012 58.206076 1.6746777 78.7530188586 60.1257688868 0.483700577507 42.0768212482 -68.2379626155 0 0.006
1476 1.51115918159 36.536888 60.398002 1.6787317 15.7155131404 139.891167206 0.19906101204 82.174770858 -84.7788854894 0 0.004
1479 1.49961400032 36.401835 62.417273 1.6766351 102.510928766 136.814228517 -2.64284298622 99.5254704521 112.51213596 0 0.008
1482 1.49311614037 36.239068 64.615141 1.6886647 33.6711950912 106.4918071 -0.887611324858 41.9553230821 -147.609743085 0 0.004
1485 1.50902581215 35.99676 66.655908 1.678851 111.058401782 81.1287492964 -0.762276507103 76.4441835733 -139.86630341 0 0.004
1488 1.50294780731 35.830181 68.859683 1.6854848 17.6094917399 117.354876582 -1.51257618494 51.8051862041 176.764602937 0 0.004
1491 1.49425816536 35.575227 70.898859 1.683738 125.385342013 123.565472522 -2.38979004902 104.11353869 126.604035063 0 0.004
1494 1.51406502724 35.463169 73.006353 1.6935188 74.0529075085 33.6248533341 -1.97800305653 55.1368337329 149.637293231 0 0.006
1497 1.5126850605 35.205801 75.07321 1.6913976 28.9303354192 92.2598877206 0.502996358497 18.2965395451 -68.0903755062 0 0.014
1500 1.498306036 34.978045 77.287591 1.6912075 32.364382139 93.4602034 0.368484611551 16.3824486995 -75.7864389735 0 0.006
1503 1.50829100609 34.814043 79.320098 1.7000185 58.3696899565 104.753453325 2.96965066309 34.6658919777 72.7445644789 0 0.016
1506 1.50614714622 34.580736 81.372215 1.6970036 62.6928464472 101.829443767 0.103364160007 34.7676424654 -91.3088139772 0 0.014
1509 1.51131892204 34.345965 83.441951 1.6955247 119.697779674 67.5576207785 2.10054439273 86.8173036598 23.2059190132 0 0.008
1512 1.49432396889 34.142398 85.698773 1.7034669 29.6450635818 87.0936681416 -0.370071505217 4.70868870545 -118.804999277 0 0.012
1515 1.50322914124 33.910208 87.748137 1.7016389 51.3408424918 117.712526492 1.74704969382 34.6654245094 2.60184683016 0 0.004
1518 1.50444793701 33.670818 89.737713 1.6967853 35.6902160644 29.1241347928 1.29843542391 60.6472079458 -22.8237666695 0 0.004
1521 1.51087808609 33.472926 91.900649 1.7056804 29.6816002424 93.9834418763 1.73086582403 4.32575740954 1.44301850244 0 0.014
1524 1.49677991867 33.217902 94.036516 1.7078464 28.5384142668 93.5570305804 1.61880410607 4.70398891505 -5.10174764035 0 0.028
1527 1.50403094292 33.034075 96.178482 1.7177188 32.0404180257 94.8917630033 1.72627375285 1.62573059242 0.490162692295 0 0.006
1530 1.49327683449 32.713254 98.174723 1.7080491 28.8704776462 98.6672066388 1.61958466716 3.87420575599 -5.06863863884 0 0.014
1533 1.50120210648 32.45653 100.24821 1.7068362 25.61689688 99.4588156834 1.82533846221 6.8850362819 6.78967948716 0 0.018
1536 1.49335813522 32.217075 102.39435 1.7082962 27.0163154417 103.229004829 1.64454663012 5.26730943342 -3.65258129965 0 0.028
1539 1.50236320496 31.955228 104.48204 1.7110577 85.5112866073 93.4647533223 -0.392021101678 54.6775275528 -120.49753932 0 0.018
1542 1.49854183197 31.741377 106.6002 1.7198575 28.0168219979 105.444506706 1.68347513056 3.8997354979 -2.08455621736 0 0.022
1545 1.49786496162 31.439656 108.68741 1.7105287 26.2497936525 109.274837 1.63219891764 5.22300121259 -4.48796593938 0 0.024
1548 1.47961592674 31.216018 110.75498 1.7177022 26.8716506386 110.50084726 1.88611094567 4.35179402322 9.64911035978 0 0.03
1551 1.50978398323 30.916985 112.90957 1.719675 26.5637726083 113.645179911 1.7299522204 4.41492696067 0.588841353973 0 0.054
1554 1.50978899002 30.668641 114.94646 1.716506 24.644954703 114.566210819 1.58865831013 6.03567610497 -7.32513305026 0 0.044
1557 1.49273395538 30.419865 117.12266 1.716223 26.9340550726 114.317074394 1.6045370692 4.47461522859 -6.3991324657 0 0.034
1560 1.49217295647 30.132888 119.21343 1.725557 28.668096826 116.181627001 1.7568040628 3.36711190911 1.79032482034 0 0.016
1563 1.4959089756 29.88258 121.34383 1.72867 26.3159525812 120.005125215 1.70279051523 3.80958812015 -1.48278525324 0 0.018
1566 1.4968559742 29.981486 120.5055 1.7055843 29.3741441313 120.618531337 1.70828932791 0.617770368764 0.15498668251 0 0.028
1569 1.48906517029 30.170653 118.4575 1.6900862 25.2875065829 118.459751998 1.70226281647 4.88314693634 0.697668732476 0 0.01
1572 1.49433612823 30.502618 115.6086 1.6745202 29.1793433323 114.963371292 1.66088313283 1.47220105007 -0.781346393827 0 0.042
1575 1.50802302361 30.699806 113.48782 1.6738205 24.7877701646 110.695541684 1.57971037496 6.53827086563 -5.3921129742 0 0.03
1578 1.48929595947 30.8492 111.36091 1.6697397 101.724689688 107.431364033 1.09449465602 70.9843389067 -32.9591132058 0 0.008
1581 1.48406910896 30.973164 109.37107 1.6787837 122.490809435 102.530491585 1.8706990716 91.7729423033 10.9959408163 0 0.008
1584 1.49459195137 31.204408 107.09871 1.665475 24.1046815527 107.96027293 1.57785895071 7.15181140047 -5.0200298421 0 0.014
1587 1.49309277534 31.322843 104.96751 1.6587885 25.0245161186 104.846470321 1.6613112904 6.29948982921 0.144545242456 0 0.022
1590 1.48681092262 31.457099 102.91722 1.6541397 27.960639939 103.592826455 1.69605121687 3.5611332532 2.40135302962 0 0.03
1593 1.49130010605 31.546684 101.34427 1.631357 29.039250376 101.982510629 1.72710377072 2.5873875782 5.48588586432 0 0.014
1596 1.49328994751 31.536552 101.09899 1.5279681 29.7408353547 103.029082615 1.69295629667 2.63625791125 9.45312733882 0 0.016
1599 1.50223708153 31.522716 100.84711 1.3818466 100.203019023 112.923706297 0.715636680935 69.7339816836 -38.1710166322 0 0.01
1602 1.50167798996 31.33472 100.81397 1.2437751 88.077986463 92.3150154643 -0.224020575851 57.3762190902 -84.0984974138 0 0.008
1605 1.50991392136 31.335612 100.76499 1.1262837 26.8653558978 102.434903199 1.20209278664 4.77198069039 4.34354071321 0 0.016
1608 1.51380109787 30.238332 99.003137 0.9296569 123.414818793 88.254265568 1.11298522396 93.7944344196 10.5039392283 0 0.01
1611 1.49750614166 28.772289 97.32743 0.78863198 133.474270455 107.271452862 2.56349926762 105.173135882 101.692404776 0 0.016
1614 1.52860999107 27.005154 95.945316 0.6582802 24.4350583022 99.9310702624 0.765381497121 4.74253402054 6.13645230542 0 0.012
1617 1.49890780449 26.209553 95.323497 0.64585939 24.9879785353 94.5621158843 0.674876168062 1.43942536319 1.66253891804 0 0.01
1620 1.49144005775 26.225548 95.299359 0.74214735 135.479384919 102.865143214 2.37777548117 109.515487362 93.7145887688 0 0.03
1623 1.50474309921 26.287241 95.304851 0.87876564 137.707981664 102.219154519 2.68854304495 111.635070848 103.692607162 0 0.02
1626 1.49249696732 26.503119 95.525486 1.0159202 24.1455985845 93.3512559823 0.944869667356 3.20705139954 -4.07089565264 0 0.02
1629 1.49356508255 26.584147 95.637624 1.1414331 21.8197379561 93.9165740386 1.37382484909 5.06572862553 13.3150664164 0 0.018
1632 1.49400210381 26.62792 95.717086 1.2595284 135.362442942 103.739445934 3.09206664286 109.030063461 104.996707112 0 0.016
1635 1.52067995071 26.756174 95.797181 1.3910555 133.390453023 101.295694136 3.11501833812 106.775948179 98.7757946618 0 0.016
1638 1.49002313614 26.381693 93.77201 1.3952992 136.468623437 102.455479758 -3.02333712485 110.428868055 106.830787383 0 0.01
1641 1.50867509842 26.011804 91.856332 1.39866 21.9353137971 92.1947442734 1.27376541917 4.09051283349 -7.15593236559 0 0.014
1644 1.51162695885 25.609249 89.727224 1.3968171 112.946422129 45.4301325521 -1.37843601558 97.9286174766 -159.010290603 0 0.006
1647 1.50495004654 25.2462 87.568251 1.3940659 24.1106731351 86.5175365415 1.58940653107 1.54706888479 11.1921937275 0 0.02
1650 1.49827003479 24.820481 85.505592 1.4017015 19.366690497 85.917850135 1.40196071035 5.46934983523 0.0148516592639 0 0.018
1653 1.50197410583 24.493958 83.448062 1.398475 17.9507966256 84.2072647329 1.2060906829 6.58705924981 -11.0228094141 0 0.012
1656 1.49837017059 24.080092 81.345956 1.3962744 20.1663332799 79.9593794515 1.58862097377 4.15212016251 11.0206468811 0 0.014
1659 1.50460290909 23.622432 79.208855 1.3888608 19.9350499939 77.6472794659 1.52518999794 4.0044105943 7.81108766642 0 0.016
1662 1.52245807648 23.236261 77.182266 1.3737053 21.5595782165 78.1004438758 1.49610067674 1.91162647186 7.01273851922 0 0.02
1665 1.52063679695 22.741503 75.111069 1.3685019 20.4853182298 74.918539256 1.48242325874 2.26438455647 6.52721305217 0 0.018
1668 1.5207760334 22.23837 73.007777 1.3690406 21.0098504834 71.7892816882 1.53127908693 1.73031529713 9.29558057565 0 0.034
1671 1.49784207344 21.796618 70.8705 1.3677106 14.6148348517 70.1032552378 1.36715738091 7.22265004785 -0.0316971190991 0 0.02
1674 1.49830293655 21.306705 68.900927 1.3588762 20.3242982665 70.4032664602 1.50524354586 1.79503393943 8.38623117605 0 0.032
1677 1.49415588379 20.800373 66.796896 1.3509317 20.6340202547 67.1374151302 1.56686149372 0.378980888582 12.3718658511 0 0.05
1680 1.49125599861 20.180988 64.758154 1.3339286 20.4327049439 65.5531926392 1.42200144909 0.8339351639 5.04620254235 0 0.044
1683 1.49388194084 19.716632 62.635567 1.3210663 18.9573910204 63.2069714799 1.6091315314 0.950236783493 16.5049219838 0 0.012
1686 1.49041795731 19.127208 60.642471 1.320188 15.3197835108 61.6764425198 1.42719404527 3.94532360454 6.1309947762 0 0.02
1689 1.48616909981 18.573484 58.538556 1.3117791 19.278786068 58.0304846052 1.81461515149 0.869245390698 28.8103835373 0 0.03
1692 1.49966812134 18.03732 56.562177 1.3046299 16.8081334029 55.6623349515 1.53061434563 1.52335662357 12.9479549699 0 0.02
1695 1.49948406219 17.470308 54.449011 1.30616 16.5205552753 54.7458097402 1.42168155338 0.995047602009 6.61889745152 0 0.028
1698 1.49678087234 16.865167 52.414515 1.2995721 14.3388790941 51.1858444578 1.48533752127 2.80922798733 10.643574618 0 0.024
1701 1.49337291718 16.322269 50.452679 1.2871313 86.802418014 44.1788463402 1.843110955 70.7588325319 31.8552877267 0 0.01
1704 1.50197982788 15.679585 48.421133 1.2791916 13.8950813147 48.7118209597 1.33129388109 1.80802458305 2.98524080939 0 0.022
1707 1.50716900826 15.049517 46.343459 1.2810584 16.7733893431 46.217102355 1.62812758602 1.7284969936 19.8855995578 0 0.012
1710 1.50642299652 14.370513 44.264129 1.2685694 89.0302024661 39.5941797766 -0.727514633189 74.8055991015 -114.367190655 0 0.006
1713 1.51291394234 13.728985 42.398373 1.2622613 13.3228398661 43.471669066 1.34610289575 1.14757061445 4.8037695841 0 0.024
1716 1.50663781166 13.116178 40.310007 1.2578142 16.7814121265 39.2226360948 1.46489113582 3.82312917484 11.8646344567 0 0.028
1719 1.51877713203 12.482531 38.460523 1.239848 13.1633303929 38.9448735693 1.60953467187 0.835513786429 21.1814860401 0 0.036
1722 1.51468205452 12.331027 38.238303 1.1567887 14.2487686479 38.1898766007 1.35089636116 1.91835297696 11.1215497557 0 0.034
1725 1.52302789688 12.263795 38.100898 1.043782 39.1587993445 56.2692690151 -1.26418041749 32.4566012397 -132.236505797 0 0.004
1728 1.51926398277 12.231882 38.075858 0.90529637 17.9623780731 37.1654843243 1.30152656235 5.80235861299 22.7023177371 0 0.01
1731 1.51345300674 12.170047 37.918491 0.7605547 30.0445396206 58.4243524815 2.20297149959 27.2027175396 82.6443949155 0 0.004
1734 1.5121011734 11.9457 37.868652 0.60051086 17.6909072147 38.592355326 0.679851322615 5.79060898727 4.54587365245 0 0.008
1737 1.50560903549 11.861848 37.85602 0.47073445 41.4639906176 44.8025162611 1.25439763135 30.4062601754 44.9005928513 0 0.006
1740 1.49674987793 11.68598 37.868337 0.32347919 66.9750598025 109.74732101 -2.1383132436 90.6833539727 -141.050316483 0 0.008
1743 1.49610304832 11.634663 37.834152 0.18688423 15.3980917241 33.8488251272 0.6838666662 5.48144379196 28.4749960864 0 0.014
1746 1.50235819817 11.546787 37.799316 0.059161186 12.7237222843 37.7593973442 0.159550599035 1.1776120594 5.75188967469 0 0.016
1749 1.50135707855 11.461332 37.784444 -0.088384018 14.1951251846 37.6002455726 -0.0167700945864 2.73999164903 4.10317556597 0 0.03
1752 1.50698709488 11.353119 37.809133 -0.22428348 15.3451196662 34.7016349933 0.650516782522 5.05891422936 50.1223629594 0 0.016
1755 1.51331400871 11.259101 37.929753 -0.36642208 15.5458874581 39.5969003018 -0.273942629814 4.59955631157 5.29868218737 0 0.032
1758 1.51651215553 11.22919 38.083377 -0.50941267 9.49215666122 37.0717239936 -0.194148490247 2.01015587091 18.0633069315 0 0.028
1761 1.50870990753 11.185129 38.110347 -0.64618684 15.5631194726 38.5937257385 -0.336403190527 4.40459482619 17.749295677 0 0.032
1764 1.50881505013 11.588805 37.741111 -0.76036767 13.2192450613 38.0990454201 -0.736895521316 1.66926685777 1.34485505572 0 0.018
1767 1.52008104324 13.063467 36.224873 -0.77289998 13.9111118478 34.2121351798 -0.417567198412 2.18394489873 20.3590687076 0 0.024
1770 1.50939297676 14.493375 34.807156 -0.77803694 18.5191157455 33.2129696968 -0.620601880853 4.32989821119 9.02036443654 0 0.018
1773 1.50096917152 15.892318 33.28564 -0.77023756 16.3108709219 34.2070864905 -0.581416118037 1.01205246071 10.818671706 0 0.024
1776 1.51014685631 17.405154 31.857105 -0.77891679 18.4264628605 32.3258221328 -0.623851446043 1.12372929978 8.88458975745 0 0.018
1779 1.55785012245 19.008966 30.381332 -0.78385491 20.2048535326 31.5829463892 -0.645305182971 1.69529470332 7.93831461143 0 0.026
1782 1.56073594093 20.517371 28.856906 -0.78454873 19.9324161427 29.4108168055 -0.64947611541 0.805598762111 7.73909074382 0 0.024
1785 1.55456900597 22.037399 27.308602 -0.78653789 22.1080062441 26.515474227 -0.71405264639 0.796264432994 4.15309853584 0 0.024
1788 1.55172896385 23.470866 25.802264 -0.78746834 25.3549400281 26.3176883578 -0.668759265285 1.95330417807 6.80152897109 0 0.018
1791 1.52167606354 25.030138 24.239515 -0.79252133 26.0788200947 24.3768122075 -0.796209452039 1.05763162726 -0.211313827171 0 0.022
1794 1.53984713554 26.508975 22.80392 -0.79210599 25.0116701671 23.5152395229 -0.726255286194 1.65767826382 3.77296740606 0 0.024
1797 1.51928901672 27.961008 21.312251 -0.79564812 26.219329098 21.1009771288 -0.755153155481 1.75444636466 2.32019055844 0 0.024
1800 1.506057024 29.36401 19.750057 -0.78815021 28.5551933262 22.2713529808 -0.690086285184 2.64785155073 5.61864901445 0 0.038
1803 1.49859189987 31.016391 18.179875 -0.79578372 30.4977840402 17.7198518158 -0.79476990894 0.693234814992 0.0580870949855 0 0.036
1806 1.50210285187 32.405165 16.663972 -0.79079715 33.730136436 19.6061798633 -0.50011015518 3.22678422225 16.6551379625 0 0.048
1809 1.50024700165 33.875627 15.226881 -0.79213801 33.5607567848 15.6723913754 -0.906405652244 0.545548116115 -6.54705363547 0 0.064
1812 1.50955581665 34.400964 14.714584 -0.72873329 32.1130425874 13.6146926203 -0.827662494023 2.53857153484 -5.66822586109 0 0.044
1815 1.51422214508 34.541831 14.529671 -0.59347242 33.0153974977 14.1655217159 -0.717404146231 1.5692685997 -7.10076486082 0 0.044
1818 1.49760389328 34.648846 14.435796 -0.47955783 35.1238723825 16.0988633871 -0.588067891851 1.7295789078 -6.21716857878 0 0.048
1821 1.5225520134 34.668797 14.324629 -0.34405458 33.1921016111 14.1049224801 -0.255869511639 1.49295017553 5.05263223316 0 0.028
1824 1.50744605064 34.864126 14.20779 -0.22615765 34.509108878 14.2025850512 -0.172868842759 0.355055275093 3.05322375021 0 0.03
1827 1.50554299355 35.017605 14.088235 -0.094353638 35.3720847671 15.6954923271 -0.0354170967988 1.6458833558 3.37681506993 0 0.02
1830 1.49372887611 36.599142 14.0692 -0.022879679 36.7411232062 13.3928338338 0.0581927308854 0.69110770052 4.64510692139 0 0.036
1833 1.50282287598 38.63985 14.009333 -0.014813302 37.9195125619 15.633653357 0.0203665365588 1.77688003162 2.01565627337 0 0.056
1836 1.51992702484 40.768535 13.925491 -0.0089087199 41.7210477587 12.7865836264 -0.191916414031 1.48471901758 -10.4855684921 0 0.044
1839 1.50255608559 42.905865 13.952369 -0.011506708 42.6105356603 15.8797253816 -0.179251850669 1.94985179968 -9.61108870877 0 0.048
1842 1.5071349144 45.04117 13.838962 -0.010052037 45.6346184544 15.1496146693 -0.0066145006464 1.43874649869 0.196956324984 0 0.066
1845 1.51413989067 47.095509 13.764363 -0.008210261 46.9400023156 13.5652233648 -0.0250606201883 0.252663656277 -0.96545446477 0 0.036
1848 1.51240086555 49.256947 13.750747 -0.012245698 50.0767922415 15.6894165966 -0.0433105500056 2.10489572778 -1.77988491112 0 0.052
1851 1.51487398148 51.347189 13.680192 -0.017629817 49.8654698426 15.1217368109 0.0496248927828 2.06725496812 3.85341102293 0 0.066
1854 1.49966216087 53.510554 13.649042 -0.0075411209 55.815477133 17.7016667469 -0.0445444979205 4.66223529953 -2.12013733101 0 0.04
1857 1.49997210503 55.608657 13.581194 -0.0077936973 56.8371731491 17.4963738272 0.140355086196 4.10339920163 8.48830003433 0 0.078
1860 1.52287793159 57.666716 13.591636 -0.01411162 56.9300587005 17.1025854094 -0.0912224218953 3.58739874175 -4.41812350347 0 0.074
1863 1.50932502747 59.905766 13.533857 -0.012519778 60.3407918548 15.5484053695 0.00794973466231 2.06098341269 1.17281668424 0 0.122
1866 1.50581693649 62.027534 13.447994 -0.021676244 60.1131452917 14.6755634679 -0.0133538112722 2.27416158725 0.476840270584 0 0.134
1869 1.51227903366 64.181261 13.371995 -0.025327169 63.3436087864 14.1833533743 0.0320889834435 1.16617479066 3.28970321089 0 0.146
1872 1.50183701515 66.241252 13.310079 -0.024907545 65.4511805234 14.8235429416 0.0373738728875 1.70727444793 3.56846238704 0 0.168
1875 1.51469397545 68.444119 13.24669 -0.026304862 65.6436679199 14.9199737729 0.0293342307389 3.2622698902 3.18788518988 0 0.146
1878 1.51665091515 70.49734 13.123327 -0.017605166 70.2048117685 14.7828966825 0.0135691107929 1.68515408711 1.78615448961 0 0.206
1881 1.51919293404 72.634932 13.039101 -0.019360635 71.9899796224 15.5996851276 -0.0281713517541 2.64055953231 -0.504816884494 0 0.232
1884 1.52007985115 74.720419 12.994859 -0.019347658 74.0561495421 15.9983619117 0.0293283986073 3.07608251728 2.78893260694 0 0.222
1887 1.52006697655 76.914825 12.90632 -0.036038761 76.9633938254 15.6330672613 0.0236953856783 2.72717978101 3.42251449748 0 0.266
1890 1.51571989059 79.004774 12.78569 -0.032634565 77.3533387059 15.0628646348 0.0545380018726 2.81296335696 4.99462017112 0 0.308
1893 1.52443599701 81.177999 12.691712 -0.029848436 81.3434546023 14.2271680259 -0.0240580692227 1.54434476848 0.331763578171 0 0.32
1896 1.5169968605 83.222919 12.597068 -0.02122413 81.5516266176 14.4611104145 -0.0146318781244 2.50357191839 0.377708209957 0 0.264
1899 1.53174495697 85.390174 12.538762 -0.021700441 83.4297662965 13.9857431495 -0.0344746205038 2.43658630275 -0.731906572309 0 0.334
1902 1.51989603043 87.449986 12.512039 -0.030894579 86.833231899 15.5296039128 -0.029570155605 3.07994863986 0.0758838708218 0 0.302
1905 1.53041291237 89.572355 12.414566 -0.034322832 87.4669279605 15.3439010192 -0.00571564983244 3.60746818052 1.63907080196 0 0.24
1908 1.50331687927 91.713838 12.339838 -0.030338307 90.6478294692 13.9684635649 0.0555837247622 1.9464828328 4.92296978716 0 0.2
1911 1.51450395584 93.866625 12.234111 -0.027880568 92.4135139139 15.7034662313 -0.0493255660829 3.76137708154 -1.22870788182 0 0.276
1914 1.49975585938 96.027017 12.118277 -0.016096141 95.7249919424 14.5310778662 0.00201492920688 2.43163055487 1.03768788532 0 0.24
1917 1.51160502434 98.003729 12.063433 -0.023465033 97.2797789908 15.1166642827 -0.0300424379196 3.13788541556 -0.376857542042 0 0.278
1920 1.51097488403 100.1865 11.996018 -0.023536261 98.4772351325 14.4040687587 0.0211151718663 2.95301453496 2.55833865245 0 0.264
1923 1.51766300201 102.26857 11.921444 -0.023061579 101.309293596 15.4491504976 0.0118263013185 3.65580693602 1.99892829841 0 0.304
1926 1.51001405716 104.50291 11.810699 -0.022632517 104.114545929 16.0701238758 -0.00302815893527 4.2770932798 1.12324697717 0 0.352
1929 1.51714706421 106.528 11.779433 -0.025937223 105.88517889 15.5181840408 0.0545306433826 3.79361019661 4.61046913014 0 0.35
1932 1.52885699272 108.61821 11.737233 -0.017267816 108.561302313 14.664615165 0.0255220517848 2.9279352494 2.45167882999 0 0.322
1935 1.52474093437 110.65428 11.638117 -0.015586443 109.394601626 14.9262894942 0.0164249278353 3.52120262946 1.83411644529 0 0.306
1938 1.51360702515 112.94226 11.558687 -0.011710616 111.225603783 15.1440508786 -0.0218902273229 3.97514059 -0.583248765885 0 0.274
1941 1.51421093941 114.89636 11.528856 -0.01668203 114.28410691 14.7039288794 -0.0688363996888 3.2335648494 -2.98822526633 0 0.362
1944 1.50386404991 117.03777 11.494892 -0.018548407 117.102860135 15.5243681615 0.0227548950821 4.03000184385 2.36650488926 0 0.3
1947 1.51920795441 119.07747 11.406331 -0.016261061 118.322688032 15.7424626526 -0.00411089360185 4.40133315352 0.696153312292 0 0.278
1950 1.51219201088 121.291 11.334615 -0.012126455 121.107386216 14.0376136903 -0.00125583090174 2.7092279235 0.622840881503 0 0.252
1953 1.51637601852 123.43737 11.229443 0.0013807468 123.012904346 15.3202284694 0.0107486808007 4.11274808953 0.536743080998 0 0.272
1956 1.51634502411 125.58554 11.258252 -0.0049853053 123.656717921 14.9678523359 -0.0616702370561 4.18108709143 -3.24780735161 0 0.22
1959 1.50880599022 127.50849 11.183265 -0.012828209 125.869726426 15.114812038 0.000721510243696 4.25941406337 0.776341726251 0 0.242
1962 1.51656198502 130.28779 11.390648 -0.01314096 128.455756234 14.4615198249 0.0231173543148 3.5758357742 2.0774483825 0 0.292
1965 1.51989984512 132.78769 11.256475 0.0084755214 131.036407529 14.3493306397 3.76101074311e-05 3.5542574895 -0.48345670497 0 0.316
1968 1.52429199219 125.9239 10.596074 0.27888777 132.425910984 14.057185736 -0.0556569690752 7.36582930087 -19.1680016073 0 0.324
1971 1.51781511307 93.936275 13.265891 0.84250578 132.376298868 13.748433637 -0.0235630736502 38.4430524586 -49.6220900819 0 0.242
1974 1.52740192413 59.212281 6.4432491 1.3602712 133.069442227 12.9430368674 -0.0303678298756 74.1426159876 -79.677747238 0 0.152
1977 1.52651500702 41.747696 3.5851691 1.5088422 137.774809433 10.9014696823 -0.0950327872775 96.3054243979 -91.8952676376 0 0.076
1980 1.53463101387 40.889782 2.6549702 1.6071612 132.892033539 14.7809151515 -0.0521799596204 92.7979139273 -95.0732452186 0 0.044
1983 1.53325891495 40.408125 3.8011614 1.6070032 135.860880262 9.92493620949 -0.274722051873 95.6489890433 -107.814915136 0 0.07
1986 1.52720594406 40.388712 5.5337894 1.5172855 139.434875424 11.3343398555 -0.126805287738 99.2158700741 -94.1994632737 0 0.028
1989 1.51122403145 40.44034 7.6724587 1.5542124 37.4294730675 89.7881594233 0.562305860994 82.1708806389 -56.8320583565 0 0.012
1992 1.50370788574 40.554207 9.7439313 1.5604739 103.965639703 50.1545843507 2.47956301258 75.1932887796 52.659927147 0 0.012
1995 1.51446008682 40.580821 11.876658 1.5652859 38.7486845969 83.5762748746 -1.59953584414 71.7230212955 178.66907115 0 0.01
1998 1.50438499451 40.665042 14.024391 1.567666 34.8567240315 85.8427284666 -1.56279499404 72.0528289111 -179.362202889 0 0.008
2001 1.50472688675 40.771617 16.174621 1.5548315 37.4196038553 81.8260192178 -1.69223177542 65.7369156568 173.956978507 0 0.008
2004 1.52087879181 40.847233 18.25792 1.5551713 21.8931027664 104.549172751 2.61474416664 88.3483975758 60.7090533448 0 0.006
2007 1.51275706291 40.88758 20.352438 1.5597309 29.6892091669 40.1964943125 -1.53526048934 22.7857429164 -177.329944239 0 0.006
2010 1.50753498077 40.971014 22.508388 1.5678505 43.3919583187 93.5515028233 -0.75803755704 71.0843522528 -133.263569288 0 0.01
2013 1.51181912422 41.044823 24.54743 1.5705547 95.9686673857 58.9919471823 2.50806889895 64.8309605515 53.7156068335 0 0.012
2016 1.50973892212 41.105608 26.696222 1.5717508 21.5755274002 102.626970983 2.28061638808 78.402185488 40.615006439 0 0.01
2019 1.51190400124 41.160404 28.869777 1.5672714 99.0618546826 97.627458726 2.2046429061 89.8899148263 36.5186972815 0 0.004
2022 1.50868701935 41.204205 31.003136 1.5608691 119.08821689 76.269536258 -0.926176783865 90.0831077416 -142.497232601 0 0.004
2025 1.51945185661 41.244227 33.116661 1.5660557 131.975884792 22.6771022247 -0.894126608061 91.3302694247 -140.958063085 0 0.004
2028 1.49847817421 41.277887 35.228156 1.5643441 138.133665565 73.8472921476 1.31933599301 104.271182587 -14.037930477 0 0.004
2031 1.5082359314 41.31792 37.33529 1.5797774 33.4154922511 76.8636600307 1.1559569769 40.3105495076 -24.2831215152 0 0.004
2034 1.49980711937 41.419072 39.474789 1.5713492 58.0186117522 63.1196738563 -1.09120144897 28.8898823094 -152.552914926 0 0.006
2037 1.50147604942 41.429937 41.518923 1.5745722 18.4011277073 107.456587091 -0.665575383445 69.8434077291 -128.351002018 0 0.004
2040 1.49939799309 41.494048 43.684079 1.5737379 63.9504457336 30.8560415587 2.6088982149 25.8621024622 59.3103171633 0 0.006
2043 1.51108598709 41.508319 45.798644 1.5762653 117.086230552 27.8065147626 -1.45436029604 77.6900085538 -173.642055937 0 0.006
2046 1.51499891281 41.512588 47.943477 1.5772604 97.8918103784 74.1244393721 2.99556479931 62.1615597192 81.2628561455 0 0.008
2049 1.50816297531 41.583607 50.107906 1.5744728 40.6526292041 41.3120447427 -1.45123600405 8.8449926464 -173.360344508 0 0.006
2052 1.50820302963 41.632502 52.265699 1.5728612 106.931442528 101.367746435 -0.704624046855 81.7004448968 -130.490292548 0 0.004
2055 1.51981091499 41.660201 54.305408 1.5732479 87.3866144407 122.459080797 2.18139236826 82.0720902738 34.8441113654 0 0.006
2058 1.50081706047 41.689009 56.508616 1.5685378 97.4712436788 83.9704327883 -1.68009657834 62.1756309744 173.86696094 0 0.01
2061 1.50513696671 41.794127 58.57462 1.5657057 119.232749357 38.0843442108 2.89098777225 80.1036305948 75.9330694042 0 0.004
2064 1.50958180428 41.856016 60.76704 1.5641567 75.0316624664 29.9845085236 2.76637581449 45.2569084512 68.88208131 0 0.008
2067 1.50612092018 41.858156 62.785084 1.5639758 142.900573942 118.736757988 2.6029546087 115.499610587 59.5291007421 0 0.004
2070 1.50606918335 41.958088 65.023529 1.5767642 89.7678546992 76.3960378403 -2.82480229632 49.1437457787 107.808816515 0 0.004
2073 1.51552796364 41.99726 67.044355 1.5737097 13.5450299259 78.7845808322 3.13628848078 30.7792511082 89.5291692955 0 0.006
2076 1.50762009621 42.044947 69.102812 1.5759217 64.8536324454 76.41574315 -2.9199909444 23.9523504849 102.403180417 0 0.004
2079 1.51933002472 42.097902 71.261122 1.5727544 54.42089054 111.795590373 1.2565142072 42.3662503983 -18.1192283599 0 0.004
2082 1.52012491226 42.114798 73.459441 1.5684742 83.2358455899 11.1538177663 -2.358136024 74.6520678979 135.021806372 0 0.006
2085 1.51335000992 42.172982 75.545483 1.5804547 105.028640394 83.2172827932 1.0095902859 63.3221154437 -32.708121602 0 0.008
2088 1.51391100883 42.213453 77.648417 1.5799022 66.1548373471 132.611346733 -2.90564224788 59.9509260087 102.997234318 0 0.006
2091 1.51741814613 42.308345 79.80823 1.5843424 112.126242478 120.51078647 1.23760987069 80.8160683993 -19.8663105491 0 0.006
2094 1.51744198799 42.259747 81.948131 1.5870316 98.6946997046 58.5186122093 -0.125733763297 61.1052063046 -98.1342266131 0 0.01
2097 1.52047300339 42.325886 84.065588 1.5841531 36.8229605684 87.1779683248 2.01680716411 6.32211195662 24.7892518627 0 0.032
2100 1.500882864 42.338042 86.100283 1.5789413 37.1159467349 87.9576937725 2.30380523194 5.5425854739 41.5316440212 0 0.016
