3 1.33870005608 58.425211 99.52669 -0.076600623 103.435684302 62.9729274799 2.85856016725 57.9837930911 168.172325474 0
6 1.34478592873 58.436309 99.5178 -0.082073852 105.224588921 81.1103443382 -2.39015456366 50.2789972247 -132.243283554 0
9 1.35774898529 59.138497 99.506199 -0.079127672 71.1006625887 50.0516927244 -0.657345761074 50.880660339 -33.1294561421 0
12 1.35217785835 60.588187 99.398001 -0.084356487 83.3868452115 4.09470110238 2.76946989746 97.9923353514 163.512207293 0
15 1.34687709808 62.026729 99.268445 -0.080345137 20.1258157804 18.0865990498 -0.104585789664 91.3574224708 -1.3888870903 0
18 1.3495900631 63.612811 99.142137 -0.077882356 105.617770937 29.7711657147 0.78572624751 81.0971535651 49.4811281323 0
21 1.34948015213 65.109709 99.045111 -0.075303117 24.5126894207 107.453052074 -2.41314655907 41.4585512509 -133.948562393 0
24 1.3600590229 66.576646 98.887554 -0.079079542 56.8097872697 113.781879499 1.16392906545 17.8110207885 71.2191471054 0
27 1.34407615662 68.114632 98.811042 -0.080004433 45.6169081145 36.0619673183 -1.73899875586 66.6602876789 -95.0533729361 0
30 1.36104917526 69.601579 98.673025 -0.074381156 60.4672974982 25.524204853 -1.51221133838 73.7169247015 -82.381601107 0
33 1.34806990623 71.154315 98.514904 -0.080273853 85.8890701815 73.2572057126 -1.02128682619 29.2414830855 -53.9160718308 0
36 1.35451388359 72.642873 98.438251 -0.077397051 36.4243634839 69.8479714522 -1.34976242111 46.1430874151 -72.9011657059 0
39 1.35086894035 74.179887 98.27586 -0.078945335 120.13942011 47.3708218394 -0.553481846796 68.5828082965 -27.1889393508 0
42 1.34899902344 75.689674 98.17429 -0.079512997 91.0242148643 98.4787377075 1.49732657243 15.3375627766 90.3462522975 0
45 1.34615921974 77.259307 98.055637 -0.072379503 35.122150527 75.3634410043 1.58566333101 47.858914684 94.9988566409 0
48 1.34886813164 78.667542 97.976243 -0.066300397 64.0155646663 64.490228751 -2.04988868143 36.551246081 -113.65123699 0
51 1.33960914612 80.25432 97.827625 -0.077582567 103.760612156 82.0648251897 -2.23530872719 28.3021488367 -123.628602324 0
54 1.34806418419 81.813353 97.68277 -0.074716444 50.5991069 132.669287676 2.01952511248 46.8869446506 119.991202467 0
57 1.34608793259 82.622729 97.654646 -0.085105116 132.181309942 110.533988844 1.4919559986 51.2047890057 90.3589459008 0
60 1.34351491928 81.436592 97.754867 -0.094486992 31.5418632186 48.9036187209 -1.25541067589 69.827848446 -66.5160274235 0
63 1.35781097412 79.890684 97.897701 -0.093381766 79.9335220913 17.2264407063 -1.29743667616 80.6712716676 -68.9872646539 0
66 1.35840892792 78.411812 98.037468 -0.097953665 78.0087210711 97.9867454113 -0.7156330689 0.406269710834 -35.3904229356 0
69 1.35249495506 76.931086 98.162597 -0.096433306 118.731142961 92.855398845 0.669545147421 42.1356276111 43.887332579 0
72 1.34995698929 75.443161 98.337547 -0.10164342 80.261186512 106.678676635 2.13753983625 9.632643117 128.29575014 0
75 1.37149906158 73.912871 98.553041 -0.10292365 57.502462185 43.6309584927 0.610486508433 57.3213456264 40.87539114 0
78 1.37364387512 72.413468 98.668417 -0.11145399 58.0505669604 24.272231399 0.0159682245828 75.7699502326 7.3007551118 0
81 1.33603596687 70.926618 98.82512 -0.11572496 78.4273905393 28.399069763 -1.378171065 70.824361209 -72.3328336794 0
84 1.3431968689 69.460294 99.048845 -0.12091472 54.7182497893 21.4258088387 -0.00366179381289 79.0105284782 6.71809780608 0
87 1.34326791763 67.984026 99.205817 -0.12024712 66.2048875251 97.8406273875 -0.0295306192369 2.24256023131 5.19767262592 0
90 1.35106110573 66.409271 99.378533 -0.12589377 51.1044016437 21.8412078601 0.0963913397104 79.0333841858 12.735998635 0
93 1.34365105629 64.97003 99.579245 -0.12534264 51.1866980046 20.3620997711 0.179023003329 80.407315209 17.4388667916 0
96 1.3615090847 63.450289 99.830398 -0.13542326 60.7889090857 100.408372803 -0.19092388699 2.72341658962 -3.17995168686 0
99 1.34085392952 62.015499 100.01094 -0.13023941 55.7481469303 29.3611586212 1.71112765102 70.9272254556 105.502561131 0
102 1.35231113434 60.420275 100.24313 -0.1356293 58.8664415676 100.939030419 -0.158045965277 1.70254977269 -1.28438031112 0
105 1.34224510193 58.989222 100.44438 -0.14088208 56.0693800593 99.0515989536 0.011162475928 3.23501406521 8.71151135261 0
108 1.34425520897 58.528509 100.58832 -0.24160345 56.9790822813 100.646428769 -0.173148021492 1.55051597399 3.92220713827 0
111 1.34578704834 58.390768 100.67023 -0.3827913 55.6811226203 101.371952813 -0.31659553585 2.79903429605 3.79273790741 0
114 1.3536760807 58.26024 100.80046 -0.53685502 56.1780277781 102.581751478 -0.432483607155 2.74018376486 5.98004145783 0
117 1.35931110382 58.2435 100.85046 -0.70040996 57.5843854762 103.681903717 -0.677241578174 2.90714730898 1.32745049678 0
120 1.36185979843 58.129433 100.95873 -0.85888639 56.122073773 105.526316854 -0.716610374417 4.98922245843 8.15181521887 0
123 1.35457396507 58.21235 101.09089 -1.0276822 54.750160751 105.360974609 -0.946857366605 5.49730633687 4.63092183338 0
126 1.35079693794 58.152327 101.12822 -1.1869287 56.5921522002 106.301340765 -1.51047413558 5.4032697371 -18.5377879397 0
129 1.35243105888 58.049715 101.26081 -1.3398137 57.9817814132 102.681879554 -1.53839495262 1.42269239419 -11.3778676653 0
132 1.34501409531 58.024835 101.49733 -1.4943786 56.419475743 103.517964687 -1.7533381993 2.58072526289 -14.8372921042 0
135 1.34672093391 58.064001 101.65215 -1.6522241 56.1952723142 104.411731061 -1.76774780776 3.3327818007 -6.61902088856 0
138 1.35845518112 58.104403 101.68885 -1.8037565 57.1939332596 103.170136118 -1.8825843637 1.73872473707 -4.51650389807 0
141 1.34537291527 58.177183 101.78616 -1.9584038 58.6175234667 103.045035661 -2.17331661676 1.33366699573 -12.3135973635 0
144 1.36260509491 58.164815 101.89412 -2.1101089 58.5788489055 103.150208998 -2.31382440412 1.32256706702 -11.6720386075 0
147 1.35286808014 58.333441 101.96561 -2.2758326 54.7340324647 104.085468716 -2.22854853988 4.17726498809 2.70917708302 0
150 1.35683298111 58.547547 101.97367 -2.4518694 55.4968097147 101.604861681 -2.34904386189 3.07294932602 5.8914693601 0
153 1.34525609016 58.609003 102.09152 -2.5989269 53.6371313388 104.413920463 -2.31986932716 5.48753603428 15.9888211649 0
156 1.35153388977 58.561869 102.14088 -2.6173282 51.4751488343 102.949587623 -2.40028059676 7.1327141206 12.4359116192 0
159 1.36610198021 58.51155 102.01626 -2.5045701 53.1559938444 109.987267344 -2.96355149001 9.60306929117 -26.2976965224 0
162 1.35130500793 58.437648 101.90068 -2.3721379 52.1588178003 104.235990787 -2.3671757 6.69905852715 0.284313117144 0
165 1.34313106537 58.147744 101.95537 -2.2082701 54.7006198271 100.75230788 -2.27182020085 3.65103047477 -3.64115256652 0
168 1.3636238575 58.037351 101.82492 -2.0566813 52.3888624386 107.849667294 -2.22239814862 8.25851094264 -9.49487602024 0
171 1.34739804268 57.944091 101.71587 -1.9011295 52.630608358 107.157479903 -1.75158741759 7.60553851664 8.56813018141 0
174 1.35340595245 57.908577 101.57431 -1.7585036 53.1578771534 99.0578594634 -1.59470447451 5.37602756089 9.38499857825 0
177 1.34764194489 57.841285 101.40683 -1.6171883 53.053923098 102.145976747 -1.39750714687 4.84408628063 12.5868029129 0
180 1.35708999634 57.86028 101.30305 -1.4556073 52.4023002336 99.5681441434 -1.31926035763 5.72707966264 7.81210434727 0
183 1.34571194649 57.788579 101.03213 -1.3093986 53.4455228318 100.98378182 -1.14400171778 4.34332527291 9.47654329563 0
186 1.35027098656 57.852229 100.87925 -1.1701135 50.9498200187 100.895243338 -0.900673143345 6.90242751004 15.4377952668 0
189 1.3460919857 57.956865 100.8248 -1.0236231 51.2450485791 99.7468871545 -0.761911503475 6.79782139881 14.9949699305 0
192 1.35180401802 57.906072 100.67156 -0.85835482 51.2880663462 101.96539887 -0.562685076812 6.74329428808 16.9406284144 0
195 1.34547781944 57.990597 100.53155 -0.72265365 52.8968152019 99.5168570578 -0.281284375606 5.19386318397 25.2885966295 0
198 1.34556078911 58.042848 100.37669 -0.56279892 52.7089033091 101.187925788 -0.04000441013 5.39528214916 29.9539189682 0
201 1.3539659977 58.157277 100.32166 -0.41301063 54.2124585348 103.483182253 -0.185640540521 5.05537492971 13.0273465146 0
204 1.35334801674 58.686264 100.08548 -0.29965148 53.2826460589 102.086628836 0.144115363737 5.76226374947 25.425967234 0
207 1.35649609566 59.980629 99.666017 -0.30408986 55.1625939925 101.24816903 0.275788595039 5.07116025956 33.2245881043 0
210 1.36001491547 61.363687 99.173884 -0.32636207 55.967846888 102.986056174 0.0610500726499 6.60664417063 22.197080706 0
213 1.36046600342 62.885593 98.69498 -0.37512441 59.7230351192 100.001761592 -0.125560809587 3.42190743272 14.2989410238 0
216 1.35478687286 64.287236 98.118834 -0.4012694 61.1542896605 101.140502931 -0.326719735243 4.35268146025 4.27138115467 0
219 1.36038398743 66.572969 97.068508 -0.44319642 63.6839043049 98.5119846329 -0.29047840575 3.22960053294 8.75009767217 0
222 1.3383038044 67.896132 96.441291 -0.47211549 65.1301670127 99.1116730664 -0.406072982265 3.84467198748 3.78395696167 0
225 1.34850287437 69.150612 95.708615 -0.49267498 66.8747750386 98.1524705954 -0.449034160937 3.33944067865 2.50043474678 0
228 1.35420608521 70.465141 94.973778 -0.52461339 66.3403519536 95.1056986286 -0.409980380037 4.126898076 6.56798766378 0
231 1.34341692924 71.675984 94.192345 -0.54871183 69.2590303846 95.2105244026 -0.428760377429 2.62266163944 6.87271197878 0
234 1.35205793381 72.999296 93.402727 -0.58180979 69.9910003189 96.7401968995 -0.454503831172 4.49316683804 7.29409414771 0
237 1.34735989571 74.284244 92.44261 -0.63095882 72.1311666495 93.6390892231 -0.543525976172 2.46318992542 5.00953294217 0
240 1.34915089607 75.447368 91.599491 -0.66374929 73.1365573989 92.4844347369 -0.527778368302 2.47446379075 7.79055994981 0
243 1.34683585167 76.572595 90.665594 -0.69142624 73.9708109262 91.861792787 -0.560470023631 2.86359422834 7.50323849897 0
246 1.35636401176 77.783785 89.658033 -0.71509647 75.225884316 93.2236951052 -0.646095533086 4.38825730299 3.95346246764 0
249 1.36172318459 78.874801 88.696028 -0.74032963 77.3169259017 90.1303930675 -0.65286276268 2.11763499425 5.01148234469 0
252 1.34208798409 80.03236 87.613917 -0.7252394 77.9353234285 89.4552494364 -0.620456530779 2.79071093515 6.00361617165 0
255 1.36451911926 81.079285 86.604124 -0.70281223 78.8520514005 89.0175756961 -0.566184094136 3.28410088095 7.82821554775 0
258 1.36383986473 82.380517 85.593177 -0.66953842 80.9623539724 88.376065872 -0.5945525454 3.12340468825 4.29637413771 0
261 1.36779499054 83.553536 84.670161 -0.64546431 81.6028173022 87.353155263 -0.559159202962 3.31719183245 4.94491838368 0
264 1.33992695808 84.753159 83.736184 -0.60820056 84.0929055794 86.6570452534 -0.495701974825 2.99455590044 6.44569413172 0
267 1.35295915604 85.938286 82.919631 -0.58097683 84.2331169197 84.5848366546 -0.497331169444 2.38338235801 4.79254332443 0
270 1.35575914383 87.249998 82.030848 -0.55954063 84.7249104957 83.8584639214 -0.48719927256 3.11708948554 4.14485446556 0
273 1.35182881355 88.578333 81.141585 -0.52544337 86.1527816944 83.3800417139 -0.433056143536 3.30060412597 5.2933981573 0
276 1.34997296333 89.874585 80.458812 -0.49549775 88.2937426971 82.2789488151 -0.414532310374 2.41080078237 4.63897797697 0
279 1.34909701347 91.229191 79.664539 -0.46697991 89.338306778 82.3388880718 -0.366938587925 3.27529939067 5.7319455318 0
282 1.35654211044 92.640842 79.007823 -0.44436504 90.6429895923 80.7250817104 -0.388829635505 2.63446232113 3.18194429109 0
285 1.34490203857 93.942666 78.269838 -0.40450827 91.6398139607 80.3030750916 -0.332421309404 3.07199944429 4.13027860009 0
288 1.35354995728 95.385584 77.620959 -0.38607018 93.1117197928 79.2515558665 -0.25321657112 2.79808945065 7.61195108188 0
291 1.35350704193 96.747733 77.074345 -0.36376533 95.2241878197 79.5198264791 -0.231757000429 2.88124445007 7.56352014501 0
294 1.33825111389 98.250871 76.540386 -0.33417824 95.0699143701 78.4910451482 -0.232621748012 3.73142817079 5.81875837304 0
297 1.36791706085 99.752933 76.027378 -0.30758365 95.596321378 78.2581146126 -0.22198140486 4.71737278696 4.90464736338 0
300 1.76852011681 100.00981 75.897783 -0.33361957 98.0003976761 79.8205293836 -0.162696819929 4.40745698535 9.79315220186 0
303 1.47445201874 98.714105 76.429985 -0.36219797 96.244392134 79.097760672 -0.206946487523 3.63545164691 8.89525470909 0
306 1.34599494934 97.284888 77.028291 -0.39087517 94.4391660875 79.0648306258 -0.242275558696 3.49937520865 8.51413056501 0
309 1.35261797905 95.817851 77.649213 -0.42317241 93.3078427909 78.0481708022 -0.316359075334 2.54151697573 6.11995327208 0
312 1.34731388092 94.571565 78.35291 -0.46228827 92.6896016896 78.1850833562 -0.271235521853 1.88943157698 10.9465161332 0
315 1.3559551239 93.13187 79.138887 -0.4938927 90.3038888043 79.2168181744 -0.287735286781 2.82905477349 11.8119496928 0
318 1.35401701927 91.836662 79.862922 -0.52529077 89.7706345956 80.0695774657 -0.352936668692 2.07633709147 9.87516258675 0
321 1.3554520607 90.529269 80.702102 -0.55721841 87.3785750957 80.4362710908 -0.363432296475 3.16188838369 11.1031264332 0
324 1.35724902153 89.308886 81.573217 -0.59808232 87.7865205689 79.5294477508 -0.355151311114 2.54844840047 13.918921522 0
327 1.3469851017 88.100372 82.484783 -0.6409076 85.9408197658 82.3552838438 -0.443880384877 2.16343150663 11.2888278758 0
330 1.35798382759 86.96204 83.432583 -0.67310863 84.6563897586 83.3561608045 -0.489362164437 2.30691642405 10.5278969772 0
333 1.36421513557 85.711036 84.448892 -0.70015711 84.1198128344 82.705554094 -0.455155498462 2.36034281772 14.037558315 0
336 1.36519408226 84.630521 85.38864 -0.74348817 82.3469182137 86.6883596044 -0.617090484778 2.62756783658 7.24205390346 0
339 1.35156488419 83.531548 86.470864 -0.76732045 80.8449687804 86.9322118087 -0.644050905086 2.72590346555 7.06282466606 0
342 1.35176301003 82.436303 87.632765 -0.79615086 78.5745603671 88.7197039965 -0.682558891255 4.01179418028 6.50834039569 0
345 1.35056304932 81.390428 88.717115 -0.83255466 78.3595108894 87.5958390405 -0.653766518393 3.23167422688 10.2438059411 0
348 1.34854197502 80.091493 90.270385 -0.85191671 78.8102119518 90.6559395996 -0.757897219139 1.33803343518 5.38692001833 0
351 1.34428215027 79.121061 91.3195 -0.83027867 78.1487617602 91.1031971433 -0.718469565934 0.996068640989 6.40618977415 0
354 1.35772299767 78.091476 92.534394 -0.81038411 75.1120410031 91.3885154721 -0.623175255931 3.1921889827 10.7262772256 0
357 1.35244297981 77.093441 93.512556 -0.78090008 75.1019783544 93.0891895498 -0.666838760858 2.03596724434 6.53523219254 0
360 1.35596895218 76.051262 94.597058 -0.76703211 73.9542327477 93.2523427499 -0.615927495442 2.49114246655 8.65765667913 0
363 1.34497904778 75.027276 95.58972 -0.75132884 72.4931758506 94.0898425448 -0.59071924158 2.94470642813 9.20225213878 0
366 1.34648895264 73.852657 96.593273 -0.72312741 71.344814335 97.0079254267 -0.64737641773 2.54189131695 4.34021215101 0
369 1.33649396896 72.811015 97.559971 -0.70587276 69.6491621035 96.2831211412 -0.545337858563 3.40993538076 9.19797231691 0
372 1.36016988754 71.630899 98.505259 -0.68120937 68.5610363976 98.9842475181 -0.593514760716 3.10700601832 5.02453099804 0
375 1.34335017204 70.538887 99.423882 -0.66641532 67.3711365191 99.8354659658 -0.548699042235 3.19437700817 6.74464589592 0
378 1.35147404671 69.331788 100.31013 -0.63648641 64.6204652123 98.5040547846 -0.459907609974 5.04563872009 10.117219993 0
381 1.34493207932 68.205766 101.18772 -0.63190253 65.7656920246 101.590342853 -0.542006680916 2.47306816867 5.15065274827 0
384 1.34375119209 66.997353 102.01418 -0.604237 64.1800331813 103.707066343 -0.516478239592 3.28681534809 5.02820658671 0
387 1.34351396561 65.749881 102.79371 -0.58263231 64.5614286184 104.470761928 -0.463406635697 2.05546156197 6.83112794714 0
390 1.35101890564 64.390622 103.72927 -0.540005 62.1239058671 104.450030876 -0.445105560793 2.37854961437 5.43733734474 0
393 1.35750293732 63.066948 104.49561 -0.5165186 61.8898893725 105.052715757 -0.42363061132 1.3022418504 5.32208971883 0
396 1.3578979969 62.072466 105.11862 -0.50368551 60.2310386977 106.471065494 -0.429885563402 2.28472390562 4.22842546838 0
399 1.36207509041 62.084059 105.11634 -0.50537083 59.2548949097 107.002733255 -0.382375509578 3.40038953092 7.04711276005 0
402 1.3557870388 62.06969 105.12384 -0.50501376 58.7340871226 106.360802701 -0.357813972899 3.55757266692 8.43392654611 0
405 1.35734796524 62.088061 105.11683 -0.50531554 58.5965993428 106.429114477 -0.322130994744 3.72993231197 10.4957013152 0
408 1.34973406792 62.080145 105.11527 -0.50526072 57.0177625775 104.619258798 -0.344053736929 5.08662391998 9.23647975798 0
411 1.32845807076 62.084425 105.11388 -0.50526675 57.2563727655 107.603543067 -0.346634313486 5.43217365025 9.08896910613 0
414 1.34753298759 62.090561 105.10315 -0.50372534 58.4082674331 106.880408033 -0.369505814406 4.08875678277 7.6902123448 0
