3 5.34028601646 31.520043 41.394881 -0.0070850614 45.1296862815 17.1278808399 1.60807623985 27.8228267259 92.5419257946 0
6 5.35027694702 31.529937 41.402987 -0.0081764059 77.2148251004 39.9632271643 -2.92566690095 45.7075694948 -167.159892136 0
9 5.34019207954 31.522543 41.401068 -0.0068718684 25.7603341883 137.804578185 2.02590363718 96.5755653692 116.469457168 0
12 5.40339899063 31.528168 41.375423 -0.0049451513 71.196748077 66.2946733541 1.41387733205 46.8461875027 81.292540174 0
15 5.3928360939 31.523843 41.397689 -0.0081913964 24.3387868899 81.1826332217 -3.08754353815 40.4285396474 -176.433881357 0
18 5.39838814735 31.52518 41.394772 -0.0077822512 130.090208966 124.159970592 -2.60084039389 128.705644915 -148.571287608 0
21 5.42840409279 31.646202 41.400982 -0.0069641742 144.9287851 18.1582757472 1.32168777849 115.642410161 76.1261493308 0
24 5.37474298477 32.968315 41.348607 -0.0066445448 65.4034589145 31.5447279493 -2.00574444825 33.8844301294 -114.539987293 0
27 5.38862800598 34.520488 41.363888 -0.010157874 125.663280249 30.550350575 1.05611110411 91.7820307607 61.0927122715 0
30 5.40542006493 35.981317 41.339656 -0.012968194 53.2204713276 38.1628801259 -0.321701501219 17.5294137633 -17.6891154988 0
33 5.43958711624 37.47125 41.3168 -0.01805047 24.6499446025 131.400517192 1.59280412872 90.9915489219 92.295169916 0
36 5.40288901329 39.051821 41.275587 -0.019803098 14.6815812866 110.970666378 0.100343273938 73.8330053106 6.88388003586 0
39 5.30006694794 40.609584 41.247017 -0.013659721 51.801140654 23.0275667155 0.17150527012 21.3822194593 10.6091725047 0
42 5.35204315186 42.081473 41.279186 -0.014178183 146.766024783 34.0826733894 -1.5107924569 104.931621429 -85.7496814537 0
45 5.3484480381 43.552295 41.213208 -0.0092852628 98.2049602621 131.885189824 -1.37409766421 105.869363407 -78.197990428 0
48 5.3598151207 45.079977 41.189892 -0.010404952 64.0982563368 53.8101622628 1.48854012842 22.824683359 85.8832268299 0
51 5.49630212784 46.640834 41.096545 -0.012029947 44.6973608517 42.9028176342 -0.122224169383 2.65324493917 -6.31366386925 0
54 5.66672801971 48.21014 41.103056 -0.013219293 46.5596411296 41.7623084653 0.12035667483 1.777290166 7.65333920106 0
57 5.38201022148 49.69993 40.993437 -0.019411138 48.1985684834 42.7716483458 -0.110473859042 2.32725632318 -5.21750958666 0
60 5.39611387253 51.221815 41.026894 -0.026800957 49.1666288324 42.8401503098 -0.0489726669494 2.74074599856 -1.27034540469 0
63 5.37204504013 52.707826 40.957156 -0.02058299 50.3758854003 42.3589736895 0.000395892193095 2.72085276985 1.20200140857 0
66 5.39912009239 54.31159 40.951842 -0.027308534 52.0441887558 41.6551584106 0.0247831457157 2.37397606891 2.98463339546 0
69 5.40581297874 55.778879 40.909196 -0.015002614 53.95572512 42.2476590682 0.00693707990279 2.26171913711 1.25705186444 0
72 5.39444708824 57.331901 40.836464 -0.018380323 55.2804873504 41.7431722056 -0.0288806514652 2.24285927597 -0.601624504559 0
75 5.37773299217 58.848313 40.76075 -0.022921269 56.8608572137 41.6652663342 -0.00386765806638 2.18360488673 1.09169149098 0
78 5.36362099648 60.388876 40.75568 -0.012358794 58.278491141 41.5050981014 -0.0598425336833 2.23949810083 -2.72061787935 0
81 5.36361503601 61.86858 40.735896 -0.015077049 60.5195562732 42.0758945608 -0.0150971602218 1.90143660383 -0.00115228813081 0
84 5.33764505386 63.333062 40.668539 -0.013920495 61.5736308413 41.6632853259 0.0199938653313 2.02116754753 1.94314971187 0
87 5.40848898888 64.876385 40.58717 -0.032109511 63.5625588067 42.1039188482 -0.0185790538132 2.00665550968 0.775238091685 0
90 5.40767717361 66.44697 40.579857 -0.020157695 64.5204682227 41.8652249177 -0.00394318904336 2.31594036665 0.929022758205 0
93 5.38390111923 67.930314 40.55804 -0.02084507 65.6581508681 41.7873824008 -0.0112266226496 2.58341015645 0.551096438645 0
96 5.36602210999 69.414343 40.447992 -0.021831497 68.6176816476 41.6094586542 -0.000645872365715 1.40842965718 1.21384687789 0
99 5.37411808968 70.999462 40.351868 -0.031419309 69.2979814142 41.9510636647 -0.00614417336533 2.33505095406 1.44815859849 0
102 5.40840601921 72.481812 40.325422 -0.028226015 71.62000398 42.0697008445 0.00864927520097 1.94556463546 2.11279849684 0
105 5.3762319088 74.028193 40.279112 -0.026102315 72.8716995428 42.0467036864 0.0135233784896 2.11231093506 2.27038499723 0
108 5.35031294823 75.500101 40.224463 -0.026983514 73.8800851117 42.2161139983 0.00460034651375 2.56731867465 1.80962190817 0
111 5.35931706429 77.104162 40.159206 -0.035689283 75.8829514213 42.2258078779 -0.00419542087485 2.40045799777 1.80446538034 0
114 5.42081093788 78.584191 40.097894 -0.03659834 76.8179572201 42.1129139134 -0.0124118425247 2.67953111884 1.38578422654 0
117 5.40219593048 80.1084 40.071744 -0.024096447 78.4342491861 41.6643474201 0.00451448319662 2.31066367123 1.63928554821 0
120 5.34818291664 80.881063 40.047709 -0.06972902 78.9846829669 42.4008492042 -0.0589436541181 3.02217240584 0.617955945536 0
123 5.38114690781 80.819811 40.085383 -0.20196514 78.9752041954 41.5037256615 -0.164869968369 2.32685843344 2.12539677478 0
126 5.36225509644 80.673305 40.189426 -0.34415967 79.0504605124 41.9690390919 -0.331060078896 2.40845323556 0.750551283599 0
129 5.35474205017 80.559381 40.228255 -0.49611957 79.9159683802 42.144907276 -0.48286453255 2.02176550232 0.759457703199 0
132 5.37483811378 80.474435 40.358509 -0.64523249 78.1853518713 41.9586210789 -0.630315917396 2.79289459793 0.854656655003 0
135 5.41949892044 80.446897 40.445937 -0.81868337 78.59359329 42.0119026387 -0.779471122052 2.42631057838 2.24669631266 0
138 5.38691616058 80.377523 40.602704 -0.97166139 79.3896088997 43.0607146098 -0.922182964677 2.64911125235 2.83490494793 0
141 5.37842798233 80.303277 40.677658 -1.1291983 79.303862365 42.8465993997 -1.04033987804 2.38812403528 5.09121255272 0
144 5.41178584099 80.24067 40.836497 -1.2914427 80.0920769527 43.5470156833 -1.18713437772 2.71458862931 5.97642663456 0
147 5.37052512169 80.334643 40.99259 -1.4510482 79.3212678979 42.5252084128 -1.32611535396 1.8373481697 7.15812480073 0
150 5.36930584908 80.305505 41.173119 -1.6076845 79.925740656 43.4710825158 -1.54703884865 2.3291323013 3.47473986812 0
153 5.36497497559 80.260339 41.240273 -1.7630876 79.2653112989 42.1931644428 -1.668630447 1.3777090505 5.41199621186 0
156 5.37729406357 80.351916 41.337649 -1.9138236 79.2237099371 41.5381388891 -1.75198613651 1.14588180716 9.27260362481 0
159 5.33555293083 80.458888 41.424429 -2.0695544 78.5085042077 41.4950873775 -1.90421917155 1.95166327615 9.47301079482 0
162 5.39455294609 80.580246 41.530351 -2.2462491 78.4399939314 42.1212633172 -2.10996298838 2.22032796758 7.80861900212 0
165 5.35756802559 80.700832 41.575869 -2.3973477 78.8922707738 42.685487142 -2.23923365813 2.12182613098 9.0592672811 0
168 5.38840603828 80.863789 41.557834 -2.56541 79.4133466805 43.1706774642 -2.15406297706 2.16911202159 23.5684483297 0
171 5.40818285942 80.910142 41.637692 -2.7112414 79.3157174572 42.5477065401 -2.4178012284 1.83584206455 16.8128833723 0
174 5.37450313568 81.000304 41.730578 -2.863125 80.0818189458 42.2663135796 -2.61308305217 1.06330964728 14.3263483121 0
177 5.35777497292 81.313486 41.614906 -3.0334876 78.5839448105 43.0252354094 -2.73122087775 3.07236458583 17.3186074724 0
180 5.33236408234 81.419836 41.643078 3.1037871 79.0716492402 43.5595105031 -2.88383324545 3.03095605342 16.9346248789 0
183 5.43111896515 81.472606 41.653948 2.9566422 78.9661413989 42.5212469874 -3.04184936061 2.65227682003 16.3117501322 0
186 5.37606191635 81.600227 41.551467 2.7956666 79.8020481771 43.1737773495 2.88925256859 2.42184597965 5.36208102213 0
189 5.38888001442 81.705618 41.391179 2.6371497 78.6948099301 43.1126459796 2.83723074609 3.46820036839 11.4637995016 0
192 5.39209008217 81.817002 41.340993 2.4823985 79.9475482476 43.8645720225 2.71479543256 3.14059045644 13.3153634075 0
195 5.3960249424 81.903012 41.262396 2.332631 78.643881119 43.0450529418 2.50320654267 3.71480818775 9.77325868324 0
198 5.37145018578 81.909487 41.089487 2.1583794 80.4445257156 43.7180190383 2.42166233379 3.00920126295 15.0850009238 0
201 5.42436599731 81.924053 40.998223 1.9975831 79.9928765304 43.4006665866 2.13917577795 3.08239805083 8.11266285664 0
204 5.37600302696 81.960862 40.844259 1.8446809 80.3900320899 43.8966399269 2.0538579452 3.43286118699 11.9849618611 0
207 5.2861790657 81.927588 40.703608 1.6857979 80.5433390221 43.9593895269 1.96452057648 3.53783246967 15.9696330169 0
210 5.31497693062 81.924928 40.686406 1.5459903 80.5349074761 43.435078696 1.77986350435 3.08015562057 13.3999475505 0
213 5.31469011307 81.81851 40.588718 1.3660151 80.5826365998 44.1712013381 1.59901801625 3.78966620283 13.3500837154 0
216 5.30643796921 81.824065 40.431016 1.2110526 80.8068393141 44.3481589713 1.47989861065 4.0470677229 15.4037417494 0
219 5.3173429966 82.277545 41.390368 1.1504821 81.5864940002 45.6959233751 1.38889111756 4.36066033673 13.6598305042 0
222 5.36204409599 82.927041 42.739254 1.1137092 82.1126512687 48.01856855 1.3816173852 5.34175933115 15.3500083089 0
225 5.29570794106 83.677797 44.09726 1.084748 81.5576120672 46.3602142961 1.20938510572 3.10099117951 7.14118012847 0
228 5.34628200531 84.372874 45.412874 1.0478677 81.3028868721 46.9602636234 1.21897969897 3.43791151898 9.80399536501 0
231 5.35368800163 85.159381 46.677356 1.0274995 82.5603375703 48.571663077 1.12499896119 3.2161197197 5.58630763094 0
234 5.29329395294 85.928298 47.908079 0.99952116 83.5486253683 49.79282227 1.08632022662 3.03563815825 4.97322018308 0
237 5.32294297218 86.76373 49.194484 0.95689161 84.8946556817 51.3942209178 1.05209662587 2.8865691253 5.45484559788 0
240 5.35519886017 87.649962 50.387631 0.93226665 85.4497721504 52.3468536224 0.973899199492 2.94608021926 2.38536937626 0
243 5.39465403557 88.570925 51.559268 0.90792052 87.0275657545 52.8749736986 0.962277831285 2.02806292951 3.11444452233 0
246 5.39011216164 89.47196 52.652014 0.8832857 86.7679335953 53.648608554 0.924674094208 2.88183266389 2.37138030891 0
249 5.38008904457 90.492516 53.754021 0.83763364 88.4756646911 55.7129163609 0.944137693236 2.81157611267 6.10223275148 0
252 5.37797021866 91.498687 54.898001 0.81217592 89.6152730507 57.7156350934 0.922505925659 3.38914590844 6.32144367789 0
255 5.36732602119 92.568948 55.94073 0.78340538 89.6449033763 58.7463604955 0.893241821073 4.05235726936 6.29316451021 0
258 5.37328100204 93.547241 56.960456 0.75288469 90.9015610393 59.8617354659 0.842899698029 3.92645450681 5.15748005291 0
261 5.38028097153 94.620679 57.928363 0.72990952 90.6053155653 60.2245510858 0.811748507615 4.62554031848 4.68902858994 0
264 5.32982587814 95.770396 58.899507 0.6896339 92.6971367893 61.9390058418 0.771068617609 4.32243859245 4.66586562482 0
267 5.30574297905 96.962501 59.840194 0.66858365 93.7915491468 63.1269762318 0.749710076137 4.56704205095 4.64820182464 0
270 5.35432100296 98.232224 60.772339 0.64204005 94.583992614 63.7230748311 0.715537856037 4.69216732344 4.21111408939 0
273 5.32120490074 99.416545 61.686454 0.60185601 97.6620775579 64.2815464133 0.627583916751 3.13251666224 1.47410047251 0
276 5.35779881477 100.66015 62.48684 0.57932353 99.2122510945 64.9978031885 0.60474822248 2.8985077841 1.4567275745 0
279 5.32560181618 101.84252 63.245661 0.55317695 99.6981255145 65.6525278989 0.56809479372 3.2235750307 0.854729484619 0
282 5.35635399818 103.2489 64.041483 0.52149049 100.764209931 65.7503094038 0.540821806887 3.01558823774 1.10760287007 0
285 5.34251999855 104.5021 64.838724 0.48902664 101.738259023 66.5147761417 0.533505987189 3.23233162365 2.54847886944 0
288 5.29246020317 105.89753 65.50297 0.45749312 103.148816516 67.8378646506 0.508864103012 3.60654389198 2.94334051601 0
291 5.26753020287 107.23441 66.106065 0.425495 104.758765248 68.553152522 0.522799003184 3.48095594288 5.57510871218 0
294 5.39451003075 108.62185 66.694881 0.38650919 106.178906011 69.2311591504 0.473339056755 3.52146023542 4.97498490076 0
297 5.27106618881 110.08086 67.251857 0.35533208 106.359371987 70.0877530308 0.438400805865 4.67886517557 4.75948740162 0
300 5.35543489456 111.50781 67.766864 0.33459052 108.811105824 69.9289717686 0.366146309342 3.45643217986 1.80801354849 0
303 5.34350705147 112.87691 68.182524 0.30685182 109.634001672 69.9649245883 0.332155954861 3.70046027946 1.44982013179 0
306 5.30944180489 114.36462 68.651393 0.28808498 111.207656684 71.1534752932 0.329307501498 4.02825435926 2.3618765027 0
309 5.3066380024 115.83449 69.001579 0.25083859 113.101055815 71.4496903006 0.308859195898 3.66945655134 3.32433584277 0
312 5.34247994423 117.19736 69.329841 0.23044123 114.332293832 71.8148460669 0.287277833704 3.7926052166 3.25649751409 0
315 5.3149740696 117.78731 69.484411 0.20147117 115.563255577 72.6265966709 0.266367998432 3.8496426932 3.71831437296 0
318 5.33385300636 116.42938 69.228806 0.13415298 114.237512937 72.0395392352 0.233758585677 3.5643376019 5.70698082116 0
321 5.30244994164 114.80773 69.128985 0.0979988 113.829035756 71.6500293757 0.196863182724 2.70434967554 5.66451187424 0
324 5.33533811569 113.35769 69.056433 0.067460522 111.560497919 71.3530695741 0.142269513891 2.9162371183 4.28623950498 0
327 5.35775184631 111.81488 68.96352 0.032275621 110.861970981 70.9742396876 0.126526149969 2.22509084328 5.40015752678 0
330 5.31877803802 110.29576 68.94659 -0.0039959963 108.922747532 71.2709228008 0.0895893349258 2.69957148561 5.36204450357 0
333 5.29159712791 108.74459 69.016615 -0.039899491 107.515279044 71.6948833042 0.0353955936129 2.94691814198 4.3140905664 0
336 5.33551692963 107.27384 69.125159 -0.081381225 105.59239652 71.2171714769 0.0235536204708 2.68398367726 6.01232376933 0
339 5.3603451252 105.77123 69.311189 -0.11875782 104.518407252 72.0323492413 -0.0394968978031 2.99570991525 4.5413163222 0
342 5.28622698784 104.23308 69.487176 -0.13593074 102.799953478 71.9364038178 -0.0388896233388 2.83770479983 5.56004642392 0
345 5.27729392052 102.67844 69.809947 -0.17996689 101.898267732 72.6146678549 -0.103609068889 2.91120728258 4.3749808825 0
348 5.3378868103 101.19539 70.111952 -0.20894349 99.7880116255 72.6371372266 -0.118397381843 2.89089507212 5.18790984873 0
351 5.36093091965 99.695937 70.47501 -0.24032587 98.2591160035 72.8011711179 -0.154989776027 2.73413242593 4.88939802479 0
354 5.34813904762 98.200311 70.897104 -0.28344925 97.1184818886 72.9009185286 -0.173716782388 2.27719715693 6.28720726973 0
357 5.31447505951 96.614615 71.415819 -0.3144709 95.5603631349 74.0822454133 -0.239985204086 2.86727689854 4.26771600996 0
360 5.35445904732 95.216051 71.909445 -0.34657274 93.7984144165 74.1039263497 -0.266311150406 2.61255466489 4.59865034074 0
363 5.33614802361 93.790761 72.497598 -0.38120404 91.9249257767 74.7750150206 -0.305439595443 2.94414153299 4.34098291029 0
366 5.40108799934 92.417114 73.016357 -0.35870282 90.4544759858 74.3951873852 -0.240036015963 2.39856648976 6.79910703961 0
369 5.35537385941 91.055309 73.519772 -0.33819517 89.6126769413 74.5310557705 -0.224284947989 1.76178378957 6.52657496463 0
372 5.34086608887 89.614615 74.074076 -0.31837694 88.1780671067 75.2162244817 -0.1992651194 1.83525829352 6.82460461048 0
375 5.31906700134 88.314109 74.556366 -0.29979055 87.003713005 75.9667224699 -0.191814564632 1.9251605221 6.18656825036 0
378 5.34077501297 86.88131 74.994533 -0.2764152 84.8108932822 75.601134588 -0.117525445077 2.15745008565 9.10371236496 0
381 5.32592916489 85.443672 75.387112 -0.25727157 83.7771825417 75.9073940309 -0.110503470814 1.74581800493 8.40919265053 0
384 5.32878494263 84.055287 75.832526 -0.23267107 81.8903390988 75.7321410738 -0.074692444997 2.16727399015 9.05150846595 0
387 5.32467794418 82.664555 76.128737 -0.22389476 80.4275505116 75.225338671 -0.0365400173019 2.41253344476 10.7346360284 0
390 5.30193901062 81.173968 76.455415 -0.20673661 79.0273473628 77.1066733004 -0.0540247641519 2.24323818038 8.74974424875 0
393 5.29570603371 79.819657 76.754609 -0.1833313 77.1978852923 77.4986819302 -0.00973697803977 2.72531308526 9.94622199576 0
396 5.30214095116 78.325485 77.027059 -0.15611548 75.867163611 77.6396686136 0.0203856864581 2.53350243546 10.1127719172 0
399 5.32989096642 76.892215 77.264525 -0.13798763 73.7362323085 77.6974154393 0.0443286580743 3.18553306083 10.4459538432 0
402 5.28554296494 75.420868 77.548324 -0.12557438 72.8747637517 77.5928600108 0.0686081892733 2.54649372654 11.1258416744 0
405 5.32827091217 73.926916 77.691819 -0.097717287 70.9395892826 76.8386633032 0.148162642199 3.10676609349 14.0878822101 0
408 5.30717897415 72.448195 77.857208 -0.08052134 70.5272469431 77.4854762419 0.0994109129787 1.95658527468 10.309358694 0
411 5.32055497169 71.010734 77.97039 -0.05919809 69.4590485749 77.0707550819 0.146422323487 1.7936194257 11.7811818745 0
414 5.37078094482 70.665666 77.98114 -0.052809071 69.2666551129 78.4176776124 0.131468135353 1.4655362668 10.5583061845 0
417 5.37359595299 70.65903 77.973391 -0.052747867 69.2158443832 79.2161121384 0.102756382926 1.90450533013 8.90973721708 0
420 5.30135011673 70.662549 77.975477 -0.051931253 69.4173738742 79.3912382293 0.151918433032 1.88542858582 11.6797266647 0
423 5.35966920853 70.657477 77.975804 -0.053730261 69.7142975473 79.6821176053 0.14303153283 1.9496393512 11.2736203559 0
426 5.31433796883 70.657208 77.964864 -0.053397677 70.2527908924 79.6671450682 0.139859259298 1.74966111922 11.0728068115 0
