3 5.55304288864 31.520043 41.394881 -0.0070850614 77.5668181578 111.979117716 1.09601064038 84.2759750774 63.2027281107 0
6 5.52159905434 31.529937 41.402987 -0.0081764059 28.5196712239 24.0659775589 -3.1152405577 17.5964086223 -178.021662575 0
9 5.53127098083 31.522543 41.401068 -0.0068718684 122.332688985 62.6817969661 -1.30883269924 93.2703170313 -74.5968606983 0
12 5.54306197166 31.528168 41.375423 -0.0049451513 39.3194616471 58.5405143724 -0.669010418625 18.8505866889 -38.0481371389 0
15 5.52418780327 31.523843 41.397689 -0.0081913964 56.4764159411 17.3532270884 -2.47038327129 34.6520857237 -141.073202783 0
18 5.64220499992 31.52518 41.394772 -0.0077822512 133.975321526 61.5254192692 -0.685728323977 104.409168458 -38.8434487076 0
21 5.57543992996 31.646202 41.400982 -0.0069641742 95.8225153826 47.1959830909 -0.666418410282 64.4374210923 -37.7839445095 0
24 5.57679986954 32.968315 41.348607 -0.0066445448 71.88597623 83.9829692679 -0.939060496421 57.7258451787 -53.4234987786 0
27 5.56854104996 34.520488 41.363888 -0.010157874 81.5897648378 77.5054463028 0.125732239473 59.3441577461 7.78592997957 0
30 5.49874091148 35.981317 41.339656 -0.012968194 8.63477008021 84.6822104641 1.26975912656 51.2485185729 73.4948617344 0
33 5.56164717674 37.47125 41.3168 -0.01805047 64.9037075289 3.60826210272 -3.0873664323 46.6312508563 -175.858850632 0
36 5.5177719593 39.051821 41.275587 -0.019803098 87.0288964133 62.8447279167 -1.6779733454 52.6025437132 -95.0061568901 0
39 5.51831007004 40.609584 41.247017 -0.013659721 65.6448461122 51.4621582398 1.53625423238 27.0391098148 88.8035281368 0
42 5.53125095367 42.081473 41.279186 -0.014178183 88.2673648286 76.696300139 0.124399588555 58.2023073249 7.9399214444 0
45 5.5498290062 43.552295 41.213208 -0.0092852628 71.8412583991 12.6648346645 2.68766699162 40.1904848229 154.523981727 0
48 5.52157092094 45.079977 41.189892 -0.010404952 103.024840827 74.0446619177 0.363641946001 66.6111338315 21.4313085954 0
51 5.58190107346 46.640834 41.096545 -0.012029947 108.088823858 50.8844125724 -1.51288085287 62.2226470769 -85.992422585 0
54 5.54226303101 48.21014 41.103056 -0.013219293 126.299384518 42.8945717868 -1.26664681212 78.1097922047 -71.8161067709 0
57 5.56275987625 49.69993 40.993437 -0.019411138 124.857193137 4.86377349607 0.14097803184 83.3904478175 9.18962251145 0
60 5.5722951889 51.221815 41.026894 -0.026800957 78.3359815628 6.19748896803 -0.14317686427 44.1391604279 -6.66784832358 0
63 5.47401189804 52.707826 40.957156 -0.02058299 127.5812576 6.2564207427 0.0119173991286 82.5237649826 1.8621351296 0
66 5.519354105 54.31159 40.951842 -0.027308534 130.069005194 4.76799632844 0.151547286091 83.9550870674 10.2476836326 0
69 5.69204306602 55.778879 40.909196 -0.015002614 53.3981117076 42.3141483828 -0.0891153379445 2.76440664492 -4.24634629024 0
72 5.55961418152 57.331901 40.836464 -0.018380323 55.4931929281 42.6009371848 0.0512008454176 2.54837457872 3.98670728392 0
75 5.52954387665 58.848313 40.76075 -0.022921269 57.2317268072 41.4532423378 -0.050683046218 1.75866328689 -1.59063266637 0
78 5.53518891335 60.388876 40.75568 -0.012358794 58.5317566568 40.861190621 -0.105082870485 1.86011417556 -5.31269824186 0
81 5.5425632 61.86858 40.735896 -0.015077049 60.3749039963 41.6321865703 0.0161232274787 1.74195430209 1.78764416187 0
84 5.57867717743 63.333062 40.668539 -0.013920495 61.9607024252 42.3481474645 -0.0567900028955 2.16897565602 -2.45624187221 0
87 5.55097007751 64.876385 40.58717 -0.032109511 63.3010899447 41.8144217659 -0.0432653175048 1.99692298507 -0.639180629787 0
90 5.54541087151 66.44697 40.579857 -0.020157695 64.4802971571 41.8568477749 -0.0305457162449 2.34488965843 -0.595189774823 0
93 5.57361602783 67.930314 40.55804 -0.02084507 66.1434690955 41.6440916415 -0.0357040809896 2.0910100145 -0.851358617444 0
96 5.55662107468 69.414343 40.447992 -0.021831497 68.4074464178 42.3355931086 -0.0268237190763 2.13936408135 -0.286033255363 0
99 5.57129096985 70.999462 40.351868 -0.031419309 69.6977286398 41.4996061863 -0.0454302080621 1.73545748584 -0.802765383445 0
102 5.56407999992 72.481812 40.325422 -0.028226015 71.346697244 41.9569708038 0.00156546013834 1.98757062986 1.7069257909 0
105 5.60259008408 74.028193 40.279112 -0.026102315 72.639752026 41.6730882964 -0.00597934190763 1.96747001328 1.15296142945 0
108 5.54165697098 75.500101 40.224463 -0.026983514 74.1998859974 41.991117536 -0.00428453700354 2.19354218161 1.30055558116 0
111 5.57392096519 77.104162 40.159206 -0.035689283 76.3532666441 42.1949047506 -0.0222130187669 2.16977262375 0.772133064162 0
114 5.59374499321 78.584191 40.097894 -0.03659834 77.5439049606 42.2987368872 -0.0391214119962 2.43431806839 -0.144561376789 0
117 5.55856490135 80.1084 40.071744 -0.024096447 77.9504056538 42.0735169253 -0.00994136502239 2.94347319378 0.811026455979 0
120 5.53612613678 80.881063 40.047709 -0.06972902 78.9995343598 42.3637841318 -0.0686097711286 2.98401642755 0.0641282365565 0
123 5.63748812675 80.819811 40.085383 -0.20196514 79.3031472955 41.5361056998 -0.163384959964 2.09877705914 2.21048148893 0
126 5.62922310829 80.673305 40.189426 -0.34415967 79.0292875571 41.7140306733 -0.336360755311 2.24214467915 0.446844896482 0
129 5.49720191956 80.559381 40.228255 -0.49611957 78.8365438149 41.7940760895 -0.476260590938 2.32808153865 1.13783568569 0
132 5.63629698753 80.474435 40.358509 -0.64523249 78.4892460993 41.8822678931 -0.643943538173 2.5025619145 0.0738514996597 0
135 5.64852690697 80.446897 40.445937 -0.81868337 79.2463380857 42.8327902471 -0.795612643089 2.67178032965 1.3218552823 0
138 5.64638590813 80.377523 40.602704 -0.97166139 79.1083133739 42.5588841329 -0.944062665909 2.33185200806 1.58129041034 0
141 5.56751394272 80.303277 40.677658 -1.1291983 80.2099879656 43.1916402572 -1.05831850301 2.51571254983 4.06111322001 0
144 5.51584720612 80.24067 40.836497 -1.2914427 80.3658556911 44.3326528133 -1.20549408492 3.49839633667 4.92449289913 0
147 5.4850051403 80.334643 40.99259 -1.4510482 79.0303618109 43.0204382223 -1.31443830943 2.41108229492 7.82717016951 0
150 5.83464980125 80.305505 41.173119 -1.6076845 79.6396650333 43.3879240842 -1.50862754195 2.31272662075 5.67554562739 0
153 5.53077912331 80.260339 41.240273 -1.7630876 79.3885984864 42.1474562185 -1.68252157873 1.2581386708 4.61609299067 0
156 5.58389902115 80.351916 41.337649 -1.9138236 78.9654719111 41.2589930663 -1.76095299207 1.38867345609 8.75884064613 0
159 5.6411960125 80.458888 41.424429 -2.0695544 78.5262336437 41.7635379767 -1.90868905976 1.96217933921 9.21690506553 0
162 5.57603001595 80.580246 41.530351 -2.2462491 79.1657604219 41.9444590784 -2.12426275799 1.47385716782 6.98930255514 0
165 5.56372499466 80.700832 41.575869 -2.3973477 79.3483390435 42.3213718586 -2.28098735467 1.54434831227 6.66695668997 0
168 5.60218906403 80.863789 41.557834 -2.56541 79.2819180739 43.1189789585 -2.20980781257 2.22249616607 20.3745045252 0
171 5.76410198212 80.910142 41.637692 -2.7112414 79.8893467111 43.1354977098 -2.45226535778 1.81257964411 14.8382342144 0
174 5.53076815605 81.000304 41.730578 -2.863125 79.65617408 42.4802728786 -2.64917653642 1.53906713721 12.2583439964 0
177 5.54599404335 81.313486 41.614906 -3.0334876 79.8840535712 43.2306841582 -2.82256143857 2.15731688094 12.0851788391 0
180 5.55087399483 81.419836 41.643078 3.1037871 79.3543092337 43.636300573 -2.97384653604 2.87042454139 11.7772432279 0
183 5.70096993446 81.472606 41.653948 2.9566422 78.6778316081 43.6617585648 -3.01763533802 3.44123047267 17.6991114317 0
186 5.50022101402 81.600227 41.551467 2.7956666 79.5201796367 43.8117690061 2.94113040975 3.07173602258 8.33446237065 0
189 5.53953289986 81.705618 41.391179 2.6371497 79.1948494127 42.873272762 2.83915286433 2.9155721254 11.5739287642 0
192 5.53850698471 81.817002 41.340993 2.4823985 79.5774444081 43.253953866 2.67079790502 2.945341658 10.7944907707 0
195 5.59232807159 81.903012 41.262396 2.332631 78.8575322268 43.992476309 2.56089195616 4.09002268241 13.0783894156 0
198 5.64631581306 81.909487 41.089487 2.1583794 79.8239342559 42.9789583181 2.34916368869 2.81418409314 10.9311345392 0
201 5.67378997803 81.924053 40.998223 1.9975831 80.4900736713 43.5245980595 2.27014088897 2.90497291833 15.6164109817 0
204 5.60052490234 81.960862 40.844259 1.8446809 80.8114357155 43.5039687815 1.97577599159 2.8974535208 7.51119546327 0
207 5.54791998863 81.927588 40.703608 1.6857979 80.5704808496 43.7125867254 1.80915774794 3.30086243088 7.06799864848 0
210 5.54113888741 81.924928 40.686406 1.5459903 80.6386661069 44.4638005037 1.83759244253 3.99038580767 16.7075720642 0
213 5.52669811249 81.81851 40.588718 1.3660151 80.3582921359 43.7242052577 1.58908780639 3.45883167465 12.7811246004 0
216 5.49380302429 81.824065 40.431016 1.2110526 80.8565315306 44.0725575869 1.48050514234 3.76788350978 15.4384934549 0
219 5.51838588715 82.277545 41.390368 1.1504821 81.5014051343 46.2233529709 1.3942498833 4.89490927597 13.9668651645 0
222 5.54609012604 82.927041 42.739254 1.1137092 82.2813245115 47.6473196547 1.37750364073 4.95035940655 15.114308113 0
225 5.53763484955 83.677797 44.09726 1.084748 81.3565659336 47.0778079424 1.2373348814 3.77780090798 8.74258431357 0
228 5.5409591198 84.372874 45.412874 1.0478677 82.1453736166 46.4481224556 1.24174724864 2.45631783836 11.1084798712 0
231 5.52545809746 85.159381 46.677356 1.0274995 83.2059648799 48.5117338063 1.16882989814 2.67969708634 8.0976353305 0
234 5.53263306618 85.928298 47.908079 0.99952116 83.3092965574 49.6083247984 1.07863807483 3.12249969273 4.53306530813 0
237 5.508040905 86.76373 49.194484 0.95689161 85.3289271682 51.0252212193 1.04848244236 2.32599611609 5.24776813611 0
240 5.49487996101 87.649962 50.387631 0.93226665 85.4583807846 52.3964921179 0.9965337988 2.97297009987 3.68223638758 0
243 5.50125789642 88.570925 51.559268 0.90792052 86.46703881 52.6153722203 0.95962352455 2.35408012282 2.96236394883 0
246 5.57004594803 89.47196 52.652014 0.8832857 87.0111180949 54.0258517919 0.912739709097 2.81836356069 1.68759041102 0
249 5.52407097816 90.492516 53.754021 0.83763364 88.6242054418 56.133140744 0.92471481559 3.0250281153 4.98938383632 0
252 5.50266098976 91.498687 54.898001 0.81217592 89.7283435354 58.2279340929 0.892452927522 3.77128232648 4.59953372293 0
255 5.54927396774 92.568948 55.94073 0.78340538 90.3548859239 58.9004305542 0.850528214093 3.69620051502 3.84585510249 0
258 5.52838397026 93.547241 56.960456 0.75288469 90.5159567301 59.9179607335 0.844094138136 4.23503466028 5.22591642991 0
261 5.57460308075 94.620679 57.928363 0.72990952 90.6528051892 59.9116857195 0.823640532808 4.43594314524 5.37039144341 0
264 5.57705807686 95.770396 58.899507 0.6896339 92.9556469795 61.3418396159 0.783433477839 3.72663395774 5.37431993028 0
267 5.53560900688 96.962501 59.840194 0.66858365 93.1143369177 63.1452062816 0.774025915252 5.07261993307 6.04139678125 0
270 5.58073711395 98.232224 60.772339 0.64204005 94.9976827281 63.5847892699 0.716357885816 4.28627271188 4.25809833482 0
273 5.49436402321 99.416545 61.686454 0.60185601 97.5909910258 64.1567944532 0.630339910574 3.07168183042 1.63200728696 0
276 5.46618390083 100.66015 62.48684 0.57932353 99.0812682236 65.0569310694 0.600404548013 3.01632819317 1.20785335997 0
279 5.5206990242 101.84252 63.245661 0.55317695 100.087093447 65.4169176784 0.583650623113 2.79210994517 1.74601285566 0
282 5.52279806137 103.2489 64.041483 0.52149049 100.807716531 65.6966325997 0.534853080865 2.94938924634 0.765620059907 0
285 5.5528318882 104.5021 64.838724 0.48902664 101.644208338 66.4642530804 0.532169497298 3.28783964667 2.47190363931 0
288 5.53556895256 105.89753 65.50297 0.45749312 102.975106915 68.2006685309 0.494786039505 3.97720178664 2.13672689337 0
291 5.54943299294 107.23441 66.106065 0.425495 104.743397231 68.7193038278 0.513522099003 3.61028555458 5.04358125567 0
294 5.57959604263 108.62185 66.694881 0.38650919 105.687150616 69.428401027 0.465613385812 4.01056008739 4.5323365618 0
297 5.58801198006 110.08086 67.251857 0.35533208 106.348893538 69.978189448 0.437258852215 4.62173801625 4.69405827703 0
300 5.51837897301 111.50781 67.766864 0.33459052 109.075322065 69.7785349978 0.360427889807 3.15655156108 1.48037224367 0
303 5.54546093941 112.87691 68.182524 0.30685182 109.265809457 70.2373505214 0.319890145521 4.15479953381 0.747041024257 0
306 5.50289201736 114.36462 68.651393 0.28808498 111.591569163 70.7192354639 0.331257806103 3.45915934864 2.47362072536 0
309 5.52012491226 115.83449 69.001579 0.25083859 112.125725865 71.0389184601 0.253661184616 4.23151078019 0.161722758776 0
312 5.55386996269 117.19736 69.329841 0.23044123 114.117488742 72.2910576356 0.273317612431 4.27251810165 2.45663575408 0
315 5.51527094841 117.78731 69.484411 0.20147117 115.562608829 72.7897045134 0.253632973972 3.98425156199 2.98865121939 0
318 5.53076505661 116.42938 69.228806 0.13415298 114.57100051 72.1924916681 0.214162069738 3.49814337467 4.58418316469 0
321 5.54265904427 114.80773 69.128985 0.0979988 113.510998106 72.0533350509 0.164857327415 3.19895870939 3.83071144536 0
324 5.51852202415 113.35769 69.056433 0.067460522 111.500884166 71.6694828393 0.116067489491 3.20558221949 2.78497409217 0
327 5.60793089867 111.81488 68.96352 0.032275621 110.765126106 71.6011480294 0.102166909838 2.83884921401 4.00447587515 0
330 5.54851698875 110.29576 68.94659 -0.0039959963 108.598190794 71.0911097307 0.097253864397 2.73508794826 5.80118969423 0
333 5.61685395241 108.74459 69.016615 -0.039899491 107.792857344 71.5676896331 0.0279861830312 2.72282515647 3.88956261139 0
336 5.58736801147 107.27384 69.125159 -0.081381225 105.751881686 71.1127938821 0.0124076156142 2.50340758421 5.37370473262 0
339 5.55637717247 105.77123 69.311189 -0.11875782 104.601335519 71.8619000787 -0.0222987411728 2.80620385997 5.52669811252 0
342 5.66267800331 104.23308 69.487176 -0.13593074 102.43980922 72.6666924022 -0.0908971895867 3.65036226175 2.58023237517 0
345 5.57540512085 102.67844 69.809947 -0.17996689 101.920874593 72.0878781952 -0.0738052358041 2.40059906614 6.08261473155 0
348 5.52265501022 101.19539 70.111952 -0.20894349 100.027801548 73.2791398054 -0.160105700696 3.37555053105 2.79819920785 0
351 5.51202297211 99.695937 70.47501 -0.24032587 98.2709232188 73.3599039948 -0.18505401457 3.21765095032 3.16684404199 0
354 5.53794598579 98.200311 70.897104 -0.28344925 97.0823441993 73.2124173743 -0.185201921969 2.57109427846 5.62915724459 0
357 5.55919003487 96.614615 71.415819 -0.3144709 95.9621735057 74.4778544385 -0.277162872543 3.13077321603 2.13759251525 0
360 5.54139399529 95.216051 71.909445 -0.34657274 93.9239106231 73.6550194017 -0.234391003827 2.17178653319 6.42754002116 0
363 5.62623286247 93.790761 72.497598 -0.38120404 91.6369555736 74.7381184104 -0.298412372066 3.10786253299 4.74361315149 0
366 5.61866402626 92.417114 73.016357 -0.35870282 90.5370042796 74.7433177822 -0.277076470602 2.55288192132 4.67684531759 0
369 5.57063698769 91.055309 73.519772 -0.33819517 89.8656713208 74.092049084 -0.215263995253 1.32012835311 7.04343748358 0
372 5.59182882309 89.614615 74.074076 -0.31837694 87.6381013246 75.1277764243 -0.187005510244 2.23984171166 7.52702847363 0
375 5.57221794128 88.314109 74.556366 -0.29979055 86.8021832204 75.4030348299 -0.173648975828 1.732849581 7.22737982116 0
378 5.61760306358 86.88131 74.994533 -0.2764152 84.8585340642 75.8839017491 -0.13750812334 2.20966043962 7.95878923711 0
381 5.55869793892 85.443672 75.387112 -0.25727157 83.4895939613 76.0125604412 -0.124511696352 2.05173261757 7.6065804487 0
384 5.77532696724 84.055287 75.832526 -0.23267107 82.0854227708 75.864245491 -0.0598350221863 1.97011959216 9.90277608745 0
387 5.57831597328 82.664555 76.128737 -0.22389476 80.6295932584 76.198801817 -0.0626073928067 2.03616756886 9.24108542895 0
390 5.47552704811 81.173968 76.455415 -0.20673661 78.6571413256 76.6674636371 -0.0107982925937 2.52574367933 11.2264386323 0
393 5.55861401558 79.819657 76.754609 -0.1833313 77.4468886038 78.5110443059 -0.0795577652197 2.95213394778 5.94578556807 0
396 5.54481291771 78.325485 77.027059 -0.15611548 76.0946822822 78.0203430704 -0.00240883035221 2.44194471889 8.80674230791 0
399 5.56160092354 76.892215 77.264525 -0.13798763 74.6473079972 77.7873503919 0.0415666928109 2.30498456433 10.2877048904 0
402 5.54432797432 75.420868 77.548324 -0.12557438 72.2374161406 77.5907744896 0.0733998985808 3.18373487987 11.4003863943 0
405 5.56450915337 73.926916 77.691819 -0.097717287 70.9831003846 77.5621109539 0.0867333890071 2.94667177591 10.5682452635 0
408 5.54779100418 72.448195 77.857208 -0.08052134 70.5056663338 77.072121335 0.136821249348 2.0951798707 12.4528130781 0
411 5.59227705002 71.010734 77.97039 -0.05919809 69.3874316204 77.5597296816 0.15047768327 1.67444095525 12.0135368745 0
414 5.54264903069 70.665666 77.98114 -0.052809071 69.8774895845 79.1477061584 0.103676059332 1.40787025817 8.96593752458 0
417 5.57982110977 70.65903 77.973391 -0.052747867 69.8414934238 78.9264520542 0.122568404299 1.25566373941 10.0448824254 0
420 5.60512804985 70.662549 77.975477 -0.051931253 69.6443089268 79.0601849047 0.152999347512 1.48775135198 11.7416585024 0
423 5.52884483337 70.657477 77.975804 -0.053730261 70.1030519856 79.8532550928 0.14228017635 1.95760305028 11.2305708007 0
426 5.52787494659 70.657208 77.964864 -0.053397677 70.6045186856 80.0091846146 0.108522585189 2.04499949617 9.27734764106 0
