3 1.54368400574 72.513547 45.80148 1.6808269 148.267254373 82.8593401365 -2.09065575051 84.3321360968 143.909961619 0 0.006
6 1.55679297447 72.505015 45.806851 1.6805552 121.564845556 8.40648696152 0.552309758043 61.6899846358 -64.643702079 0 0.006
9 1.55375695229 72.51553 45.801787 1.6811119 114.589888526 101.193683717 -0.50581306713 69.5594268755 -125.301570728 0 0.004
12 1.54661202431 72.511327 45.798497 1.6805172 130.011407018 74.4009391726 0.728624539298 64.2211717451 -54.5394320077 0 0.004
15 1.55717802048 72.518426 45.80176 1.6806948 37.0986821733 73.5517718704 2.67197399421 44.9957932651 56.7961141473 0 0.004
18 1.54847502708 72.509508 45.806599 1.6825332 76.2834427763 84.7141900876 0.542852213967 39.0901935008 -65.298910491 0 0.004
21 1.55460000038 72.510969 45.800989 1.6811293 45.174414621 89.6123189724 2.17568074369 51.6402927884 28.3357104756 0 0.006
24 1.55973291397 72.522343 45.818169 1.6838228 75.9283971851 141.765350137 -1.181387926 96.0076183083 -164.164482016 0 0.006
27 1.57410693169 72.508499 45.799812 1.6808804 64.0595391404 107.159850145 -1.78506390414 61.9389958254 161.416019346 0 0.01
30 1.56168889999 72.523901 45.815543 1.6832165 41.1768318345 78.8580104323 2.32411936502 45.5460579993 36.7210292434 0 0.01
33 1.56514501572 72.511009 45.802779 1.6808191 33.5526075105 92.3002134932 1.29768142869 60.6610951193 -21.9521715385 0 0.01
36 1.57963895798 72.527172 45.853315 1.6851825 107.862176733 60.6103460969 0.190756597798 38.2927215835 -85.6242969912 0 0.008
39 1.55841588974 72.188088 49.017093 1.6798669 19.2797182137 43.2258698249 -1.40574981729 53.224372794 -176.792815096 0 0.01
42 1.54925394058 71.804616 53.279503 1.6643548 21.4254892573 38.5958341423 -1.78787526966 52.4753898745 162.2017871 0 0.014
45 1.56309700012 71.568933 57.324136 1.642571 101.044892707 44.8985225747 -1.80870921096 31.9879363141 162.256209995 0 0.01
48 1.56645894051 71.37336 61.652431 1.6431927 74.4436753617 125.566163717 -1.54050551565 63.987436784 177.587529 0 0.008
51 1.56641101837 71.165072 65.844712 1.6344026 65.5411508647 87.7792482282 0.182403479888 22.6440360466 -83.1934214391 0 0.006
54 1.54759192467 70.960331 70.343426 1.6128178 94.1476114807 67.5904365813 0.573116721571 23.3501376191 -59.5704837492 0 0.006
57 1.5351331234 70.885213 74.631613 1.6236159 126.75592901 78.7282140513 -1.11674074771 56.0207019557 -157.010870274 0 0.008
60 1.55865693092 70.832043 79.069602 1.6124517 53.5870581567 126.940144923 2.22448866106 50.8820045009 35.0671347746 0 0.01
63 1.55705022812 70.841819 83.283634 1.5826474 25.1850398103 126.15556142 0.370379647867 62.6302135291 -69.457825837 0 0.004
66 1.56381797791 70.897044 87.066595 1.5142468 65.6001379201 64.4065872161 -0.318291674888 23.270865192 -104.996720406 0 0.006
69 1.54697394371 70.898205 87.488163 1.2381173 55.2099183675 104.790073975 -2.63556738718 23.3554803175 138.05421626 0 0.01
72 1.54104685783 70.648486 87.373684 0.94938085 78.0511649918 68.1252305336 -1.1407277682 20.6228663649 -119.754402547 0 0.006
75 1.56031298637 70.490448 87.162959 0.64684814 49.221898913 69.2227871915 -2.28098009699 27.8244666577 -167.752201119 0 0.008
78 1.54896783829 73.090524 88.460194 0.4660111 49.2259705416 67.4530038948 -1.66497035097 31.7933789945 -122.096243361 0 0.008
81 1.54911208153 76.750616 90.291223 0.4640309 104.681716353 35.593435112 0.725143092997 61.4165642703 14.9606266381 0 0.008
84 1.5545129776 80.704264 92.172539 0.45240664 26.6315099104 95.1607283646 1.13879903312 54.1552583829 39.3273872157 0 0.008
87 1.54227089882 84.637734 93.972859 0.42386385 90.250899609 71.2469089981 1.21338494162 23.4088964208 45.2362263864 0 0.008
90 1.54610395432 88.678811 95.730817 0.41656148 30.9500342039 10.064864527 -0.995448905082 103.30182517 -80.9022356938 0 0.004
93 1.55167579651 92.647535 97.41769 0.40779386 24.3340693622 73.3668081642 -3.06977162486 72.4235769934 160.750174737 0 0.016
96 1.54529905319 96.759828 99.128022 0.39320766 103.906367818 114.660387018 -0.208598057541 17.0975844613 -34.4809277019 0 0.012
99 1.70664405823 100.07577 100.58602 0.32958371 13.72334515 74.4146493182 -2.95406014758 90.2312690858 171.861065536 0 0.014
102 1.71691894531 100.12714 100.52966 0.1390585 84.6684063159 109.749912313 -1.21590296174 17.999597213 -77.6335731603 0 0.006
105 1.55511903763 100.08551 100.52401 -0.14356162 12.4645386815 69.5697101327 2.70748704298 92.9279467925 163.353055575 0 0.012
108 1.55854892731 99.772178 100.71077 -0.40700642 74.681021554 132.002387832 1.06883397807 40.1089949808 84.5594260445 0 0.004
111 1.55924797058 99.760338 100.7618 -0.66729138 110.960704897 57.2065592582 -1.65903886977 44.9722938563 -56.8229455065 0 0.008
114 1.55613183975 99.638101 100.95548 -0.8821311 10.8447348204 71.6568370611 1.89139791504 93.5022585586 158.911506919 0 0.014
117 1.55082011223 99.549051 101.11221 -1.1251977 81.7972012071 93.0711925724 -2.45064171873 19.4881023279 -75.9423482539 0 0.006
120 1.55654597282 100.80276 98.46873 -1.1938854 12.9224061573 69.342052128 1.63260021461 92.5814233817 161.945696572 0 0.01
123 1.54787993431 102.35582 94.496879 -1.1822805 71.4591785738 101.884936798 1.23164806253 31.7676856167 138.307918679 0 0.008
126 1.53905701637 103.84912 90.431736 -1.1842505 122.179316056 92.5630316419 -0.338591204052 18.4536855008 48.4527085638 0 0.01
129 1.55007100105 105.46668 86.336829 -1.1831903 122.27319685 62.3184303116 0.0479916455068 29.3145439018 70.5415292902 0 0.01
132 1.55320596695 106.96067 82.891423 -1.1821311 123.177123562 62.819731169 -0.0838812700136 25.8039954096 62.9250801092 0 0.014
135 1.56611895561 108.13488 79.987125 -1.1809983 126.212274511 63.0741355548 -0.0206600848533 24.7556337885 66.4824825356 0 0.012
138 1.55989694595 109.11096 77.465416 -1.174964 132.298373845 64.4693751486 0.264276567319 26.5810691774 82.4624102114 0 0.018
141 1.55875182152 110.00241 75.115832 -1.1797573 129.792385663 64.2978468519 0.0206985879884 22.5537566585 68.7810558734 0 0.012
144 1.55093979836 110.9669 72.896666 -1.1819268 138.78202992 64.9736546234 0.176138122127 28.9215414827 77.8113883426 0 0.01
147 1.54253792763 111.79529 70.750926 -1.1680053 101.361174384 90.5378285123 1.11576422879 22.3694496962 130.85035538 0 0.014
150 1.54387593269 112.62755 68.634671 -1.166408 29.957125612 99.925658412 2.32777819074 88.3941455172 -159.797878438 0 0.006
153 1.54267191887 113.50263 66.493746 -1.1746568 88.5362845388 80.4455225558 0.803381133501 28.6001831244 113.333225306 0 0.012
156 1.54323101044 114.39844 64.423702 -1.1690506 108.304081419 43.7659345336 -2.37961135553 21.5379795525 -69.3600221363 0 0.008
159 1.54781794548 114.9392 62.935672 -1.1627449 33.208511639 84.7823341063 -1.48796808931 84.6001304086 -18.6339161471 0 0.016
162 1.54430985451 115.58582 61.52951 -1.1720902 31.575162162 98.0553763788 -2.97018231618 91.6074753778 -103.023089433 0 0.02
165 1.55674290657 116.16312 60.165609 -1.1710096 27.9775897934 92.2140339643 2.0660139499 93.8285099557 -174.532212406 0 0.018
168 1.55733680725 116.71267 58.758483 -1.1690165 29.1905427011 95.5265570973 -2.13316335111 94.9316282371 -55.2415453992 0 0.016
171 1.54450082779 117.29804 57.404001 -1.1730259 30.0574232172 96.0203871275 -3.07280269085 95.4051911281 -108.849192132 0 0.016
174 1.53676605225 117.3062 57.346669 -1.1782941 35.3015406651 93.3816324872 2.42931825018 89.5727790468 -153.299038215 0 0.008
177 1.55210399628 117.30973 57.394113 -1.1925087 28.8473845557 93.0583843822 1.46880938918 95.3809562477 152.482294452 0 0.014
180 1.5526099205 117.3509 57.478875 -1.2542253 32.5700713091 92.6531756911 1.6610498693 91.7879095667 167.03296332 0 0.02
183 1.54854106903 117.31554 57.561663 -1.3141336 26.8085455562 91.0169225623 1.2458891567 96.4923335588 146.678499416 0 0.02
186 1.55435395241 117.31761 57.625945 -1.389572 27.5448588505 91.0999786532 1.43219472415 95.8105306214 161.675324064 0 0.022
189 1.55001807213 117.34247 57.653648 -1.4539696 36.2917357246 94.392817617 -0.825234494595 88.9886965335 36.0238679714 0 0.016
192 1.547976017 117.36058 57.739095 -1.5147103 28.2921303425 93.1244294854 1.30880487757 95.8400261948 161.775503066 0 0.022
195 1.55566191673 117.34118 57.80351 -1.5718326 64.5268090541 107.088230782 -2.46315556101 72.2380888518 -51.0690438487 0 0.02
198 1.55538892746 117.32521 57.826191 -1.6475747 31.7211959578 93.563104965 1.77604440922 92.7640783918 -163.841074381 0 0.022
201 1.54430794716 117.28663 57.948056 -1.7072698 30.727659246 84.6394496404 0.211820283358 90.5808253024 109.955762282 0 0.02
204 1.54826402664 117.37131 58.006137 -1.7818651 24.8360236662 93.4398082345 0.689304146822 99.0874577029 141.587568305 0 0.016
207 1.54963707924 117.40314 57.989067 -1.8555926 36.9191153679 96.9827269591 -1.7501442068 89.4325653104 6.0417478866 0 0.016
210 1.54937195778 117.02719 57.008887 -1.8977403 31.2799749658 92.1268406234 1.79363642355 92.6598918239 -148.499693148 0 0.02
213 1.5489461422 116.38504 55.250118 -1.9095407 62.2189804342 103.266647283 0.207946197294 72.3847296969 121.323062389 0 0.022
216 1.54862999916 115.67443 53.450651 -1.9075572 102.531105567 48.5266252046 -2.30474902229 14.0354197363 -22.7574150743 0 0.018
219 1.55138301849 115.02136 51.574537 -1.9165104 111.980513389 79.9479177366 1.0226623258 28.5358630942 168.402192449 0 0.016
222 1.54629802704 114.35753 49.684701 -1.9233127 25.3515162114 100.594097155 1.54231141764 102.537003601 -161.43436468 0 0.01
225 1.55802798271 113.59486 47.870819 -1.9110101 36.1722659489 102.268539069 2.08253018209 94.6222490659 -131.186996521 0 0.01
228 1.55621910095 112.87829 45.986656 -1.9118326 84.6973124481 76.1430397535 -1.09010976454 41.2743864506 47.0812504015 0 0.01
231 1.54362511635 112.17059 44.128463 -1.9122248 15.2884767134 108.430892136 0.293687310618 116.279603834 126.389453915 0 0.004
234 1.54844999313 111.43202 42.277019 -1.9027456 116.787343112 42.8825496156 -1.40928593635 5.3894482986 28.2731560872 0 0.01
237 1.75108599663 110.82393 40.37458 -1.9174412 61.629972718 89.9113246671 -1.41035180325 69.8135696357 29.0540822696 0 0.008
240 1.66578412056 110.14399 38.567468 -1.912432 42.6130361378 117.477318697 -2.94178965301 103.861418566 -58.9778491271 0 0.008
243 1.55513882637 109.42625 36.696167 -1.9074722 83.7996273259 101.612639668 0.457688049013 69.7916342651 135.513700141 0 0.004
246 1.55472707748 108.96452 35.308972 -1.917648 38.3380553375 102.769881945 -2.58166572777 97.6681723046 -38.0454133234 0 0.008
249 1.55850100517 108.91335 35.330429 -1.9171391 78.3647712507 43.2602528215 -2.73252891091 31.5610166098 -46.7183948231 0 0.01
252 1.56009316444 108.9585 35.348205 -1.9450374 85.544184877 76.5644062428 -2.07244581838 47.4025885112 -7.2999646474 0 0.008
255 1.55483007431 108.97674 35.368834 -2.0165302 32.7448219755 84.6506000247 -0.844030940041 90.7744335604 67.1792590779 0 0.012
258 1.55139899254 108.99865 35.397074 -2.0803106 102.245998983 58.62357687 -1.90106719022 24.1881940485 10.2698908859 0 0.006
261 1.56623005867 109.05048 35.474836 -2.159245 13.3111933284 45.807704984 2.61592795446 96.2952708798 -86.4027432642 0 0.006
264 1.55620384216 109.09365 35.518169 -2.2238592 77.6244091447 33.790030178 -2.59848320024 31.5166556569 -21.4643741179 0 0.008
267 1.56135010719 109.14301 35.568827 -2.2920109 112.00177413 68.5255362302 -0.320986912444 33.0804657711 112.931355806 0 0.014
270 1.55812191963 109.24021 35.586114 -2.3597618 36.8041990899 103.711793284 -1.02635792468 99.4388447963 76.3984144424 0 0.012
273 1.56107497215 109.32691 35.57971 -2.4292889 73.6884113665 110.847696357 -2.23458844309 83.2788830082 11.1555144502 0 0.01
276 1.61718392372 109.34422 35.612178 -2.4970016 52.8462162893 102.522156262 0.368589468756 87.5726533472 164.18627405 0 0.014
279 1.56077599525 109.45255 35.562283 -2.5751384 68.217601438 110.060281871 -2.17003148913 85.148533861 23.2109162447 0 0.018
282 1.55725979805 109.51035 35.610832 -2.6455993 37.5977766811 86.6520634247 -2.30929065248 88.1851773638 19.2690661167 0 0.01
285 1.55772995949 109.52669 35.619453 -2.7060079 30.5866904616 83.9959540436 -0.449982689773 92.5840665576 129.260723021 0 0.008
288 1.55953121185 109.56751 35.667144 -2.7779359 55.6758972675 111.137046464 -1.14049242363 92.7362501986 93.8186003872 0 0.006
291 1.55648398399 109.58407 35.725569 -2.8421247 71.6930756282 131.742029972 0.321455327638 103.222518047 -178.740216264 0 0.008
294 1.55374002457 109.62066 35.728072 -2.9074408 32.4793676882 93.2952536702 1.00173943068 96.2536201137 -136.020471426 0 0.014
297 1.55825996399 108.40689 35.538158 -2.9474042 55.0575086306 98.3978971158 -0.255254017614 82.44697262 154.248843266 0 0.008
300 1.55953788757 106.63579 35.154474 -2.9731605 33.2953999363 97.3381440027 -2.94224028118 96.1541555509 1.77159803973 0 0.012
303 1.55806207657 104.74277 34.838538 -2.9724974 33.0844329538 98.313085846 0.278074164161 95.728446621 -173.755968368 0 0.014
306 1.56375002861 102.71686 34.507066 -2.970186 67.3982998556 104.257690973 0.474556485218 78.1828010163 -162.630794088 0 0.008
309 1.56056594849 100.87602 34.149296 -2.9774562 59.7236499686 104.658934319 -0.0525362362013 81.6402269415 167.585569339 0 0.024
312 1.5623998642 98.917573 33.856952 -2.9648121 36.0276501138 91.2875039384 -0.0320025417266 85.1669577746 168.037609805 0 0.014
315 1.54901409149 96.872255 33.519705 -2.9713846 62.0826954588 101.739805117 -1.25177307372 76.5786883733 98.5264828577 0 0.018
318 1.54745388031 94.700759 33.157106 -2.9752463 45.7642361502 83.9431538183 0.188180480997 70.5266327116 -178.74899665 0 0.01
321 1.55819296837 92.656194 32.878926 -2.9695623 66.8106348672 96.0531972573 -0.458430980966 68.2567320913 143.877226384 0 0.01
324 1.55664587021 90.628889 32.525228 -2.9736018 62.8824710883 109.295298722 2.40825918912 81.6303097239 -51.6420793973 0 0.006
327 1.55827689171 88.510396 32.191288 -2.9695852 65.3978710478 99.0977694422 -0.0765791871863 70.7860584342 165.75703464 0 0.014
330 1.55150413513 87.334812 32.006658 -2.9896435 42.1754540857 75.2968404617 -0.945133969513 62.5572338327 117.141767271 0 0.012
333 1.559278965 87.328365 31.983283 -3.0015998 44.5582575633 73.7505802117 -0.981759619693 59.7811776943 115.728317623 0 0.018
336 1.56521105766 87.328448 32.00285 -3.0442403 20.7048428828 86.9173758195 -2.76918884102 86.3383455064 15.7592877483 0 0.012
339 1.56335902214 87.480424 31.977098 -3.121648 45.7182142692 71.8498997696 -1.12762517456 57.7401288754 114.24909215 0 0.034
342 1.5581510067 87.509332 32.088761 3.0972389 43.1863796364 72.9500491848 -1.42356828723 60.2840690261 100.976828179 0 0.028
345 1.55878400803 87.537767 32.004513 3.0032565 47.5744716653 88.8064067741 -0.105045941117 69.4515666513 -178.092611326 0 0.016
348 1.55661296844 87.588829 31.971963 2.902116 48.4713982725 73.3848268083 -0.930277228498 56.9666452893 140.420042573 0 0.012
351 1.56800794601 87.696053 31.883789 2.7788249 45.8463552218 73.2909544886 -1.6070188452 58.8723242104 108.709663796 0 0.026
354 1.55414414406 87.777704 31.698119 2.6376296 44.1928282103 72.921823785 -1.55675867074 59.991959743 119.679254447 0 0.034
357 1.56693100929 87.896098 31.65995 2.4917922 49.2114994671 73.4545594658 -1.93844231155 56.9498686921 106.166260235 0 0.028
360 1.55476307869 87.958395 31.594625 2.366513 43.0779398452 73.1989069573 -1.87644742445 61.1978065954 116.896275038 0 0.028
363 1.55167198181 87.964094 31.460561 2.2184109 44.1756729057 94.7136093953 -0.640647279935 76.9309687527 -163.811967093 0 0.006
366 1.55423784256 87.708527 31.831987 2.1125682 97.703511947 73.3315629311 2.43931059983 42.6862334547 18.7209604984 0 0.004
369 1.55994105339 86.721318 33.612273 2.0920166 37.0940321501 107.641572626 2.18365595885 89.124658226 5.25054849947 0 0.008
372 1.54905509949 85.724716 35.405361 2.0873093 31.0709223053 75.9051427912 1.87603786762 68.0240361222 -12.104961407 0 0.012
375 1.56475996971 84.755772 37.248267 2.0862059 18.21327819 78.2195493466 -2.89164702732 78.1444141291 74.7900362278 0 0.02
378 1.55845594406 83.690185 39.149374 2.0868314 37.0022362888 73.4638956109 -3.00367951554 57.9417893083 68.3352089745 0 0.006
381 1.55591702461 82.666747 40.97523 2.090975 87.4147092168 44.0572812066 -0.907488657564 5.66058167083 -171.799312602 0 0.006
384 1.54718399048 81.635815 42.877142 2.0910396 103.984021317 86.3449468889 -1.26057813499 48.8762967852 167.966449244 0 0.006
387 1.55831408501 80.624097 44.699122 2.0805048 33.8465630376 84.9390542182 1.75589131687 61.7040503413 -18.5989825565 0 0.012
390 1.70507597923 79.602515 46.546403 2.0762437 32.6266942064 89.0719291633 1.77186323517 63.3651963991 -17.4397160011 0 0.006
393 1.56283092499 78.599692 48.40129 2.0808805 64.6798174066 108.538807859 -0.169440265094 61.7274976239 -128.933882391 0 0.008
396 1.55070996284 77.532669 50.298142 2.0919608 59.5588534282 130.301835026 1.33976729418 81.9978593868 -43.0975132607 0 0.006
399 1.54673409462 76.53881 52.074716 2.0854653 33.8507820037 97.4684855766 1.45775990818 62.3126155011 -35.9648697287 0 0.012
402 1.54963088036 75.533974 53.92833 2.0838411 78.6272386223 58.6837535598 2.61778626148 5.67294802169 30.5928042444 0 0.004
405 1.55836200714 74.451304 55.860797 2.0823704 76.1726376401 108.942143295 -0.220076732938 53.1092488556 -131.920503269 0 0.008
408 1.56654000282 73.464188 57.689364 2.0801622 56.2519237902 94.5449906464 -2.16252596168 40.6767655392 116.911874546 0 0.012
411 1.56027388573 72.461178 59.521835 2.0808323 94.645746998 91.2376360795 -3.00286336376 38.7046139336 68.7256941374 0 0.018
414 1.57125997543 71.469371 61.42577 2.0898858 93.5393249512 45.9550750913 -0.0158135295077 26.95227761 -120.647684504 0 0.008
417 1.76515078545 70.386885 63.322712 2.0827703 54.5718103846 88.937809291 -1.82857177301 30.1039830308 135.896606985 0 0.01
420 1.56872105598 69.38246 65.186025 2.0922796 54.8894239226 103.343961999 -0.212443171434 40.8175973176 -132.050887751 0 0.014
423 1.57506203651 68.400253 67.014087 2.0893798 89.6917905263 116.352863306 0.529513251817 53.7368069164 -89.3737698145 0 0.006
426 1.57857179642 67.30799 68.901204 2.089526 116.701108438 110.724056306 2.49732140337 64.7211798722 23.3649555179 0 0.008
429 1.56421303749 66.315197 70.741557 2.0869248 22.9865206922 60.594846681 -2.02514510661 44.5008979784 124.395749288 0 0.006
432 1.62121486664 65.281228 72.464006 2.0745737 56.1106465114 47.6072782581 -1.47760392224 26.4944612867 156.475214165 0 0.004
435 1.56273198128 64.283593 74.421326 2.0918621 21.092875196 115.399912172 3.13427269842 59.5372373316 59.7257278094 0 0.01
438 1.55163097382 63.28447 76.191493 2.091939 97.9621812254 119.9568219 0.808119056375 55.8385858488 -73.5574644244 0 0.01
441 1.55346894264 62.204887 78.125252 2.0893553 104.555221916 73.0876931531 -0.226906936779 42.6488905678 -132.712050413 0 0.008
444 1.55048584938 61.273659 79.948227 2.0960183 21.6697580431 122.737162666 3.12989179136 58.3040477706 59.2365876056 0 0.008
447 1.56539082527 60.19879 81.787566 2.089809 45.5486473941 24.3215533508 -0.337269474777 59.3040410779 -139.061353152 0 0.006
450 1.55290102959 59.161438 83.629466 2.0974137 58.8230723101 82.8651343633 2.33781615013 0.835879292129 13.7740457773 0 0.014
453 1.55265307426 58.11891 85.485673 2.0964985 55.4979936137 86.6531730015 2.21254468939 2.8691913421 6.64895688074 0 0.038
456 1.56428790092 57.036783 87.336936 2.0992423 56.4009896959 88.3172150729 2.0153256511 1.16840925467 -4.80806981294 0 0.062
459 1.55655288696 56.357629 88.602308 2.124456 53.9432963435 89.7457665775 2.14823270962 2.67142278474 1.3623051117 0 0.036
462 1.55700683594 56.200217 88.720884 2.2094598 52.9252228135 88.3213117148 2.04172600165 3.29927945657 -9.61043872732 0 0.028
465 1.5555100441 56.199637 89.07416 2.3631742 54.2625888109 87.329249172 2.37138559179 2.60708064405 0.47047809359 0 0.036
468 1.5483071804 56.109511 89.161307 2.4869631 54.3913903683 90.2771890463 2.45590128182 2.0486901294 -1.77971108564 0 0.028
471 1.56357002258 56.023191 89.233423 2.608836 51.8966483071 87.0446394739 2.42713621682 4.67109493808 -10.4106307149 0 0.026
474 1.55776309967 54.873312 89.789936 2.6823278 21.2605715698 72.3883464311 2.88994419449 37.8501207231 11.895543162 0 0.01
477 1.55352592468 52.997249 90.667048 2.6986067 47.1577102271 89.2534844062 2.84588781475 6.00819233333 8.43858627735 0 0.02
480 1.55425906181 51.122563 91.609157 2.7018871 45.9976678667 90.7997907633 2.87958995675 5.1884124578 10.1816236994 0 0.006
483 1.55404210091 49.137432 92.566213 2.7007601 88.4437316675 102.982122918 -0.32622278641 40.662960701 -173.43334405 0 0.008
486 1.55413794518 47.308569 93.452781 2.7003868 44.3607631628 94.8175098521 2.76749244534 3.24839100077 3.84487025958 0 0.008
489 1.55612301826 45.360782 94.336008 2.7008969 62.8656369875 90.3160463815 -1.03936000977 17.9605133431 145.699064775 0 0.008
492 1.5651640892 43.468079 95.251019 2.7064338 34.2289316864 100.637007655 -1.17195529361 10.6944245696 137.784673626 0 0.01
495 1.56150794029 41.590918 96.131677 2.7064065 39.8860820415 92.8664339763 2.72883314616 3.68351430688 1.28495217369 0 0.014
498 1.56132078171 39.606214 97.06058 2.704478 37.4556160201 97.3105115747 2.70935905842 2.16507216123 0.279664047283 0 0.02
501 1.55076885223 37.718719 97.944153 2.696243 39.3775372775 90.989693315 3.02496150001 7.14955855895 18.8341826985 0 0.008
504 1.54299998283 35.769603 98.891663 2.7044976 31.4360816253 96.9813235353 2.97810577931 4.7359058664 15.6765939147 0 0.042
507 1.55754804611 33.862509 99.822852 2.7013631 29.8731097124 98.2955056457 2.83078495794 4.27177873511 7.41532623691 0 0.038
510 1.55244994164 31.979521 100.73965 2.7066945 27.2520699933 99.6129004787 2.74774896429 4.8598721696 2.35224753378 0 0.038
513 1.53999090195 30.015598 101.64307 2.7044148 28.7910100308 99.477509481 2.5552953709 2.48782395998 -8.54391393101 0 0.026
516 1.53847002983 28.083667 102.5122 2.7038251 24.868092618 99.0123156409 2.86906752344 4.75280013599 9.46769345937 0 0.016
519 1.56551599503 26.231599 103.44351 2.6987262 22.8138510367 103.67994922 2.77676443668 3.42591661387 4.47126160229 0 0.01
522 1.54638290405 24.326425 104.3449 2.7056645 20.409128923 103.151107942 2.7079813316 4.09516153909 0.132744672303 0 0.032
525 1.54320478439 23.072168 104.95788 2.6888385 20.5586573933 105.43669347 2.76509459025 2.55871020432 4.36915213355 0 0.046
528 1.54980492592 23.059574 104.94595 2.6093304 18.2699959183 103.262107412 2.65749179369 5.07694633248 2.75944459405 0 0.064
531 1.54631900787 23.148655 105.02795 2.4881616 17.6735566761 103.259172837 2.47764290523 5.75371830297 -0.602676816273 0 0.046
534 1.55076098442 23.15609 104.97342 2.3614352 17.6589819658 103.111419159 2.36682306805 5.80389902315 0.308702099565 0 0.066
537 1.55180692673 23.189116 104.80794 2.2179164 18.7898490027 102.510826035 2.27497290453 4.96289055693 3.26909690318 0 0.052
540 1.55231499672 23.170444 104.45908 2.0515088 18.1370801091 101.733306142 2.04938624489 5.72403661619 -0.121613449514 0 0.044
543 1.5468878746 23.203193 104.36781 1.9241471 18.669644743 104.823835572 1.91333123409 4.55642613467 -0.619703468455 0 0.024
546 1.55602216721 23.268475 104.40083 1.8086424 20.6524122315 103.481318465 1.818079553 2.77295616126 0.540709037433 0 0.046
549 1.55082321167 23.269141 104.3114 1.6661585 18.759824898 104.200919592 1.76513386156 4.51066931048 5.67087049339 0 0.056
552 1.55450892448 23.273746 104.22596 1.531085 20.7474420306 108.756619411 1.65728134861 5.18739688523 7.23051816554 0 0.02
555 1.55374789238 23.201513 103.9692 1.3630267 19.2278302579 105.868486268 1.47793660441 4.40425281531 6.5838525469 0 0.04
558 1.54719805717 23.573375 105.47089 1.3112874 20.3285623417 105.470805739 1.40570345623 3.24481265942 5.40964154039 0 0.038
561 1.55060815811 24.091257 107.45193 1.3021436 88.2406319091 90.8586656697 0.358360155251 66.2606876086 -54.0748081585 0 0.006
564 1.54174900055 24.69734 109.54228 1.2971878 21.7527419603 114.137339215 1.53611675082 5.45758433746 13.6896204858 0 0.026
567 1.54741001129 25.24514 111.62222 1.291934 21.9914850012 110.684584314 1.484883387 3.38606431273 11.0551855348 0 0.026
570 1.55188918114 25.838263 113.71051 1.2925571 24.9630614882 113.729265125 1.4154127842 0.87540244513 7.03911219394 0 0.022
573 1.55086112022 26.485855 115.66064 1.2984976 23.3091362182 114.681099641 1.38918131187 3.32431068554 5.19579396047 0 0.048
576 1.55637383461 26.666562 116.70228 1.2516028 20.8106335793 117.580549492 1.25390818419 5.92142339043 0.132088784411 0 0.056
579 1.56219887733 26.671044 116.66524 1.1445574 22.7540651503 114.655575915 1.14678430817 4.40243944238 0.127592439312 0 0.048
582 1.54922318459 26.68282 116.71548 1.0360889 21.7603563608 115.170700496 0.904709556495 5.15916582368 -7.52748189804 0 0.046
585 1.54877090454 26.598988 116.54426 0.86252405 23.2744009915 115.331026443 0.847737424099 3.5390414581 -0.847211257365 0 0.04
588 1.54904794693 26.490987 116.49462 0.72378221 22.8510550219 114.841769649 0.880939580107 3.99762668173 9.00445402649 0 0.018
591 1.5518579483 26.414554 116.44154 0.58967497 21.6676097497 115.415858704 0.646147685918 4.85649069152 3.23564827977 0 0.018
594 1.54896497726 26.30131 116.37003 0.43724496 20.7894184692 116.893114539 0.472792425202 5.53665654364 2.03671972848 0 0.034
597 1.551445961 26.176025 116.35464 0.31453037 20.9573956794 116.234418845 0.499946265718 5.22001389954 10.6235482793 0 0.024
600 1.55358695984 26.088883 116.46581 0.14702743 22.1808957237 117.482461165 0.101498645073 4.03806192904 -2.60860722268 0 0.024
603 1.54745006561 25.977812 116.45377 0.019989929 23.4149212165 117.175310341 0.104877656198 2.66252317004 4.86370850089 0 0.012
606 1.5567510128 25.890585 116.45549 -0.11586106 19.4600532952 115.775791667 -0.014552904703 6.46635351881 5.80452972877 0 0.022
609 1.54777097702 27.617035 116.21759 -0.13548047 24.8656277929 116.441942599 0.0182365320182 2.76053902496 8.80733545505 0 0.026
612 1.55431103706 29.732468 115.90829 -0.14344069 25.4002330491 115.871432739 -0.142104961453 4.3323917329 0.0765316083014 0 0.034
615 1.5607509613 31.744289 115.6014 -0.14068963 27.4090015413 115.668314514 -0.14258608504 4.33580383571 -0.10865886983 0 0.024
618 1.56226181984 33.87565 115.27561 -0.13567301 29.4212266881 113.247193437 0.193496251123 4.89452355137 18.8600094078 0 0.016
621 1.55744695663 35.936054 114.9269 -0.14240112 31.6074154335 114.845595395 -0.0786493338362 4.32940206936 3.65270828361 0 0.046
624 1.56530404091 38.113735 114.67885 -0.14674677 34.493376398 113.527666028 0.0904268295568 3.79897630215 13.5890462665 0 0.032
627 1.56475305557 40.163768 114.30534 -0.14012204 37.1054409957 113.376438547 -0.0339383551009 3.1962825243 6.08387699786 0 0.054
630 1.5750079155 42.346763 113.98058 -0.16006212 39.4186155367 114.27417815 -0.0319091256292 2.94282983539 7.34262570941 0 0.072
633 1.54420995712 44.341947 113.67079 -0.15507802 40.9612559922 113.846739252 -0.0890841189789 3.38526658178 3.78117200211 0 0.086
636 1.54595184326 46.544067 113.30502 -0.15009707 43.9186118811 113.505003078 -0.0204852505036 2.63306054104 7.42621023215 0 0.07
639 1.54159212112 48.557097 112.97025 -0.14631805 46.0393747329 113.643722264 -0.00901133665266 2.60624064601 7.86709517362 0 0.084
642 1.54467105865 50.586062 112.64729 -0.14866611 45.5507738728 114.763920743 -0.0113472827137 5.46207398572 7.86778925119 0 0.064
645 1.54219293594 52.747394 112.3225 -0.14488479 50.3586028231 113.516902681 -0.00574713246693 2.67075289981 7.97200054798 0 0.118
648 1.55287504196 54.919709 111.95097 -0.14565598 51.408496612 113.338685263 0.0145411314102 3.77549547549 9.17861837399 0 0.094
651 1.556235075 56.9199 111.70562 -0.14317608 53.2348310846 113.216116711 -0.0538312302484 3.98262893373 5.119082812 0 0.066
654 1.55658912659 58.963864 111.32719 -0.14485493 55.4853407601 113.938605704 -0.122174179696 4.34966848283 1.29951126861 0 0.094
657 1.54585599899 61.070196 111.0267 -0.15209978 59.9736976988 113.940227375 -0.12175303941 3.11302911838 1.73874015779 0 0.06
660 1.55728816986 63.25691 110.67843 -0.1447313 60.0650407122 112.833044702 -0.186630347091 3.85102506683 -2.40063856392 0 0.074
663 1.55608606339 65.338645 110.4192 -0.14848438 60.8359341962 110.527138252 -0.0822220993287 4.50400435711 3.79654902338 0 0.074
666 1.55171608925 67.412523 110.08404 -0.1445869 63.5547544117 111.289837909 -0.0835186121207 4.04182224713 3.49895515758 0 0.108
669 1.55291581154 69.507235 109.73429 -0.15139682 66.7659203412 111.317541267 -0.0471848152475 3.1656738037 5.97090804692 0 0.17
672 1.53823709488 71.647859 109.39116 -0.14906575 68.6257487782 112.200256483 -0.141953087358 4.12603602029 0.407525550491 0 0.204
675 1.55156898499 73.702975 109.06139 -0.1559357 70.3542091541 112.015350279 -0.078729223206 4.46543547912 4.42360527137 0 0.184
678 1.52165699005 75.754203 108.72815 -0.15045699 72.0304217686 110.467583115 -0.129079320595 4.11000902951 1.22485023271 0 0.17
681 1.54328513145 77.860742 108.43703 -0.15243836 74.2198818627 110.05208594 -0.174458395877 3.98299739266 -1.26165512049 0 0.194
684 1.54737496376 79.97813 108.08555 -0.15170568 76.2773509807 108.8599292 -0.160947749329 3.78092958094 -0.5295315665 0 0.178
687 1.55664587021 82.120618 107.73965 -0.14888428 78.2498586166 108.791565432 -0.152830732575 4.01114750176 -0.226115076578 0 0.254
690 1.54810285568 84.192494 107.42985 -0.14593359 81.3814018909 108.436674476 -0.14100834454 2.9859561904 0.282195777945 0 0.272
693 1.56759691238 86.28045 107.15458 -0.15823172 82.2401393018 108.309501222 -0.158280633984 4.20213678573 -0.00280256482182 0 0.2
696 1.55524587631 88.385341 106.75858 -0.15035877 83.8449160948 108.837563599 -0.131840173477 4.99375921758 1.06103742327 0 0.19
699 1.5496430397 90.512184 106.42958 -0.15443508 87.329149025 106.771470978 -0.0719072822324 3.2013436386 4.72849450459 0 0.206
702 1.55865383148 92.541412 106.11165 -0.15857271 89.5710141909 108.304751588 -0.088022875361 3.69228353736 4.04220777016 0 0.242
705 1.56073498726 94.624435 105.7799 -0.14991569 91.0376627454 107.518668151 -0.0687192340461 3.98600675963 4.65221423758 0 0.3
708 1.55794906616 96.812614 105.41142 -0.16008539 92.1501970184 107.493327605 -0.0653559056352 5.10612097258 5.42759964955 0 0.228
711 1.55561184883 98.833392 105.05687 -0.15857643 94.332977021 106.527331983 -0.154730040364 4.73455313918 0.220381892526 0 0.212
714 1.7476079464 100.9283 104.72764 -0.15390186 94.9728353564 106.171512878 -0.203980536731 6.12799543147 -2.86929682031 0 0.128
717 1.55397701263 103.02648 104.38009 -0.15580909 99.164290438 106.434754612 -0.132436128394 4.37471769142 1.33917205473 0 0.168
720 1.5589389801 103.56436 104.3046 -0.21764658 98.6524859762 106.986384437 -0.305993780725 5.59629111028 -5.06192173332 0 0.182
723 1.56603598595 103.46604 104.39779 -0.32798619 99.069552404 107.207471751 -0.364286401304 5.21760622519 -2.07984890318 0 0.182
726 1.55977487564 103.43166 104.43448 -0.46455789 100.045186033 107.75499464 -0.486769437613 4.74278646017 -1.27262793466 0 0.126
729 1.56548690796 103.35806 104.51276 -0.60050128 99.234021693 107.913668507 -0.623841749646 5.34545326691 -1.33731040257 0 0.132
732 1.59252786636 103.30537 104.5712 -0.75278089 101.084581296 106.528226702 -0.704447147667 2.96004323937 2.76931944374 0 0.098
735 1.60920810699 103.24477 104.73622 -0.88717849 99.0556100868 107.769306561 -0.929662855293 5.17191210905 -2.43417482661 0 0.082
738 1.70826005936 103.11543 104.83266 -1.0218313 101.251216621 105.885070305 -0.937605941974 2.14076130733 4.82575754289 0 0.074
741 1.57365608215 103.3336 104.43355 -1.1359167 98.3490738571 104.914285166 -1.15909536038 5.00765485721 -1.32803941452 0 0.084
744 1.55423307419 104.18264 102.5184 -1.1499809 100.270480776 104.922470222 -1.0124200253 4.59179087364 7.88165754662 0 0.06
747 1.66088986397 105.02068 100.61649 -1.1544373 103.859541265 104.807749851 -1.08180158767 4.34912661377 4.16171975839 0 0.076
750 1.56031703949 105.97315 98.645528 -1.1675657 105.248308912 102.290668775 -1.04947534923 3.71650990508 6.76607870049 0 0.06
753 1.55628108978 106.66644 96.709247 -1.154133 105.429164282 99.5994990187 -1.1779079508 3.14394782635 -1.36220433878 0 0.094
756 1.54589986801 107.65453 94.805864 -1.1707179 104.225910479 97.8807929995 -1.04292855258 4.60549890585 7.32179027405 0 0.104
759 1.55623197556 108.36584 92.821603 -1.1639211 106.445804429 95.7477742774 -1.04358561569 3.49985927395 6.89471537656 0 0.086
762 1.55165600777 109.18739 90.932737 -1.1605274 106.238152418 95.0720953476 -1.05638253641 5.08254757414 5.96706114176 0 0.086
765 1.55297589302 110.00551 88.971931 -1.1631703 107.081888954 89.9310710255 -1.04975483582 3.0769318499 6.49822742912 0 0.09
768 1.54881191254 110.83946 87.051439 -1.1600004 109.079458295 86.8898041184 -1.02495044666 1.76740822602 7.73779234974 0 0.088
771 1.55494904518 111.68317 85.129972 -1.1502451 112.543373659 85.5547351851 -1.13086744203 0.959361296911 1.11025801853 0 0.116
774 1.55981492996 112.49307 83.177328 -1.1488654 112.157498106 85.3602655209 -1.11533254051 2.20857979613 1.92129132369 0 0.146
777 1.56178283691 113.40329 81.226755 -1.149046 113.363150983 83.0075252448 -1.15855425194 1.78122255925 -0.544782706679 0 0.154
780 1.55163002014 114.20236 79.347389 -1.1522317 112.253671075 81.9143118557 -1.14425962928 3.22280645933 0.456766006009 0 0.13
783 1.54780387878 115.10134 77.33273 -1.146946 116.083613323 77.2232099181 -1.04023382257 0.988360020526 6.11415738923 0 0.064
786 1.53781199455 115.87569 75.433999 -1.1405871 112.691122992 76.8691661203 -1.06915165446 3.49301756284 4.09294953687 0 0.064
789 1.55355405807 116.74641 73.521868 -1.1514597 115.205780805 75.3124688045 -1.13649011288 2.36215781795 0.857694163002 0 0.076
792 1.55143713951 117.66191 71.592443 -1.1472421 115.421459801 75.969243237 -1.06931064413 4.91690933504 4.46514351257 0 0.04
795 1.54757404327 118.47567 69.543126 -1.1411103 116.617654106 71.3634066778 -1.05035205516 2.60108531367 5.20006438518 0 0.072
798 1.55202698708 119.32773 67.660396 -1.1493947 117.794720578 71.8622604926 -1.17870875413 4.47278247885 -1.67957158223 0 0.074
801 1.55115795135 120.23613 65.736718 -1.1477983 119.613636564 67.4144800963 -1.08449846453 1.78952053076 3.62681341617 0 0.056
804 1.55812597275 121.05504 63.851108 -1.1435448 118.530759544 65.5904509605 -1.0505241023 3.06550252886 5.32969338531 0 0.05
807 1.55415511131 121.9387 61.889647 -1.1416966 119.801851591 64.0790826574 -1.13852530541 3.05937078816 0.181701795625 0 0.072
810 1.55124902725 122.75206 59.947854 -1.134592 121.460343087 62.7966596625 -1.07974030079 3.12797478991 3.14277086393 0 0.08
813 1.54989409447 123.61313 58.017737 -1.1345099 121.882665391 61.5023068735 -1.08229817111 3.89059570863 2.99151170662 0 0.064
816 1.54446291924 124.50226 56.14403 -1.1250591 123.555466284 59.3763415685 -1.18160183418 3.36812357499 -3.23966003046 0 0.054
819 1.55703091621 125.37031 54.195354 -1.1346431 125.498014161 56.6106962869 -1.08927618935 2.41871592293 2.59933251004 0 0.088
822 1.55267286301 126.19009 52.293812 -1.120627 123.176973662 54.9986468214 -1.07811262974 4.0490741509 2.43589398474 0 0.024
825 1.56312417984 127.09539 50.434417 -1.1252352 126.354734075 54.988423845 -1.1453473011 4.61384325089 -1.15233851027 0 0.06
828 1.54400205612 127.94916 48.435924 -1.125081 126.422072463 50.3726311774 -1.10381983085 2.46633960267 1.21817525961 0 0.066
831 1.55405592918 128.83417 46.49897 -1.1135569 127.679164527 51.8620883359 -1.10973551795 5.48608019698 0.218949063622 0 0.08
834 1.55349206924 129.69028 44.561049 -1.1141866 127.406657085 47.5900091671 -1.17921232023 3.79335383428 -3.72569932908 0 0.09
837 1.54098415375 130.6504 42.689185 -1.1179531 128.684142198 47.4637387973 -1.09902262545 5.16357760744 1.08463629596 0 0.088
840 1.54924821854 131.56218 40.752166 -1.1133477 131.37270471 46.6353170583 -1.0478591 5.88620142876 3.75222038618 0 0.026
843 1.56120610237 131.80181 39.159633 -1.0655485 129.324790507 42.3835266784 -1.09895948264 4.06560155663 -1.91430829449 0 0.084
846 1.54900503159 89.526265 39.287264 -0.26055386 132.140842223 41.2801283708 -1.08347639265 42.6611497769 -47.1499879873 0 0.066
849 1.54977893829 49.129117 22.860079 0.57174269 134.910001614 40.1637741093 -0.96691185965 87.508731162 -88.1584118235 0 0.038
852 1.5504860878 45.693587 19.436118 1.0035584 132.101827824 40.4613266898 -1.06604297897 88.9294297896 -118.579424289 0 0.02
855 1.55831408501 46.841947 21.209275 1.0214136 123.610727503 34.2310065035 -1.47741430631 77.8653398582 -143.172292761 0 0.016
858 1.55472612381 48.00008 22.972907 1.0079248 34.8375503203 91.8215201682 -1.20487770111 70.0955328303 -126.784244209 0 0.014
861 1.55934500694 49.170996 24.731115 1.014741 37.668310611 95.1355394435 -2.92990906739 71.3378914209 133.988199482 0 0.01
864 1.55178308487 50.349541 26.532036 1.0144485 35.4052428221 94.1885914603 -1.6339351767 69.2873837346 -151.741207206 0 0.016
867 1.56204104424 51.518278 28.351001 1.0069992 39.0485998134 96.3931957932 2.01658187694 69.1753796257 57.844826458 0 0.008
870 1.56142902374 52.642563 30.101924 1.0170679 101.066135454 96.2339302633 1.90762609388 81.9651427231 51.0252259204 0 0.016
873 1.55929303169 53.80357 31.912095 1.0183648 99.780157875 100.019576761 2.04177826342 82.173448902 58.6372721507 0 0.022
876 1.53302788734 54.946688 33.671099 1.0064723 39.6390834098 102.810225368 2.12595360825 70.813427775 64.1415542063 0 0.01
879 1.55457615852 56.161659 35.476636 1.0152563 55.4298668697 98.9995775837 0.192499969974 63.5271566117 -47.1404652782 0 0.008
882 1.55298399925 57.333476 37.252395 1.017552 89.0837618582 53.0699455877 2.90209862304 35.4721800666 107.976567796 0 0.004
885 1.55004715919 58.434052 39.044555 1.0099164 55.0689287982 56.7067394812 -2.24683372184 17.9799003004 173.40196309 0 0.006
888 1.54923200607 59.558673 40.733157 1.0155176 20.4485220239 53.3764495102 1.38130617282 41.1030017745 20.9581414168 0 0.008
891 1.57683110237 60.829575 42.673596 1.0256616 48.3148850676 138.903488946 -1.97112346267 97.0402481475 -171.703136199 0 0.006
894 1.55660510063 61.938983 44.298725 1.0235902 44.7200889024 107.910376915 2.55179715602 65.9009299878 87.5598088027 0 0.008
897 1.55288410187 63.08776 46.123861 1.0214801 73.1906750761 52.1345335671 2.95999894033 11.7557253176 111.068948057 0 0.004
900 1.54497981071 64.233274 47.872937 1.026201 113.778308342 8.1622158121 -1.90449226621 63.4952896299 -167.916355201 0 0.004
903 1.56236600876 65.367062 49.701179 1.0288308 92.9475632846 74.7665005904 -0.560963028662 37.2686785055 -91.0884766783 0 0.008
906 1.54446697235 66.47055 51.411163 1.0247772 84.9742880487 76.5135215009 -0.148851828837 31.1852004015 -67.2439900664 0 0.008
909 1.55849289894 67.601685 53.206336 1.0345375 61.0526522287 68.0438279582 2.36461424048 16.2185387088 76.207783658 0 0.004
912 1.55118894577 68.713633 54.989386 1.0321621 113.027367395 130.817563119 2.02329495259 87.8272138992 56.7877293902 0 0.006
915 1.54907488823 69.889939 56.860516 1.0335194 76.3610709943 123.36779206 0.752999700884 66.8213537591 -16.0725948296 0 0.006
918 1.54369282722 70.97178 58.665246 1.0279054 29.0120190077 122.569429578 -0.497046605847 76.4484546694 -87.373313895 0 0.004
921 1.56738996506 72.083269 60.388926 1.0348295 126.868552756 98.7172223763 2.35509564814 66.8616902222 75.6456781223 0 0.012
924 1.56237316132 73.21006 62.180545 1.0389104 103.162251211 62.0044894639 1.61593930329 29.9527086236 33.0613208156 0 0.008
927 1.54483389854 74.211219 63.966291 1.0279221 136.687861615 137.458443141 0.780250820797 96.4594593536 -14.1905190049 0 0.004
930 1.54883694649 75.394113 65.876292 1.0355825 104.021493143 68.8029134493 -0.512794263315 28.7765878274 -88.7154536341 0 0.006
933 1.54719495773 76.475569 67.55587 1.0353462 91.541355198 57.4416033553 0.582639912161 18.1459721019 -25.9381596522 0 0.004
936 1.5507569313 77.652303 69.425792 1.0395167 136.421612273 54.9404461586 0.992943835625 60.5281501168 -2.66842856854 0 0.01
939 1.55993700027 78.72098 71.209083 1.0347632 42.2567561857 38.0778775932 2.24248871173 49.2678027731 69.1975746326 0 0.004
942 1.55003190041 79.923618 73.070281 1.0406815 109.362210712 142.588680566 -0.611507523237 75.494626425 -94.6634579893 0 0.006
945 1.54196500778 80.886825 74.813727 1.0240856 116.18296452 117.56555408 -0.116861069312 55.4394821739 -65.3714288011 0 0.006
948 1.54822993279 82.003807 76.66259 1.0354781 78.7268354818 79.0680686263 0.794203368301 4.06507930466 -13.8240238295 0 0.014
951 1.56421399117 83.149971 78.458347 1.0359732 81.4184467105 79.2127806961 1.06854829001 1.88874205935 1.86641517464 0 0.02
954 1.55109095573 84.209192 80.07724 1.046865 65.4730597406 107.133973917 -1.72068057423 32.9106290168 -158.568681013 0 0.012
957 1.5643620491 84.421821 80.346791 1.1291589 82.8545309099 82.010516822 1.25748811443 2.28569066966 7.35272237512 0 0.016
960 1.5611641407 84.549549 80.462185 1.2384433 81.1388918261 79.5605811451 1.21065338343 3.52781403549 -1.59224493242 0 0.028
963 1.55767178535 84.477315 80.645515 1.377415 32.9583772889 95.3476239502 -0.830264305958 53.5756749885 -126.49070675 0 0.012
966 1.56058883667 84.491575 80.745704 1.5042297 82.0560407025 78.0641899301 1.29601704381 3.62247774612 -11.9297064407 0 0.016
969 1.55255103111 84.58151 81.604236 1.6242617 33.1113361282 97.5151601545 -0.650630532545 53.8733357594 -130.341723772 0 0.012
972 1.55896711349 84.52138 83.606555 1.6450761 79.7726318921 83.752741957 1.39333957513 4.75099770767 -14.4234404245 0 0.022
975 1.54219293594 84.450105 85.633891 1.6510189 81.4997807982 85.5667708609 1.40333330234 2.95108759763 -14.1913393923 0 0.028
978 1.65559601784 84.288283 87.799076 1.6553182 82.3082613938 89.0538397303 1.82066188434 2.34412405383 9.47349528167 0 0.02
981 1.56024503708 84.219899 89.940013 1.6574582 80.7432125781 89.5837931165 1.67572894261 3.4948878497 1.04683643984 0 0.026
984 1.55550193787 84.085061 91.960688 1.6559816 80.6169483026 90.5453308953 1.53672595102 3.74580317364 -6.83284536956 0 0.024
987 1.55344295502 83.972707 94.061302 1.6546883 30.6701621021 91.7659232032 -2.68436669095 53.351945198 111.390461944 0 0.008
990 1.57668089867 83.850194 96.236204 1.650278 35.4781864656 94.9977373976 0.640296150567 48.3878591429 -57.8676973573 0 0.016
993 1.54757285118 83.742141 98.372522 1.653672 81.7141835985 99.5546040288 1.51450298425 2.3473238262 -7.97379724146 0 0.008
996 1.55761384964 83.558608 100.37046 1.6603574 44.7060559501 108.333105675 0.551413658335 39.6601125431 -63.5377961148 0 0.008
999 1.54860091209 83.448658 102.54165 1.6520527 79.868164331 99.7200004836 1.52611073126 4.55868850734 -7.21594327214 0 0.01
1002 1.5561208725 83.308795 104.69204 1.6576029 129.732511221 70.2457451238 0.947968110738 57.8075138581 -40.6590784203 0 0.006
1005 1.55913901329 83.194681 106.76107 1.661421 76.0196297961 106.439142304 3.08868143532 7.18226964266 81.7759992099 0 0.012
1008 1.56537508965 83.066158 108.84686 1.6653468 50.6634804732 64.6259588181 -0.980518531445 54.8217257321 -151.596916652 0 0.01
1011 1.55450105667 82.920912 111.09751 1.6564676 80.5397958399 111.653715792 1.74002124023 2.44521554278 4.78727094809 0 0.016
1014 1.56119918823 82.798446 113.12029 1.6519674 78.4391587816 112.83693592 1.66491657001 4.36848653275 0.741932789514 0 0.016
1017 1.55325102806 82.725101 115.25424 1.6521864 76.443941405 119.119984461 1.59458469704 7.37542853636 -3.30033447246 0 0.014
1020 1.55615592003 82.605874 115.888 1.7134215 77.5412305625 115.871221455 1.63324152461 5.06467123011 -4.59397419131 0 0.008
1023 1.5712890625 82.650086 115.98425 1.8265292 80.3492758401 116.426502824 2.06498966962 2.3429287126 13.6627784901 0 0.018
1026 1.57141900063 82.697137 116.16336 1.9516157 125.076286172 41.4845445882 0.930730017858 85.8656960366 -58.4924409521 0 0.008
1029 1.577272892 82.611261 116.28116 2.0730733 80.1419036832 115.593929302 2.18207483919 2.56320338462 6.24532815596 0 0.012
1032 1.78286290169 82.517518 116.45008 2.1971216 80.5358267825 115.027490757 2.35789193605 2.43943850799 9.21146172643 0 0.01
1035 1.55945611 82.418538 116.4581 2.3123831 92.2018745134 123.141337674 2.00533467388 11.848178727 -17.5925789226 0 0.004
1038 1.57383799553 82.414024 116.83182 2.4679277 78.4099102837 114.67217259 2.53190065235 4.54939595857 3.66538017242 0 0.014
1041 1.56378602982 82.282962 116.94587 2.5874118 77.5669070837 117.018088797 2.4538568806 4.71660784127 -7.6521332146 0 0.01
1044 1.55983114243 82.208722 116.96752 2.707272 108.628129488 34.2265766589 -1.74139373915 86.8564839086 105.110228682 0 0.008
1047 1.5496840477 82.043289 117.20312 2.8493508 126.565687879 47.9673723771 2.5768514999 82.3154466117 -15.6130598161 0 0.004
1050 1.5651640892 81.832352 117.28824 2.9891727 78.506332604 119.109453037 3.12920366648 3.7919944551 8.02318338034 0 0.006
1053 1.55005812645 81.142386 117.29523 3.0875315 99.4434090168 88.6366528783 -3.07951944745 34.0035510807 6.65400866905 0 0.008
1056 1.77070903778 79.131234 117.37152 3.1037602 76.3751775061 112.110843212 -3.09658390685 5.93890290043 4.74645114889 0 0.016
1059 1.54778194427 77.094643 117.50841 3.1079346 75.1402628367 115.062939598 -3.03783743142 3.13048355878 7.87320075034 0 0.02
1062 1.55315899849 74.899205 117.59033 3.115912 82.4397391206 63.2034591663 1.14715261315 54.9071158768 -112.801603743 0 0.02
1065 1.56180500984 72.824078 117.69503 3.116944 71.7283180521 116.716989466 3.08274730938 1.46875905116 -1.95932604566 0 0.014
1068 1.55427098274 70.711208 117.83017 3.1174699 67.527242472 117.349794782 3.04744381396 3.21999950823 -4.01219918605 0 0.018
1071 1.54706907272 68.550781 117.88294 3.1169773 66.6610689185 118.113219781 -3.13143909539 1.90369129018 1.99211190357 0 0.016
1074 1.54759097099 66.454241 117.99143 3.11617 64.7346907604 117.467976709 -3.12799487397 1.79745830952 2.23570613779 0 0.02
1077 1.55641484261 64.352032 118.06903 3.1139299 61.0056336028 116.631548822 3.11550065495 3.6420783038 0.0899976291691 0 0.016
1080 1.55428504944 62.204954 118.16997 3.1178991 59.9341705174 117.624091095 3.05299291256 2.33547455659 -3.71885060459 0 0.04
1083 1.56069612503 60.134729 118.2293 3.1166836 55.5871419229 117.297607935 2.9993228221 4.64204678222 -6.72427725385 0 0.064
1086 1.54547595978 58.034017 118.36643 3.1239361 55.1110617395 118.573120924 3.07561968776 2.93025401512 -2.76832650258 0 0.072
1089 1.56610178947 55.858025 118.47896 3.1251128 54.9756472367 115.130647927 2.99473160304 3.46262678562 -7.47029231387 0 0.032
1092 1.55794596672 53.766425 118.55 3.1243401 48.7887012353 117.358353511 -3.12434471489 5.11837427629 1.97673259905 0 0.094
1095 1.56289410591 51.628528 118.603 3.1187628 49.0915630487 116.971000499 3.09533096275 3.01655656942 -1.34254538046 0 0.174
1098 1.55255699158 49.494235 118.64783 3.1200968 46.1470529116 117.824558343 3.0274853264 3.44694127504 -5.30624657164 0 0.142
1101 1.54092812538 47.379245 118.80828 3.1260538 46.1943524095 116.145793373 3.04331895989 2.9142418379 -4.740357157 0 0.118
1104 1.53752779961 45.313934 118.87713 3.1250737 42.8387499939 118.74634402 -3.11067959624 2.47863689081 2.71765404072 0 0.102
1107 1.53994512558 43.229975 118.9845 3.131291 42.4288126363 118.497929355 -3.11065881862 0.937343120696 2.36261946059 0 0.082
1110 1.55966305733 41.038059 119.03542 3.1300111 39.7329025212 116.339344117 -3.07190566842 2.99537286554 4.65634427835 0 0.098
1113 1.54730200768 38.877743 119.09254 3.1262084 35.9263661973 119.792073477 -3.11681504899 3.03314558118 2.30110497193 0 0.058
1116 1.54705095291 36.866989 119.17866 3.1252668 33.3701527255 117.473856283 3.01459954868 3.89027243813 -6.34076643084 0 0.076
1119 1.55650806427 34.67231 119.25843 3.1314701 32.2732922207 118.810817231 3.07835309137 2.44041871342 -3.04338041464 0 0.1
1122 1.55253911018 32.567479 119.34722 3.1353596 32.1090153773 118.208193269 3.02100788002 1.22783174228 -6.55187093471 0 0.084
1125 1.54569602013 30.502201 119.36971 3.1349527 31.3143379836 118.913656946 2.98337040679 0.931424107677 -8.68502564978 0 0.056
1128 1.5503218174 29.15421 119.31018 -3.13185 33.4453322905 119.328302516 3.00310073359 4.29116055833 -8.49321544478 0 0.036
1131 1.55473899841 28.938717 119.39146 -3.028318 32.6458273748 120.285415648 -3.12043874371 3.81337436284 -5.27812982023 0 0.024
1134 1.5428519249 28.80706 119.32785 -2.9089456 25.5218659414 117.531409751 -2.84736201926 3.74428866028 3.52847926371 0 0.018
1137 1.54359912872 28.607415 119.34948 -2.7753086 28.0438038938 115.143190358 -2.77171304734 4.24388148173 0.206009992499 0 0.026
1140 1.54989314079 28.309413 119.3977 -2.6319404 33.9570412491 121.929719168 -2.78592476061 6.18925083578 -8.82265397413 0 0.02
1143 1.56226205826 28.176965 119.31562 -2.5155106 26.1537432262 70.5913263319 3.11588555627 48.7662815867 -37.3447674796 0 0.01
1146 1.55109405518 28.13257 119.1422 -2.3876282 18.8914576251 72.8693722798 0.032979885268 47.1865737593 138.690627141 0 0.008
1149 1.55070877075 28.071656 119.10664 -2.2643471 30.1219253501 68.8345638193 -3.10323364517 50.3138673521 -48.0646585286 0 0.022
1152 1.58570098877 27.847582 119.05477 -2.1225081 41.3490793374 134.564495016 -2.80455046399 20.5631223413 -39.0781489057 0 0.006
1155 1.54849910736 27.651134 118.95518 -2.0012288 29.8174952321 68.5816857855 -2.51741733635 50.4200559338 -29.5754245661 0 0.02
1158 1.56590986252 27.585975 118.8068 -1.8653126 31.8074392076 69.6917710619 -2.75074218595 49.2961137175 -50.7313783312 0 0.01
1161 1.56253695488 27.545652 118.66047 -1.7395281 43.0556052441 141.848474057 -1.8102337858 27.8969923426 -4.05113738394 0 0.006
1164 1.58859205246 27.426878 118.54472 -1.6078392 86.7066895066 97.04747712 2.27197151962 63.0573350508 -137.703220456 0 0.004
1167 1.56362485886 27.408113 118.27266 -1.4907581 48.471680394 71.1965376332 -0.751515629983 51.5735898348 42.3554735688 0 0.014
1170 1.57247304916 27.619078 117.43976 -1.368489 39.7744922568 142.934603814 -1.62361937094 28.2443119378 -14.6178934807 0 0.02
1173 1.57545304298 28.00462 115.50954 -1.3464267 26.9480923537 74.7120365701 -2.00442396949 40.8111815166 -37.7004664727 0 0.014
1176 1.57662892342 28.352772 113.43776 -1.3439724 49.9739396011 98.3708773408 1.64273055681 26.353099277 171.125474084 0 0.018
1179 1.57209897041 28.777386 111.37552 -1.3470791 38.729440499 136.71808388 -2.39053887279 27.2266217658 -59.7858410723 0 0.016
1182 1.58683013916 29.292879 109.18718 -1.3487141 47.7643259314 110.07200356 1.33480712065 18.4926273004 153.754440177 0 0.016
1185 1.69889783859 29.664866 107.14961 -1.3582731 18.0580260541 69.303580338 -2.62254943665 39.5858648347 -72.4376982285 0 0.006
1188 1.56892609596 30.155372 105.1583 -1.3627181 33.8876975638 129.408152189 -2.26815616689 24.5353945417 -51.877779843 0 0.01
1191 1.56890010834 30.584999 103.08809 -1.3538609 23.634576641 45.2092220238 -0.606621680058 58.2946972646 42.8136535893 0 0.006
1194 1.55408787727 30.932942 101.04272 -1.3388863 31.7210362124 128.434935603 -2.45376386959 27.4035502835 -63.8777794113 0 0.01
1197 1.7313978672 31.46397 98.886394 -1.3633561 36.3119581468 96.0500935791 -3.11717438934 5.61672405852 -100.486386012 0 0.018
1200 1.55800104141 31.761459 96.890841 -1.3338862 42.9384988579 91.3110176982 1.66920208372 12.4924236265 172.064284163 0 0.006
1203 1.6469438076 32.148779 94.808879 -1.340085 20.3084384538 89.5798892568 -1.45686783031 12.9435697543 -6.6911632965 0 0.004
1206 1.55694413185 32.63242 92.742465 -1.3409888 19.2296781519 38.8934190969 -1.92688062911 55.4919204364 -33.5691290595 0 0.006
1209 1.55056715012 33.223163 90.635151 -1.3443959 74.4363091319 96.7562867052 0.823120464055 41.6652339057 124.189539686 0 0.004
1212 1.54976201057 33.480467 88.544154 -1.3400822 99.3303353073 89.2947894295 -1.67407307269 65.8541464878 -19.136267401 0 0.012
1215 1.5655040741 33.996344 86.523674 -1.3537744 112.43881005 112.334113571 0.904834176243 82.5796540975 129.408738991 0 0.004
1218 1.55510497093 34.391099 84.502242 -1.3500462 31.6764376688 85.3867587278 1.25670768948 2.85512801549 149.355996096 0 0.008
1221 1.59156990051 34.871654 82.311763 -1.3462417 32.5581623833 83.4416765616 -0.876469510802 2.57467437113 26.9159637737 0 0.012
1224 1.56027293205 35.319079 80.358924 -1.358939 34.085297422 80.8846413203 -1.47366153817 1.34111732639 -6.57311725231 0 0.012
1227 1.53850698471 35.776446 78.250756 -1.3606991 75.0289830635 101.188065141 0.198568596996 45.4629719282 89.339458169 0 0.006
1230 1.55946397781 36.167733 76.160289 -1.3496683 120.783196372 62.999583597 0.631587610963 85.6328255311 113.517601834 0 0.006
1233 1.57627296448 36.593873 74.026216 -1.3452321 56.722378799 42.15060896 -1.23647794127 37.6989531667 6.2311542998 0 0.004
1236 1.55164003372 37.096668 72.068535 -1.358637 92.9445267891 12.4161172798 -2.42084646167 81.7153245799 -60.8601191128 0 0.006
1239 1.76727485657 37.456761 70.030489 -1.3570922 70.519408899 99.4217095487 -3.08051429598 44.2377952823 -98.7448124191 0 0.006
1242 1.55584788322 37.942935 67.912468 -1.3598503 30.2189543661 98.4124904396 -1.45616059819 31.4628550143 -5.51817361016 0 0.01
1245 1.54298090935 38.381728 65.750541 -1.3597279 80.0412794832 86.1889852813 -0.939457262641 46.4031058705 24.0797337739 0 0.006
1248 1.56446790695 38.78715 63.709446 -1.3638712 64.2298304137 101.100275672 -1.36390859244 45.2261443219 -0.00214242877436 0 0.006
1251 1.56725907326 39.284372 61.704874 -1.358189 37.6623130896 59.3688921022 -1.23929756994 2.84392097911 6.81197716289 0 0.01
1254 1.55286502838 39.616785 59.610797 -1.3616912 37.3913474897 60.0683453339 -1.3593281158 2.27198648544 0.135394751249 0 0.03
1257 1.5623729229 40.0981 57.483375 -1.3627524 37.9361370499 58.5008853926 -1.35638867594 2.38943742262 0.364614530761 0 0.026
1260 1.55610203743 40.478176 55.366289 -1.371191 41.6842586415 57.0909482825 -1.40257649784 2.10453913689 -1.79825656418 0 0.014
1263 1.56820583344 40.927924 53.368372 -1.3697355 40.9055721504 53.5626533558 -1.19154207527 0.195562906446 10.2097311743 0 0.022
1266 1.56298494339 41.311773 51.24524 -1.3687118 39.2863171051 53.5252807161 -1.28678490914 3.04976347429 4.69406507494 0 0.038
1269 1.56066799164 41.752813 49.127024 -1.3690442 40.2686905599 50.6776249005 -1.2352161033 2.14638826172 7.66778512122 0 0.028
1272 1.56231307983 42.124468 46.999249 -1.3746445 41.4404434679 46.6828631022 -1.32185764233 0.753650845485 3.02446415811 0 0.04
1275 1.56812095642 42.489069 45.000812 -1.3756167 43.1540557691 45.9070222115 -1.25104445421 1.12402150801 7.13746392845 0 0.044
1278 1.54962491989 42.919623 42.847052 -1.3693623 41.0305738138 45.3541990936 -1.3262899301 3.1391548826 2.46786500876 0 0.046
1281 1.54032516479 43.26925 40.76156 -1.3849404 42.3949279615 42.5363208728 -1.34506207366 1.97843756095 2.28485979329 0 0.048
1284 1.55423903465 43.723057 38.666685 -1.382086 43.4403408841 36.4459763883 -1.22442466254 2.23863242632 9.03332922902 0 0.018
1287 1.58383798599 44.069109 36.638541 -1.3748634 42.9301852563 38.1666370982 -1.38169222748 1.90583970453 -0.391262993584 0 0.042
1290 1.56405997276 44.48264 34.512889 -1.372972 43.8355981969 35.7352987993 -1.34960661404 1.38309392753 1.33873800218 0 0.052
1293 1.55989289284 44.660959 33.544964 -1.3339999 43.6133226616 33.9576058171 -1.28475850615 1.1259729867 2.82132404501 0 0.05
1296 1.56054711342 44.654294 33.324157 -1.2074321 44.4535702559 34.0992153526 -1.18789246137 0.800628173001 1.11953882689 0 0.074
1299 1.55468583107 44.699557 33.107025 -1.0711259 44.0837851859 34.3057871425 -0.833474629522 1.34766672485 13.6164147943 0 0.066
1302 1.55693006516 44.829945 32.953901 -0.95914547 42.6510831726 35.1703744472 -0.895450070664 3.108085167 3.64947755637 0 0.054
1305 1.54378390312 44.914184 32.826307 -0.82117543 45.4725454273 32.3647727717 -0.980804710652 0.7244179232 -9.14608406805 0 0.042
1308 1.5436770916 44.932468 32.690373 -0.70238554 43.6222763118 34.0393698542 -0.774325028012 1.88053044974 -4.12182904344 0 0.042
1311 1.55713701248 45.019913 32.619075 -0.56167342 43.3945971716 32.3714733643 -0.529919217991 1.64406755089 1.81938175694 0 0.044
1314 1.56493592262 45.164806 32.47066 -0.44585332 58.7970760633 108.935140291 -0.383759058048 77.6701714513 3.55773914181 0 0.022
1317 1.57561016083 45.307079 32.373178 -0.30795343 44.9569639254 32.369061319 -0.422587093274 0.350139275927 -6.56802509575 0 0.034
1320 1.58140420914 45.468859 32.25314 -0.19105128 41.7512145045 30.0307030663 -0.0471906690825 4.33129386198 8.24260584375 0 0.018
1323 1.57019901276 46.833289 32.057508 -0.10389315 45.5443323692 34.6510114279 -0.490383627328 2.89614730746 -22.1442731729 0 0.032
1326 1.58001089096 48.863767 31.868312 -0.084237935 41.0670755306 33.6718024517 0.3755110784 8.00256057011 26.3416781031 0 0.008
1329 1.57368922234 51.033972 31.691587 -0.08198003 48.6168240562 28.5095745792 -0.586938551207 3.99597387736 -28.9319920943 0 0.022
1332 1.57658815384 53.111195 31.42619 -0.084122232 52.3013871115 32.4695261772 0.0238131144618 1.32073433925 6.18423981254 0 0.044
1335 1.56376695633 55.206155 31.249451 -0.082409142 54.3940301372 33.8106373363 -0.0118133309331 2.68686103879 4.04484202544 0 0.03
1338 1.55868792534 57.287235 31.07162 -0.080297126 55.2229564241 30.6109079748 -0.0223724939371 2.11506539118 3.31883694705 0 0.022
1341 1.56767511368 59.516372 30.847745 -0.092608556 58.9070005094 32.3871215759 -0.0262478672428 1.65560075382 3.80218739137 0 0.052
1344 1.56851911545 61.567611 30.670937 -0.091677002 59.8650774371 34.1154578816 -0.160289688475 3.84230980487 -3.93121735609 0 0.056
1347 1.56152009964 63.68279 30.502969 -0.089332225 63.3292662504 32.6163718048 -0.126207847209 2.14276700945 -2.11281751952 0 0.034
1350 1.55605697632 65.773678 30.270465 -0.081918863 64.6422377712 31.1069922773 -0.151121323532 1.4071015873 -3.96500892041 0 0.072
1353 1.55967020988 67.870787 30.052005 -0.080757136 67.8681529862 30.2905729594 -0.0632542046232 0.238582499921 1.002844097 0 0.062
1356 1.56223893166 69.978421 29.855203 -0.080851998 66.9093459073 31.662135868 -0.187306115227 3.56149242786 -6.09937162893 0 0.06
1359 1.56307601929 72.04312 29.748383 -0.089661546 69.542259149 32.825601208 -0.0531063541812 3.96529657094 2.09445821051 0 0.054
1362 1.58289003372 74.192216 29.503442 -0.097083695 73.1344001088 31.7217060356 -0.100406586763 2.4575739646 -0.190387673784 0 0.072
1365 1.56588292122 76.337484 29.313327 -0.092202589 74.4038021176 30.7183228182 -0.0522262307491 2.39021732723 2.29047660808 0 0.088
1368 1.57522892952 78.469083 29.072242 -0.088851811 78.2171135696 29.3539611517 -0.0514173663306 0.377960678234 2.14483568797 0 0.074
1371 1.57763409615 80.508884 28.860474 -0.08148585 78.7129678515 30.2785432137 -0.155322665285 2.28828213013 -4.23053788854 0 0.088
1374 1.55737304688 82.648681 28.706332 -0.092016755 81.1938735975 30.5540701185 -0.118329891752 2.35172292858 -1.50763168164 0 0.084
1377 1.5553650856 84.803463 28.469695 -0.089914919 83.979072739 30.9694004434 -0.143234666006 2.63213726968 -3.05499646817 0 0.106
1380 1.53577280045 86.909059 28.274418 -0.095059786 84.8561957809 30.6907987152 -0.115927017984 3.17066919701 -1.19560432281 0 0.092
1383 1.55917096138 88.999768 28.069648 -0.093100738 86.7368062738 30.4009950457 -0.101059264603 3.24902674991 -0.455989985495 0 0.11
1386 1.56706595421 91.148907 27.8824 -0.087682683 90.4602183454 30.2254576552 0.00129476859477 2.4421734661 5.09803244821 0 0.13
1389 1.55088281631 93.191686 27.680334 -0.085944106 91.1019323031 31.4730539804 -0.191340190606 4.33033432469 -6.03875082512 0 0.092
1392 1.54478812218 94.597595 27.536443 -0.026113958 92.7049047817 29.0326296245 -0.015900955721 2.41264391852 0.585161926743 0 0.114
1395 1.55962896347 66.734672 23.138609 0.64678418 95.5443741067 30.8390125912 0.0108379568322 29.8210521435 -36.4370345848 0 0.104
1398 1.55374789238 41.954155 8.6979942 1.5862633 97.6457373391 32.2423665946 -0.0114453068995 60.4639546746 -91.5419600671 0 0.15
1401 1.55720114708 40.498777 7.6026468 1.6671323 97.4790348568 30.6007615937 -0.0510491256581 61.4464243833 -98.444544128 0 0.092
1404 1.55670404434 40.36551 9.5759073 1.6613912 100.076331391 30.3925135489 -0.059754985752 63.235380025 -98.6144123686 0 0.138
1407 1.56003308296 40.15753 11.693798 1.6450717 100.274623264 30.7758474378 -0.00601447454732 63.0728904785 -94.600269414 0 0.16
1410 1.54546785355 40.017928 13.779826 1.6578436 102.379917928 30.9578313298 -0.0185773716912 64.6846322932 -96.0518463651 0 0.074
1413 1.56517696381 39.937066 15.922073 1.6651068 104.803530964 32.2734539695 -0.0183672163052 66.8956346599 -96.4559560542 0 0.044
1416 1.56637215614 39.75755 17.953862 1.6630734 106.13465596 30.2341875333 -0.000568704915941 67.5035302101 -95.3196712319 0 0.086
1419 1.55375885963 39.645384 20.177858 1.663423 109.065559593 31.8787843278 0.013490012588 70.3993782382 -94.5341966581 0 0.056
1422 1.55429291725 39.526919 22.292671 1.6684735 111.358488265 33.7863848598 0.155859679096 72.7453077622 -86.666387971 0 0.044
1425 1.56660914421 39.303781 24.413998 1.6572417 114.627267946 32.0038425542 0.0773700897613 75.7049101842 -90.5199754392 0 0.034
1428 1.55363607407 39.21094 26.55624 1.6661167 114.80616079 35.0489627552 0.082050674413 76.0707811588 -90.7602977362 0 0.034
1431 1.56503582001 39.049874 28.673026 1.6660737 119.628794491 30.0442739865 -0.0662770931648 80.5905872204 -99.2563890845 0 0.028
1434 1.68269395828 38.816051 30.701859 1.6598041 121.168397448 35.7523111703 0.187492688402 82.5070665618 -84.3572300135 0 0.042
1437 1.5641682148 38.695572 32.853799 1.6647394 123.395639993 35.0138444213 0.00649085551222 84.7276065653 -95.0106429829 0 0.048
1440 1.56447792053 38.58982 35.008607 1.6723781 124.974001329 34.4831147084 0.11735537359 86.3857796518 -89.0962392702 0 0.044
1443 1.55808901787 38.393816 37.160762 1.6689022 125.935109696 35.2877088152 0.131286153634 87.561329537 -88.0989099684 0 0.044
1446 1.56942296028 38.314928 39.264936 1.6781402 127.917078069 38.473998954 0.171090358212 89.6056408849 -86.3475954503 0 0.042
1449 1.5416970253 38.042909 41.445131 1.6601298 130.308487109 37.955337598 0.226023709632 92.3315523629 -82.1682263521 0 0.038
1452 1.54669094086 37.893052 43.482766 1.6655679 137.311291546 27.9849486168 -0.122062291906 100.61892813 -102.423665326 0 0.014
1455 1.56672310829 37.737395 45.529248 1.6663309 139.081275989 26.0505647406 -0.143218355077 103.198843576 -103.679535137 0 0.026
1458 1.5475859642 37.667375 47.706088 1.6735516 141.910122337 26.8416570036 -0.223208039744 106.310276329 -108.676322108 0 0.03
1461 1.54849410057 37.411337 49.793915 1.6717816 142.039200789 24.2644665888 -0.120650583302 107.697458732 -102.698799167 0 0.018
1464 1.56446909904 37.208006 51.943854 1.66906 142.551871877 23.9556816271 -0.196583246496 108.99847646 -106.893484101 0 0.014
1467 1.55438613892 37.03196 53.963531 1.6741645 98.3877101189 121.060665256 -1.11199641867 90.9205889666 -159.635261684 0 0.004
1470 1.55988407135 36.983983 56.143126 1.6856298 14.6326798151 119.79379635 2.77738171403 67.461015335 62.5527769493 0 0.004
1473 1.54684996605 36.720012 58.206076 1.6746777 32.0106773335 13.703452799 -2.34560664772 44.7511039503 129.654674433 0 0.008
1476 1.54586601257 36.536888 60.398002 1.6787317 123.570180891 96.071191307 2.87418595486 94.0604619741 68.4944834045 0 0.006
1479 1.56085109711 36.401835 62.417273 1.6766351 14.4468623369 68.8282134336 2.54398802093 22.8718381832 49.6956617175 0 0.004
1482 1.5584590435 36.239068 64.615141 1.6886647 32.2690075454 126.392124151 -0.49092924058 61.9044184793 -124.881533848 0 0.006
1485 1.55359506607 35.99676 66.655908 1.678851 6.9647581847 124.236482112 -1.04143964209 64.4854994903 -155.861172841 0 0.006
1488 1.56190514565 35.830181 68.859683 1.6854848 136.023798752 18.7139674026 -1.51582327323 112.041750392 176.578558483 0 0.004
1491 1.56445193291 35.575227 70.898859 1.683738 113.068361835 77.207413954 -2.01218295699 77.7494939668 148.239327751 0 0.006
1494 1.5486869812 35.463169 73.006353 1.6935188 32.9111359776 83.6890247035 -0.794644520885 10.9832757988 -142.561257026 0 0.01
1497 1.54984402657 35.205801 75.07321 1.6913976 25.8292990412 98.0563692717 -1.29903005844 24.8222561241 -171.338883768 0 0.004
1500 1.54642009735 34.978045 77.287591 1.6912075 29.569384555 100.963300515 -2.24466501256 24.285650678 134.491116328 0 0.016
1503 1.55902314186 34.814043 79.320098 1.7000185 77.8167034548 136.006409738 1.11940852791 71.1517163857 -33.2665009437 0 0.012
1506 1.54966115952 34.580736 81.372215 1.6970036 85.1018408149 81.9122619722 -0.360346893002 50.5239911572 -117.877500228 0 0.01
1509 1.54745316505 34.345965 83.441951 1.6955247 126.270685423 135.368806662 0.962980223108 105.577235064 -41.9717068315 0 0.008
1512 1.56643414497 34.142398 85.698773 1.7034669 66.1976767313 131.586285915 0.961105942131 55.9750367225 -42.5341497612 0 0.006
1515 1.55878305435 33.910208 87.748137 1.7016389 78.2787089857 73.622087047 -1.96756142665 46.5629591735 149.770307095 0 0.01
1518 1.55934596062 33.670818 89.737713 1.6967853 29.2129274694 89.2007205239 1.8543758143 4.49011680276 9.02927136085 0 0.006
1521 1.55574202538 33.472926 91.900649 1.7056804 85.6603329324 123.512947222 -1.8405697249 61.0152672796 156.814834745 0 0.01
1524 1.56582593918 33.217902 94.036516 1.7078464 26.765113585 90.4716467721 1.65097317155 7.3720262439 -3.25859595756 0 0.014
1527 1.56619620323 33.034075 96.178482 1.7177188 25.1305499779 96.6931884917 1.66926758026 7.9202670755 -2.77605040329 0 0.01
1530 1.56164002419 32.713254 98.174723 1.7080491 57.1522525761 106.016282907 -2.38216043724 25.6662173524 125.648256192 0 0.008
1533 1.56051182747 32.45653 100.24821 1.7068362 38.3734917871 103.46059135 2.24426250541 6.73274318011 30.7922590994 0 0.006
1536 1.56304502487 32.217075 102.39435 1.7082962 61.1034400853 95.3416016331 -1.24835967729 29.734884351 -169.403903241 0 0.01
1539 1.56660580635 31.955228 104.48204 1.7110577 27.8642885905 105.183094157 1.71857167912 4.15057371731 0.430519291029 0 0.016
1542 1.56070208549 31.741377 106.6002 1.7198575 28.5719903279 104.394923841 1.79453376039 3.86112092706 4.27863454992 0 0.012
1545 1.55147695541 31.439656 108.68741 1.7105287 28.961502616 107.053253333 1.86738632177 2.96845283063 8.98727971212 0 0.012
1548 1.57591915131 31.216018 110.75498 1.7177022 27.8430353127 111.583699213 1.66508708483 3.47329637996 -3.01462403773 0 0.012
1551 1.59022092819 30.916985 112.90957 1.719675 27.7301079856 109.807087428 1.68697551448 4.44764917863 -1.87354251269 0 0.024
1554 1.56249308586 30.668641 114.94646 1.716506 26.5818828174 113.401947939 1.70273105753 4.36887971322 -0.789246066335 0 0.026
1557 1.541918993 30.419865 117.12266 1.716223 27.8107054435 115.582411221 1.64868403641 3.02986466598 -3.86969756662 0 0.03
1560 1.54824495316 30.132888 119.21343 1.725557 103.155921194 114.263881855 2.91683141865 73.190582753 68.2549964307 0 0.014
1563 1.54452395439 29.88258 121.34383 1.72867 26.3130444654 118.679138404 1.7372282714 4.45445453823 0.490352831356 0 0.03
1566 1.55401802063 29.981486 120.5055 1.7055843 24.0429112735 118.65312585 1.71784346145 6.22076842299 0.70239821121 0 0.014
1569 1.55082297325 30.170653 118.4575 1.6900862 30.7524709641 118.27568215 1.99300866784 0.609565315483 17.3561789269 0 0.008
1572 1.56561422348 30.502618 115.6086 1.6745202 28.2315370242 111.794536198 1.71630093645 4.43901920303 2.39385986334 0 0.022
1575 1.56250905991 30.699806 113.48782 1.6738205 30.424007064 112.556402384 1.78563974099 0.971392726111 6.40677057706 0 0.014
1578 1.58715391159 30.8492 111.36091 1.6697397 28.7749811181 110.749220154 1.75311279032 2.16253287541 4.77692620011 0 0.014
1581 1.56863903999 30.973164 109.37107 1.6787837 98.9125113454 55.7500875216 -1.50374653699 86.5503592117 177.654449248 0 0.01
1584 1.57716012001 31.204408 107.09871 1.665475 45.0158977648 14.7059565887 -2.97231488848 93.4193670094 94.2742131216 0 0.014
1587 1.54916906357 31.322843 104.96751 1.6587885 28.2519527743 104.556814884 1.65610943159 3.09823131103 -0.153499313023 0 0.018
1590 1.56074094772 31.457099 102.91722 1.6541397 25.5621756029 102.141449783 1.59867172466 5.94574985072 -3.17808088501 0 0.014
1593 1.55632305145 31.546684 101.34427 1.631357 26.4438269088 100.890411329 1.61513064395 5.12300089666 -0.929701718737 0 0.01
1596 1.57440018654 31.536552 101.09899 1.5279681 28.2880326303 102.70422569 1.62215596316 3.62348723124 5.39656704017 0 0.022
1599 1.57270407677 31.522716 100.84711 1.3818466 51.2641593229 10.5425471288 2.86783211442 92.437214691 85.140698394 0 0.03
1602 1.55933189392 31.33472 100.81397 1.2437751 52.0936501484 12.1009143003 2.81278745115 91.1094914512 89.8977857247 0 0.028
1605 1.55618000031 31.335612 100.76499 1.1262837 52.0768617786 14.9189788144 2.70227210018 88.3161201528 90.297483892 0 0.014
1608 1.56250905991 30.238332 99.003137 0.9296569 51.2478459699 9.10988311965 2.46870177997 92.3157449759 88.1807761033 0 0.05
1611 1.54668998718 28.772289 97.32743 0.78863198 55.1116351732 9.62317229573 2.37771264472 91.5740027316 91.0476153944 0 0.022
1614 1.5676138401 27.005154 95.945316 0.6582802 118.439570059 94.0977163282 1.81728865441 91.4530812199 66.4062928579 0 0.018
1617 1.57725214958 26.209553 95.323497 0.64585939 23.2498742647 24.7352283062 -1.38837517497 70.6502892804 -116.553055112 0 0.006
1620 1.5717689991 26.225548 95.299359 0.74214735 77.7835832749 118.397238759 -0.751814389938 56.4955135457 -85.5977024525 0 0.006
1623 1.55758190155 26.287241 95.304851 0.87876564 39.147508403 98.2187785489 -0.718326934468 13.1862599488 -91.5066640087 0 0.008
1626 1.55604290962 26.503119 95.525486 1.0159202 38.8650330742 77.4002064475 -2.71821936125 21.9395232043 146.049563028 0 0.004
1629 1.54111194611 26.584147 95.637624 1.1414331 20.2547444494 93.1135099025 1.48022163349 6.81413887628 19.4111531164 0 0.012
1632 1.55311608315 26.62792 95.717086 1.2595284 59.4048008983 96.967242394 2.7561893161 32.8007135964 85.7523538547 0 0.004
1635 1.55289077759 26.756174 95.797181 1.3910555 131.362566041 101.699602329 -3.03364139264 104.77278193 106.483542427 0 0.01
1638 1.54498910904 26.381693 93.77201 1.3952992 41.0291741672 79.0623186255 -2.0822662776 20.758702389 160.750175153 0 0.008
1641 1.55709409714 26.011804 91.856332 1.39866 64.238937491 10.8259702046 3.04549835242 89.5948283532 94.356887134 0 0.004
1644 1.55679893494 25.609249 89.727224 1.3968171 134.311749656 75.1066605539 -1.62349824496 109.681331704 -173.051322065 0 0.006
1647 1.54891896248 25.2462 87.568251 1.3940659 97.0555943275 88.3645125169 -2.45195835254 71.8138088816 139.639042425 0 0.008
1650 1.5534119606 24.820481 85.505592 1.4017015 27.5417360998 23.1205825328 2.9386156616 62.4443322932 88.0586949336 0 0.004
1653 1.55379009247 24.493958 83.448062 1.398475 16.6794347983 88.5013281816 0.990644036017 9.30603416996 -23.3669929909 0 0.012
1656 1.55476903915 24.080092 81.345956 1.3962744 19.4649345397 81.7241941052 1.41895460482 4.63063089092 1.29948001492 0 0.008
1659 1.55427217484 23.622432 79.208855 1.3888608 106.048180706 35.7451885918 3.06626565166 93.1831226535 96.1082185348 0 0.006
1662 1.55020809174 23.236261 77.182266 1.3737053 58.4886288819 36.6836872919 -2.78463991924 53.6923115414 121.744369179 0 0.006
1665 1.54110980034 22.741503 75.111069 1.3685019 18.8356601386 76.8082635662 1.3774511132 4.25864742068 0.512752146399 0 0.012
1668 1.55348610878 22.23837 73.007777 1.3690406 21.7116056463 73.100403602 3.11817023989 0.534846119627 100.217746187 0 0.012
1671 1.55323815346 21.796618 70.8705 1.3677106 89.4578830664 38.7256718843 -3.05853162382 74.9088563854 106.395001473 0 0.004
1674 1.55041384697 21.306705 68.900927 1.3588762 19.5663888879 69.7712238076 1.43504255305 1.94579462006 4.36401057059 0 0.022
1677 1.5543820858 20.800373 66.796896 1.3509317 20.8925299559 66.1209825777 1.46925790474 0.68216703161 6.77959213732 0 0.026
1680 1.552120924 20.180988 64.758154 1.3339286 24.1011773792 63.6585571508 1.69968045407 4.07148596943 20.9560375873 0 0.02
1683 1.54930686951 19.716632 62.635567 1.3210663 18.0244614025 62.2611101462 1.41600715983 1.73310682485 5.43971057142 0 0.016
1686 1.54890990257 19.127208 60.642471 1.320188 84.8720237185 75.1486038151 -0.089021226756 67.3261367012 -80.741741144 0 0.006
1689 1.55463910103 18.573484 58.538556 1.3117791 115.289214173 111.509470261 -0.750535763375 110.271710881 -118.161937699 0 0.004
1692 1.56294083595 18.03732 56.562177 1.3046299 14.4019723075 55.02378674 2.40591943526 3.94745455166 63.0992423922 0 0.004
1695 1.56820416451 17.470308 54.449011 1.30616 16.68893765 54.3039996936 1.36425650196 0.794712465535 3.32868436671 0 0.02
1698 1.55524706841 16.865167 52.414515 1.2995721 112.680231667 66.505752144 -2.92577240438 96.8456998599 117.90559291 0 0.008
1701 1.55520105362 16.322269 50.452679 1.2871313 57.8407617582 56.2771925025 -2.09536922908 41.9250545433 166.196995483 0 0.004
1704 1.56398701668 15.679585 48.421133 1.2791916 13.0271840153 47.7047377362 1.3576751634 2.74744484164 4.49677694425 0 0.008
1707 1.52540898323 15.049517 46.343459 1.2810584 13.1062615119 45.9733133148 1.29668118748 1.97819354973 0.895119787022 0 0.014
1710 1.54950499535 14.370513 44.264129 1.2685694 15.0422402654 43.2085640396 1.54658106407 1.25117341112 15.9288950065 0 0.024
1713 1.55568313599 13.728985 42.398373 1.2622613 80.1571313109 71.8826403284 -2.75307246674 72.6775112549 129.938321829 0 0.01
1716 1.55638599396 13.116178 40.310007 1.2578142 15.3446207162 38.2999823898 1.51996081932 3.00102580349 15.0198949006 0 0.014
1719 1.55705785751 12.482531 38.460523 1.239848 12.8404643014 39.0616448412 1.34203365379 0.699616835323 5.85480668919 0 0.032
1722 1.55345702171 12.331027 38.238303 1.1567887 11.7997390293 37.897260206 1.47061609942 0.631329624778 17.9809854826 0 0.008
1725 1.55764508247 12.263795 38.100898 1.043782 114.448625829 85.9079876022 3.02864794453 112.815147333 113.724441521 0 0.004
1728 1.54729485512 12.231882 38.075858 0.90529637 9.78111063358 37.9696626317 1.12092461947 2.45307108472 12.3545886385 0 0.012
1731 1.56515192986 12.170047 37.918491 0.7605547 119.592862431 113.996597813 2.75898292303 131.634112643 114.50150284 0 0.008
1734 1.55801010132 11.9457 37.868652 0.60051086 133.57165797 71.9490347373 0.429071592565 126.310514763 -9.82274646685 0 0.004
1737 1.56319999695 11.861848 37.85602 0.47073445 11.3824652976 38.5854993059 0.533263177676 0.872896232733 3.58263219416 0 0.008
1740 1.56320810318 11.68598 37.868337 0.32347919 9.99523030094 56.2921745378 -0.831970643433 18.5012546646 -66.2023988948 0 0.006
1743 1.5601811409 11.634663 37.834152 0.18688423 13.9018209058 38.0251712256 0.267896237686 2.27519083036 4.64164613032 0 0.014
1746 1.56417393684 11.546787 37.799316 0.059161186 15.1238141685 38.4946483021 -0.078223674962 3.64398276264 -7.87157270211 0 0.02
1749 1.56729006767 11.461332 37.784444 -0.088384018 12.7244240477 40.2467237017 0.00233656580783 2.7673494269 5.19790656715 0 0.018
1752 1.57025098801 11.353119 37.809133 -0.22428348 14.4859591865 34.3622643007 0.15181797264 4.65785266668 21.549025905 0 0.014
1755 1.56727910042 11.259101 37.929753 -0.36642208 45.7028720908 103.130962001 2.87147756188 73.7398875922 -174.482016033 0 0.016
1758 1.55633306503 11.22919 38.083377 -0.50941267 10.5818906098 37.7980889685 -0.198554554162 0.70737950314 17.8108580649 0 0.032
1761 1.55957198143 11.185129 38.110347 -0.64618684 13.4859541467 37.4588595083 -0.407362032841 2.39128256537 13.6836534932 0 0.026
1764 1.55821895599 11.588805 37.741111 -0.76036767 9.77501657684 36.3107598947 -0.502355881282 2.30992050262 14.7829865581 0 0.006
1767 1.54968380928 13.063467 36.224873 -0.77289998 71.4047705183 105.328587937 2.24293191647 90.4379959658 172.794439389 0 0.006
1770 1.55996513367 14.493375 34.807156 -0.77803694 17.7168045465 35.2753236556 -0.358119315684 3.25725021992 24.0595076165 0 0.008
1773 1.55817103386 15.892318 33.28564 -0.77023756 20.4168260725 33.8339755526 -0.731375168276 4.55761397846 2.22665102755 0 0.022
1776 1.55725693703 17.405154 31.857105 -0.77891679 103.002717332 18.7291094981 1.19164440562 86.5984244335 112.904839781 0 0.004
1779 1.57298493385 19.008966 30.381332 -0.78385491 18.1076394106 32.8889115709 -0.853501234214 2.66464724214 -3.99044043608 0 0.024
1782 1.55478811264 20.517371 28.856906 -0.78454873 19.4570780461 29.4417353013 -0.775983854145 1.210886642 0.490731238565 0 0.036
1785 1.57222509384 22.037399 27.308602 -0.78653789 22.8522636268 30.0159741429 -0.550009715063 2.82734297181 13.5520661598 0 0.024
1788 1.55524897575 23.470866 25.802264 -0.78746834 25.1081860731 28.7191634472 -1.01260392965 3.34501411156 -12.8993191053 0 0.02
1791 1.57115292549 25.030138 24.239515 -0.79252133 26.4280801371 22.9977565255 -0.803600522015 1.86981451688 -0.634790942883 0 0.018
1794 1.55806112289 26.508975 22.80392 -0.79210599 26.4085176002 25.4787090407 -0.782895627486 2.67667482175 0.527714899812 0 0.012
1797 1.5699570179 27.961008 21.312251 -0.79564812 26.8816040698 20.9077660424 -0.803530548786 1.15270157696 -0.451629901746 0 0.02
1800 1.56008410454 29.36401 19.750057 -0.78815021 29.2528134199 20.6705982778 -0.758952789189 0.927232939181 1.67288898517 0 0.026
1803 1.56920289993 31.016391 18.179875 -0.79578372 30.7261440697 21.3370144891 -0.783831698483 3.17045312755 0.684800389599 0 0.02
1806 1.56243491173 32.405165 16.663972 -0.79079715 30.7747381026 17.3275526344 -0.798808715707 1.76029290921 -0.459028902278 0 0.028
1809 1.56392097473 33.875627 15.226881 -0.79213801 33.8104372919 15.4171375017 -0.792031595751 0.201114978294 0.00609708732836 0 0.038
1812 1.567882061 34.400964 14.714584 -0.72873329 31.9238440036 15.0927972724 -0.816995405391 2.50582696049 -5.0570467028 0 0.036
1815 1.57027602196 34.541831 14.529671 -0.59347242 33.7214683915 14.4090373813 -0.66617651377 0.829184707656 -4.16563772633 0 0.042
1818 1.55783104897 34.648846 14.435796 -0.47955783 32.8886542789 15.7373667692 -0.706828043902 2.18914626332 -13.0216240656 0 0.034
1821 1.56571698189 34.668797 14.324629 -0.34405458 31.8693048291 13.715413886 -0.284167590011 2.86501299651 3.43127177413 0 0.02
1824 1.55904006958 34.864126 14.20779 -0.22615765 34.8143550457 17.0136499341 -0.282248555608 2.80630132342 -3.21377216038 0 0.016
1827 1.56606602669 35.017605 14.088235 -0.094353638 34.7354743449 16.5337277675 -0.17360270165 2.46171334285 -4.54063687753 0 0.03
1830 1.55742692947 36.599142 14.0692 -0.022879679 39.2819815317 14.3324522604 -0.307485433065 2.69572433782 -16.306708533 0 0.014
1833 1.54373192787 38.63985 14.009333 -0.014813302 39.0927230409 16.1088930158 -0.159598226559 2.14784688727 -8.29556511433 0 0.034
1836 1.54138898849 40.768535 13.925491 -0.0089087199 41.9503661368 13.2355123816 -0.068341377944 1.36850112529 -3.40524047117 0 0.058
1839 1.55060696602 42.905865 13.952369 -0.011506708 43.441786446 14.812920692 -0.0792103275302 1.01378548568 -3.87913165684 0 0.046
1842 1.5521569252 45.04117 13.838962 -0.010052037 45.124272025 14.1997655554 0.116112994781 0.370250121078 7.22872384318 0 0.036
1845 1.54485607147 47.095509 13.764363 -0.008210261 46.721951253 14.7798070875 -0.0329778873921 1.08197600949 -1.41908046083 0 0.03
1848 1.55192017555 49.256947 13.750747 -0.012245698 48.6462837347 15.7572983305 -0.0766951500652 2.09741695085 -3.69268159527 0 0.044
1851 1.56563997269 51.347189 13.680192 -0.017629817 49.9135803039 14.68055767 0.061749221219 1.748131965 4.54808387176 0 0.05
1854 1.5480298996 53.510554 13.649042 -0.0075411209 54.2457365298 18.2616906407 -0.00342083582045 4.67086938748 0.236074945449 0 0.04
1857 1.54665994644 55.608657 13.581194 -0.0077936973 55.6661364603 15.7220065838 -0.0836611504867 2.14158408832 -4.34688487001 0 0.078
1860 1.5563158989 57.666716 13.591636 -0.01411162 59.0483752411 15.7949309218 0.126554502572 2.60067121551 8.05957514384 0 0.088
1863 1.55210208893 59.905766 13.533857 -0.012519778 60.1078907615 15.4412832216 -0.037430299123 1.91810563063 -1.42726772582 0 0.126
1866 1.54888296127 62.027534 13.447994 -0.021676244 61.1391566815 16.1484430478 -0.0404175578881 2.84282242145 -1.07379818832 0 0.1
1869 1.56375217438 64.181261 13.371995 -0.025327169 63.5539600614 16.1266127966 -0.0297131296442 2.82514170849 -0.251297034024 0 0.14
1872 1.56887817383 66.241252 13.310079 -0.024907545 66.5929590155 16.237032241 -0.0667148637801 2.94800832758 -2.39538291886 0 0.118
1875 1.56111001968 68.444119 13.24669 -0.026304862 65.8818181391 14.160385163 0.0521792470176 2.72033537502 4.49680820555 0 0.126
1878 1.55078411102 70.49734 13.123327 -0.017605166 68.6596041683 14.8445347663 0.0232282088586 2.51790173796 2.33958004267 0 0.164
1881 1.54818296432 72.634932 13.039101 -0.019360635 72.3502897335 15.3514600939 0.0293718955845 2.32981239564 2.79216832748 0 0.19
1884 1.53823304176 74.720419 12.994859 -0.019347658 72.9757300485 16.3131340502 0.0547142329077 3.74898504212 4.24343377177 0 0.138
1887 1.5573720932 76.914825 12.90632 -0.036038761 76.3518574083 14.208866701 0.0883320127162 1.41899979476 7.12592042871 0 0.234
1890 1.54986906052 79.004774 12.78569 -0.032634565 77.6511401839 14.8109258644 -0.00505647638174 2.43596075801 1.58010808486 0 0.262
1893 1.558852911 81.177999 12.691712 -0.029848436 81.5247609144 14.0727282647 0.00914950345682 1.42388544082 2.23441734058 0 0.276
1896 1.55300402641 83.222919 12.597068 -0.02122413 81.4237453254 13.5201960431 -0.0523678636458 2.02217489239 -1.78440449618 0 0.198
1899 1.55769205093 85.390174 12.538762 -0.021700441 84.400079922 14.5924034969 -0.0154457591662 2.27985299548 0.358366871274 0 0.302
1902 1.55352306366 87.449986 12.512039 -0.030894579 87.4660649463 14.9098464412 -0.00939039761807 2.39786135074 1.23209883507 0 0.27
1905 1.5648598671 89.572355 12.414566 -0.034322832 87.5071110141 14.1389295918 -0.0349424784054 2.69047626235 -0.0355031238206 0 0.198
1908 1.5514831543 91.713838 12.339838 -0.030338307 89.1288405118 16.258133947 0.0091826957148 4.69417246613 2.26438665768 0 0.21
1911 1.55414700508 93.866625 12.234111 -0.027880568 92.2923662248 14.9506118799 0.00090159100454 3.13969229733 1.64909623623 0 0.226
1914 1.56092119217 96.027017 12.118277 -0.016096141 94.3927673478 14.1046585849 0.00256099450544 2.57225265603 1.06897512227 0 0.28
1917 1.57242894173 98.003729 12.063433 -0.023465033 97.4643347523 15.0911521205 0.0108228874664 3.07539090635 1.964553131 0 0.296
1920 1.58146595955 100.1865 11.996018 -0.023536261 98.4555215443 15.6714389414 -0.043761234846 4.06263529135 -1.15880564214 0 0.26
1923 1.57180404663 102.26857 11.921444 -0.023061579 101.544942535 16.1251620724 0.0038178781084 4.26554596033 1.54007944791 0 0.31
1926 1.57322502136 104.50291 11.810699 -0.022632517 103.251531243 15.9874258884 0.0259665686641 4.36016012242 2.78452249675 0 0.36
1929 1.56117010117 106.528 11.779433 -0.025937223 104.781784361 16.0718396842 0.0432984095325 4.6340073586 3.96690953603 0 0.392
1932 1.55964493752 108.61821 11.737233 -0.017267816 108.013238288 15.1712244269 0.0057315437852 3.48687365589 1.31776624719 0 0.354
1935 1.56467294693 110.65428 11.638117 -0.015586443 108.588044296 15.3013932645 0.0421905535592 4.20582013095 3.31037805578 0 0.278
1938 1.56287503242 112.94226 11.558687 -0.011710616 111.628400478 15.6620578989 -0.0680127398882 4.30858208418 -3.22587407642 0 0.312
1941 1.56396317482 114.89636 11.528856 -0.01668203 115.184375365 15.3120583793 -0.0311376493882 3.79414985119 -0.828245981193 0 0.322
1944 1.56851601601 117.03777 11.494892 -0.018548407 117.39635568 15.8451455102 0.0135247216658 4.36500736453 1.83765490833 0 0.276
1947 1.56077098846 119.07747 11.406331 -0.016261061 119.495807493 16.4650736184 2.31059556461e-05 5.07601055327 0.933014039445 0 0.252
1950 1.55554103851 121.291 11.334615 -0.012126455 120.021063573 14.9281739222 -0.00765600950999 3.81135202475 0.256137659121 0 0.294
1953 1.55811190605 123.43737 11.229443 0.0013807468 122.74482441 14.5166108282 0.0568349452202 3.35932905877 3.17729152576 0 0.342
1956 1.55058312416 125.58554 11.258252 -0.0049853053 124.160945729 15.4417674516 0.010439803125 4.41941968702 0.883793611283 0 0.246
1959 1.56780385971 127.50849 11.183265 -0.012828209 126.0285532 14.8265350412 0.027309809501 3.93238216944 2.29973905813 0 0.272
1962 1.56772708893 130.28779 11.390648 -0.01314096 129.672053631 14.8640015274 0.0150710667495 3.52750846959 1.61643006426 0 0.32
1965 1.56486296654 132.78769 11.256475 0.0084755214 130.702032869 15.1431660858 -0.0408441222522 4.41093337802 -2.82580742836 0 0.312
1968 1.55086493492 125.9239 10.596074 0.27888777 132.817346533 14.1432157052 -0.021615109737 7.75253631936 -17.2175467405 0 0.344
1971 1.57737612724 93.936275 13.265891 0.84250578 132.213933591 13.8575995595 -0.0110895700152 38.2822317303 -48.9074109679 0 0.278
1974 1.58052110672 59.212281 6.4432491 1.3602712 132.537774648 15.2327334869 -0.0433815669537 73.8504099824 -80.4233794483 0 0.118
1977 1.58054494858 41.747696 3.5851691 1.5088422 135.276488189 7.35295980075 -0.16212825323 93.6046538115 -95.7395546611 0 0.07
1980 1.54166078568 40.889782 2.6549702 1.6071612 136.548392542 5.99687614977 -0.26405734758 95.7169687476 -107.212925323 0 0.032
1983 1.55419707298 40.408125 3.8011614 1.6070032 135.546018565 7.8824115523 -0.0808089801878 95.2253925943 -96.7045145355 0 0.036
1986 1.55230402946 40.388712 5.5337894 1.5172855 137.452627951 9.2989686623 -0.257069916567 97.1369155086 -101.663076725 0 0.024
1989 1.56491994858 40.44034 7.6724587 1.5542124 40.6800264485 91.553464588 0.230508081565 83.8813483343 -75.8426707696 0 0.008
1992 1.57793211937 40.554207 9.7439313 1.5604739 89.4364248818 83.2258747751 0.224452058294 88.2556924052 -76.5484128671 0 0.008
1995 1.5563211441 40.580821 11.876658 1.5652859 50.3571725034 83.5124852941 -0.241900713503 72.2998533942 -103.544165746 0 0.008
1998 1.55465102196 40.665042 14.024391 1.567666 31.107175236 94.3488561506 2.42159495538 80.8911152032 48.9265251474 0 0.014
2001 1.55357909203 40.771617 16.174621 1.5548315 28.541792729 95.1122383571 2.48702277628 79.8793842973 53.41062583 0 0.02
2004 1.55490398407 40.847233 18.25792 1.5551713 24.6423428574 96.2307530714 2.72105419167 79.6389424949 66.8001690989 0 0.01
2007 1.55826997757 40.88758 20.352438 1.5597309 113.143706453 38.2223800926 -0.799419784536 74.433074909 -135.169377459 0 0.014
2010 1.56216287613 40.971014 22.508388 1.5678505 106.393149675 126.47796079 1.31818242269 122.840253591 -14.3049271092 0 0.012
2013 1.56439590454 41.044823 24.54743 1.5705547 112.640140215 35.2654542251 -1.45492095177 72.3931315142 -173.346985866 0 0.012
2016 1.55907893181 41.105608 26.696222 1.5717508 62.2504375103 75.056318229 -0.308519045185 52.7807040716 -107.731526475 0 0.012
2019 1.5553920269 41.160404 28.869777 1.5672714 94.6015794565 99.2816544553 1.26794281372 88.3956544235 -17.1502646817 0 0.004
2022 1.55321002007 41.204205 31.003136 1.5608691 53.3501203202 43.5525279689 3.06453944979 17.4645497439 86.1539648218 0 0.006
2025 1.57446408272 41.244227 33.116661 1.5660557 37.5112069867 59.8130388977 2.37772232784 26.9561130595 46.5050721467 0 0.008
2028 1.558344841 41.277887 35.228156 1.5643441 17.9299438034 111.383248304 2.54399606471 79.6537791659 56.1299229697 0 0.016
2031 1.55759501457 41.31792 37.33529 1.5797774 12.334839116 112.460077469 2.32806702524 80.5217527736 42.8738373795 0 0.01
2034 1.55750894547 41.419072 39.474789 1.5713492 122.031067373 23.8054673814 -0.869878586193 82.120773486 -139.872048979 0 0.006
2037 1.59092903137 41.429937 41.518923 1.5745722 56.4736309179 58.5637298529 1.52973079097 22.7340750273 -2.56922348456 0 0.006
2040 1.56834292412 41.494048 43.684079 1.5737379 130.514772556 114.629315983 3.11251277096 113.832842586 88.1653057268 0 0.012
2043 1.56101608276 41.508319 45.798644 1.5762653 88.8072741335 114.509570775 0.105998729779 83.4169204358 -84.2400692328 0 0.004
2046 1.5590569973 41.512588 47.943477 1.5772604 39.6233946361 47.3221460762 2.94502036739 1.98874424775 78.3668735186 0 0.006
2049 1.56529211998 41.583607 50.107906 1.5744728 117.335667269 97.0006818012 -1.28339173743 89.0915655788 -163.743576415 0 0.004
2052 1.5633790493 41.632502 52.265699 1.5728612 111.653462356 103.61229416 1.82862476312 86.8297628908 14.6541727199 0 0.006
2055 1.55467200279 41.660201 54.305408 1.5732479 33.473753257 49.8599267663 0.144400047203 9.31559069772 -81.8669515316 0 0.006
2058 1.56396698952 41.689009 56.508616 1.5685378 32.9415839958 49.8424123724 0.437969260347 10.9979868617 -64.7768057724 0 0.008
2061 1.55857896805 41.794127 58.57462 1.5657057 134.273966432 75.9777197848 0.409974031159 94.1030742506 -66.2185468742 0 0.006
2064 1.55819296837 41.856016 60.76704 1.5641567 40.2819289175 60.4855245082 1.76065880506 1.59906257398 11.2587412856 0 0.014
2067 1.55768203735 41.858156 62.785084 1.5639758 51.3075881284 109.688269926 -2.63405478799 47.8455914118 119.470565041 0 0.008
2070 1.54650402069 41.958088 65.023529 1.5767642 72.2545547555 71.7987203061 0.798112591436 31.0447920769 -44.6134508818 0 0.008
2073 1.55748486519 41.99726 67.044355 1.5737097 9.31390366961 131.156364926 2.58085730643 71.9621539269 57.7053071951 0 0.008
2076 1.55028796196 42.044947 69.102812 1.5759217 39.5174955663 67.8956946495 1.59386285441 2.80091825073 1.0279524274 0 0.018
2079 1.56254386902 42.097902 71.261122 1.5727544 40.3426884505 70.0139239732 1.69369865597 2.1532016911 6.92959542356 0 0.03
2082 1.55727887154 42.114798 73.459441 1.5684742 37.3270603236 72.8579999929 1.78773873146 4.8253666537 12.5629322493 0 0.042
2085 1.57107186317 42.172982 75.545483 1.5804547 34.6597487737 74.8814541427 1.6869844401 7.54251999242 6.10370450017 0 0.026
2088 1.55893802643 42.213453 77.648417 1.5799022 40.3805289787 78.2700241052 1.63349301369 1.93546011615 3.07052744537 0 0.052
2091 1.56240987778 42.308345 79.80823 1.5843424 39.3622030023 81.4970218684 1.63204332788 3.39584608682 2.73306184646 0 0.06
2094 1.56417489052 42.259747 81.948131 1.5870316 38.0098443733 82.7370248021 1.69430721182 4.32250225767 6.14643980195 0 0.084
2097 1.56036400795 42.325886 84.065588 1.5841531 39.9424508375 84.9330037433 1.63617451583 2.53637009235 2.98060757143 0 0.148
2100 1.54468894005 42.338042 86.100283 1.5789413 37.8786483825 86.0507185971 1.6042586099 4.45966905339 1.45057500613 0 0.154
