3 1.6594171524 72.513547 45.80148 1.6808269 97.0238099186 101.935820512 -0.772059669579 61.2520789286 -140.540048061 0 0.004
6 1.66220808029 72.505015 45.806851 1.6805552 109.205132294 68.3775135665 -1.57758178764 43.0851879196 173.322501533 0 0.008
9 1.64836812019 72.51553 45.801787 1.6811119 26.1695015391 44.5365830058 -1.5141931543 46.3632946979 176.922506132 0 0.006
12 1.65225815773 72.511327 45.798497 1.6805172 141.472684248 65.0003152968 2.17369949273 71.5847652749 28.2572639038 0 0.004
15 1.65972304344 72.518426 45.80176 1.6806948 31.7319400626 89.6492044372 1.40950783908 59.8843537061 -15.5378683197 0 0.01
18 1.64940690994 72.509508 45.806599 1.6825332 53.3389469596 125.52059982 0.513772634415 81.9867814793 -66.9650476693 0 0.004
21 1.67193198204 72.510969 45.800989 1.6811293 79.1706108727 84.8880411519 0.0153505054132 39.6503275623 -95.4420945322 0 0.008
24 1.66827201843 72.522343 45.818169 1.6838228 121.222651249 57.3523790088 2.38611509865 50.047557623 40.2383846975 0 0.012
27 1.66836714745 72.508499 45.799812 1.6808804 81.6292372978 91.7267527082 -0.546173392678 46.8238374112 -127.600783069 0 0.006
30 1.65652108192 72.523901 45.815543 1.6832165 81.4280491151 135.559616846 -1.49399731476 90.1847140272 177.959057803 0 0.006
33 1.87702512741 72.511009 45.802779 1.6808191 19.5283783629 45.9880402306 -1.00016118288 52.9829545321 -153.608855167 0 0.01
36 1.65561699867 72.527172 45.853315 1.6851825 83.6315468665 136.734976581 -2.39356486078 91.5575423045 126.304990527 0 0.01
39 1.6590719223 72.188088 49.017093 1.6798669 77.1281695919 128.15716517 1.73337081896 79.2941071528 3.06554874392 0 0.006
42 1.65101909637 71.804616 53.279503 1.6643548 75.4830984835 133.294815214 0.0181089029114 80.0998216108 -94.3229419439 0 0.016
45 1.72602295876 71.568933 57.324136 1.642571 81.213691104 137.438910003 1.3741357019 80.6932362246 -15.3802096534 0 0.01
48 1.65860199928 71.37336 61.652431 1.6431927 31.9293082529 85.8890055739 3.0725940867 46.2951916002 81.8986666878 0 0.006
51 1.68382620811 71.165072 65.844712 1.6344026 19.4570806922 86.3673977148 -2.68330849755 55.6317984073 112.613376954 0 0.008
54 1.6698539257 70.960331 70.343426 1.6128178 94.6528228588 64.865718534 -0.603031295655 24.3174721046 -126.958801219 0 0.006
57 1.66824698448 70.885213 74.631613 1.6236159 10.0961438786 84.337151351 -2.48232045561 61.558983092 124.747175874 0 0.01
60 1.67723298073 70.832043 79.069602 1.6124517 42.2372089538 84.620295414 -2.21249211042 29.12858959 140.846862788 0 0.008
63 1.67357802391 70.841819 83.283634 1.5826474 41.8952003256 79.2190535672 -2.33323378513 29.2305926518 135.636535017 0 0.016
66 1.6622710228 70.897044 87.066595 1.5142468 44.0332444725 133.756817768 2.49963940264 53.8668787587 56.4588372946 0 0.016
69 1.67776417732 70.898205 87.488163 1.2381173 43.0808289062 72.1806322895 -2.11054611789 31.7510143019 168.135719145 0 0.016
72 2.39123988152 70.648486 87.373684 0.94938085 48.5238593957 69.360891157 -0.872235927732 28.529980869 -104.370953254 0 0.022
75 3.1513800621 70.490448 87.162959 0.64684814 53.9429140515 60.1158844755 1.43774105558 31.7074931225 45.3148261097 0 0.012
78 3.14764881134 73.090524 88.460194 0.4660111 123.06526779 99.1203272703 -0.734018194966 51.0990553552 -68.7566138936 0 0.008
81 2.99296402931 76.750616 90.291223 0.4640309 43.04685211 72.7074809259 1.32072880785 38.0148876847 49.0851744378 0 0.01
84 1.59506797791 80.704264 92.172539 0.45240664 95.7785781589 124.273047475 2.38431200059 35.4637503898 110.690023581 0 0.012
87 1.62674617767 84.637734 93.972859 0.42386385 33.0136704693 75.7612086213 -3.11072231965 54.7421971146 157.483130154 0 0.014
90 1.61306190491 88.678811 95.730817 0.41656148 14.9471135877 36.0329835722 -3.07861123216 94.8693550061 159.741354924 0 0.006
93 2.27774405479 92.647535 97.41769 0.40779386 20.8964499392 75.6089925347 -3.12292537386 74.9922495497 157.704689254 0 0.008
96 2.01184892654 96.759828 99.128022 0.39320766 8.06013497668 42.2317473064 2.56612631143 105.379417423 124.499067952 0 0.01
99 1.60519003868 100.07577 100.58602 0.32958371 84.0665439058 139.314215422 2.3083992049 41.9066634413 113.377776293 0 0.008
102 1.6258020401 100.12714 100.52966 0.1390585 70.710425104 128.160760706 2.3311153283 40.3586526225 125.595604715 0 0.006
105 2.04039597511 100.08551 100.52401 -0.14356162 13.5173313367 71.6217918959 2.63242340736 91.2654796099 159.052226059 0 0.01
108 1.6045768261 99.772178 100.71077 -0.40700642 15.3677943147 85.1411675887 2.83946445062 85.8283898517 -173.990920801 0 0.01
111 1.61818313599 99.760338 100.7618 -0.66729138 29.6143714378 61.6765648238 -2.78919453425 80.3001384415 -121.576095274 0 0.006
114 1.61864805222 99.638101 100.95548 -0.8821311 23.9586985774 76.4309689525 1.73370907005 79.5539036953 149.876601624 0 0.004
117 1.6902821064 99.549051 101.11221 -1.1251977 115.955346855 33.561479011 2.60619518086 69.514515037 -146.206936221 0 0.004
120 1.76694107056 100.80276 98.46873 -1.1938854 128.455470148 127.271550681 1.44312897494 39.9283715882 151.089794199 0 0.004
123 1.98685693741 102.35582 94.496879 -1.1822805 28.6562155903 79.265066481 -0.273989021101 75.2571578175 52.0412683086 0 0.006
126 1.66579699516 103.84912 90.431736 -1.1842505 130.136280696 42.1214472748 -1.08132831877 54.9990801213 5.89700660281 0 0.006
129 1.65100502968 105.46668 86.336829 -1.1831903 92.8014321932 116.254022984 -1.71228146048 32.4876437722 -30.3146904734 0 0.01
132 1.80219721794 106.96067 82.891423 -1.1821311 42.6804124385 87.2862911845 2.68111442527 64.4303218875 -138.652336179 0 0.008
135 1.64762806892 108.13488 79.987125 -1.1809983 21.9487474326 35.4399959082 2.03917651869 97.0180197553 -175.497573595 0 0.012
138 1.66155815125 109.11096 77.465416 -1.174964 35.0980950911 88.6781908026 -0.592609609575 74.8574010422 33.3664487523 0 0.014
141 1.64850687981 110.00241 75.115832 -1.1797573 62.9710492799 105.775803822 -1.70750601052 56.1425218823 -30.237773756 0 0.024
144 1.6410779953 110.9669 72.896666 -1.1819268 108.865531934 74.2678112509 -1.15799776533 2.50914069874 1.37103269454 0 0.016
147 1.63394999504 111.79529 70.750926 -1.1680053 85.5922226834 85.002231296 -0.26708783012 29.8278467114 51.6187687137 0 0.01
150 1.63108801842 112.62755 68.634671 -1.166408 53.6867145019 104.101757305 2.90013887796 68.789071081 -127.004026701 0 0.008
153 1.65689301491 113.50263 66.493746 -1.1746568 113.030221136 69.9315723382 -1.34923684595 3.47013257188 -10.0026998204 0 0.016
156 1.67384409904 114.39844 64.423702 -1.1690506 109.327500772 67.1450589 -1.36486180642 5.75501590231 -11.2191557093 0 0.016
159 2.18866610527 114.9392 62.935672 -1.1627449 113.4571954 68.1188936557 -1.32131911498 5.39092982383 -9.08563325822 0 0.01
162 1.63751220703 115.58582 61.52951 -1.1720902 112.465887201 66.1723215887 1.59069471361 5.59371791551 158.295915252 0 0.012
165 1.67834019661 116.16312 60.165609 -1.1710096 114.184971157 64.9048863547 -1.22834649587 5.13554502361 -3.28516214362 0 0.014
168 1.69427680969 116.71267 58.758483 -1.1690165 64.7023831937 105.081707574 -2.35514168101 69.6484821701 -67.9599668461 0 0.01
171 1.69998598099 117.29804 57.404001 -1.1730259 113.686187171 62.7323409169 -1.20235609703 6.43713345603 -1.68049650188 0 0.028
174 1.74875688553 117.3062 57.346669 -1.1782941 116.202988776 59.4394814513 -0.809305851448 2.36578506256 21.141469332 0 0.028
177 1.64595293999 117.30973 57.394113 -1.1925087 62.6067189077 107.662447662 -1.75539806634 74.2921590228 -32.2511850242 0 0.02
180 1.6696100235 117.3509 57.478875 -1.2542253 65.703112074 105.5807214 -2.51181055857 70.5781951079 -72.0543276938 0 0.034
183 2.54131007195 117.31554 57.561663 -1.3141336 65.7215291645 107.498792787 -2.42204770976 71.8029169701 -63.4788025525 0 0.036
186 1.60644602776 117.31761 57.625945 -1.389572 63.9724821841 104.95449284 -1.00518798707 71.314052629 22.0235816532 0 0.022
189 1.65402293205 117.34247 57.653648 -1.4539696 63.2117748109 108.721903383 -2.04817557042 74.4184041046 -34.0454942664 0 0.02
192 1.65804600716 117.36058 57.739095 -1.5147103 65.2064787355 107.506560358 -2.71920664788 72.0891870314 -69.0125571725 0 0.038
195 1.66052293777 117.34118 57.80351 -1.5718326 67.2526426286 107.733279859 -2.75758889439 70.7237123898 -67.9388311996 0 0.048
198 1.67053890228 117.32521 57.826191 -1.6475747 66.8037134178 105.994994768 -2.25739339608 69.8044072629 -34.9400375534 0 0.036
201 1.66733384132 117.28663 57.948056 -1.7072698 67.7100467393 106.513987125 -3.00208499534 69.4009169527 -74.1874459425 0 0.024
204 1.66386413574 117.37131 58.006137 -1.7818651 70.3405946907 105.114137217 -2.85369936887 66.566146553 -61.4115799436 0 0.024
207 1.67439508438 117.40314 57.989067 -1.8555926 62.9506341849 108.704209764 -2.39187986082 74.411699988 -30.7269966514 0 0.02
210 1.67022013664 117.02719 57.008887 -1.8977403 63.3956023695 106.302699676 -2.77685548325 72.8438546478 -50.3695897058 0 0.046
213 1.66543889046 116.38504 55.250118 -1.9095407 59.8101518508 106.279082097 -2.43102658585 76.1884055873 -29.8789403347 0 0.026
216 1.65084981918 115.67443 53.450651 -1.9075572 57.9017950268 106.05305616 -2.9620467029 78.1325180729 -60.4177980567 0 0.054
219 1.65777683258 115.02136 51.574537 -1.9165104 56.3365508043 107.382979777 2.94627924547 80.9844992301 -81.3826766547 0 0.012
222 1.65123605728 114.35753 49.684701 -1.9233127 41.1821420349 92.7087470927 1.43315776275 84.886429693 -167.688408424 0 0.006
225 2.30342912674 113.59486 47.870819 -1.9110101 122.659386095 58.07457052 0.168585043378 13.6485229386 119.152024811 0 0.01
228 1.59360790253 112.87829 45.986656 -1.9118326 45.4963902276 106.469112132 2.44891563465 90.5452810294 -110.147530635 0 0.01
231 1.67517995834 112.17059 44.128463 -1.9122248 126.161494519 61.2679753978 0.292837312395 22.1248343385 126.340752604 0 0.006
234 1.67613792419 111.43202 42.277019 -1.9027456 128.750721291 61.9504020187 0.127666419008 26.2102921353 116.334039362 0 0.018
237 1.67901587486 110.82393 40.37458 -1.9174412 83.3022400227 48.8072293565 -1.60034368888 28.7845964775 18.1683490811 0 0.006
240 1.72829198837 110.14399 38.567468 -1.912432 15.2999903036 29.3558586917 2.80613112804 95.2902829488 -89.6462473975 0 0.004
243 1.70037412643 109.42625 36.696167 -1.9074722 40.7680314499 113.190821289 3.00452454602 102.788049448 -78.5633174713 0 0.008
246 1.69922089577 108.96452 35.308972 -1.917648 69.5316862732 23.892580638 -2.84994928743 41.0521907754 -53.4169290044 0 0.004
249 2.50537800789 108.91335 35.330429 -1.9171391 108.882795929 35.8008314164 -1.94386138722 0.471393661984 -1.53107427638 0 0.018
252 2.28731894493 108.9585 35.348205 -1.9450374 109.65704421 36.8237939102 -1.90606846439 1.63258281422 2.23275554256 0 0.02
255 1.62472391129 108.97674 35.368834 -2.0165302 111.244499497 36.9204810067 -2.19031129549 2.74778848676 -9.95692333082 0 0.022
258 1.6350851059 108.99865 35.397074 -2.0803106 108.062889524 35.9527142528 -1.51142864705 1.08829396698 32.5945349453 0 0.012
261 1.6899330616 109.05048 35.474836 -2.159245 108.07410581 39.9658153595 -2.06053748039 4.59588970343 5.65552427992 0 0.026
264 1.65461087227 109.09365 35.518169 -2.2238592 108.289343458 38.24749819 -1.85832422965 2.84537288245 20.9436110654 0 0.02
267 1.67238306999 109.14301 35.568827 -2.2920109 111.980736334 36.90507372 -2.18758940699 3.13659784557 5.98291084 0 0.016
270 1.65311789513 109.24021 35.586114 -2.3597618 106.836683843 38.800462576 -2.37040630097 4.0135987285 -0.609884980491 0 0.024
273 1.64872407913 109.32691 35.57971 -2.4292889 109.354774376 37.6790476238 -2.22472343974 2.0995225367 11.7207375072 0 0.024
276 1.64976501465 109.34422 35.612178 -2.4970016 106.460814552 37.0423802792 -2.47636394169 3.218618576 1.1824507204 0 0.028
279 1.67059493065 109.45255 35.562283 -2.5751384 108.083212354 34.8480230948 -2.52549890978 1.5444263667 2.84413328705 0 0.012
282 1.67446708679 109.51035 35.610832 -2.6455993 108.405007942 37.4587411703 -2.29741148953 2.15326481584 19.9496920181 0 0.018
285 1.66511392593 109.52669 35.619453 -2.7060079 64.7558915889 111.715715485 -2.28368553477 88.2896684474 24.1972891216 0 0.016
288 1.65466094017 109.56751 35.667144 -2.7779359 62.4745502635 110.505536231 -1.98216707597 88.4224621258 45.5941950851 0 0.01
291 1.65836501122 109.58407 35.725569 -2.8421247 112.910571344 34.4350143691 -2.7120401505 3.56807265127 7.45329566645 0 0.022
294 1.68346095085 109.62066 35.728072 -2.9074408 103.830426694 40.6017214398 -1.80691477785 7.56830632271 63.0554963135 0 0.008
297 1.80489492416 108.40689 35.538158 -2.9474042 85.7439792632 78.5695223514 1.5222650125 48.634410051 -103.906818304 0 0.006
300 1.68005990982 106.63579 35.154474 -2.9731605 105.522987679 38.8366909271 -2.6283543418 3.84669345067 19.7559376149 0 0.012
303 1.6612739563 104.74277 34.838538 -2.9724974 65.4156320978 107.546871465 -0.929646345554 82.6627215304 117.046743594 0 0.016
306 2.12564682961 102.71686 34.507066 -2.970186 62.3688014147 109.685470561 -2.66835553278 85.3214998931 17.2936119003 0 0.026
309 2.09476280212 100.87602 34.149296 -2.9774562 76.9271183556 128.092283195 0.712652317328 96.9475875566 -148.572356012 0 0.016
312 1.72615480423 98.917573 33.856952 -2.9648121 40.0144309854 93.6533253171 -2.92989536822 83.9356086597 2.00058136557 0 0.02
315 1.7030570507 96.872255 33.519705 -2.9713846 38.4156133813 92.1542950127 -1.6177298646 82.7960995174 77.5587032565 0 0.01
318 1.67487287521 94.700759 33.157106 -2.9752463 82.9274929173 137.478794047 0.998913517379 104.983924442 -132.297415354 0 0.018
321 1.74209904671 92.656194 32.878926 -2.9695623 53.5952627331 107.921682912 -3.09139914253 84.6000692455 -6.98073686614 0 0.008
324 1.73961997032 90.628889 32.525228 -2.9736018 85.9507409934 130.587386168 -0.0850131556071 98.1736824886 165.503938073 0 0.014
327 1.65627408028 88.510396 32.191288 -2.9695852 113.559680427 51.6897265559 0.0843626912797 31.7435939434 174.978325023 0 0.012
330 1.65180015564 87.334812 32.006658 -2.9896435 16.8104428345 98.9418181626 -3.01376084478 97.2316939695 -1.38182206909 0 0.01
333 1.6651160717 87.328365 31.983283 -3.0015998 48.6654478879 104.725934023 -0.378735177464 82.3790898073 150.279073105 0 0.006
336 1.66302108765 87.328448 32.00285 -3.0442403 48.3008230029 112.480980108 2.43772206954 89.4420758844 -45.9066927759 0 0.006
339 1.66647911072 87.480424 31.977098 -3.121648 43.0777565772 70.7063405124 -1.11191881949 58.9198701615 115.149000008 0 0.014
342 1.66983389854 87.509332 32.088761 3.0972389 44.3788018784 71.5212758543 -1.52660200133 58.4394203967 95.0734312135 0 0.02
345 1.6873691082 87.537767 32.004513 3.0032565 116.892261754 46.3566843949 0.758396517342 32.675238117 -128.621002604 0 0.004
348 1.67321801186 87.588829 31.971963 2.902116 50.3736384461 86.6726434833 0.472459701716 66.1599187825 -139.209051559 0 0.016
351 1.96948099136 87.696053 31.883789 2.7788249 44.6511632143 74.1821758128 -1.47609282643 60.3491181678 116.2111721 0 0.018
354 3.00149416924 87.777704 31.698119 2.6376296 50.2248176816 92.7079141902 0.175731184344 71.6408708769 -141.056388807 0 0.024
357 1.89721918106 87.896098 31.65995 2.4917922 43.5552488765 73.5681215684 -1.66124561982 61.0115214136 122.048460766 0 0.018
360 1.61443996429 87.958395 31.594625 2.366513 45.4790157309 72.4554216896 -2.00321351024 58.9415165159 109.633113337 0 0.01
363 1.60890197754 87.964094 31.460561 2.2184109 45.1156288371 94.5930958043 -0.823836628612 76.3001174156 -174.307943624 0 0.014
366 1.63004899025 87.708527 31.831987 2.1125682 90.6977497092 60.6110786217 1.77597435969 28.9339172422 -19.28540646 0 0.006
369 2.15938186646 86.721318 33.612273 2.0920166 19.2105793029 103.850920233 1.89614982069 97.4226226531 -11.2223398012 0 0.006
372 1.67761301994 85.724716 35.405361 2.0873093 121.494942834 107.078004462 -1.73545299352 80.1029147322 140.9718545 0 0.01
375 1.86986899376 84.755772 37.248267 2.0862059 52.5926685155 84.305800314 -0.907537919451 56.9989181244 -171.528885798 0 0.01
378 2.57625293732 83.690185 39.149374 2.0868314 101.824698037 94.3169003985 1.5651739183 58.0716499854 -29.8887720527 0 0.014
381 1.61783599854 82.666747 40.97523 2.090975 90.7013381548 69.2207543932 2.01241683746 29.3660399658 -4.50105115959 0 0.008
384 1.74635314941 81.635815 42.877142 2.0910396 103.406695387 100.906274715 1.25967584219 61.9786372588 -47.6336345625 0 0.014
387 2.45806097984 80.624097 44.699122 2.0805048 32.9191359053 35.241388342 2.25191538566 48.6334456829 9.82110312209 0 0.006
390 1.93940806389 79.602515 46.546403 2.0762437 85.2972582802 75.762968776 1.8434313831 29.7663873651 -13.3391631769 0 0.006
393 1.60555100441 78.599692 48.40129 2.0808805 84.8349998315 88.2878902128 -1.14087419218 40.371028477 175.407053511 0 0.01
396 1.83727693558 77.532669 50.298142 2.0919608 36.0738250727 86.1191930571 1.0865113728 54.7903589934 -57.6080086923 0 0.01
399 1.70394897461 76.53881 52.074716 2.0854653 76.0107015486 119.801229765 -2.74788920011 67.7285727391 83.0691862533 0 0.012
402 1.96885585785 75.533974 53.92833 2.0838411 74.7011118929 118.283183627 -2.74669428209 64.3602427333 83.2307098176 0 0.02
405 1.62277007103 74.451304 55.860797 2.0823704 12.2813457568 33.1257822685 2.70282324175 66.1965603547 35.5493292193 0 0.006
408 1.60345697403 73.464188 57.689364 2.0801622 51.5455380454 86.5159402311 0.687742158913 36.2132394718 -79.7797916637 0 0.008
411 1.56720685959 72.461178 59.521835 2.0808323 51.9571308739 103.866260247 -1.95954738628 48.855337467 128.503296346 0 0.006
414 1.57547497749 71.469371 61.42577 2.0898858 40.6137655554 117.053609518 3.08564930531 63.6123016151 57.0530462472 0 0.01
417 1.58990120888 70.386885 63.322712 2.0827703 99.0263239519 114.446226072 0.713525851191 58.5989006259 -78.4519280385 0 0.012
420 1.5752530098 69.38246 65.186025 2.0922796 106.27405892 66.1217077254 -2.92051371541 36.9034628869 72.7880994554 0 0.006
423 1.57079195976 68.400253 67.014087 2.0893798 117.899627005 123.19036095 1.56439493146 74.8729709695 -30.0794172753 0 0.006
426 1.56757903099 67.30799 68.901204 2.089526 62.6278731895 66.4184140995 2.05300064288 5.29789949417 -2.09274880826 0 0.006
429 1.61855792999 66.315197 70.741557 2.0869248 111.950292107 48.4410594327 0.557804689694 50.7924610271 -87.6121286891 0 0.008
432 1.58554577827 65.281228 72.464006 2.0745737 38.795930597 48.0500572532 -0.848420438315 36.020992101 -167.475227667 0 0.008
435 1.5720770359 64.283593 74.421326 2.0918621 68.2061287175 93.7212475316 -1.87785461449 19.6944981551 132.551986397 0 0.006
438 1.58303904533 63.28447 76.191493 2.091939 65.5022561979 93.2325874612 -2.02086423611 17.1848036374 124.353732603 0 0.004
441 1.56473708153 62.204887 78.125252 2.0893553 79.7511899086 80.81894161 0.59287160781 17.7518649577 -85.7421996726 0 0.008
444 1.56872987747 61.273659 79.948227 2.0960183 82.7880783608 130.885921812 0.199329649894 55.2948369488 -108.672254701 0 0.008
447 1.5681707859 60.19879 81.787566 2.089809 56.0342674467 82.800027523 2.40460146675 4.28582855849 18.0362797674 0 0.02
450 1.582020998 59.161438 83.629466 2.0974137 63.2753951172 41.4651319522 -2.08511131412 42.3645572249 120.358968983 0 0.006
453 1.57108092308 58.11891 85.485673 2.0964985 56.8717816155 87.4750785081 2.02600483626 2.34799137204 -4.038989415 0 0.03
456 1.58037495613 57.036783 87.336936 2.0992423 91.698202494 88.9771138653 0.936124714824 34.7002043909 -66.641728708 0 0.022
459 1.56253504753 56.357629 88.602308 2.124456 53.3411977193 88.1604662483 2.02361766464 3.0486196556 -5.77761102935 0 0.046
462 1.57406115532 56.200217 88.720884 2.2094598 54.701626852 89.3806037743 2.29477812849 1.63737674718 4.8883801378 0 0.044
465 1.57866597176 56.199637 89.07416 2.3631742 54.1610254011 87.0556677446 2.33135679796 2.86884092209 -1.8230028522 0 0.03
468 1.57200098038 56.109511 89.161307 2.4869631 55.949076608 85.5334572854 2.8377716067 3.63139542684 20.0998468512 0 0.014
471 1.56362199783 56.023191 89.233423 2.608836 51.3687575209 87.9533773027 2.59583874456 4.82724227677 -0.744687882206 0 0.02
474 1.56589913368 54.873312 89.789936 2.6823278 52.3364218887 91.4214904804 2.87744869983 3.0162528838 11.179604055 0 0.024
477 1.57336401939 52.997249 90.667048 2.6986067 49.5899813006 88.5892814503 2.72623369355 3.99081282583 1.58291013111 0 0.01
480 1.56983304024 51.122563 91.609157 2.7018871 48.3851647206 91.0834121732 2.73585420525 2.78742837804 1.94617177328 0 0.014
483 1.56454086304 49.137432 92.566213 2.7007601 71.3132667761 40.1527034999 -0.0700889331941 56.911717828 -158.75795527 0 0.008
486 1.57722115517 47.308569 93.452781 2.7003868 44.2838060198 89.6456636495 2.82096745561 4.862441116 6.90876265761 0 0.014
489 1.60943603516 45.360782 94.336008 2.7008969 44.0172805597 93.2541653925 2.74561382276 1.72492885288 2.5620909468 0 0.024
492 1.61581492424 43.468079 95.251019 2.7064338 80.1391112387 75.5751858251 1.57250170699 41.6161388956 -64.9695231838 0 0.016
495 1.60657596588 41.590918 96.131677 2.7064065 41.8716661759 93.0498419022 2.61397330404 3.09459643704 -5.29603201567 0 0.028
498 1.60545802116 39.606214 97.06058 2.704478 31.8090828332 101.843805971 -2.31579422986 9.1473769533 72.359589222 0 0.014
501 1.60589790344 37.718719 97.944153 2.696243 31.1738547012 96.8165946535 2.84868628738 6.64128274613 8.73435698205 0 0.042
504 1.61263608932 35.769603 98.891663 2.7044976 33.2950697728 96.1393326938 2.67341021977 3.701166952 -1.78117568346 0 0.062
507 1.60219216347 33.862509 99.822852 2.7013631 28.3316521725 96.0316006629 -2.88984263334 6.70551742579 39.6475090902 0 0.042
510 1.59755206108 31.979521 100.73965 2.7066945 29.6050751753 99.4418153297 2.7985543233 2.7059873994 5.26318018216 0 0.04
513 1.62455511093 30.015598 101.64307 2.7044148 28.9166857046 98.3462946996 2.72187429626 3.47510224514 1.00035544806 0 0.028
516 1.59499907494 28.083667 102.5122 2.7038251 27.1214215018 101.636741796 2.70939699774 1.30090102056 0.31924622446 0 0.02
519 1.57385611534 26.231599 103.44351 2.6987262 24.1666657503 102.047474702 2.76851526505 2.49256171039 3.99861888353 0 0.05
522 1.58466100693 24.326425 104.3449 2.7056645 16.7406871205 99.9112759063 2.82529676919 8.78637819467 6.85442411795 0 0.026
525 1.5728161335 23.072168 104.95788 2.6888385 20.5906073588 105.703431477 2.62582257712 2.59113685865 -3.61054642335 0 0.068
528 1.57233905792 23.059574 104.94595 2.6093304 18.3333829275 104.468327008 2.60033121085 4.75026375863 -0.515615557296 0 0.09
531 1.58718800545 23.148655 105.02795 2.4881616 17.2954762179 103.625065654 2.54688154104 6.01895226298 3.364404795 0 0.07
534 1.57508301735 23.15609 104.97342 2.3614352 18.7846450269 105.523677729 2.50927639442 4.40594084405 8.47067647846 0 0.046
537 1.56898903847 23.189116 104.80794 2.2179164 18.560092794 104.912387137 2.2157971546 4.63020140453 -0.121423817041 0 0.07
540 1.59303998947 23.170444 104.45908 2.0515088 17.7461621313 103.295469258 2.08098453823 5.547686342 1.68883539854 0 0.056
543 1.59648394585 23.203193 104.36781 1.9241471 18.1922117631 104.623171864 2.03588383364 5.01748369589 6.40204325387 0 0.022
546 1.56823205948 23.268475 104.40083 1.8086424 19.6633318777 106.30729666 1.74218711054 4.07819470555 -3.80760761222 0 0.054
549 1.56523489952 23.269141 104.3114 1.6661585 18.9529059634 100.760222013 1.60974277685 5.58934253635 -3.23238283441 0 0.046
552 1.56556200981 23.273746 104.22596 1.531085 19.2402637636 105.290851758 1.52027543564 4.17168711777 -0.619342415951 0 0.062
555 1.56683588028 23.201513 103.9692 1.3630267 20.6573364224 105.823340112 1.44391616036 3.14812166401 4.63462468592 0 0.054
558 1.60964202881 23.573375 105.47089 1.3112874 18.6190121095 106.104231751 1.26576325646 4.99468051267 -2.60834129092 0 0.064
561 1.63119006157 24.091257 107.45193 1.3021436 18.618309553 107.985437261 1.33536132667 5.49888932014 1.90323554331 0 0.024
564 1.62978816032 24.69734 109.54228 1.2971878 20.1695602586 108.799948147 1.27644361996 4.58822906655 -1.18855396597 0 0.036
567 1.64754199982 25.24514 111.62222 1.291934 21.512216098 111.94389617 1.30712811675 3.74675812091 0.870558763489 0 0.034
570 1.62461090088 25.838263 113.71051 1.2925571 21.5013552215 112.482598302 1.37427498221 4.50738685006 4.68208976125 0 0.032
573 1.61678886414 26.485855 115.66064 1.2984976 21.1742059737 115.088106536 1.24319035739 5.34241611507 -3.16887157789 0 0.048
576 1.61074709892 26.666562 116.70228 1.2516028 20.892545574 116.19000116 1.16743397657 5.79669692993 -4.82251834886 0 0.042
579 1.61487579346 26.671044 116.66524 1.1445574 21.3506061243 118.696530052 1.01310671381 5.69501522967 -7.53156953307 0 0.022
582 1.60480999947 26.68282 116.71548 1.0360889 22.7352737934 115.617966609 0.992439491643 4.09727430076 -2.50092687712 0 0.046
585 1.70704293251 26.598988 116.54426 0.86252405 20.5354137672 114.863342185 0.833405033276 6.29225056545 -1.66839676184 0 0.042
588 1.68002295494 26.490987 116.49462 0.72378221 20.7856867666 114.253314804 0.74431269823 6.12975527542 1.17631032692 0 0.022
591 1.65425395966 26.414554 116.44154 0.58967497 20.2685668732 117.046886423 0.632283521551 6.17572684433 2.44129017505 0 0.032
594 2.86319708824 26.30131 116.37003 0.43724496 21.4172793808 116.281874876 0.462911334209 4.88482613976 1.47057491756 0 0.026
597 2.67664194107 26.176025 116.35464 0.31453037 22.4032664024 115.648580583 0.485562485905 3.83825837288 9.79941840254 0 0.026
600 1.68335103989 26.088883 116.46581 0.14702743 22.1270070535 116.286104122 0.260584808819 3.96594947245 6.50635853887 0 0.02
603 2.37090587616 25.977812 116.45377 0.019989929 22.0529380345 115.406231447 0.198267637934 4.0622620133 10.2145603032 0 0.024
606 2.00574707985 25.890585 116.45549 -0.11586106 24.3438610379 112.55686509 0.128679333614 4.19423785758 14.0111324746 0 0.018
609 1.63278007507 27.617035 116.21759 -0.13548047 24.7790494975 116.24564479 -0.0868188129725 2.83812416637 2.78810757179 0 0.048
612 1.68125295639 29.732468 115.90829 -0.14344069 26.6058307943 115.327103152 -0.0997715417226 3.18019470606 2.50205789123 0 0.05
615 1.62262487411 31.744289 115.6014 -0.14068963 28.5693307729 111.939915296 0.106530486068 4.84632128301 14.1646692614 0 0.02
618 1.6660630703 33.87565 115.27561 -0.13567301 31.1635937037 113.824071603 -0.0242725340201 3.07607104486 6.38277710939 0 0.022
621 1.58749485016 35.936054 114.9269 -0.14240112 33.2812562741 113.510309191 0.0174502617849 3.00909961356 9.15880952561 0 0.048
624 1.61271715164 38.113735 114.67885 -0.14674677 36.3790740988 114.76717141 -0.112861221605 1.73690791744 1.94149890951 0 0.028
627 1.61251497269 40.163768 114.30534 -0.14012204 35.1775712778 115.815354005 -0.00886341099371 5.20982725693 7.52056546673 0 0.07
630 1.6123290062 42.346763 113.98058 -0.16006212 37.1379693456 114.816711117 -0.130778197553 5.27547595768 1.67784516381 0 0.052
633 1.6070330143 44.341947 113.67079 -0.15507802 41.5736949951 113.778910633 -0.113824548144 2.77036265386 2.36364982763 0 0.046
636 1.66273093224 46.544067 113.30502 -0.15009707 41.4996968383 116.090452041 -0.0448132271343 5.76231741424 6.03231984712 0 0.072
639 1.67230010033 48.557097 112.97025 -0.14631805 44.4715264794 114.150443796 -0.0103275261049 4.25261612125 7.79168307296 0 0.1
642 1.57788610458 50.586062 112.64729 -0.14866611 47.8938158382 114.917878557 -0.185152388097 3.52189746995 -2.09050974509 0 0.09
645 2.29038405418 52.747394 112.3225 -0.14488479 51.3272633033 114.517567023 -0.118438996228 2.61440058714 1.51523236901 0 0.102
648 1.64251494408 54.919709 111.95097 -0.14565598 51.5217384543 113.630437465 0.00666249369867 3.7903581354 8.72720568481 0 0.09
651 1.61667203903 56.9199 111.70562 -0.14317608 54.3120134753 113.466256085 -0.064714579467 3.14657139585 4.4955128348 0 0.066
654 1.60425782204 58.963864 111.32719 -0.14485493 53.4736806685 115.502335386 -0.117613007207 6.89738733177 1.56084720185 0 0.046
657 1.59755587578 61.070196 111.0267 -0.15209978 57.887014668 113.404181512 -0.0736615416827 3.97304187395 4.49418000802 0 0.084
660 1.61053085327 63.25691 110.67843 -0.1447313 60.246825772 110.53863349 -0.0451759678636 3.0133287447 5.70410035944 0 0.082
663 1.61820316315 65.338645 110.4192 -0.14848438 62.847994525 111.854139631 -0.166859358778 2.87443760273 -1.05280873261 0 0.1
666 1.61543011665 67.412523 110.08404 -0.1445869 61.7147221695 112.544440419 -0.0884256884675 6.20632778086 3.21780039315 0 0.096
669 1.61943793297 69.507235 109.73429 -0.15139682 65.4218098589 111.464442302 -0.111739323718 4.43667956584 2.27220716299 0 0.212
672 1.62820100784 71.647859 109.39116 -0.14906575 67.5789084458 110.425159829 -0.0963197401791 4.19827515288 3.02212374889 0 0.224
675 1.62599086761 73.702975 109.06139 -0.1559357 69.5586102857 111.787527539 -0.0925295314537 4.96060326653 3.6329058528 0 0.188
678 1.59890198708 75.754203 108.72815 -0.15045699 72.1834155462 109.514689883 -0.133331427156 3.65638729195 0.981222472732 0 0.152
681 1.59920597076 77.860742 108.43703 -0.15243836 73.483033111 110.019018027 -0.137835952672 4.65478476788 0.836656310603 0 0.18
684 1.5910589695 79.97813 108.08555 -0.15170568 76.1759577032 108.895474123 -0.200076974068 3.88747877928 -2.77147099968 0 0.256
687 1.61415100098 82.120618 107.73965 -0.14888428 78.0425341195 109.390106416 -0.155464046562 4.39940615521 -0.37699285421 0 0.256
690 1.60633301735 84.192494 107.42985 -0.14593359 81.12614187 108.718541537 -0.181260198979 3.32614510555 -2.02406559898 0 0.256
693 1.60622501373 86.28045 107.15458 -0.15823172 81.9834152432 107.814903014 -0.12870102361 4.34747446044 1.69198426921 0 0.224
696 1.59368896484 88.385341 106.75858 -0.15035877 85.1603326666 108.431304872 -0.106567604846 3.63299975873 2.50904894326 0 0.186
699 1.57389807701 90.512184 106.42958 -0.15443508 87.6043245927 108.841864335 -0.143999736389 3.77819560735 0.597901146651 0 0.23
702 1.57853293419 92.541412 106.11165 -0.15857271 89.6822620413 109.402199174 -0.0909116668909 4.35918023865 3.8766922076 0 0.25
705 1.57634711266 94.624435 105.7799 -0.14991569 91.6886661576 107.317538407 -0.0832514672302 3.31407159928 3.81957860923 0 0.242
708 1.6032679081 96.812614 105.41142 -0.16008539 92.9992481497 107.310334126 -0.109496582582 4.26000398686 2.89852515564 0 0.284
711 1.64307904243 98.833392 105.05687 -0.15857643 93.2933300529 107.284618296 -0.17475356383 5.97119325179 -0.926881493086 0 0.222
714 1.65345001221 100.9283 104.72764 -0.15390186 94.8645722644 105.816603283 -0.152681236255 6.16073332352 0.0699365889854 0 0.146
717 1.6070189476 103.02648 104.38009 -0.15580909 98.8584697407 106.539730072 -0.0833432658303 4.69428959082 4.15198588386 0 0.184
720 1.60485601425 103.56436 104.3046 -0.21764658 98.9203237094 105.801987322 -0.223292657562 4.8794714734 -0.323496415111 0 0.202
723 1.62020993233 103.46604 104.39779 -0.32798619 97.6184262432 106.287185997 -0.313142269412 6.14527492335 0.850494001104 0 0.128
726 1.71840715408 103.43166 104.43448 -0.46455789 97.9490124585 105.973347047 -0.493940599399 5.69451805266 -1.68350523922 0 0.166
729 1.60737800598 103.35806 104.51276 -0.60050128 98.2028695274 105.251164082 -0.562880268379 5.20780466201 2.1555251869 0 0.128
732 1.57577800751 103.30537 104.5712 -0.75278089 100.078640481 105.470464024 -0.585566549239 3.3496953852 9.58067599969 0 0.068
735 1.57471489906 103.24477 104.73622 -0.88717849 99.4632976877 107.804562184 -0.795245710986 4.86972859653 5.2673602364 0 0.086
738 1.5672981739 103.11543 104.83266 -1.0218313 100.502362971 107.284849362 -0.924899272794 3.58348321675 5.55379605854 0 0.076
741 1.58145213127 103.3336 104.43355 -1.1359167 98.2267220073 106.332646959 -1.05440717209 5.44855688176 4.67015193933 0 0.078
744 1.6089758873 104.18264 102.5184 -1.1499809 101.200731445 104.937204057 -1.05274474016 3.83958222976 5.57122157474 0 0.1
747 1.61346101761 105.02068 100.61649 -1.1544373 103.948781068 102.21859146 -1.17692410702 1.92761417564 -1.28839913679 0 0.064
750 1.59947609901 105.97315 98.645528 -1.1675657 105.391734253 102.642820345 -1.0628678131 4.03935519137 5.99874704358 0 0.076
753 1.59891605377 106.66644 96.709247 -1.154133 103.072588773 99.6908803257 -1.02477763832 4.66967921074 7.41151628162 0 0.108
756 1.60204291344 107.65453 94.805864 -1.1707179 105.156167041 96.6767701539 -1.06785131445 3.12123490187 5.89382120476 0 0.132
759 1.60147094727 108.36584 92.821603 -1.1639211 106.861062915 93.7116062865 -1.08025104783 1.74827341291 4.79394086088 0 0.096
762 1.60257506371 109.18739 90.932737 -1.1605274 106.558078939 93.1022548562 -1.12242540754 3.40882448691 2.18308335924 0 0.094
765 1.60251402855 110.00551 88.971931 -1.1631703 110.713223557 88.8606620637 -1.12530723008 0.716407184871 2.16939410606 0 0.104
768 1.60504698753 110.83946 87.051439 -1.1600004 109.640189618 87.1894487637 -1.06729554574 1.20718521543 5.31159688967 0 0.14
771 1.60190796852 111.68317 85.129972 -1.1502451 110.80302116 84.923374095 -1.055645757 0.9040711665 5.42014309842 0 0.132
774 1.59888601303 112.49307 83.177328 -1.1488654 111.569708566 86.0167930852 -1.057434892 2.98582623524 5.23858222712 0 0.2
777 1.60033798218 113.40329 81.226755 -1.149046 111.280104747 82.6886612278 -1.09485928645 2.57780632311 3.10466999233 0 0.154
780 1.60477900505 114.20236 79.347389 -1.1522317 113.812289154 80.7669368752 -1.10358468142 1.47216555971 2.78726885039 0 0.104
783 1.60541796684 115.10134 77.33273 -1.146946 113.523818214 81.0075007597 -1.10101082949 3.99906428089 2.63189140144 0 0.09
786 1.59951996803 115.87569 75.433999 -1.1405871 117.437970833 76.8255896453 -1.02109585678 2.09218687629 6.84634392542 0 0.07
789 1.59451198578 116.74641 73.521868 -1.1514597 115.384458867 75.4415365857 -1.16538779678 2.35372860931 -0.798021162015 0 0.066
792 1.59932112694 117.66191 71.592443 -1.1472421 124.670808779 74.4720417652 -0.745117755238 7.57738418887 23.0400277943 0 0.048
795 1.61229205132 118.47567 69.543126 -1.1411103 127.7616511 71.2099568335 -0.789268817113 9.43439293363 20.159032027 0 0.046
798 1.59796309471 119.32773 67.660396 -1.1493947 118.546445614 69.4405655272 -1.11037267246 1.94407017304 2.23579748611 0 0.048
801 1.59645295143 120.23613 65.736718 -1.1477983 118.871892783 70.3521448647 -1.0993531292 4.81282747754 2.7757038248 0 0.04
804 1.60108089447 121.05504 63.851108 -1.1435448 119.356480414 67.5484824566 -1.0422923485 4.06886747643 5.80133813614 0 0.056
807 1.60039305687 121.9387 61.889647 -1.1416966 120.002568814 64.425814345 -1.08830130813 3.19072856435 3.05932487003 0 0.058
810 1.59220480919 122.75206 59.947854 -1.134592 122.815969716 63.5004951916 -1.15256775114 3.55321599231 -1.02993467407 0 0.06
813 1.59961414337 123.61313 58.017737 -1.1345099 122.857285895 61.2306863052 -1.02560239351 3.30065804791 6.23994047911 0 0.096
816 1.66745591164 124.50226 56.14403 -1.1250591 122.144930421 60.6702035949 -1.09159039477 5.10325877822 1.91761555557 0 0.058
819 1.65626597404 125.37031 54.195354 -1.1346431 122.678371403 57.9201242138 -1.0795422319 4.5956987014 3.15704718939 0 0.066
822 1.59105420113 126.19009 52.293812 -1.120627 124.34664261 55.1169969334 -1.03366258489 3.37174605326 4.98269395335 0 0.046
825 1.59974312782 127.09539 50.434417 -1.1252352 126.034604734 55.4109222759 -1.15504523173 5.08830719803 -1.7079890054 0 0.05
828 1.67334103584 127.94916 48.435924 -1.125081 127.201498163 52.3892179194 -1.14152312628 4.02337309181 -0.94206444216 0 0.11
831 1.65455007553 128.83417 46.49897 -1.1135569 127.446523489 51.1986514783 -1.09538178046 4.90026211927 1.04135764171 0 0.108
834 1.5924270153 129.69028 44.561049 -1.1141866 127.817204963 47.6696692318 -1.17261216587 3.62931534013 -3.34753834022 0 0.112
837 1.62359213829 130.6504 42.689185 -1.1179531 128.55674831 45.7865689313 -1.17069370797 3.73860463487 -3.02181424575 0 0.102
840 1.61396503448 131.56218 40.752166 -1.1133477 130.941029951 43.4324883988 -1.04782203372 2.75135521967 3.75434412783 0 0.058
843 1.62464690208 131.80181 39.159633 -1.0655485 127.711443387 45.7798381203 -1.23759276759 7.78191588622 -9.85741042208 0 0.046
846 1.62086200714 89.526265 39.287264 -0.26055386 131.294294464 40.3815753541 -0.986510862421 41.7823623388 -41.5942723467 0 0.05
849 1.62675595284 49.129117 22.860079 0.57174269 132.971032737 41.0379895797 -1.0886067433 85.7898785844 -95.131015045 0 0.034
852 1.61250114441 45.693587 19.436118 1.0035584 137.006216865 40.8584346941 -0.952809367906 93.7918547922 -112.091616276 0 0.022
855 1.59888410568 46.841947 21.209275 1.0214136 35.2643991099 92.8062386355 1.7172172257 72.5269937125 39.8666111226 0 0.01
858 1.60036897659 48.00008 22.972907 1.0079248 39.550400859 91.6785029937 -2.75198232602 69.2232330828 144.573190318 0 0.01
861 1.6034321785 49.170996 24.731115 1.014741 64.0343867669 104.755016929 -0.458258683749 81.3925381406 -84.3966651029 0 0.014
864 1.60076189041 50.349541 26.532036 1.0144485 35.4566201769 89.852590603 -0.19269382735 65.0483798866 -69.1641606288 0 0.014
867 1.60364890099 51.518278 28.351001 1.0069992 31.2069253368 75.5804709058 -2.91710499017 51.4118067625 135.165391534 0 0.01
870 1.5999379158 52.642563 30.101924 1.0170679 57.6543677314 104.748433502 3.13709207069 74.814567883 121.468437447 0 0.018
873 1.60308694839 53.80357 31.912095 1.0183648 126.471768567 24.0884321652 -1.59488410092 73.0881439303 -149.72813284 0 0.01
876 1.60328793526 54.946688 33.671099 1.0064723 24.3480937753 76.2906037235 -2.63346411705 52.4661429058 151.447005607 0 0.014
879 1.6088950634 56.161659 35.476636 1.0152563 121.907043687 48.2005411456 -0.948476167929 66.9653146774 -112.513582505 0 0.008
882 1.60475897789 57.333476 37.252395 1.017552 127.525606551 20.8710399038 -0.145045829335 72.078318419 -66.611948892 0 0.006
885 1.61990213394 58.434052 39.044555 1.0099164 127.247570556 16.3055915729 -1.36983369479 72.4731729246 -136.349636727 0 0.016
888 1.63773989677 59.558673 40.733157 1.0155176 12.0054752389 72.4925772657 -2.62712368102 57.1836287142 151.292028317 0 0.01
891 1.6044921875 60.829575 42.673596 1.0256616 127.589497505 14.3399350063 -1.48963383903 72.5236761215 -144.115812885 0 0.004
894 1.6011800766 61.938983 44.298725 1.0235902 138.287581149 13.2688290489 -1.81958827611 82.4133659184 -162.902127083 0 0.01
897 1.62530398369 63.08776 46.123861 1.0214801 129.849724332 7.4690973889 -1.40991912438 77.1449974483 -139.308913868 0 0.014
900 1.60375189781 64.233274 47.872937 1.026201 85.053999398 90.8566708182 -0.599461992789 47.7609042947 -93.1436283974 0 0.006
903 1.6103348732 65.367062 49.701179 1.0288308 83.8522259729 106.707078703 -0.418875582067 59.9280726213 -82.9474656666 0 0.004
906 1.71419215202 66.47055 51.411163 1.0247772 72.5854347989 98.2496120086 1.50475502428 47.2359198242 27.5007035909 0 0.004
909 1.61391210556 67.601685 53.206336 1.0345375 26.2302211343 138.429609756 0.555864039469 94.7343887513 -27.4259690533 0 0.006
912 1.59145212173 68.713633 54.989386 1.0321621 36.7549536162 54.2658422294 -1.55668705182 31.9668688418 -148.330130195 0 0.006
915 1.57704091072 69.889939 56.860516 1.0335194 74.1910422507 87.9261820295 0.271839891928 31.3620008136 -43.6410211541 0 0.006
918 1.56882286072 70.97178 58.665246 1.0279054 76.5592200917 125.973698448 -0.63919157607 67.5399678539 -95.5176207678 0 0.012
921 1.58925890923 72.083269 60.388926 1.0348295 111.427167065 97.6712336056 1.65278330149 54.202516319 35.4061447594 0 0.006
924 1.58226418495 73.21006 62.180545 1.0389104 39.0546220977 14.8460379759 0.0310251108999 58.3707931548 -57.7475732988 0 0.006
927 1.57342886925 74.211219 63.966291 1.0279221 143.42042175 83.735406817 2.16621901227 71.9772997925 65.219608906 0 0.004
930 1.57273292542 75.394113 65.876292 1.0355825 82.6389692261 75.2018056723 -1.1058553638 11.8090281983 -122.695351685 0 0.004
933 1.58169603348 76.475569 67.55587 1.0353462 102.170659777 74.9168990903 0.739633824308 26.72868196 -16.943071077 0 0.004
936 1.72753596306 77.652303 69.425792 1.0395167 136.150271668 115.410875083 1.23198581188 74.4086030275 11.0276677973 0 0.008
939 2.09706306458 78.72098 71.209083 1.0347632 62.1437987782 68.8562741919 2.21945574625 16.743316474 67.8778829208 0 0.004
942 2.03796100616 79.923618 73.070281 1.0406815 69.4753624497 133.106380024 2.68270927627 60.9384872639 94.0812614238 0 0.006
945 1.59613800049 80.886825 74.813727 1.0240856 97.2243717203 45.1315654218 1.52761280468 33.8813539988 28.8499836981 0 0.006
948 1.58793187141 82.003807 76.66259 1.0354781 23.1872483923 98.9374857525 -0.375167933984 62.8932313308 -80.8240641342 0 0.006
951 1.67894601822 83.149971 78.458347 1.0359732 82.4128036069 81.3458050854 1.18895111516 2.98007214018 8.76498889742 0 0.012
954 1.63549494743 84.209192 80.07724 1.046865 113.808053023 61.9210748352 0.134676549293 34.7237513434 -52.2645483461 0 0.014
957 1.59415793419 84.421821 80.346791 1.1291589 36.3546900687 75.2104502191 2.56107093949 48.3407806369 82.0425164969 0 0.01
960 1.58457398415 84.549549 80.462185 1.2384433 66.4435486909 98.1025012655 2.57921271177 25.2786076583 76.8204285946 0 0.012
963 1.66007399559 84.477315 80.645515 1.377415 82.5555917537 79.6089225028 0.943880530627 2.18347068696 -24.8396953685 0 0.008
966 1.56367206573 84.491575 80.745704 1.5042297 81.3772084904 80.9513579281 1.41169151362 3.12114919446 -5.30204752318 0 0.01
969 1.57105994225 84.58151 81.604236 1.6242617 79.4207904487 78.4869151587 1.46338818051 6.02915545614 -9.2173737023 0 0.012
972 1.56961202621 84.52138 83.606555 1.6450761 80.8703679793 82.5210415338 1.63685259882 3.80896682323 -0.471171910356 0 0.028
975 1.59232592583 84.450105 85.633891 1.6510189 82.0188955897 87.2535179373 1.89855415326 2.92129605018 14.1827252926 0 0.012
978 1.62140393257 84.288283 87.799076 1.6553182 81.7893824773 87.0753935829 1.72153203012 2.60158030107 3.79377301119 0 0.012
981 1.61919212341 84.219899 89.940013 1.6574582 38.5497857391 91.720177894 -0.168842571289 45.7047944128 -104.639326316 0 0.02
984 1.59943699837 84.085061 91.960688 1.6559816 80.4602850892 92.4088853664 1.7856305349 3.65238022153 7.42833678793 0 0.022
987 1.57244110107 83.972707 94.061302 1.6546883 69.5567766457 108.781314467 0.285164735828 20.603344753 -78.4679201708 0 0.016
990 1.57208490372 83.850194 96.236204 1.650278 41.7125706559 88.3046458301 -0.383386608936 42.8776038987 -116.520399037 0 0.014
993 1.57796311378 83.742141 98.372522 1.653672 74.2915966775 108.322193929 -0.00783639181282 13.7225638816 -95.1974184764 0 0.014
996 1.57576680183 83.558608 100.37046 1.6603574 56.4333008174 104.328527858 -2.88795849454 27.4125626478 99.4006953508 0 0.008
999 1.56954598427 83.448658 102.54165 1.6520527 29.5863199063 79.5700718835 -1.96601775907 58.5563392476 152.699832715 0 0.008
1002 1.56626415253 83.308795 104.69204 1.6576029 31.4253908694 105.689557389 1.11692720924 51.8929924472 -30.9784351658 0 0.004
1005 1.5791990757 83.194681 106.76107 1.661421 77.7305937965 108.051200556 1.64007513859 5.61432861688 -1.22302776875 0 0.006
1008 1.63486099243 83.066158 108.84686 1.6653468 83.7706902919 110.063515636 1.10524799175 1.40592200568 -32.091297823 0 0.01
1011 1.89977002144 82.920912 111.09751 1.6564676 71.2397126774 115.457955147 -1.10879751468 12.4685163308 -158.438020306 0 0.004
1014 1.73928189278 82.798446 113.12029 1.6519674 76.9080146996 113.804054635 1.70822919256 5.9299843997 3.22356326149 0 0.014
1017 1.59299588203 82.725101 115.25424 1.6521864 77.0521486838 116.343878289 1.79245314323 5.77665124298 8.03669239288 0 0.022
1020 1.60595202446 82.605874 115.888 1.7134215 56.5007637895 121.539323987 -2.37316145312 26.7098154601 125.856044156 0 0.01
1023 1.61878800392 82.650086 115.98425 1.8265292 77.9652846978 115.453384363 1.93895865994 4.71478329996 6.44173354738 0 0.006
1026 1.58126807213 82.697137 116.16336 1.9516157 79.6693684438 116.443050186 1.94929356892 3.04065930846 -0.133048310292 0 0.016
1029 1.57648587227 82.611261 116.28116 2.0730733 77.8255900475 116.673588609 2.14071951148 4.8017337159 3.87584241811 0 0.016
1032 1.57220697403 82.517518 116.45008 2.1971216 77.7288759588 114.53907274 2.13512328422 5.15587445038 -3.552241831 0 0.014
1035 1.60297489166 82.418538 116.4581 2.3123831 90.8248320144 123.990488358 1.6620091739 11.2872783892 -37.2636810708 0 0.008
1038 1.57130002975 82.414024 116.83182 2.4679277 77.4477498841 117.359379009 3.07452738941 4.99421636509 34.7556020569 0 0.02
1041 1.58434009552 82.282962 116.94587 2.5874118 77.6884367141 115.361220191 -3.04760829896 4.86012115267 37.1371308584 0 0.008
1044 1.57436513901 82.208722 116.96752 2.707272 78.2433313367 114.537708658 -3.12822059485 4.65062428818 25.650902935 0 0.01
1047 1.70527696609 82.043289 117.20312 2.8493508 80.5849226507 116.543156714 2.99191138469 1.60074481037 8.16811982751 0 0.006
1050 1.57177805901 81.832352 117.28824 2.9891727 26.1482525863 68.4759300023 0.0727994043133 74.0497166424 -167.095881328 0 0.008
1053 1.58005404472 81.142386 117.29523 3.0875315 94.6427681009 37.8206566166 1.45780546081 80.6130766771 -93.3764238079 0 0.01
1056 1.57978796959 79.131234 117.37152 3.1037602 74.2756499324 115.417166183 -3.13586651788 5.23413751047 2.49572332825 0 0.02
1059 1.58037018776 77.094643 117.50841 3.1079346 22.0329976801 64.3493153111 1.36058621444 76.535443642 -100.115687831 0 0.006
1062 1.57560777664 74.899205 117.59033 3.115912 69.5258714104 115.134889614 -2.36908932264 5.90778311676 45.7325735889 0 0.01
1065 1.60061788559 72.824078 117.69503 3.116944 69.7793363076 116.291266861 3.08824702696 3.35276049309 -1.6442154401 0 0.018
1068 1.57997107506 70.711208 117.83017 3.1174699 67.2992854553 116.136291814 3.04440816343 3.80925698285 -4.18612914933 0 0.036
1071 1.60087203979 68.550781 117.88294 3.1169773 64.4235948671 116.162473845 3.02047945707 4.47142809039 -5.52891913197 0 0.02
1074 1.60050487518 66.454241 117.99143 3.11617 62.802814118 117.41354489 -3.14104045366 3.69687293188 1.48824948036 0 0.024
1077 1.57050585747 64.352032 118.06903 3.1139299 101.777302549 49.0295936988 0.632482585518 78.5308515199 -142.176458204 0 0.02
1080 1.58353614807 62.204954 118.16997 3.1178991 61.3665284376 116.496059081 3.03700146383 1.87214721296 -4.63509312532 0 0.02
1083 1.72061705589 60.134729 118.2293 3.1166836 57.4787386857 117.094297299 2.99044211143 2.88834133752 -7.23310449474 0 0.036
1086 1.71626996994 58.034017 118.36643 3.1239361 53.6148998143 116.048083343 3.02117786983 4.99032342882 -5.88761289885 0 0.038
1089 1.62890815735 55.858025 118.47896 3.1251128 53.0203119984 118.351959006 3.09675860139 2.84055352566 -1.62457591168 0 0.046
1092 1.60449409485 53.766425 118.55 3.1243401 48.9932179103 115.923360921 -3.10241501817 5.44818674148 3.23321166751 0 0.07
1095 1.5917289257 51.628528 118.603 3.1187628 49.0143416393 115.786226789 -3.12876551294 3.84293919404 2.04299528032 0 0.102
1098 1.58126997948 49.494235 118.64783 3.1200968 47.572746121 118.407847717 3.11646766222 1.93641705436 -0.207934278087 0 0.138
1101 1.94864010811 47.379245 118.80828 3.1260538 45.9577050344 117.736059272 -3.06376283868 1.78057102186 5.34963064396 0 0.106
1104 1.58370184898 45.313934 118.87713 3.1250737 42.4582301997 117.720106533 -3.09272873195 3.08119254471 3.74616280308 0 0.07
1107 1.59149312973 43.229975 118.9845 3.131291 42.2878558733 116.07408688 -3.08518111296 3.05910002721 3.82238446657 0 0.052
1110 1.60256314278 41.038059 119.03542 3.1300111 39.0797622393 115.786515314 -3.04124159585 3.7934559259 6.41326621892 0 0.056
1113 1.58507394791 38.877743 119.09254 3.1262084 35.1381721713 117.858570594 3.10592386062 3.93790178618 -1.16221849575 0 0.044
1116 1.57792377472 36.866989 119.17866 3.1252668 32.0898553755 117.218886635 3.11183740197 5.16349855301 -0.769447828493 0 0.052
1119 1.57194900513 34.67231 119.25843 3.1314701 31.5509593063 117.569797055 2.94981696257 3.54884648508 -10.4079581101 0 0.062
1122 1.58575606346 32.567479 119.34722 3.1353596 30.6959695926 119.260970392 3.05101897092 1.87349578512 -4.83236208761 0 0.064
1125 1.5761179924 30.502201 119.36971 3.1349527 29.520709642 118.411562819 3.01989738828 1.37163089273 -6.59218377213 0 0.034
1128 1.5930109024 29.15421 119.31018 -3.13185 29.6861171609 118.222552359 3.07560560665 1.21072668794 -4.33899222432 0 0.028
1131 1.64289307594 28.938717 119.39146 -3.028318 33.7254022995 120.568692736 -3.08447732918 4.9293237946 -3.21769254223 0 0.03
1134 1.61811804771 28.80706 119.32785 -2.9089456 27.7308450853 114.976387929 -2.81785082003 4.48257300013 5.21934642817 0 0.02
1137 1.61032414436 28.607415 119.34948 -2.7753086 27.649180446 115.258230779 -2.81989519778 4.20196783017 -2.55462387543 0 0.014
1140 1.61240696907 28.309413 119.3977 -2.6319404 54.7854113421 90.3949201538 2.27231228716 39.270086924 -79.0070193599 0 0.01
1143 1.6318488121 28.176965 119.31562 -2.5155106 30.8575675887 66.6519570499 -3.0702212358 52.7318407185 -31.7825782824 0 0.014
1146 1.60312700272 28.13257 119.1422 -2.3876282 47.1416398206 73.9404868046 -1.3648007188 49.0361051802 58.603697843 0 0.018
1149 1.61981916428 28.071656 119.10664 -2.2643471 17.4892802399 69.3077524585 0.658988174144 50.9108620738 167.49477331 0 0.012
1152 1.59810781479 27.847582 119.05477 -2.1225081 31.4374231035 69.5963728587 -3.06589375359 49.5885068029 -54.0520164039 0 0.016
1155 1.57617306709 27.651134 118.95518 -2.0012288 46.4084403032 72.4096623766 -1.16163348422 50.1828830437 48.1052680931 0 0.022
1158 1.56028294563 27.585975 118.8068 -1.8653126 28.0415732244 67.0306113723 2.79561875606 51.7781930792 -92.9483046976 0 0.016
1161 1.59134697914 27.545652 118.66047 -1.7395281 43.5135599984 140.515086477 -2.04096034057 27.0665540323 -17.2707951939 0 0.018
1164 1.57270312309 27.426878 118.54472 -1.6078392 43.065329848 143.374242532 -1.94300199672 29.3439323437 -19.2034137018 0 0.018
1167 1.56679201126 27.408113 118.27266 -1.4907581 31.2613179724 69.4569949359 -2.26806674553 48.9675029403 -44.5365047681 0 0.018
1170 1.57203292847 27.619078 117.43976 -1.368489 40.4577957513 142.74897535 -2.05996981618 28.3793772855 -39.6189323812 0 0.02
1173 1.59501314163 28.00462 115.50954 -1.3464267 49.1765788736 98.3530423451 0.78943326558 27.2506376866 122.375761659 0 0.036
1176 1.60328793526 28.352772 113.43776 -1.3439724 51.6629929725 97.4029023837 -0.141848226728 28.2928093437 68.8766415791 0 0.02
1179 1.77004480362 28.777386 111.37552 -1.3470791 39.0409522217 136.344528473 -1.75964921497 26.996151128 -23.6385263408 0 0.016
1182 1.85535907745 29.292879 109.18718 -1.3487141 37.1453332587 135.370678692 -2.07347170161 27.335629527 -41.5255517422 0 0.016
1185 1.68670892715 29.664866 107.14961 -1.3582731 36.3859906853 132.498685378 -2.28634719624 26.2249716786 -53.17472879 0 0.018
1188 1.92190909386 30.155372 105.1583 -1.3627181 22.5966729807 82.858863469 1.82624106519 23.5456747719 -177.286098795 0 0.01
1191 1.71271896362 30.584999 103.08809 -1.3538609 31.0941729664 131.422754003 -2.16270327659 28.3392385624 -46.3432544699 0 0.026
1194 1.80009913445 30.932942 101.04272 -1.3388863 60.7967986089 97.3481983761 1.43040466367 30.0915174357 158.668684462 0 0.01
1197 1.62772107124 31.46397 98.886394 -1.3633561 27.0473962416 92.1659817246 0.930269973371 8.04177001132 131.415093785 0 0.006
1200 1.59335613251 31.761459 96.890841 -1.3338862 26.7126813752 129.769411671 -2.4671975273 33.2639529356 -64.9339559286 0 0.016
1203 1.63566994667 32.148779 94.808879 -1.340085 20.4552736208 124.656163239 -2.43207572031 32.0561763859 -62.5664595412 0 0.008
1206 1.56297802925 32.63242 92.742465 -1.3409888 19.0288829852 127.219353866 -2.3657960606 37.0636221274 -58.7171308465 0 0.006
1209 1.5683119297 33.223163 90.635151 -1.3443959 40.9012400463 84.5096818656 2.95074878156 9.82213007679 -113.906337348 0 0.006
1212 1.5637140274 33.480467 88.544154 -1.3400822 20.0251288762 122.468331385 -2.42974648963 36.4951494762 -62.4331648821 0 0.012
1215 1.55761408806 33.996344 86.523674 -1.3537744 14.7752330989 118.844376109 -2.40873546915 37.6042403071 -60.444816813 0 0.014
1218 1.59453701973 34.391099 84.502242 -1.3500462 58.9818658194 109.979808822 -1.11010482967 35.4092110041 13.7476278503 0 0.008
1221 1.5848300457 34.871654 82.311763 -1.3462417 11.3786085787 116.090104547 -2.43935968481 41.1448604423 -62.6310470396 0 0.024
1224 1.58479809761 35.319079 80.358924 -1.358939 83.1121330603 41.5391030835 -0.567520524706 61.5723518504 45.3449384631 0 0.006
1227 1.58776712418 35.776446 78.250756 -1.3606991 7.38667459401 110.77775368 -2.40437459307 43.1738890829 -59.798200934 0 0.008
1230 1.567497015 36.167733 76.160289 -1.3496683 28.0116067236 91.9839090951 2.22010805554 17.801947892 -155.466881022 0 0.008
1233 1.56475901604 36.593873 74.026216 -1.3452321 136.970742491 136.030971657 1.7430642608 117.983497375 176.946347359 0 0.004
1236 1.5608150959 37.096668 72.068535 -1.358637 133.85768347 101.428160177 -0.0888557690999 101.117168202 72.7531054355 0 0.004
1239 1.56824088097 37.456761 70.030489 -1.3570922 35.7792189359 69.5561510205 -1.43178472745 1.74331405539 -4.27956658405 0 0.02
1242 1.55828499794 37.942935 67.912468 -1.3598503 36.5979825048 66.6158639492 -1.42280510486 1.86817538756 -3.60704461867 0 0.016
1245 1.56230998039 38.381728 65.750541 -1.3597279 38.0225475691 78.4963128283 -1.47002260901 12.7508317408 -6.31942132911 0 0.004
1248 1.5835018158 38.78715 63.709446 -1.3638712 37.6970211884 64.6377575223 -1.20853529032 1.43183208105 8.90009203161 0 0.014
1251 1.58845686913 39.284372 61.704874 -1.358189 38.2442550961 59.4462687693 -1.04982110066 2.48659219852 17.6681791694 0 0.014
1254 1.56372094154 39.616785 59.610797 -1.3616912 39.5459215338 58.0090066935 -1.31994722913 1.60335704592 2.39175335087 0 0.02
1257 1.58347201347 40.0981 57.483375 -1.3627524 39.1755399905 58.8303003813 -1.25830932006 1.63258229627 5.98414767985 0 0.022
1260 1.7662498951 40.478176 55.366289 -1.371191 37.0315622888 56.9936901447 -1.13450243119 3.81150633743 13.5612560516 0 0.006
1263 1.5817220211 40.927924 53.368372 -1.3697355 42.0256702293 53.4112944577 -0.155224492829 1.09858505422 69.5863548831 0 0.024
1266 1.60238194466 41.311773 51.24524 -1.3687118 40.824589276 53.3696782625 -1.04906368783 2.17958388511 18.3144877565 0 0.036
1269 1.71075987816 41.752813 49.127024 -1.3690442 98.0471503857 86.6899836108 2.43249661663 67.6759067646 -142.18775556 0 0.01
1272 1.57170701027 42.124468 46.999249 -1.3746445 41.7559023955 47.6530397449 -1.26435970333 0.7505217805 6.31885339392 0 0.052
1275 1.59431791306 42.489069 45.000812 -1.3756167 41.2276365448 46.3481746748 -1.33308018607 1.84569716271 2.43716272346 0 0.05
1278 1.57863116264 42.919623 42.847052 -1.3693623 42.4064388691 45.3470675092 -1.31664514643 2.55214331463 3.02047040757 0 0.058
1281 1.61628389359 43.26925 40.76156 -1.3849404 43.0955100013 43.7384683563 -1.32730556417 2.98197400206 3.30223284588 0 0.054
1284 1.62128782272 43.723057 38.666685 -1.382086 43.662483309 38.7526174755 -1.35865752841 0.10513592343 1.34235254266 0 0.042
1287 1.63710212708 44.069109 36.638541 -1.3748634 44.8064128157 36.4052878482 -1.29671064152 0.773320082141 4.47782321837 0 0.044
1290 1.60082006454 44.48264 34.512889 -1.372972 43.8074611196 36.091875709 -1.40971537756 1.71728435263 -2.105240459 0 0.038
1293 1.60014796257 44.660959 33.544964 -1.3339999 44.1050409165 32.1946424301 -1.31315395935 1.46027848635 1.19438441919 0 0.052
1296 1.59017205238 44.654294 33.324157 -1.2074321 43.6534976739 32.2555221698 -1.12005866498 1.46409483525 5.00612906846 0 0.038
1299 1.56475019455 44.699557 33.107025 -1.0711259 43.1785494036 32.1865614982 -0.867168227146 1.77784059085 11.6859138538 0 0.054
1302 1.57521510124 44.829945 32.953901 -0.95914547 42.6211065971 33.9632244656 -0.845160421684 2.42851826191 6.53086219611 0 0.082
1305 1.57869505882 44.914184 32.826307 -0.82117543 41.2089064599 32.2748763054 -0.807370356098 3.74608561837 0.790972470451 0 0.042
1308 1.57598209381 44.932468 32.690373 -0.70238554 44.3496298704 33.8095358434 -0.56676178938 1.26183428203 7.77066851225 0 0.05
1311 1.5702278614 45.019913 32.619075 -0.56167342 40.8885452792 31.1176830388 -0.453308485794 4.39572258742 6.20885337722 0 0.04
1314 1.55447411537 45.164806 32.47066 -0.44585332 46.7153678383 36.3595689899 -0.656206926333 4.1866281356 -12.0523738482 0 0.02
1317 1.56910896301 45.307079 32.373178 -0.30795343 42.9245954151 32.1966113046 -0.330835801813 2.38901733566 -1.31106333014 0 0.034
1320 1.67632889748 45.468859 32.25314 -0.19105128 42.3147763475 34.0005738965 -0.393290669847 3.60579569603 -11.5874634895 0 0.024
1323 1.7769920826 46.833289 32.057508 -0.10389315 42.3284787874 32.4233537759 0.244728042387 4.51964137773 19.9745229726 0 0.026
1326 1.74315905571 48.863767 31.868312 -0.084237935 48.1126068993 33.548408122 -0.337620620831 1.84037074417 -14.5177584998 0 0.034
1329 1.59645295143 51.033972 31.691587 -0.08198003 48.3503598397 33.3770701666 0.187525692002 3.1690105288 15.4415404253 0 0.032
1332 1.6168320179 53.111195 31.42619 -0.084122232 51.1609254806 30.7079391642 -0.00508986770778 2.07832515775 4.52822091888 0 0.036
1335 1.5979309082 55.206155 31.249451 -0.082409142 54.7104171367 34.3855972432 0.147677128278 3.17508571343 13.1829722108 0 0.016
1338 1.6574420929 57.287235 31.07162 -0.080297126 56.6159278203 30.8558429141 0.0333743902124 0.705133377711 6.51289812982 0 0.04
1341 1.88508605957 59.516372 30.847745 -0.092608556 57.9024230924 33.3480074621 -0.158063251448 2.97592732704 -3.7502777985 0 0.056
1344 1.83786511421 61.567611 30.670937 -0.091677002 61.176155403 33.4908598857 -0.0957746712348 2.84696374508 -0.234779152995 0 0.052
1347 1.61005306244 63.68279 30.502969 -0.089332225 63.4620232462 31.8900411851 -0.0267844514984 1.40453095596 3.58372343958 0 0.054
1350 1.59798908234 65.773678 30.270465 -0.081918863 65.0345080154 32.7859890284 -0.0753207455638 2.62187593214 0.378044281825 0 0.048
1353 1.62912082672 67.870787 30.052005 -0.080757136 68.0272387309 33.1186891145 -0.124333468342 3.07067233716 -2.49673992988 0 0.06
1356 1.8434548378 69.978421 29.855203 -0.080851998 69.1582909283 31.7995453913 -0.0681389575192 2.11023237322 0.728403564326 0 0.068
1359 1.57995510101 72.04312 29.748383 -0.089661546 69.2105119626 31.4268265554 -0.0274339260877 3.29254325136 3.56537999012 0 0.078
1362 1.55904507637 74.192216 29.503442 -0.097083695 72.9124373629 30.5172051971 -0.0666619693339 1.63265096687 1.74303648617 0 0.072
1365 1.56116509438 76.337484 29.313327 -0.092202589 75.8719406001 30.0551129749 -0.0862449815533 0.875772281957 0.341345762692 0 0.092
1368 1.57994413376 78.469083 29.072242 -0.088851811 78.4406988731 29.9517245248 -0.137928609273 0.879940435498 -2.81189341304 0 0.082
1371 1.62540912628 80.508884 28.860474 -0.08148585 78.9145901224 30.1601572564 -0.0645249044915 2.05692720706 0.971790594187 0 0.086
1374 1.66103506088 82.648681 28.706332 -0.092016755 79.6875275836 30.2653035149 -0.0972763751265 3.34646406522 -0.301354035092 0 0.112
1377 1.88674998283 84.803463 28.469695 -0.089914919 84.2888134757 30.3058038572 -0.0681020962565 1.90687174932 1.24978268247 0 0.096
1380 1.66007399559 86.909059 28.274418 -0.095059786 83.8682741106 29.9465576947 -0.0400971067285 3.47021957547 3.14912955299 0 0.084
1383 1.61319184303 88.999768 28.069648 -0.093100738 86.1053933935 29.1084696205 -0.0742959608338 3.07515117059 1.0774343663 0 0.12
1386 1.5766980648 91.148907 27.8824 -0.087682683 89.6990752212 29.2597168313 0.00824319772034 1.99975344492 5.49614811135 0 0.152
1389 1.59149503708 93.191686 27.680334 -0.085944106 91.0593087124 30.4438184728 -0.0479544433544 3.49054140906 2.17664733472 0 0.098
1392 1.56963992119 94.597595 27.536443 -0.026113958 92.8922485734 29.2651933859 -0.0210294139025 2.42832953517 0.291322917536 0 0.136
1395 1.5805439949 66.734672 23.138609 0.64678418 95.3908860444 31.0234142963 0.0242771171687 29.7211836561 -35.6670274173 0 0.152
1398 1.58272981644 41.954155 8.6979942 1.5862633 98.4272799668 32.1555233996 -0.0150987807005 61.1512021113 -91.7512886964 0 0.162
1401 1.58073806763 40.498777 7.6026468 1.6671323 97.8682134547 30.9672675262 -0.0291251196213 61.9447959138 -97.188391112 0 0.12
1404 1.57932519913 40.36551 9.5759073 1.6613912 99.6238974465 31.3750038129 -0.0163266333954 63.1407720221 -96.1261510674 0 0.144
1407 1.57818984985 40.15753 11.693798 1.6450717 101.330595043 30.4703992112 0.064577405063 63.9898791984 -90.5556526444 0 0.114
1410 1.56547307968 40.017928 13.779826 1.6578436 103.331866111 30.7780345838 0.0570645767513 65.5560359861 -91.7178819652 0 0.08
1413 1.56526088715 39.937066 15.922073 1.6651068 105.53626301 31.0410484837 0.0370577476597 67.3189280068 -93.2803395394 0 0.06
1416 1.5817630291 39.75755 17.953862 1.6630734 107.570073736 32.3859642339 -0.0916325572985 69.3312624313 -100.53724564 0 0.046
1419 1.57843399048 39.645384 20.177858 1.663423 108.125624334 30.5503935512 -0.0401508902524 69.2613370497 -97.6075940001 0 0.06
1422 1.57175302505 39.526919 22.292671 1.6684735 110.529994066 32.4141895692 0.126096429109 71.7208603332 -88.3716965798 0 0.038
1425 1.59894800186 39.303781 24.413998 1.6572417 112.966638783 33.8948303378 0.0142040151641 74.270470569 -94.139124922 0 0.052
1428 1.77091693878 39.21094 26.55624 1.6661167 113.280236689 33.026832848 0.00144754918256 74.3513905977 -95.3785166275 0 0.022
1431 1.61410593987 39.049874 28.673026 1.6660737 119.92416129 33.9604873766 0.107469793543 81.046946842 -89.3014257726 0 0.048
1434 1.59980797768 38.816051 30.701859 1.6598041 121.050970216 34.4432931882 0.120457524164 82.3199870525 -88.1980620033 0 0.03
1437 1.60117006302 38.695572 32.853799 1.6647394 122.896761912 34.3565314189 0.0969309602552 84.2145984221 -89.8288066824 0 0.04
1440 1.59075498581 38.58982 35.008607 1.6723781 126.302706779 32.2523625433 0.0403666877071 87.7561814955 -93.5073660416 0 0.028
1443 1.56779503822 38.393816 37.160762 1.6689022 126.959124035 33.88516178 0.0994372382409 88.6258615993 -89.9237184025 0 0.046
1446 1.55294513702 38.314928 39.264936 1.6781402 130.63540219 37.154459155 0.289745274844 92.3445941418 -79.5491695088 0 0.04
1449 1.69866299629 38.042909 41.445131 1.6601298 133.66157768 30.0271998007 -0.0503403055699 96.2979696206 -98.0027180324 0 0.032
1452 1.56699800491 37.893052 43.482766 1.6655679 132.465971742 33.9205689558 0.292011369487 95.0551038132 -78.698992121 0 0.022
1455 1.57277393341 37.737395 45.529248 1.6663309 137.045380911 25.8071852819 -0.16483409463 101.247399095 -104.918025784 0 0.034
1458 1.56647896767 37.667375 47.706088 1.6735516 142.338780752 25.3796429697 -0.111767130508 107.026040428 -102.291228344 0 0.042
1461 1.59417700768 37.411337 49.793915 1.6717816 143.358836523 27.0559439195 -0.116514401131 108.359992543 -102.461813385 0 0.008
1464 1.58751487732 37.208006 51.943854 1.66906 16.005067206 130.701360346 2.52997727765 81.5616908812 49.3269265192 0 0.004
1467 1.58223199844 37.03196 53.963531 1.6741645 140.91760264 56.3602953131 0.491170182448 103.913287052 -67.7805815837 0 0.004
1470 1.58626317978 36.983983 56.143126 1.6856298 23.5068071091 118.783860701 0.527607995954 64.0741438791 -66.349761956 0 0.004
1473 1.57413601875 36.720012 58.206076 1.6746777 91.1483981951 62.4090658894 2.53372220205 54.5904235907 49.2196243813 0 0.01
1476 1.56957292557 36.536888 60.398002 1.6787317 25.9310222019 126.584117275 1.2031727131 67.0304874255 -27.2475228592 0 0.004
1479 1.57024288177 36.401835 62.417273 1.6766351 97.5734107933 143.222830282 0.739090078154 101.348407845 -53.7173728553 0 0.006
1482 1.56319499016 36.239068 64.615141 1.6886647 108.728759252 97.1646869831 -1.27663931788 79.4621185315 -169.899405198 0 0.008
1485 1.55773210526 35.99676 66.655908 1.678851 86.071807259 67.0038977392 2.54616735951 50.0762563981 49.6935669024 0 0.008
1488 1.57160592079 35.830181 68.859683 1.6854848 35.2639089811 42.8883373056 -2.69845996123 25.9775183799 108.818467563 0 0.004
1491 1.79090690613 35.575227 70.898859 1.683738 32.3671740493 70.6321377853 1.57666772449 3.21912161013 -6.13467489824 0 0.014
1494 1.60051512718 35.463169 73.006353 1.6935188 48.9550977781 79.6212137393 1.91687232332 15.0262611702 12.7972142256 0 0.01
1497 1.59763884544 35.205801 75.07321 1.6913976 31.6807589604 71.7291030885 1.64127989369 4.85890650418 -2.87153305015 0 0.026
1500 1.57578086853 34.978045 77.287591 1.6912075 66.5932370181 106.051268114 -2.13472703771 42.7418938214 140.790098296 0 0.008
1503 1.59292507172 34.814043 79.320098 1.7000185 123.123396163 64.6763517575 1.09098356085 89.5152565768 -34.8951315894 0 0.01
1506 1.61992812157 34.580736 81.372215 1.6970036 82.6636744565 136.02769138 -0.0991742916227 72.7955360506 -102.913412445 0 0.016
1509 1.62998795509 34.345965 83.441951 1.6955247 31.1811546474 83.2163133271 1.95913331658 3.17284366577 15.1036611733 0 0.022
1512 1.61128401756 34.142398 85.698773 1.7034669 30.1812312576 83.7988808681 1.80741204178 4.39322570263 5.95561792484 0 0.016
1515 1.63732194901 33.910208 87.748137 1.7016389 31.332149013 85.4477824547 1.94135854974 3.45514387176 13.7349241963 0 0.024
1518 1.65493297577 33.670818 89.737713 1.6967853 30.3874255965 88.8003417836 1.70022734711 3.41457617766 0.197214772532 0 0.02
1521 1.56537818909 33.472926 91.900649 1.7056804 27.3760467303 93.5966301566 1.75769362335 6.32837174261 2.98013817661 0 0.032
1524 1.56853103638 33.217902 94.036516 1.7078464 28.6394423963 92.1524182252 1.70318301925 4.95097129541 -0.267192035241 0 0.068
1527 1.58351302147 33.034075 96.178482 1.7177188 27.7370343155 96.9331273703 1.6681482603 5.35052610948 -2.84018271314 0 0.048
1530 1.75343799591 32.713254 98.174723 1.7080491 29.1981077801 98.5225940138 1.80862172968 3.532317538 5.76238721507 0 0.038
1533 1.95770692825 32.45653 100.24821 1.7068362 28.168964473 99.3408190698 1.77480760351 4.38253082684 3.89447454884 0 0.074
1536 1.60075283051 32.217075 102.39435 1.7082962 26.6810280164 102.848326929 1.63791121327 5.55462971377 -4.03276268061 0 0.048
1539 1.60114598274 31.955228 104.48204 1.7110577 29.8667857416 103.443609428 1.80333973856 2.33236556282 5.28737133449 0 0.066
1542 1.58915901184 31.741377 106.6002 1.7198575 27.3765307893 105.700600797 1.6663041518 4.45658626852 -3.06838083069 0 0.06
1545 1.58316707611 31.439656 108.68741 1.7105287 28.0125955049 108.003623159 1.68882512723 3.4946112918 -1.24352312016 0 0.086
1548 1.70385694504 31.216018 110.75498 1.7177022 28.567281736 111.928459722 1.79000509814 2.89704305373 4.14265090975 0 0.066
1551 1.6318359375 30.916985 112.90957 1.719675 29.0156474189 113.237706228 1.68128395866 1.92944499309 -2.19964463969 0 0.086
1554 1.59069705009 30.668641 114.94646 1.716506 26.7291176973 114.977324394 1.66437956385 3.93964420513 -2.98662479228 0 0.12
1557 1.59798979759 30.419865 117.12266 1.716223 27.3463286605 114.758931359 1.64616180105 3.8773494449 -4.01421100764 0 0.096
1560 1.64522600174 30.132888 119.21343 1.725557 25.3905915797 116.023540112 1.715117921 5.71531038835 -0.598115168922 0 0.048
1563 1.62198901176 29.88258 121.34383 1.72867 25.0608269094 120.027518357 1.66243978012 4.99819759608 -3.79471207554 0 0.098
1566 1.58308696747 29.981486 120.5055 1.7055843 27.6704052264 118.654656327 1.72327302283 2.96086417179 1.01348916285 0 0.086
1569 1.5780711174 30.170653 118.4575 1.6900862 28.1236855331 117.916841466 1.63679714993 2.11716495834 -3.05323766318 0 0.076
1572 1.58711600304 30.502618 115.6086 1.6745202 28.5686170089 115.105379139 1.71825368319 1.9983971248 2.50574401029 0 0.06
1575 1.6003408432 30.699806 113.48782 1.6738205 28.2666146806 113.199445393 1.6760090598 2.45022038001 0.125395239643 0 0.074
1578 1.58809685707 30.8492 111.36091 1.6697397 27.6468315483 110.02300794 1.60393546237 3.47061170717 -3.77030509012 0 0.064
1581 1.58734703064 30.973164 109.37107 1.6787837 27.8363764125 109.650736368 1.72039881356 3.14923000855 2.38437037082 0 0.064
1584 1.5788500309 31.204408 107.09871 1.665475 23.6753952471 107.213137823 1.54100478939 7.52988225402 -7.13161774319 0 0.038
1587 1.61207485199 31.322843 104.96751 1.6587885 26.3996603538 105.228655723 1.59074051393 4.9301038992 -3.89886240622 0 0.094
1590 1.63903999329 31.457099 102.91722 1.6541397 27.505908772 102.759985365 1.6155074323 3.95431750725 -2.21346589222 0 0.08
1593 1.57120704651 31.546684 101.34427 1.631357 27.6943231392 101.429447345 1.62555047491 3.85330239946 -0.332689381545 0 0.08
1596 1.5834300518 31.536552 101.09899 1.5279681 30.3767327982 102.2223304 1.58257379419 1.61464368664 3.12867581436 0 0.064
1599 1.58458900452 31.522716 100.84711 1.3818466 30.5860418778 102.804652918 1.5936611369 2.17009969527 12.1360790041 0 0.034
1602 1.74895691872 31.33472 100.81397 1.2437751 28.1561997402 102.613363432 1.35830623453 3.65250705203 6.56215063158 0 0.05
1605 1.59673500061 31.335612 100.76499 1.1262837 29.3981024473 102.52974975 1.27720786967 2.6207480309 8.64731794887 0 0.04
1608 1.58098697662 30.238332 99.003137 0.9296569 25.4370658972 102.506610533 1.02671699373 5.94360858313 5.56113373011 0 0.036
1611 1.64133501053 28.772289 97.32743 0.78863198 24.275275138 101.16460962 0.913335519794 5.91160562897 7.14498652056 0 0.034
1614 1.58813691139 27.005154 95.945316 0.6582802 23.6901493641 98.4381220814 0.689863382166 4.14769067023 1.8095830417 0 0.044
1617 1.56884598732 26.209553 95.323497 0.64585939 25.4635730805 95.6818245491 0.750286412143 0.827577593197 5.9832276359 0 0.042
1620 1.57435512543 26.225548 95.299359 0.74214735 24.2563644038 95.4562535766 0.620061305152 1.97542399088 -6.99501510726 0 0.04
1623 1.63229417801 26.287241 95.304851 0.87876564 24.7638932279 93.4684362738 0.923594024727 2.38600240598 2.56847724722 0 0.05
1626 1.5830321312 26.503119 95.525486 1.0159202 24.7010406307 94.5334965273 1.07117469305 2.05706819604 3.16584925112 0 0.04
1629 1.62173104286 26.584147 95.637624 1.1414331 24.9437255461 95.4998593558 1.08256584072 1.6461961134 -3.37284550811 0 0.042
1632 1.71634101868 26.62792 95.717086 1.2595284 22.6539430697 94.4780588184 1.54633242402 4.16265312017 16.4326601239 0 0.018
1635 1.58519411087 26.756174 95.797181 1.3910555 24.4443717773 97.3802216038 1.32960033026 2.80186492715 -3.52112185531 0 0.022
1638 1.57494091988 26.381693 93.77201 1.3952992 23.0137629224 93.7300347533 1.4567742435 3.3681916408 3.52226053778 0 0.034
1641 1.57779097557 26.011804 91.856332 1.39866 21.2256936286 92.4016636254 1.41510358837 4.81707785584 0.942148213845 0 0.034
1644 1.56748795509 25.609249 89.727224 1.3968171 23.4059160636 90.3539884264 1.38226435787 2.29074434951 -0.833810704419 0 0.022
1647 1.57805013657 25.2462 87.568251 1.3940659 23.9197044175 86.7184768941 1.54135258676 1.57534331539 8.43890552984 0 0.036
1650 1.58492207527 24.820481 85.505592 1.4017015 20.0520160773 87.3330109457 1.28958898025 5.10663467674 -6.42357421236 0 0.026
1653 1.7414700985 24.493958 83.448062 1.398475 17.3056787388 83.411105326 1.2888119789 7.18837426211 -6.2832282779 0 0.024
1656 1.74026489258 24.080092 81.345956 1.3962744 19.7892333662 81.1986509222 1.42411408629 4.29338637923 1.59509652751 0 0.03
1659 1.63690805435 23.622432 79.208855 1.3888608 19.2309063862 79.2565105759 1.2998912666 4.39178417854 -5.09757876901 0 0.03
1662 1.88665485382 23.236261 77.182266 1.3737053 20.3469855836 77.0414616639 1.4380868917 2.89270432171 3.68879348279 0 0.038
1665 1.67509198189 22.741503 75.111069 1.3685019 20.2436074251 76.5192187769 1.51571572078 2.86746719204 8.43473061653 0 0.052
1668 1.62018203735 22.23837 73.007777 1.3690406 20.1197812583 73.3913879844 1.47364162031 2.15303869999 5.99319699634 0 0.086
1671 1.70699596405 21.796618 70.8705 1.3677106 17.9491997897 71.4112284804 1.40183639281 3.88523026018 1.9552639008 0 0.064
1674 1.66833400726 21.306705 68.900927 1.3588762 19.8079476304 70.2714352383 1.20212433738 2.03090287414 -8.98122015881 0 0.082
1677 1.61827588081 20.800373 66.796896 1.3509317 20.2017325968 68.171883985 1.4947200401 1.49965405722 8.23846503078 0 0.086
1680 1.62237906456 20.180988 64.758154 1.3339286 21.9525731176 66.2360693007 1.62094499272 2.30710803061 16.4448279542 0 0.084
1683 1.6513800621 19.716632 62.635567 1.3210663 14.9254966255 64.6054192107 1.18183448972 5.18027952032 -7.9773951032 0 0.048
1686 1.87376880646 19.127208 60.642471 1.320188 16.4504655381 60.0024092077 1.40361285813 2.75220444472 4.77989227754 0 0.056
1689 1.74219894409 18.573484 58.538556 1.3117791 14.8068467501 60.2321555015 1.32038579754 4.12987111707 0.493127444657 0 0.04
1692 1.8919980526 18.03732 56.562177 1.3046299 15.1304846913 57.7694969589 1.39120983395 3.14758844118 4.96066480571 0 0.044
1695 1.56684303284 17.470308 54.449011 1.30616 15.3541614355 54.0479164367 1.37055658216 2.15382291083 3.6896523728 0 0.068
1698 1.5792131424 16.865167 52.414515 1.2995721 16.6963108249 52.7946019473 1.42976575037 0.415906834951 7.45954668542 0 0.036
1701 1.56285691261 16.322269 50.452679 1.2871313 23.679673999 54.48605851 1.57988941554 8.39044448115 16.7738044386 0 0.014
1704 1.56713318825 15.679585 48.421133 1.2791916 13.7838573187 49.7004002219 1.17394938234 2.2869866783 -6.02993489846 0 0.018
1707 1.60585618019 15.049517 46.343459 1.2810584 12.6084496944 46.8557433476 1.31562238197 2.49424233849 1.9803702901 0 0.022
1710 1.57579994202 14.370513 44.264129 1.2685694 12.290067234 46.5955500911 1.24769110896 3.12470460835 -1.19623796008 0 0.026
1713 1.56225609779 13.728985 42.398373 1.2622613 13.4153605167 41.4415301771 1.45113890995 1.00693023805 10.8218898947 0 0.028
1716 1.60080289841 13.116178 40.310007 1.2578142 12.1387414236 38.8626462516 1.29865991023 1.7464923123 2.34028680716 0 0.038
1719 1.57211589813 12.482531 38.460523 1.239848 11.7668328224 39.0022610783 1.29550120853 0.897610175369 3.18869396519 0 0.054
1722 1.5851149559 12.331027 38.238303 1.1567887 10.2421259856 39.2000881447 1.24254692527 2.2996821764 4.91358436654 0 0.022
1725 1.55684995651 12.263795 38.100898 1.043782 9.7486997139 39.6139130342 1.11561059425 2.93511819045 4.115475299 0 0.018
1728 1.567964077 12.231882 38.075858 0.90529637 9.38735831916 36.5070216751 1.18433728827 3.24847077643 15.987866928 0 0.014
1731 1.56612586975 12.170047 37.918491 0.7605547 17.4217772426 39.3751218625 1.1332679464 5.44999486335 21.3548959873 0 0.006
1734 1.56410717964 11.9457 37.868652 0.60051086 16.3824863847 38.3916651963 0.667378069905 4.46750671259 3.83120891539 0 0.02
1737 1.5555138588 11.861848 37.85602 0.47073445 11.639111085 40.4303022859 0.634934457496 2.58390035039 9.40796742553 0 0.022
1740 1.55665612221 11.68598 37.868337 0.32347919 13.9857783387 37.7085332137 0.597901163426 2.30534371594 15.7232208829 0 0.022
1743 1.56086111069 11.634663 37.834152 0.18688423 11.7783917358 37.7177508639 0.0925998475311 0.184951815278 -5.40209718947 0 0.024
1746 1.56727409363 11.546787 37.799316 0.059161186 15.9345220658 34.6257265623 0.569005429323 5.41515363836 29.2119233514 0 0.022
1749 1.57150292397 11.461332 37.784444 -0.088384018 13.261178212 37.5444780291 0.178513604055 1.81577257773 15.2921073058 0 0.032
1752 1.57280182838 11.353119 37.809133 -0.22428348 12.3299201551 36.4934633761 -0.0531921402856 1.63863573007 9.80281167687 0 0.058
1755 1.57162284851 11.259101 37.929753 -0.36642208 11.6403915872 40.6374034279 -0.363100673641 2.73436525568 0.190302566433 0 0.028
1758 1.5690112114 11.22919 38.083377 -0.50941267 14.0357582755 37.9246018233 -0.269087149842 2.81105585892 13.7696380144 0 0.064
1761 1.55938601494 11.185129 38.110347 -0.64618684 12.9137723643 39.0148811685 -0.310510319324 1.95099716632 19.2328479164 0 0.026
1764 1.57788801193 11.588805 37.741111 -0.76036767 13.5765987898 36.5320770837 -0.519516162276 2.3266042125 13.7997748819 0 0.042
1767 1.57560491562 13.063467 36.224873 -0.77289998 14.2575359524 35.7325484559 -0.522058799484 1.29158202207 14.3721409717 0 0.038
1770 1.58754301071 14.493375 34.807156 -0.77803694 12.6388016575 35.788033618 -0.683841756934 2.09799027266 5.39698644017 0 0.04
1773 1.57927513123 15.892318 33.28564 -0.77023756 19.0565386206 30.3125005619 -0.363113936976 4.34187174545 23.3264653394 0 0.034
1776 1.57031297684 17.405154 31.857105 -0.77891679 16.7092177851 31.869101292 -0.612115062585 0.696039601053 9.55703499637 0 0.038
1779 1.57121801376 19.008966 30.381332 -0.78385491 17.6100636508 30.8505058304 -0.776805802843 1.47548360403 0.403884089411 0 0.03
1782 1.57213401794 20.517371 28.856906 -0.78454873 19.4467027326 28.3706198633 -0.665133821648 1.17592718547 6.8419702595 0 0.07
1785 1.58225679398 22.037399 27.308602 -0.78653789 22.2494173812 25.9618848989 -0.884088215073 1.36330434769 -5.58922191684 0 0.036
1788 1.57572484016 23.470866 25.802264 -0.78746834 23.6954940197 26.6409717274 -0.783008231107 0.868267469834 0.25554541572 0 0.026
1791 1.56744813919 25.030138 24.239515 -0.79252133 26.1216683609 24.2465812026 -0.83184262599 1.09155323277 -2.25294430521 0 0.036
1794 1.56165194511 26.508975 22.80392 -0.79210599 26.7216416901 22.4691769632 -0.675635671701 0.396585453286 6.6732576771 0 0.03
1797 1.59828591347 27.961008 21.312251 -0.79564812 27.205042839 21.7445937866 -0.819080596441 0.870863714812 -1.3425820036 0 0.052
1800 1.57303309441 29.36401 19.750057 -0.78815021 30.4578283645 21.1424832402 -0.814654766387 1.77067485696 -1.51859921887 0 0.028
1803 1.58305716515 31.016391 18.179875 -0.79578372 28.569110759 18.3560942271 -0.779357550274 2.45361647245 0.941150198863 0 0.042
1806 1.56084799767 32.405165 16.663972 -0.79079715 31.0122499101 14.8417509369 -0.828938586824 2.29362203739 -2.18534335455 0 0.04
1809 1.57028484344 33.875627 15.226881 -0.79213801 33.0436612038 16.4321419895 -0.787175709161 1.46452078813 0.284318894755 0 0.068
1812 1.59233784676 34.400964 14.714584 -0.72873329 31.1001005372 14.9409678326 -0.766981160298 3.30861742115 -2.19144154344 0 0.056
1815 1.5939450264 34.541831 14.529671 -0.59347242 31.427077264 13.3059459662 -0.677727603295 3.34651965394 -4.82746640489 0 0.072
1818 1.58634591103 34.648846 14.435796 -0.47955783 32.0556052362 16.3785002698 -0.551012667494 3.24021566242 -4.09406061423 0 0.042
1821 1.58034300804 34.668797 14.324629 -0.34405458 31.7858494165 15.1404598172 -0.458749604095 2.99615865589 -6.57154081182 0 0.058
1824 1.59499001503 34.864126 14.20779 -0.22615765 37.1788696422 15.3466546696 -0.59277511489 2.57973852641 -21.005633434 0 0.038
1827 1.58188796043 35.017605 14.088235 -0.094353638 36.2074651591 12.1272246762 -0.188672865385 2.29375863778 -5.40409365611 0 0.036
1830 1.57496094704 36.599142 14.0692 -0.022879679 39.293703335 12.5254699208 0.0194777555304 3.10544092609 2.42690222959 0 0.056
1833 1.57974791527 38.63985 14.009333 -0.014813302 39.7208694082 14.4003450813 -0.153286329301 1.14956226833 -7.93392004073 0 0.068
1836 1.5610370636 40.768535 13.925491 -0.0089087199 41.8283557152 14.2199951555 -0.105401575432 1.09997847525 -5.52863337515 0 0.1
1839 1.57575106621 42.905865 13.952369 -0.011506708 44.4315515207 14.4159049356 -0.210846006215 1.59454850129 -11.4213004788 0 0.112
1842 1.57783699036 45.04117 13.838962 -0.010052037 45.4309839544 14.5393945287 -0.0561519464333 0.801598806337 -2.64133024646 0 0.09
1845 1.57938885689 47.095509 13.764363 -0.008210261 46.7065150713 16.9610526172 -0.0420010015566 3.22027029694 -1.93606682052 0 0.066
1848 1.5866150856 49.256947 13.750747 -0.012245698 48.8453590163 14.6784757943 0.123953413319 1.01493122139 7.80363425199 0 0.086
1851 1.59297394753 51.347189 13.680192 -0.017629817 50.4454793017 15.5925253025 -0.0368672771271 2.11426087322 -1.10222527383 0 0.098
1854 1.59480285645 53.510554 13.649042 -0.0075411209 53.1710051895 15.1758034419 0.00809853938509 1.5640632644 0.896086527354 0 0.104
1857 1.72783493996 55.608657 13.581194 -0.0077936973 56.1985596451 15.4991037441 0.0306946677412 2.00657990553 2.20522087722 0 0.114
1860 1.5697748661 57.666716 13.591636 -0.01411162 58.1749924037 16.6597887074 0.00827881393539 3.10996880028 1.28287736596 0 0.148
1863 1.57827019691 59.905766 13.533857 -0.012519778 60.3350254813 15.228028828 -0.0584892529317 1.74770760859 -2.63385690002 0 0.17
1866 1.57246303558 62.027534 13.447994 -0.021676244 59.9013567808 14.6937487546 -0.00532991352522 2.46425130135 0.936575746731 0 0.198
1869 1.57412600517 64.181261 13.371995 -0.025327169 63.8169287755 14.9728899834 -0.0420806953111 1.64182907688 -0.959906349589 0 0.19
1872 1.5705010891 66.241252 13.310079 -0.024907545 66.0550786213 14.7504521583 0.0505824165054 1.45235510884 4.32525618987 0 0.226
1875 1.56969499588 68.444119 13.24669 -0.026304862 67.1771729195 15.3519654779 -0.0247731569351 2.45709934857 0.0877602356779 0 0.19
1878 1.72811603546 70.49734 13.123327 -0.017605166 68.7598197013 15.753809326 0.00328787843145 3.15252502852 1.1970832671 0 0.232
1881 1.64593195915 72.634932 13.039101 -0.019360635 73.0473853515 14.6610531551 -0.00729924001925 1.67357299232 0.691067027437 0 0.21
1884 1.57848501205 74.720419 12.994859 -0.019347658 73.6426531909 16.1066210453 -0.0216498366324 3.29312042984 -0.131905119323 0 0.244
1887 1.56981301308 76.914825 12.90632 -0.036038761 76.5345094765 15.9683714964 -0.0370246245497 3.08557924286 -0.0564858205727 0 0.336
1890 1.57784199715 79.004774 12.78569 -0.032634565 77.5200604698 14.7985075768 -0.0173936822663 2.50116150303 0.873238256694 0 0.306
1893 1.70757293701 81.177999 12.691712 -0.029848436 80.781312047 15.8027919335 0.0243494531538 3.13626830664 3.10531030703 0 0.294
1896 2.46228814125 83.222919 12.597068 -0.02122413 81.6053691372 14.0682791854 -0.0174195411033 2.18653376617 0.217986886562 0 0.3
1899 1.91243100166 85.390174 12.538762 -0.021700441 84.0525174286 14.0433906917 0.0107647022737 2.01326416613 1.86011569087 0 0.332
1902 1.6420109272 87.449986 12.512039 -0.030894579 87.0672300225 14.8698200146 -0.00967277014655 2.38864678237 1.21592008094 0 0.284
1905 1.57280611992 89.572355 12.414566 -0.034322832 89.5207096173 15.93371673 -0.0084737988243 3.51952967112 1.48104050546 0 0.262
1908 1.56501603127 91.713838 12.339838 -0.030338307 90.6778002357 14.7592161094 -0.00931982194353 2.63187474729 1.20427048549 0 0.268
1911 1.82524609566 93.866625 12.234111 -0.027880568 92.5588305678 15.5099607694 0.0068918141568 3.52725360421 1.9923107412 0 0.31
1914 1.6464369297 96.027017 12.118277 -0.016096141 94.2934953297 14.5289959891 -0.0253993140499 2.96928668633 -0.533032551837 0 0.272
1917 1.66805696487 98.003729 12.063433 -0.023465033 96.4751082908 15.841191785 -0.0295561711595 4.07530890975 -0.348996508972 0 0.28
1920 1.73268604279 100.1865 11.996018 -0.023536261 98.9424960249 15.0991925184 0.0146033165662 3.34323764956 2.18523682695 0 0.298
1923 1.60961103439 102.26857 11.921444 -0.023061579 102.423674309 15.273924967 0.00571563192817 3.35606704057 1.64881273234 0 0.342
1926 1.66034579277 104.50291 11.810699 -0.022632517 104.752229013 15.9457333777 0.0487434059638 4.14254381689 4.08953914467 0 0.362
1929 1.58057785034 106.528 11.779433 -0.025937223 105.156545719 16.8036425199 0.0447115971486 5.20802919957 4.04787922209 0 0.392
1932 1.74057507515 108.61821 11.737233 -0.017267816 107.234903256 16.2259706611 -0.0064378093654 4.69705262248 0.620513672261 0 0.354
1935 1.79550480843 110.65428 11.638117 -0.015586443 108.865547114 16.3284482289 -0.0258933070394 5.01983788332 -0.590539809475 0 0.258
1938 1.57664394379 112.94226 11.558687 -0.011710616 110.233460198 15.2315116883 -0.0293726778214 4.56368683858 -1.01196159986 0 0.27
1941 1.58622813225 114.89636 11.528856 -0.01668203 113.524020642 15.2947097492 -0.0359387530851 4.00811299427 -1.10332896003 0 0.362
1944 1.56328511238 117.03777 11.494892 -0.018548407 116.521843539 13.6477090325 0.0233171473498 2.21377534728 2.39871957122 0 0.248
1947 1.56999611855 119.07747 11.406331 -0.016261061 117.771293897 16.136500813 -0.0597049689962 4.90719904553 -2.48915257374 0 0.278
1950 1.56832790375 121.291 11.334615 -0.012126455 120.798888751 15.5107659684 -0.0422403845769 4.20504582524 -1.72540106931 0 0.286
1953 1.58131313324 123.43737 11.229443 0.0013807468 123.772888572 15.6970819668 -0.0147353574391 4.4802199332 -0.923384755093 0 0.286
1956 1.57219195366 125.58554 11.258252 -0.0049853053 123.804220688 14.1254504179 -0.0103660608374 3.37548889169 -0.308294582886 0 0.2
1959 1.56734895706 127.50849 11.183265 -0.012828209 126.436882332 14.9992143545 0.00458467057172 3.96356057983 0.997684508629 0 0.266
1962 1.57877206802 130.28779 11.390648 -0.01314096 129.442408305 14.5020631313 -0.0323050631243 3.22421685533 -1.09802222718 0 0.326
1965 1.5573079586 132.78769 11.256475 0.0084755214 131.169305867 13.7433720324 -0.016667916896 2.96712386873 -1.44061289681 0 0.362
1968 1.55846595764 125.9239 10.596074 0.27888777 132.196701613 14.8071738777 0.000380700627034 7.55522350788 -15.9572796396 0 0.26
1971 1.57172393799 93.936275 13.265891 0.84250578 132.618434607 13.5185073514 -0.0437201146779 38.6829844619 -50.7770034603 0 0.282
1974 1.59621691704 59.212281 6.4432491 1.3602712 134.047925034 15.2017805488 -0.0679969391335 75.3464364859 -81.8337363854 0 0.126
1977 1.56356191635 41.747696 3.5851691 1.5088422 132.688902621 13.4770113722 -0.146862391672 91.477601659 -94.8648852233 0 0.098
1980 1.62564206123 40.889782 2.6549702 1.6071612 132.70479828 14.5859430873 -0.106216021533 92.5869608991 -98.1692835077 0 0.042
1983 1.65808796883 40.408125 3.8011614 1.6070032 134.686216188 5.41068152622 0.066417150212 94.2918290894 -88.2690786296 0 0.02
1986 1.62710094452 40.388712 5.5337894 1.5172855 140.850007031 14.2965499462 -0.03706523151 100.842737823 -89.0577367986 0 0.012
1989 1.59731698036 40.44034 7.6724587 1.5542124 141.638272288 8.60159061495 0.284272083724 101.202197533 -72.7622203561 0 0.014
1992 1.58870506287 40.554207 9.7439313 1.5604739 36.939493268 87.5855542279 -1.54600844193 77.9255055512 -177.988327324 0 0.018
1995 1.58633089066 40.580821 11.876658 1.5652859 114.770549508 70.4916351006 -1.16758894334 94.5506814182 -156.582194461 0 0.018
1998 1.58192110062 40.665042 14.024391 1.567666 36.2789530856 85.1452602035 -1.95220496984 71.2559879043 158.326248998 0 0.008
2001 1.55968499184 40.771617 16.174621 1.5548315 111.990378299 63.0707151976 -0.58224981298 85.2722440891 -122.44573971 0 0.012
2004 1.56874799728 40.847233 18.25792 1.5551713 116.503609854 63.9734461003 -0.902520056027 88.3956825041 -140.815342046 0 0.01
2007 1.57375812531 40.88758 20.352438 1.5597309 118.564349633 92.3820358385 -1.0980053851 105.93367503 -152.277072195 0 0.006
2010 1.74302983284 40.971014 22.508388 1.5678505 119.374467652 87.5908042746 -1.81525951277 101.896135613 166.16207464 0 0.004
2013 1.60485100746 41.044823 24.54743 1.5705547 109.022982529 44.7939828208 -2.31518131706 70.9292117116 137.36372592 0 0.006
2016 1.59137892723 41.105608 26.696222 1.5717508 41.7613155947 87.0810080615 -0.00243966741733 60.3883460623 -90.1944699327 0 0.006
2019 1.68672585487 41.160404 28.869777 1.5672714 69.7875887537 35.5489000673 -2.17600141829 29.3960268042 145.526265946 0 0.004
2022 1.61400413513 41.204205 31.003136 1.5608691 59.0271965371 49.0738294884 2.60486895671 25.3812724362 59.8167856015 0 0.006
2025 1.62321305275 41.244227 33.116661 1.5660557 20.9426687673 45.1747568756 -1.29242733725 23.6125166558 -163.779013844 0 0.004
2028 1.68492102623 41.277887 35.228156 1.5643441 89.4502061044 66.9439852317 1.30543033826 57.6755247202 -14.8346658054 0 0.006
2031 1.6070830822 41.31792 37.33529 1.5797774 74.6913972419 111.940111726 -0.433293310659 81.7292383911 -115.340455582 0 0.006
2034 1.60293412209 41.419072 39.474789 1.5713492 78.8019123295 57.8620893619 1.83244421725 41.6601676149 14.9596425403 0 0.008
2037 1.67545795441 41.429937 41.518923 1.5745722 134.466054337 109.888077347 -0.186441029817 115.455880731 -100.898625735 0 0.004
2040 1.58119392395 41.494048 43.684079 1.5737379 95.9038970342 112.43040533 -0.0151364181434 87.6726243238 -91.0357926063 0 0.006
2043 1.5966091156 41.508319 45.798644 1.5762653 99.8442951965 72.7360298248 0.888096174728 64.25502995 -39.4291864693 0 0.006
2046 1.59764719009 41.512588 47.943477 1.5772604 58.9319461599 45.9548391822 -1.20397721022 17.5325046435 -159.353176889 0 0.008
2049 1.66343092918 41.583607 50.107906 1.5744728 63.9527097262 44.421523882 2.85651529124 23.0805480517 73.4556239045 0 0.004
2052 1.60689091682 41.632502 52.265699 1.5728612 81.779038919 84.8091323632 2.11242487614 51.6799717653 30.9147214215 0 0.008
2055 1.58820295334 41.660201 54.305408 1.5732479 22.0572508913 79.3412606233 -0.045227266018 31.7973201628 -92.7317962596 0 0.01
2058 1.61726999283 41.689009 56.508616 1.5685378 139.80634478 116.789990371 1.80423048162 115.155788724 13.5041959191 0 0.006
2061 1.58743596077 41.794127 58.57462 1.5657057 93.0371689491 103.516080177 1.6176346246 68.158522512 2.97530821403 0 0.008
2064 1.64863300323 41.856016 60.76704 1.5641567 72.6888915851 139.503257468 -1.39600559815 84.5580165214 -169.604806357 0 0.004
2067 1.59752511978 41.858156 62.785084 1.5639758 109.299510006 126.056387822 1.78175512424 92.474829643 12.4778361444 0 0.004
2070 1.57458901405 41.958088 65.023529 1.5767642 14.5807359872 89.6759726818 -1.9647685929 36.8410420959 157.085117959 0 0.004
2073 1.57452082634 41.99726 67.044355 1.5737097 96.1809241739 112.53892723 1.37798033016 70.7504456923 -11.2144668185 0 0.006
2076 1.59219408035 42.044947 69.102812 1.5759217 96.6609327193 115.214393759 1.45040111592 71.4785553044 -7.1917997099 0 0.01
2079 1.59894108772 42.097902 71.261122 1.5727544 99.0283521578 116.693286405 2.14337755562 72.8365136292 32.6942985094 0 0.014
2082 1.58644080162 42.114798 73.459441 1.5684742 71.9048349283 93.9135551497 -0.173498765466 36.136091181 -99.8076989471 0 0.006
2085 1.55604481697 42.172982 75.545483 1.5804547 62.4961220327 104.910475545 -1.03790780445 35.711802082 -150.02112074 0 0.012
2088 1.57602000237 42.213453 77.648417 1.5799022 96.0494076015 121.991678676 1.5162738354 69.746934441 -3.6456367488 0 0.01
2091 1.58009886742 42.308345 79.80823 1.5843424 124.41187617 59.622598475 2.66029050505 84.5485041305 61.6472853943 0 0.004
2094 1.56161808968 42.259747 81.948131 1.5870316 40.1125955035 80.7951810648 1.5945926901 2.43711983741 0.433218551257 0 0.02
2097 1.56813907623 42.325886 84.065588 1.5841531 35.7951472518 85.5023302578 1.55122841732 6.68691086467 -1.88644535966 0 0.022
2100 1.58281707764 42.338042 86.100283 1.5789413 36.2117463214 87.6716222399 1.59988761274 6.32460320882 1.20013531644 0 0.026
