3 5.47296214104 58.425211 99.52669 -0.076600623 121.789588966 70.8762253112 1.76868604533 69.540589025 105.727138087 0
6 5.48519086838 58.436309 99.5178 -0.082073852 89.4101645778 132.098434762 -2.2296107674 44.9541710062 -123.044801601 0
9 5.49729394913 59.138497 99.506199 -0.079127672 32.1487711332 84.593672543 0.337382891268 30.835511147 23.8642973979 0
12 5.45944786072 60.588187 99.398001 -0.084356487 108.699806951 58.0818466796 0.983523193563 63.4172892995 61.184998724 0
15 5.44389414787 62.026729 99.268445 -0.080345137 112.064744461 72.6310873599 -3.02352997228 56.6864341204 -168.632069389 0
18 5.48489308357 63.612811 99.142137 -0.077882356 59.2176847041 102.981797075 -2.26041527597 5.8361052635 -125.049924962 0
21 5.507365942 65.109709 99.045111 -0.075303117 25.8844952886 60.1037459473 -1.87527749009 55.2724823296 -103.13093481 0
24 5.49211478233 66.576646 98.887554 -0.079079542 72.6807491707 29.2053239481 -1.47658458953 69.9490761949 -80.0711410717 0
27 5.50119590759 68.114632 98.811042 -0.080004433 111.715011176 55.4069372758 3.03085795583 61.5216171045 178.239285526 0
30 5.51084089279 69.601579 98.673025 -0.074381156 99.3451998286 102.961378026 1.90214154103 30.051172218 113.246408652 0
33 5.53077101707 71.154315 98.514904 -0.080273853 125.729819945 47.7123143141 2.6795464673 74.5613093956 158.126056568 0
36 5.4609079361 72.642873 98.438251 -0.077397051 43.1200680819 90.8401614182 1.54194968578 30.4848646958 92.7817335859 0
39 5.48510909081 74.179887 98.27586 -0.078945335 44.5028351175 92.6757210735 1.68139550778 30.2008106585 100.860100796 0
42 5.46080303192 75.689674 98.17429 -0.079512997 12.1238267031 101.868635973 -1.10535395075 63.6731115522 -58.7763571016 0
45 5.46743297577 77.259307 98.055637 -0.072379503 74.2583492861 98.2883585285 0.156962702254 3.0099678587 13.1403404253 0
48 5.47689914703 78.667542 97.976243 -0.066300397 75.7671993506 98.626879309 0.0805155319392 2.97242579231 8.41193309351 0
51 5.52387809753 80.25432 97.827625 -0.077582567 76.8343858301 99.2170975187 0.0358770970499 3.69142026958 6.50075989503 0
54 5.47870397568 81.813353 97.68277 -0.074716444 78.6069565877 98.9102967034 0.0510223380634 3.4333365347 7.20430153335 0
57 5.50134992599 82.622729 97.654646 -0.085105116 80.9801171679 98.8995809166 0.077687541409 2.06107655796 9.32733220525 0
60 5.49120497704 81.436592 97.754867 -0.094486992 78.0547574778 98.6906575777 0.0648705322343 3.50891845739 9.13051357228 0
63 5.54407405853 79.890684 97.897701 -0.093381766 77.9183974165 98.5135450447 0.0825845289059 2.06619898726 10.0821260347 0
66 5.54099297523 78.411812 98.037468 -0.097953665 76.2525143641 97.515863471 0.13060973038 2.22140441278 13.0957179065 0
69 5.48944497108 76.931086 98.162597 -0.096433306 75.1604930273 99.1492540528 0.0282859964336 2.02694144338 7.14588965326 0
72 5.51191592216 75.443161 98.337547 -0.10164342 72.9836574646 98.8761421013 0.0556013113984 2.51778520211 9.0094594598 0
75 5.49587202072 73.912871 98.553041 -0.10292365 71.7992780667 99.1944388845 0.00616648882249 2.20877032166 6.25040454103 0
78 5.50483894348 72.413468 98.668417 -0.11145399 69.9464477845 98.8324154032 0.0366526250059 2.47246521105 8.4858839578 0
81 5.49840402603 70.926618 98.82512 -0.11572496 68.6251307196 98.6986702132 0.0350821810034 2.30495840536 8.64061269993 0
84 5.45942211151 69.460294 99.048845 -0.12091472 66.8293315087 99.1570953393 0.0224819022345 2.63318851711 8.21602125047 0
87 5.48000192642 67.984026 99.205817 -0.12024712 65.866316728 98.2208604054 0.039082148381 2.33555818891 9.12889463114 0
90 5.48295402527 66.409271 99.378533 -0.12589377 63.6989063222 98.7661550941 0.0168998336053 2.77868375073 8.18147082805 0
93 5.50797009468 64.97003 99.579245 -0.12534264 62.8888630999 98.8665388029 0.0164834518426 2.19981949023 8.12603648742 0
96 5.47228503227 63.450289 99.830398 -0.13542326 61.0262877943 99.0894435761 0.0162779696575 2.53471799294 8.69184020632 0
99 5.46193599701 62.015499 100.01094 -0.13023941 59.74570675 98.3795202626 0.0484968405236 2.79526156522 10.240832801 0
102 5.46957683563 60.420275 100.24313 -0.1356293 57.7543264079 98.7250796828 0.0206640993222 3.0678589702 8.95495214691 0
105 5.45866513252 58.989222 100.44438 -0.14088208 55.9950069708 98.5379556602 0.0225518909284 3.54961651516 9.36407676326 0
108 5.40791893005 58.528509 100.58832 -0.24160345 55.8559068191 99.2886012167 -0.103215019032 2.97188010072 7.92907302793 0
111 5.41887187958 58.390768 100.67023 -0.3827913 56.3309960903 100.136024697 -0.245530184766 2.12791814356 7.86448259415 0
114 5.41539406776 58.26024 100.80046 -0.53685502 56.3302361517 100.368050454 -0.364723154775 1.97785056817 9.86242939708 0
117 5.49109005928 58.2435 100.85046 -0.70040996 56.826660774 101.070661196 -0.525796959195 1.4338486528 10.0045879942 0
120 5.4961271286 58.129433 100.95873 -0.85888639 56.3440285977 101.933301639 -0.640115259778 2.03407442318 12.5346624411 0
123 5.49892306328 58.21235 101.09089 -1.0276822 57.4437272502 100.363309518 -0.909328352451 1.05837341708 6.78117595371 0
126 5.51661992073 58.152327 101.12822 -1.1869287 56.1445639093 100.4745053 -1.06437914426 2.11150551431 7.02157232526 0
129 5.50507497787 58.049715 101.26081 -1.3398137 56.6630752496 100.62700457 -1.34094793632 1.52462425533 -0.0649869538808 0
132 5.5040268898 58.024835 101.49733 -1.4943786 57.2217474497 101.86960537 -1.51652175388 0.885177137435 -1.26870926219 0
135 5.48926401138 58.064001 101.65215 -1.6522241 54.8274288341 101.033098192 -1.52611628282 3.29524271127 7.22544568806 0
138 5.50207090378 58.104403 101.68885 -1.8037565 55.6856509629 102.018254338 -1.77014178718 2.44107939952 1.92598117398 0
141 5.47365403175 58.177183 101.78616 -1.9584038 56.2803959378 101.907238912 -1.84694327408 1.90064759021 6.38621771766 0
144 5.9044508934 58.164815 101.89412 -2.1101089 57.4741729414 101.624403017 -2.08241664468 0.741440290405 1.58664935519 0
147 5.42443203926 58.333441 101.96561 -2.2758326 56.5662706426 101.717738684 -2.25104368111 1.78446946224 1.42030043086 0
150 5.43507409096 58.547547 101.97367 -2.4518694 54.8523262773 102.428174027 -2.21768308796 3.72306729724 13.4178872994 0
153 5.46130180359 58.609003 102.09152 -2.5989269 54.7805816472 101.655831095 -2.45626122582 3.8531331247 8.17414101203 0
156 5.51487493515 58.561869 102.14088 -2.6173282 54.9737849339 102.521628539 -2.49169838683 3.60822902764 7.19805807537 0
159 5.49821901321 58.51155 102.01626 -2.5045701 54.5013791803 103.001047226 -2.34322227233 4.12931905799 9.24454955928 0
162 5.47631907463 58.437648 101.90068 -2.3721379 54.872601869 102.609065463 -2.21113871115 3.634743991 9.22457402592 0
165 5.5127658844 58.147744 101.95537 -2.2082701 54.2792371298 102.862776757 -2.03814937266 3.9735037974 9.74719968451 0
168 5.48498010635 58.037351 101.82492 -2.0566813 54.6094204044 102.267528466 -1.87928606692 3.45638690288 10.1639981613 0
171 5.46147680283 57.944091 101.71587 -1.9011295 54.696649071 101.840342218 -1.78091733726 3.24982652076 6.88764957133 0
174 5.55783414841 57.908577 101.57431 -1.7585036 54.8062451347 102.906055735 -1.58687335481 3.37609385325 9.83368868629 0
177 5.55240893364 57.841285 101.40683 -1.6171883 55.5828030516 101.958021047 -1.5069934164 2.32476929637 6.3137017542 0
180 5.6557738781 57.86028 101.30305 -1.4556073 53.6897825147 101.880150382 -1.28581883332 4.21023682543 9.72816255053 0
183 5.58615088463 57.788579 101.03213 -1.3093986 54.6346689428 102.881770609 -1.16959348947 3.65627119222 8.0102427876 0
186 5.4786400795 57.852229 100.87925 -1.1701135 53.1191477078 101.614082735 -0.983166797598 4.78978472026 10.7112570415 0
189 5.49873709679 57.956865 100.8248 -1.0236231 52.3810682359 101.200959121 -0.830449347456 5.58847074238 11.0680407335 0
192 5.50172305107 57.906072 100.67156 -0.85835482 54.1462575487 101.493967057 -0.70221517552 3.84870862447 8.94614264335 0
195 5.53240609169 57.990597 100.53155 -0.72265365 54.3598484375 101.502056808 -0.618641174588 3.75822013579 5.95947585781 0
198 5.47665405273 58.042848 100.37669 -0.56279892 55.3051110503 101.720454151 -0.307007640169 3.04973862818 14.6557607706 0
201 5.55361390114 58.157277 100.32166 -0.41301063 53.9597398301 102.386453014 -0.0657080923762 4.67789359456 19.89896962 0
204 5.61079096794 58.686264 100.08548 -0.29965148 54.6061853824 101.480835184 0.153937255623 4.31208274697 25.9887201859 0
207 5.62665081024 59.980629 99.666017 -0.30408986 54.5499595174 102.434325604 0.0975831550009 6.09554784725 23.0141685038 0
210 5.50400996208 61.363687 99.173884 -0.32636207 56.271154385 101.621128155 0.0927749670077 5.65003472454 24.0147832582 0
213 5.5690779686 62.885593 98.69498 -0.37512441 60.0343283224 100.466234465 -0.203533430249 3.35664306134 9.83143894225 0
216 5.72454309464 64.287236 98.118834 -0.4012694 61.1064236914 99.9508660365 -0.251954648156 3.67068226971 8.55510509972 0
219 5.53683900833 66.572969 97.068508 -0.44319642 63.3770898559 99.3442691862 -0.399558112812 3.92335729711 2.50029082697 0
222 5.52637791634 67.896132 96.441291 -0.47211549 65.1526914004 98.1331890738 -0.411288608116 3.22319490815 3.48512361289 0
225 5.52685809135 69.150612 95.708615 -0.49267498 66.283138326 97.29735577 -0.42718150746 3.27818585584 3.7524995622 0
228 5.46783995628 70.465141 94.973778 -0.52461339 67.4809834509 96.3611465625 -0.43824230867 3.29089468173 4.94869843216 0
231 5.44888281822 71.675984 94.192345 -0.54871183 69.0533639646 95.8505591843 -0.503295285079 3.10287127213 2.60217634401 0
234 5.40614414215 72.999296 93.402727 -0.58180979 70.3997450086 95.2080259692 -0.500801270367 3.16492807587 4.64144627959 0
237 5.4801530838 74.284244 92.44261 -0.63095882 71.8617160519 93.9456447928 -0.561842105384 2.85092182426 3.96009604128 0
240 5.46467709541 75.447368 91.599491 -0.66374929 73.3253959009 92.9883588167 -0.584739577911 2.5360834769 4.52692304324 0
243 5.54996609688 76.572595 90.665594 -0.69142624 74.0655601555 92.4775398091 -0.606885025701 3.09327841083 4.84385477427 0
246 5.5756111145 77.783785 89.658033 -0.71509647 75.0954176726 91.9044576716 -0.655038363057 3.50339017131 3.44107605338 0
249 5.54005098343 78.874801 88.696028 -0.74032963 76.6506967491 91.1849946757 -0.67106518282 3.33790275948 3.96856049372 0
252 5.56752204895 80.03236 87.613917 -0.7252394 77.9521855231 89.3370617784 -0.677572197923 2.70117636999 2.73112950023 0
255 5.52579212189 81.079285 86.604124 -0.70281223 79.2902061303 88.4041074161 -0.651738576655 2.53786199398 2.926304781 0
258 5.52562689781 82.380517 85.593177 -0.66953842 80.6060762426 87.5027945311 -0.619013358056 2.6067756169 2.89487280902 0
261 5.45213913918 83.553536 84.670161 -0.64546431 81.628346647 86.9587683519 -0.58047471254 2.99066508593 3.7236296467 0
264 5.82295107841 84.753159 83.736184 -0.60820056 83.1802124439 85.9803290902 -0.551441849843 2.74050142392 3.2520345426 0
267 5.44343805313 85.938286 82.919631 -0.58097683 84.3293237572 84.5968609241 -0.523886689243 2.32419012067 3.27102411717 0
270 5.43574404716 87.249998 82.030848 -0.55954063 85.347583143 83.6285508541 -0.489825182466 2.48431815559 3.99440091055 0
273 5.46667504311 88.578333 81.141585 -0.52544337 86.1032436124 82.6609031565 -0.495027052996 2.90420301242 1.74272659268 0
276 5.48219108582 89.874585 80.458812 -0.49549775 87.6785498091 82.4651502119 -0.429637746599 2.97455266892 3.77350023357 0
279 5.44759702682 91.229191 79.664539 -0.46697991 88.93350639 81.6143701865 -0.426433661574 3.01197766998 2.32312890989 0
282 5.4482691288 92.640842 79.007823 -0.44436504 90.0764417467 80.7564864186 -0.398940169173 3.10386410957 2.6026533833 0
285 5.42786717415 93.942666 78.269838 -0.40450827 91.0321900175 80.7036506225 -0.35428459641 3.79398396494 2.87760452833 0
288 5.41856503487 95.385584 77.620959 -0.38607018 93.2583824527 79.8511479593 -0.300663009728 3.08200084638 4.89347039673 0
291 5.47452902794 96.747733 77.074345 -0.36376533 94.8977820627 79.3081185543 -0.284715302815 2.9003556269 4.52923292811 0
294 5.45798993111 98.250871 76.540386 -0.33417824 96.2335894174 79.2428210487 -0.232736655002 3.37232563309 5.8121746875 0
297 5.48326396942 99.752933 76.027378 -0.30758365 96.7255402522 78.6950084936 -0.19787039214 4.03501664182 6.28610663201 0
300 5.48848700523 100.00981 75.897783 -0.33361957 98.3903383549 78.7803068452 -0.181107942938 3.30630188089 8.73827255734 0
303 5.42920398712 98.714105 76.429985 -0.36219797 96.2844582302 79.2637147313 -0.217549923271 3.73272120789 8.2877225924 0
306 5.50116491318 97.284888 77.028291 -0.39087517 95.5371130312 79.48540894 -0.256751728044 3.01531854253 7.68470715783 0
309 5.47217583656 95.817851 77.649213 -0.42317241 93.9726754535 79.400933976 -0.312353809885 2.54424825342 6.34943807814 0
312 5.45866394043 94.571565 78.35291 -0.46228827 93.2812439039 79.4753424863 -0.307157668143 1.71019975947 8.88832875971 0
315 5.44943284988 93.13187 79.138887 -0.4938927 90.8577794606 80.1611720131 -0.350079950164 2.49330191299 8.23986360575 0
318 5.47969484329 91.836662 79.862922 -0.52529077 89.8704889011 80.5417354534 -0.352431257518 2.08005393188 9.90412051389 0
321 5.46912813187 90.529269 80.702102 -0.55721841 88.3721731727 81.6626968637 -0.427673747865 2.36131423156 7.42236239876 0
324 5.45551300049 89.308886 81.573217 -0.59808232 87.5802549151 81.8764644167 -0.412804101875 1.75502832557 10.6156599343 0
327 5.44612312317 88.100372 82.484783 -0.6409076 85.8723660853 82.180298763 -0.42675943009 2.24871541257 12.2697863263 0
330 5.45701694489 86.96204 83.432583 -0.67310863 84.5105986388 83.4651722298 -0.493475667114 2.4516579707 10.2922106348 0
333 5.40751481056 85.711036 84.448892 -0.70015711 84.3409635097 84.6527735941 -0.554874210163 1.3851593169 8.32409699608 0
336 5.46286082268 84.630521 85.38864 -0.74348817 82.8223837647 86.5825923825 -0.62446158294 2.16676776641 6.81972108838 0
339 5.46290397644 83.531548 86.470864 -0.76732045 80.3012603136 86.4576038932 -0.597196481507 3.23031490221 9.74738538869 0
342 5.48051095009 82.436303 87.632765 -0.79615086 80.0749268749 87.7417772055 -0.658112053663 2.36389104339 7.90904101214 0
345 5.72496914864 81.390428 88.717115 -0.83255466 77.3720126777 87.8764549688 -0.642028896688 4.1054075304 10.9163221263 0
348 5.48670101166 80.091493 90.270385 -0.85191671 77.4948968044 90.4547713856 -0.701287210636 2.60313467615 8.6304345837 0
351 5.50406599045 79.121061 91.3195 -0.83027867 77.1910391105 91.8136909817 -0.708509243053 1.99228743418 6.97687423778 0
354 5.46524000168 78.091476 92.534394 -0.81038411 75.1077974835 91.292989011 -0.600984795094 3.23162866623 11.997696977 0
357 5.99399614334 77.093441 93.512556 -0.78090008 74.6975523969 92.745768262 -0.622332260209 2.51560045193 9.08526684059 0
360 5.45837402344 76.051262 94.597058 -0.76703211 73.7534666928 94.1297760145 -0.617056798241 2.34482744092 8.59295239494 0
363 5.48307609558 75.027276 95.58972 -0.75132884 72.0733909207 93.7901572553 -0.570436151916 3.45888177505 10.364387572 0
366 5.46404910088 73.852657 96.593273 -0.72312741 70.7027749114 94.6895367283 -0.534551463681 3.68048488169 10.8046058418 0
369 5.46275806427 72.811015 97.559971 -0.70587276 69.4302669229 95.5948642426 -0.481570685879 3.91038388512 12.8515621832 0
372 5.4383649826 71.630899 98.505259 -0.68120937 68.8095666692 98.3577257952 -0.539573837362 2.82518710303 8.11511824923 0
375 5.49495100975 70.538887 99.423882 -0.66641532 67.0744628192 99.1862714238 -0.507339912335 3.47256298582 9.11434948352 0
378 5.45121502876 69.331788 100.31013 -0.63648641 66.258552674 100.038182053 -0.490742191873 3.08524408352 8.35052858713 0
381 5.47379183769 68.205766 101.18772 -0.63190253 65.6428932445 101.609217586 -0.48261385221 2.59730186461 8.55361116646 0
384 5.45577192307 66.997353 102.01418 -0.604237 64.0052576218 102.381575008 -0.452332672632 3.01456694137 8.70347684796 0
387 5.45431113243 65.749881 102.79371 -0.58263231 63.6940127836 103.860160507 -0.444972248718 2.31601183206 7.88734051897 0
390 5.4496588707 64.390622 103.72927 -0.540005 61.6960822889 104.387245118 -0.409112016005 2.77371150455 7.4996155508 0
393 5.65734219551 63.066948 104.49561 -0.5165186 61.0373316907 104.606565435 -0.377729840659 2.03264691264 7.95201015412 0
396 5.49110579491 62.072466 105.11862 -0.50368551 59.4301072126 105.249300985 -0.327794050204 2.64558830536 10.0778382987 0
399 5.46736598015 62.084059 105.11634 -0.50537083 58.9864255771 105.467832995 -0.348939013385 3.11751185212 8.96288287358 0
402 5.6220729351 62.06969 105.12384 -0.50501376 58.6655364661 105.224965189 -0.309820458397 3.40565523594 11.1837523711 0
405 5.45304203033 62.088061 105.11683 -0.50531554 58.7775354491 106.528711953 -0.365571608131 3.59902626731 8.00673750863 0
408 5.46130108833 62.080145 105.11527 -0.50526072 58.0942190858 106.056141827 -0.324555626204 4.09546641885 10.353639211 0
411 5.45335817337 62.084425 105.11388 -0.50526675 58.2414187521 106.043819498 -0.336242230447 3.95392014224 9.68439160461 0
414 5.48966407776 62.090561 105.10315 -0.50372534 58.0382764672 105.85891165 -0.297799631677 4.12215788221 11.7986739801 0
