3 6.276086092 72.513547 45.80148 1.6808269 82.8219631299 101.103839381 0.287200325267 56.2549055306 -79.8489209495 0 0.004
6 6.25048494339 72.505015 45.806851 1.6805552 118.869877054 136.641438614 2.28417142188 101.983443462 34.5846619593 0 0.004
9 6.20715308189 72.51553 45.801787 1.6811119 142.472445511 6.66051523829 -1.61189387883 80.1623925728 171.324666961 0 0.006
12 6.16671800613 72.511327 45.798497 1.6805172 24.56538708 31.685112849 2.2591203397 49.9800036715 33.1515179177 0 0.008
15 6.23624205589 72.518426 45.80176 1.6806948 17.7348717181 11.5026187509 1.54238474965 64.6348892641 -7.9245821493 0 0.004
18 6.22926497459 72.509508 45.806599 1.6825332 72.3158534061 137.131657826 -1.1840473611 91.3252641479 -164.242967785 0 0.006
21 6.25232601166 72.510969 45.800989 1.6811293 67.0775250584 139.920905747 1.29280528605 94.2766198035 -22.2493270827 0 0.004
24 6.23943400383 72.522343 45.818169 1.6838228 138.906854709 15.3682373904 2.53610316663 73.0349349956 48.8320679695 0 0.004
27 6.21596002579 72.508499 45.799812 1.6808804 35.673680256 83.3946389342 0.841500773627 52.6324508656 -48.0929100004 0 0.008
30 6.22896718979 72.523901 45.815543 1.6832165 62.0017567476 98.3053871256 0.916673432543 53.5340943325 -43.9196825803 0 0.01
33 6.25674009323 72.511009 45.802779 1.6808191 110.165486317 56.8903252995 1.47175944789 39.2529405903 -11.9782357321 0 0.006
36 6.22270298004 72.527172 45.853315 1.6851825 30.487442564 85.1808517535 1.70471040981 57.5672997295 1.11886681497 0 0.008
39 6.23608994484 72.188088 49.017093 1.6798669 20.7934241818 33.6661766708 2.17907141149 53.6382522192 28.6023116222 0 0.008
42 6.1845729351 71.804616 53.279503 1.6643548 18.504110367 38.7531809885 2.38593725894 55.2445285247 41.3436294682 0 0.016
45 6.23350095749 71.568933 57.324136 1.642571 56.511448425 107.23436322 2.35449198029 52.1321265908 40.7900675172 0 0.008
48 6.21127986908 71.37336 61.652431 1.6431927 71.3169758492 34.4864236298 2.62364639576 27.166065884 56.175858775 0 0.004
51 6.2890868187 71.165072 65.844712 1.6344026 112.575223628 88.8659928254 1.40367316748 47.3791096229 -13.2198226929 0 0.004
54 6.24150896072 70.960331 70.343426 1.6128178 45.6947001398 90.6415264668 -2.3458454205 32.4093348485 133.185304952 0 0.008
57 6.21511507034 70.885213 74.631613 1.6236159 58.2031797272 83.4982837158 -0.610550542372 15.4742307568 -128.008307878 0 0.006
60 6.27211308479 70.832043 79.069602 1.6124517 134.549347851 111.195403697 0.0265738542492 71.3579853426 -90.8641073848 0 0.006
63 6.25109100342 70.841819 83.283634 1.5826474 50.9755894954 130.682194268 2.53133890999 51.3934878194 54.3560195824 0 0.018
66 6.23613190651 70.897044 87.066595 1.5142468 46.5378274374 132.468233391 3.08006986153 51.5235887738 89.7150528898 0 0.02
69 6.24393796921 70.898205 87.488163 1.2381173 113.987202004 113.178147763 1.41685442814 50.1660939277 10.2408830847 0 0.012
72 6.21520709991 70.648486 87.373684 0.94938085 44.1726831397 131.808960374 2.09710320289 51.7248675548 65.7596468732 0 0.01
75 6.26637506485 70.490448 87.162959 0.64684814 55.1775199245 106.16734092 3.11761281613 24.4059889864 141.564388112 0 0.014
78 6.22818088531 73.090524 88.460194 0.4660111 6.03408447426 116.764803645 1.6395915616 72.7854175577 67.2412073686 0 0.008
81 6.27004909515 76.750616 90.291223 0.4640309 47.2003006656 110.641435836 2.91235472012 35.8796920116 140.278621774 0 0.012
84 6.36984920502 80.704264 92.172539 0.45240664 89.0404033382 89.0944104865 -1.95287026152 8.88628686296 -137.812215018 0 0.006
87 6.36381292343 84.637734 93.972859 0.42386385 56.2316624971 106.782054585 1.77798288678 31.160558239 77.5853057656 0 0.014
90 6.36998414993 88.678811 95.730817 0.41656148 23.6215106358 46.7830051089 -3.04596594075 81.4146216573 161.611792343 0 0.016
93 6.3006439209 92.647535 97.41769 0.40779386 87.6250014442 131.36600351 2.24517279392 34.3178355016 105.27405828 0 0.024
96 6.15929603577 96.759828 99.128022 0.39320766 85.1806820586 133.964956215 2.14390667354 36.7108785819 100.307664674 0 0.012
99 6.17555999756 100.07577 100.58602 0.32958371 84.5522933607 139.260166575 2.21852842684 41.6733480807 108.228560008 0 0.016
102 6.24008703232 100.12714 100.52966 0.1390585 20.1395569336 112.141288049 2.58110631293 80.8260066485 139.91903305 0 0.014
105 6.25208902359 100.08551 100.52401 -0.14356162 84.1260164347 140.404837952 1.70104286912 42.9556267911 105.688052098 0 0.012
108 6.33461499214 99.772178 100.71077 -0.40700642 81.1182497681 123.088757429 1.85537195488 29.1332003023 129.624732542 0 0.01
111 6.24940800667 99.760338 100.7618 -0.66729138 11.9770334897 70.6891347798 2.21656867206 92.791560738 165.233009689 0 0.018
114 6.2511780262 99.638101 100.95548 -0.8821311 97.0737925181 102.702367009 -0.786611524424 3.10278781305 5.47286854139 0 0.02
117 6.3427708149 99.549051 101.11221 -1.1251977 12.4118013752 72.7024409461 1.96429742589 91.651597094 177.01503154 0 0.012
120 6.35926508904 100.80276 98.46873 -1.1938854 99.6905869612 100.561041016 -1.1348063943 2.3695346073 3.38497768449 0 0.024
123 6.38818001747 102.35582 94.496879 -1.1822805 100.309025147 96.154880005 -1.13930685683 2.63407222837 2.46220838367 0 0.068
126 6.35333490372 103.84912 90.431736 -1.1842505 102.44611601 91.9890766148 -1.20639244702 2.0961226074 -1.26864011416 0 0.06
129 6.37407493591 105.46668 86.336829 -1.1831903 103.809834026 89.4054943838 -1.17080736609 3.48738380747 0.709489851117 0 0.06
132 6.33544993401 106.96067 82.891423 -1.1821311 104.495846487 86.0075474158 -1.21255617132 3.97310789248 -1.74322817807 0 0.102
135 6.32052302361 108.13488 79.987125 -1.1809983 106.966783833 81.2707755135 -1.13531569838 1.73557117267 2.61742027005 0 0.214
138 6.23090004921 109.11096 77.465416 -1.174964 108.426968884 79.436406228 -1.16168122785 2.08629967303 0.761046784508 0 0.268
141 6.23315191269 110.00241 75.115832 -1.1797573 109.289377868 77.1151056548 -1.1317471552 2.12261865837 2.75077867085 0 0.296
144 6.21833491325 110.9669 72.896666 -1.1819268 109.487771746 74.8694035392 -1.12753613314 2.46566700742 3.11635565617 0 0.422
147 6.22454404831 111.79529 70.750926 -1.1680053 109.470463833 73.8102966007 -1.1754043736 3.842468631 -0.42393568973 0 0.292
150 6.20335888863 112.62755 68.634671 -1.166408 110.355608055 71.5133273844 -1.17883751552 3.66720367333 -0.712158780859 0 0.42
153 6.19999194145 113.50263 66.493746 -1.1746568 111.576129386 69.4586980292 -1.15416321201 3.53586554485 1.17419609895 0 0.492
156 6.17647004128 114.39844 64.423702 -1.1690506 112.801871517 67.3961075024 -1.13258952885 3.37405177677 2.08906549335 0 0.526
159 6.22163391113 114.9392 62.935672 -1.1627449 114.27208712 65.7147594977 -1.13406495335 2.85803549914 1.64323989973 0 0.488
162 6.1840801239 115.58582 61.52951 -1.1720902 114.456320538 64.4765579194 -1.15377119891 3.1560830906 1.0496014475 0 0.522
165 6.32424807549 116.16312 60.165609 -1.1710096 114.283383739 63.778488617 -1.14509245444 4.0726290694 1.48494305773 0 0.496
168 6.2083530426 116.71267 58.758483 -1.1690165 114.464677624 61.321698994 -1.16764931628 3.40933218607 0.0783338568837 0 0.526
171 6.22913599014 117.29804 57.404001 -1.1730259 115.217250257 59.7137899476 -1.17600220277 3.10882790394 -0.170529587264 0 0.5
174 6.22237491608 117.3062 57.346669 -1.1782941 114.525140406 60.515059596 -1.19060402793 4.21580258509 -0.705306916436 0 0.478
177 6.24456095695 117.30973 57.394113 -1.1925087 115.070615373 60.663187746 -1.2377007268 3.96238362707 -2.58931240349 0 0.456
180 6.22265911102 117.3509 57.478875 -1.2542253 114.828188368 60.8526876295 -1.30541993651 4.21268152577 -2.93323660582 0 0.466
183 6.27207612991 117.31554 57.561663 -1.3141336 114.82740702 60.48506499 -1.35584920644 3.83889110544 -2.39012818901 0 0.452
186 6.28034496307 117.31761 57.625945 -1.389572 115.225590745 60.592323087 -1.41505784512 3.62986825058 -1.46023136258 0 0.454
189 6.36671495438 117.34247 57.653648 -1.4539696 114.639398854 59.9704907743 -1.49190316893 3.56010590589 -2.17343340163 0 0.408
192 6.35196805 117.36058 57.739095 -1.5147103 115.240838927 60.5520872313 -1.51867174404 3.52224750846 -0.226974023996 0 0.344
195 6.37453198433 117.34118 57.80351 -1.5718326 115.10559285 60.3702271665 -1.56750242604 3.40380477071 0.248100692448 0 0.378
198 6.25217700005 117.32521 57.826191 -1.6475747 115.818606423 60.0034000977 -1.65712060084 2.6476581717 -0.546939830044 0 0.344
201 6.23372197151 117.28663 57.948056 -1.7072698 116.951971321 60.2553156418 -1.72340090093 2.33140375864 -0.924244002132 0 0.304
204 6.26213097572 117.37131 58.006137 -1.7818651 116.230829949 60.119554333 -1.72887933597 2.40150527156 3.03586065299 0 0.284
207 6.23293209076 117.40314 57.989067 -1.8555926 116.659602007 61.1398020422 -1.73537615231 3.23727973053 6.88789508051 0 0.274
210 6.19244503975 117.02719 57.008887 -1.8977403 115.460806449 58.9559715522 -1.82685830995 2.4989389111 4.06123887355 0 0.166
213 6.23450613022 116.38504 55.250118 -1.9095407 116.101289797 56.5926845413 -1.9275305893 1.37222414176 -1.03074473075 0 0.282
216 6.19108605385 115.67443 53.450651 -1.9075572 115.818205134 55.5021484966 -1.80175320767 2.05652942304 6.06212221598 0 0.3
219 6.18964791298 115.02136 51.574537 -1.9165104 114.641927912 53.6370100178 -1.90009130449 2.09708456156 0.940744876164 0 0.36
222 6.21191287041 114.35753 49.684701 -1.9233127 114.045528792 51.4042168494 -1.86656921432 1.74759248959 3.25116224447 0 0.366
225 6.44105792046 113.59486 47.870819 -1.9110101 113.387328614 49.7879542948 -1.87522464046 1.92833529621 2.05035579982 0 0.456
228 6.4038169384 112.87829 45.986656 -1.9118326 112.015510104 47.3994254256 -1.87413087035 1.6553871449 2.16014998921 0 0.314
231 6.37547302246 112.17059 44.128463 -1.9122248 113.723667418 44.3279135458 -1.82689893277 1.56583204312 4.8888120755 0 0.354
234 6.35049700737 111.43202 42.277019 -1.9027456 110.482249278 44.0274784015 -1.90938967098 1.99152517954 -0.380677226042 0 0.352
237 6.34068608284 110.82393 40.37458 -1.9174412 109.795937525 42.2877836445 -1.90953619417 2.17189242671 0.452923470838 0 0.326
240 6.38523006439 110.14399 38.567468 -1.912432 109.712404345 40.7601365734 -1.88106837396 2.23473972757 1.79700340238 0 0.264
243 6.38078212738 109.42625 36.696167 -1.9074722 108.896627487 38.7613679116 -1.90825482712 2.13203067782 -0.0448412308742 0 0.396
246 6.31052780151 108.96452 35.308972 -1.917648 108.977295677 37.0149093229 -1.88709780664 1.70598516046 1.75039714305 0 0.468
249 6.29280304909 108.91335 35.330429 -1.9171391 108.615867156 37.6966814819 -1.93420490047 2.38487879153 -0.977798340959 0 0.436
252 6.16732907295 108.9585 35.348205 -1.9450374 108.153191115 37.6210138677 -1.99806846873 2.4112616093 -3.03845642124 0 0.402
255 6.19359493256 108.97674 35.368834 -2.0165302 109.135968197 36.7789283522 -2.03670432828 1.41905591891 -1.15589240601 0 0.382
258 6.18612480164 108.99865 35.397074 -2.0803106 107.59468215 37.7158112337 -2.11209738944 2.71065823788 -1.82124887941 0 0.354
261 6.26100802422 109.05048 35.474836 -2.159245 109.354598465 38.2058851086 -2.17344686372 2.74792963416 -0.813706852607 0 0.354
264 6.25772714615 109.09365 35.518169 -2.2238592 108.326127486 37.8794152575 -2.2230127477 2.48285615735 0.0484981441981 0 0.356
267 6.25295209885 109.14301 35.568827 -2.2920109 109.821818005 37.4029844942 -2.31111716856 1.95573874062 -1.0947085505 0 0.336
270 6.23222494125 109.24021 35.586114 -2.3597618 109.00933278 38.2438930707 -2.32695082853 2.66778819988 1.87993018669 0 0.314
273 6.20136880875 109.32691 35.57971 -2.4292889 110.63194586 36.7732427609 -2.3966760731 1.7685132304 1.86857733957 0 0.294
276 6.20557594299 109.34422 35.612178 -2.4970016 109.221505264 37.1565437077 -2.48385337165 1.5492334703 0.753337992466 0 0.27
279 6.2565510273 109.45255 35.562283 -2.5751384 108.288531484 37.5755827103 -2.51218863346 2.32557838595 3.60675594434 0 0.28
282 6.32333016396 109.51035 35.610832 -2.6455993 110.173010636 37.0016262258 -2.57045723947 1.54059329391 4.30532293246 0 0.334
285 6.25621795654 109.52669 35.619453 -2.7060079 109.111229411 37.8104109772 -2.553704847 2.23000097724 8.72632214413 0 0.232
288 6.23363494873 109.56751 35.667144 -2.7779359 109.863018229 36.9145661168 -2.61554809263 1.28194658673 9.30413600668 0 0.254
291 6.26573514938 109.58407 35.725569 -2.8421247 110.262179444 36.4421406022 -2.71170785888 0.98656336809 7.47233457337 0 0.278
294 6.25150203705 109.62066 35.728072 -2.9074408 110.201244802 37.5008837797 -2.74369742024 1.86545981434 9.38180458346 0 0.196
297 6.36541509628 108.40689 35.538158 -2.9474042 107.394815965 37.9468673829 -2.85070365474 2.61269491962 5.54053311977 0 0.228
300 6.2700688839 106.63579 35.154474 -2.9731605 105.741844619 36.9754402825 -2.84960620609 2.02856021497 7.07913958187 0 0.34
303 6.26010394096 104.74277 34.838538 -2.9724974 103.805301685 35.9818419629 -2.97211010498 1.47850965273 0.0221903701384 0 0.29
306 6.22995400429 102.71686 34.507066 -2.970186 101.647446003 35.929282072 -2.86495305052 1.779422618 6.02940387109 0 0.264
309 6.22867393494 100.87602 34.149296 -2.9774562 100.702767562 35.676389685 -2.87598905668 1.53689021406 5.8136390717 0 0.274
312 6.23079109192 98.917573 33.856952 -2.9648121 98.4540637357 34.9896167047 -2.87160130866 1.22383420911 5.34058494901 0 0.338
315 6.22433614731 96.872255 33.519705 -2.9713846 95.837247599 34.5029604297 -2.90495807658 1.42759642761 3.80595943972 0 0.388
318 6.18113899231 94.700759 33.157106 -2.9752463 93.7960032126 34.4055981232 -2.87306623173 1.54185460291 5.85448666205 0 0.352
321 6.24336910248 92.656194 32.878926 -2.9695623 91.9722719595 34.4851582235 -2.92734851364 1.74577527574 2.41867179549 0 0.286
324 6.24050498009 90.628889 32.525228 -2.9736018 90.3227078725 33.615024776 -2.92486845571 1.13199112006 2.79221494945 0 0.41
327 6.20503687859 88.510396 32.191288 -2.9695852 87.3559553053 33.5298636742 -2.95560660333 1.76763066084 0.800914592769 0 0.456
330 6.2619228363 87.334812 32.006658 -2.9896435 86.0778513981 33.8340264051 -2.98974395831 2.2179326506 -0.00575583694715 0 0.434
333 6.26542210579 87.328365 31.983283 -3.0015998 86.4821840272 33.4848685483 -3.0362389122 1.72359548547 -1.98467493504 0 0.388
336 6.22765398026 87.328448 32.00285 -3.0442403 86.6573594043 34.7252863573 -3.07206076953 2.80392931848 -1.59399548833 0 0.35
339 6.37582993507 87.480424 31.977098 -3.121648 86.6916957394 34.0645670777 -3.07731264321 2.23150608767 2.54022882751 0 0.352
342 6.30623602867 87.509332 32.088761 3.0972389 86.7375104548 33.9876072108 3.1369234687 2.04971349951 2.27375829813 0 0.288
345 6.26574206352 87.537767 32.004513 3.0032565 86.3076207488 33.8539203127 2.97608391768 2.22116348061 -1.55687428531 0 0.242
348 6.26016402245 87.588829 31.971963 2.902116 86.0728712723 34.2690686046 3.00975171491 2.75223945011 6.16707218894 0 0.198
351 6.37683081627 87.696053 31.883789 2.7788249 86.3344858504 33.9230571445 2.90867783623 2.45203582109 7.4400252035 0 0.176
354 6.42827987671 87.777704 31.698119 2.6376296 85.9382194389 33.7233002388 2.81153432383 2.7358842264 9.96400671297 0 0.116
357 6.23114800453 87.896098 31.65995 2.4917922 85.5572608831 33.62773267 2.74288807006 3.05652215693 14.3867336074 0 0.13
360 6.23161292076 87.958395 31.594625 2.366513 86.3460302656 33.4545388614 2.63456211676 2.46150352606 15.3580830925 0 0.114
363 6.20860910416 87.964094 31.460561 2.2184109 85.5051594905 33.9896443478 2.41002230738 3.52741002748 10.9785249495 0 0.132
366 6.32133698463 87.708527 31.831987 2.1125682 86.6381357626 33.9971432941 2.29368098741 2.41529277292 10.3769983344 0 0.12
369 6.34015512466 86.721318 33.612273 2.0920166 85.2800682722 35.8350172028 2.30068178119 2.64911165659 11.9556342136 0 0.134
372 6.33292794228 85.724716 35.405361 2.0873093 84.7878832142 36.6775302761 2.15899325081 1.57989567241 4.10718784047 0 0.116
375 6.37126684189 84.755772 37.248267 2.0862059 83.776160862 38.2405172396 2.11640848974 1.39434519389 1.73048092265 0 0.172
378 6.37373495102 83.690185 39.149374 2.0868314 82.0150891001 40.2443589169 2.12510370653 2.00123417968 2.19284163661 0 0.256
381 6.4045009613 82.666747 40.97523 2.090975 80.8059392826 41.9739898023 2.17471252775 2.11190115862 4.79780692712 0 0.264
384 6.3434381485 81.635815 42.877142 2.0910396 80.4837522051 43.8765846565 2.14136134665 1.52516697677 2.88322370079 0 0.254
387 6.358273983 80.624097 44.699122 2.0805048 79.367479614 45.0961592805 2.14851619569 1.3178489507 3.89676593202 0 0.284
390 6.36004805565 79.602515 46.546403 2.0762437 78.5321358114 46.995990043 2.11385902328 1.16096516594 2.15519926889 0 0.368
393 6.36753177643 78.599692 48.40129 2.0808805 77.1416131921 49.0013716037 2.07473325433 1.57673451828 -0.352211232257 0 0.434
396 6.4377579689 77.532669 50.298142 2.0919608 75.3267680306 50.8440636888 2.10667903461 2.27245012644 0.843292724989 0 0.448
399 6.20609021187 76.53881 52.074716 2.0854653 75.540176835 52.9675477114 2.0852455533 1.3395583836 -0.0125905582681 0 0.564
402 6.17317318916 75.533974 53.92833 2.0838411 74.1628275957 54.2457048021 2.08082836733 1.40739803436 -0.172616866837 0 0.502
405 6.30302906036 74.451304 55.860797 2.0823704 73.4396473248 55.7619628604 2.10745182615 1.01647302751 1.43705986257 0 0.468
408 6.33999705315 73.464188 57.689364 2.0801622 71.6180262297 57.751175277 2.16153569783 1.84719623107 4.66235798997 0 0.326
411 6.3733959198 72.461178 59.521835 2.0808323 69.9916771996 60.6824118993 2.14145404286 2.72862106973 3.47337001275 0 0.41
414 6.20616102219 71.469371 61.42577 2.0898858 69.5453224847 61.7842116985 2.1137390359 1.95715179293 1.36668974499 0 0.368
417 6.2126531601 70.386885 63.322712 2.0827703 68.0678579294 63.9019274733 2.12651302403 2.39026716473 2.50627347151 0 0.508
420 6.19153308868 69.38246 65.186025 2.0922796 67.1071886545 65.3392222364 2.14723710095 2.28042300653 3.14883285729 0 0.488
423 6.24772381783 68.400253 67.014087 2.0893798 65.5174435907 67.6819894803 2.13480874037 2.95916944655 2.60288655077 0 0.588
426 6.21508288383 67.30799 68.901204 2.089526 64.6082675017 69.1329866325 2.14046946 2.70965399206 2.91884525153 0 0.578
429 6.19578790665 66.315197 70.741557 2.0869248 63.6641189241 70.5158275845 2.10892449023 2.66067073002 1.2604894007 0 0.514
432 6.18344187737 65.281228 72.464006 2.0745737 62.6963040936 72.4403875003 2.11506691863 2.58503180549 2.32009052647 0 0.602
435 6.22200608253 64.283593 74.421326 2.0918621 61.3813945527 74.2131007503 2.13081545657 2.90965867104 2.23186292943 0 0.688
438 6.17737698555 63.28447 76.191493 2.091939 60.4843520746 75.4336014561 2.11212305848 2.90087228064 1.15646136461 0 0.668
441 6.17505002022 62.204887 78.125252 2.0893553 59.1368035607 77.9859384043 2.118310524 3.07124474252 1.6590121301 0 0.696
444 6.20726418495 61.273659 79.948227 2.0960183 58.2150417272 79.969235681 2.14413051587 3.05868942295 2.75662691211 0 0.68
447 6.21688294411 60.19879 81.787566 2.089809 57.4188487947 82.061074959 2.12388115273 2.79336360968 1.95219055052 0 0.658
450 6.29249811172 59.161438 83.629466 2.0974137 56.8212329178 84.2252616064 2.10089179886 2.41485656544 0.199280385182 0 0.654
453 6.2788541317 58.11891 85.485673 2.0964985 55.7676633485 85.5164584217 2.08630255425 2.35144818327 -0.584184659836 0 0.61
456 6.18242001534 57.036783 87.336936 2.0992423 54.9887472664 87.3498056401 2.1079764647 2.04807616895 0.500430774884 0 0.614
459 6.23732495308 56.357629 88.602308 2.124456 54.6763604276 88.6097150153 2.10841576389 1.68128488849 -0.919037831503 0 0.542
462 6.21373510361 56.200217 88.720884 2.2094598 53.8643412576 88.7392580052 2.19727811458 2.33594800631 -0.697959161897 0 0.484
465 6.28915095329 56.199637 89.07416 2.3631742 53.4324455689 89.0019817272 2.38031156388 2.76813260514 0.981898622425 0 0.406
468 6.31964612007 56.109511 89.161307 2.4869631 53.4628596841 88.1109770305 2.45560426987 2.84744731871 -1.79672861676 0 0.392
471 6.36361193657 56.023191 89.233423 2.608836 52.7048880661 88.0222623672 2.59487019055 3.53242755616 -0.800181938807 0 0.408
474 6.34618282318 54.873312 89.789936 2.6823278 51.7536823002 89.3818292704 2.68761878984 3.14621050894 0.303151387118 0 0.39
477 6.24971008301 52.997249 90.667048 2.6986067 49.5357881055 89.7962664958 2.69350261864 3.56930973054 -0.292442320251 0 0.536
480 6.23142194748 51.122563 91.609157 2.7018871 47.5580152207 91.1674184772 2.7355724498 3.59181483287 1.93002837499 0 0.474
483 6.24358701706 49.137432 92.566213 2.7007601 46.3322317271 92.0019280448 2.7027977582 2.86139233277 0.116749214668 0 0.348
486 6.18359899521 47.308569 93.452781 2.7003868 44.1822828683 92.4936230339 2.70793796323 3.27011452115 0.432649783411 0 0.482
489 6.20447087288 45.360782 94.336008 2.7008969 42.7812080923 94.0267719951 2.71626671595 2.59804319675 0.880625585918 0 0.546
492 6.18511009216 43.468079 95.251019 2.7064338 40.8705365851 93.4220610055 2.71635200517 3.17684024511 0.568271296535 0 0.52
495 6.20198297501 41.590918 96.131677 2.7064065 37.584341266 95.0470718928 2.7194398665 4.150786114 0.746756893065 0 0.444
498 6.2051949501 39.606214 97.06058 2.704478 36.2889845038 96.3910792849 2.71007004026 3.38411624175 0.320400305489 0 0.554
501 6.20647001266 37.718719 97.944153 2.696243 34.6461380297 96.677699954 2.71331388765 3.32335028803 0.978089814975 0 0.528
504 6.2060778141 35.769603 98.891663 2.7044976 32.297801863 96.7962418954 2.74311865469 4.05514398516 2.21282343431 0 0.512
507 6.23229908943 33.862509 99.822852 2.7013631 30.913275457 98.4472116986 2.74464599471 3.25428405799 2.47992719196 0 0.464
510 6.36368489265 31.979521 100.73965 2.7066945 28.3592880702 98.2582149599 2.7578781417 4.38903250436 2.9326066495 0 0.47
513 6.20313096046 30.015598 101.64307 2.7044148 27.7763238998 100.043196932 2.71101976898 2.75207963702 0.378436846454 0 0.336
516 6.21231389046 28.083667 102.5122 2.7038251 25.5247130405 101.40473718 2.71155162043 2.78831835787 0.442697010867 0 0.404
519 6.2546081543 26.231599 103.44351 2.6987262 23.4453265381 102.785012358 2.69225725369 2.86302870678 -0.370643321704 0 0.442
522 6.22721409798 24.326425 104.3449 2.7056645 21.4440926619 103.194292289 2.69535184777 3.10350411814 -0.590871448421 0 0.488
525 6.21803998947 23.072168 104.95788 2.6888385 19.3568844607 104.491928352 2.64129201958 3.74438816309 -2.72421265873 0 0.566
528 6.19648504257 23.059574 104.94595 2.6093304 19.5369653405 103.756451736 2.60223198523 3.71802069498 -0.406709207377 0 0.49
531 6.23416280746 23.148655 105.02795 2.4881616 18.6248223806 104.498691497 2.45464059945 4.55468727039 -1.9206118564 0 0.538
534 6.20756793022 23.15609 104.97342 2.3614352 18.4551853129 104.691129652 2.34582365103 4.7093728582 -0.89447586762 0 0.422
537 6.18499684334 23.189116 104.80794 2.2179164 18.790887109 104.128931301 2.17493973941 4.4503337168 -2.46238126942 0 0.49
540 6.18972611427 23.170444 104.45908 2.0515088 18.5383046197 104.670824516 2.07279052539 4.63697649106 1.21935304557 0 0.452
543 6.23340201378 23.203193 104.36781 1.9241471 19.1912616375 105.211362316 1.95618520689 4.09965532294 1.83564830856 0 0.358
546 6.19156384468 23.268475 104.40083 1.8086424 19.7354195738 104.66676302 1.81994765559 3.54304967722 0.647743431616 0 0.464
549 6.23173499107 23.269141 104.3114 1.6661585 19.5956497427 104.463845337 1.72315233202 3.67665304292 3.26550603303 0 0.444
552 6.23310995102 23.273746 104.22596 1.531085 19.3771639956 105.234770598 1.50452562778 4.0250528121 -1.52173993461 0 0.438
555 6.20675992966 23.201513 103.9692 1.3630267 19.426677817 105.512318107 1.39100824973 4.07806254861 1.60322470376 0 0.376
558 6.20832300186 23.573375 105.47089 1.3112874 19.160693599 105.632426769 1.32672410658 4.41563713122 0.884458136516 0 0.426
561 6.19793510437 24.091257 107.45193 1.3021436 19.6675006552 106.511843187 1.33787586297 4.52254169845 2.04730786084 0 0.26
564 6.16372799873 24.69734 109.54228 1.2971878 20.7263500519 108.776087874 1.29288954282 4.04423188536 -0.246271995849 0 0.308
567 6.20198297501 25.24514 111.62222 1.291934 21.3094433566 111.745585238 1.29906012735 3.93762962334 0.40829702134 0 0.412
570 6.28969907761 25.838263 113.71051 1.2925571 22.2484778507 113.284190785 1.31737821686 3.61501113292 1.42214523894 0 0.462
573 6.19910502434 26.485855 115.66064 1.2984976 22.2618999497 115.572216067 1.31219735702 4.22488047863 0.784938257607 0 0.592
576 6.19267201424 26.666562 116.70228 1.2516028 22.7281561457 117.094608736 1.29481060278 3.95789874931 2.47562474135 0 0.54
579 6.20729589462 26.671044 116.66524 1.1445574 23.1038059526 115.987970531 1.17008777833 3.63096147333 1.4627829274 0 0.5
582 6.18531298637 26.68282 116.71548 1.0360889 22.5927054914 115.922938437 1.00421604409 4.16619236505 -1.8261801249 0 0.472
585 6.23770689964 26.598988 116.54426 0.86252405 22.4573065714 115.719699387 0.875492308742 4.22296403731 0.743026493531 0 0.488
588 6.30002999306 26.490987 116.49462 0.72378221 22.3423584033 115.998250947 0.749063791156 4.17821749914 1.44852789968 0 0.494
591 6.31928420067 26.414554 116.44154 0.58967497 22.4759758154 116.262821378 0.632206258135 3.94263090612 2.4368633074 0 0.454
594 6.29319000244 26.30131 116.37003 0.43724496 21.3701680324 116.436236789 0.500413000533 4.93158640236 3.61926212263 0 0.42
597 6.28501582146 26.176025 116.35464 0.31453037 21.3222505064 116.796200343 0.327107078752 4.87381804867 0.720592331662 0 0.378
600 6.29345011711 26.088883 116.46581 0.14702743 21.5143180994 116.105131182 0.225105999583 4.58876162375 4.47357250754 0 0.386
603 6.24505996704 25.977812 116.45377 0.019989929 21.3856738327 115.886688935 0.0713230241103 4.62701997862 2.94116969917 0 0.4
606 6.19254398346 25.890585 116.45549 -0.11586106 20.0885011411 115.975694458 -0.0727914680667 5.82188808443 2.46770584313 0 0.27
609 6.25083613396 27.617035 116.21759 -0.13548047 24.6892755363 115.937130308 -0.0788111631095 2.94116186506 3.24691211276 0 0.37
612 6.22585701942 29.732468 115.90829 -0.14344069 26.2884157745 115.214187504 -0.0681999053533 3.51329958974 4.31097940751 0 0.38
615 6.25056505203 31.744289 115.6014 -0.14068963 27.817907461 115.341915075 -0.154764871184 3.93494655818 -0.806451915461 0 0.396
618 6.21113991737 33.87565 115.27561 -0.13567301 30.2303037515 115.023279492 -0.127244804797 3.65406895896 0.482900586981 0 0.462
621 6.21532607079 35.936054 114.9269 -0.14240112 32.8209356577 114.607046576 -0.0924061642849 3.13149620784 2.86449995942 0 0.49
624 6.17844295502 38.113735 114.67885 -0.14674677 34.5443785208 114.905026321 -0.126146757815 3.57651525978 1.18029375614 0 0.52
627 6.40609097481 40.163768 114.30534 -0.14012204 36.4419806023 114.596509184 -0.105300776499 3.7331596439 1.99511143594 0 0.606
630 6.16389918327 42.346763 113.98058 -0.16006212 39.3109663126 114.572716797 -0.0764908230272 3.09300622594 4.78828260498 0 0.624
633 6.16738915443 44.341947 113.67079 -0.15507802 40.9070071478 113.908777705 -0.0725832328386 3.4431743981 4.72660313618 0 0.574
636 6.22521901131 46.544067 113.30502 -0.15009707 43.2552168519 114.199208927 -0.0780792497714 3.40824135514 4.12631714883 0 0.58
639 6.12756299973 48.557097 112.97025 -0.14631805 44.8565096101 114.223469902 -0.0835357530807 3.90703303729 3.59716064161 0 0.608
642 6.17560601234 50.586062 112.64729 -0.14866611 47.6841058315 114.12376423 -0.0522617180922 3.25596771433 5.52356478284 0 0.654
645 6.19663286209 52.747394 112.3225 -0.14488479 49.7660228447 114.244841118 -0.0567059079894 3.54738908762 5.05227778139 0 0.626
648 6.18809390068 54.919709 111.95097 -0.14565598 51.2270293191 114.292824221 -0.0546586362111 4.37266102284 5.21376374601 0 0.648
651 6.18324899673 56.9199 111.70562 -0.14317608 53.8783421373 113.417672243 -0.0750436340835 3.49030043314 3.90370159892 0 0.538
654 6.16814303398 58.963864 111.32719 -0.14485493 56.5578151824 114.007641174 -0.0442786502224 3.60192856817 5.76259635039 0 0.522
657 6.19660806656 61.070196 111.0267 -0.15209978 57.8338190205 112.143787698 -0.125072013105 3.42374369352 1.54857697274 0 0.5
660 6.23893404007 63.25691 110.67843 -0.1447313 59.9649772375 112.45560128 -0.14240327227 3.74101043447 0.133386163539 0 0.564
663 6.18857097626 65.338645 110.4192 -0.14848438 61.6763442045 111.914619604 -0.125758161237 3.95584717957 1.3021164194 0 0.64
666 6.18964505196 67.412523 110.08404 -0.1445869 63.1649265771 111.397899893 -0.106186821604 4.44615600153 2.20016242508 0 0.674
669 6.22584319115 69.507235 109.73429 -0.15139682 66.3387581979 111.678465469 -0.107066455377 3.71740009949 2.53994279716 0 0.672
672 6.18876600266 71.647859 109.39116 -0.14906575 67.6139318771 111.021594229 -0.110512706657 4.35096354953 2.20892667095 0 0.68
675 6.21259784698 73.702975 109.06139 -0.1559357 70.0540230321 111.809188598 -0.0981476920883 4.56784934069 3.31100895981 0 0.606
678 6.55887413025 75.754203 108.72815 -0.15045699 72.2970299563 110.374353765 -0.119274189233 3.82910332701 1.78664287734 0 0.574
681 7.25315690041 77.860742 108.43703 -0.15243836 74.3758151168 109.773971495 -0.159707696653 3.73257658241 -0.4165023101 0 0.63
684 6.79220986366 79.97813 108.08555 -0.15170568 75.7628263242 108.840137112 -0.144898824414 4.28231091696 0.39000409681 0 0.588
687 7.00590419769 82.120618 107.73965 -0.14888428 78.2974109652 109.056355713 -0.141884383764 4.04359072661 0.401064511352 0 0.692
690 6.68595194817 84.192494 107.42985 -0.14593359 80.9461336768 108.590268193 -0.130948802341 3.4475245802 0.858565089779 0 0.65
693 6.44904112816 86.28045 107.15458 -0.15823172 82.1263748097 108.802081418 -0.114643717509 4.46884790627 2.49740858017 0 0.544
696 6.61488008499 88.385341 106.75858 -0.15035877 84.251154787 108.577611117 -0.105736688555 4.51667685886 2.5566569399 0 0.58
699 6.61150717735 90.512184 106.42958 -0.15443508 87.1680461237 108.730325296 -0.103948043729 4.05914856266 2.89269409845 0 0.684
702 6.23312091827 92.541412 106.11165 -0.15857271 89.4158655623 108.198105257 -0.109640203135 3.75796967457 2.80362612439 0 0.674
705 6.36548709869 94.624435 105.7799 -0.14991569 91.140989275 108.891997138 -0.115696959888 4.67113933812 1.96058881573 0 0.642
708 6.41317510605 96.812614 105.41142 -0.16008539 93.8931769166 106.82880722 -0.12764457869 3.24531961675 1.85872157202 0 0.562
711 6.79094195366 98.833392 105.05687 -0.15857643 95.0076979799 106.837122046 -0.14039358725 4.21962463774 1.04180014912 0 0.542
714 6.52565383911 100.9283 104.72764 -0.15390186 96.6943121404 107.132906621 -0.138310983181 4.86949285979 0.893291440658 0 0.392
717 6.6789329052 103.02648 104.38009 -0.15580909 98.9747073832 106.91676142 -0.124753439913 4.78033087053 1.77935768002 0 0.516
720 6.34490895271 103.56436 104.3046 -0.21764658 99.311015146 106.78852574 -0.192188147752 4.92552835032 1.45866072085 0 0.522
723 6.34643697739 103.46604 104.39779 -0.32798619 99.3296236268 106.519636492 -0.28573549617 4.64888943194 2.42078643794 0 0.442
726 6.80799078941 103.43166 104.43448 -0.46455789 98.966242772 106.548865264 -0.410403760175 4.94070602879 3.10280308215 0 0.466
729 6.27671003342 103.35806 104.51276 -0.60050128 98.8060916539 107.045327121 -0.5716241871 5.20906057233 1.6545355478 0 0.36
732 6.30471587181 103.30537 104.5712 -0.75278089 100.406899031 106.515900769 -0.639745393198 3.49041473741 6.4764569019 0 0.304
735 6.52182197571 103.24477 104.73622 -0.88717849 99.6459075006 106.870001805 -0.781812062263 4.18387811475 6.03705161171 0 0.304
738 6.51000595093 103.11543 104.83266 -1.0218313 100.490768033 106.241340613 -0.928235158806 2.97879699089 5.3626638691 0 0.296
741 6.61511301994 103.3336 104.43355 -1.1359167 99.6838412804 106.419236861 -1.07271714815 4.15495980979 3.62106758814 0 0.258
744 6.19821596146 104.18264 102.5184 -1.1499809 101.237673833 104.5789308 -1.09203144476 3.59424719488 3.32025921033 0 0.398
747 6.19517493248 105.02068 100.61649 -1.1544373 103.328874094 102.612939109 -1.04433263586 2.61687146605 6.30853256011 0 0.38
750 6.23408007622 105.97315 98.645528 -1.1675657 104.086728957 101.598656588 -1.0346812248 3.50421928646 7.61371959153 0 0.47
753 6.17708778381 106.66644 96.709247 -1.154133 104.766675956 99.3648623747 -1.09988223242 3.26517938876 3.10834001782 0 0.452
756 6.21765780449 107.65453 94.805864 -1.1707179 105.04856773 97.5464057361 -1.11107500148 3.7817467337 3.41728636321 0 0.466
759 6.37225604057 108.36584 92.821603 -1.1639211 105.687363364 95.2807648358 -1.10543546084 3.63616749159 3.35098028601 0 0.418
762 6.23822402954 109.18739 90.932737 -1.1605274 106.779679119 93.130284524 -1.10537519025 3.25979858361 3.15998884953 0 0.408
765 6.33891797066 110.00551 88.971931 -1.1631703 108.109878854 90.5707870739 -1.13326457766 2.47987059848 1.71347167325 0 0.536
768 6.34637999535 110.83946 87.051439 -1.1600004 109.135245031 88.5611533111 -1.11895732146 2.27674898988 2.35159517854 0 0.576
771 7.65566682816 111.68317 85.129972 -1.1502451 110.444090621 86.4596790054 -1.09944935001 1.81753636214 2.91038209137 0 0.58
774 6.2916200161 112.49307 83.177328 -1.1488654 111.158352522 86.4374487361 -1.08835050216 3.52276283062 3.46724824414 0 0.562
777 6.26144504547 113.40329 81.226755 -1.149046 111.498002232 83.575563489 -1.11031566749 3.02440453617 2.21908459212 0 0.55
780 6.19400620461 114.20236 79.347389 -1.1522317 112.204557344 82.329386154 -1.13670186964 3.58936240577 0.889793735989 0 0.412
783 6.273884058 115.10134 77.33273 -1.146946 113.670448111 80.3581114115 -1.13156724843 3.34669751895 0.881137559151 0 0.394
786 7.80049610138 115.87569 75.433999 -1.1405871 113.520509499 78.3878813708 -1.14530162199 3.77786927439 -0.270122212349 0 0.358
789 7.05396103859 116.74641 73.521868 -1.1514597 114.470968595 76.2256594992 -1.12326414155 3.53385371233 1.61548650019 0 0.448
792 6.34058213234 117.66191 71.592443 -1.1472421 115.607634906 74.6761729157 -1.11855833773 3.70532540496 1.64345851854 0 0.336
795 6.54081392288 118.47567 69.543126 -1.1411103 116.636018262 71.4936736539 -1.12302986913 2.68122260703 1.03593238044 0 0.504
798 6.40172386169 119.32773 67.660396 -1.1493947 117.400724982 71.015367152 -1.11627552058 3.86900242574 1.89758920156 0 0.424
801 6.36946415901 120.23613 65.736718 -1.1477983 118.675737395 67.8834027025 -1.10795026538 2.65388023346 2.2831242055 0 0.406
804 6.36346316338 121.05504 63.851108 -1.1435448 119.494833397 65.8308396847 -1.09957697894 2.52063130725 2.51917058126 0 0.582
807 6.37028598785 121.9387 61.889647 -1.1416966 120.088757861 64.2137536276 -1.12925416956 2.97048102756 0.712898751353 0 0.592
810 6.33696103096 122.75206 59.947854 -1.134592 121.275005331 62.9620671937 -1.11047319031 3.35666079215 1.38190600202 0 0.576
813 6.3236041069 123.61313 58.017737 -1.1345099 122.377477623 61.1659154331 -1.09662132399 3.38199116567 2.1708554971 0 0.52
816 6.30174899101 124.50226 56.14403 -1.1250591 123.166753917 58.8987514289 -1.10633988868 3.06138312682 1.07253180431 0 0.532
819 6.34538507462 125.37031 54.195354 -1.1346431 123.772865737 57.8765958937 -1.1302373381 4.01290045388 0.252431562661 0 0.486
822 6.25294399261 126.19009 52.293812 -1.120627 125.004592233 55.9182713281 -1.12360436653 3.81341190742 -0.17059053607 0 0.48
825 6.21971797943 127.09539 50.434417 -1.1252352 125.698914676 54.2213881924 -1.11854989216 4.0362475323 0.383039924161 0 0.576
828 6.18103003502 127.94916 48.435924 -1.125081 126.741763449 51.21713619 -1.10467305801 3.0319874137 1.16928894441 0 0.6
831 6.84918498993 128.83417 46.49897 -1.1135569 127.258861116 49.8938689707 -1.11976078826 3.74258428132 -0.355456613655 0 0.59
834 6.49223399162 129.69028 44.561049 -1.1141866 128.245691966 47.5384157658 -1.14572608238 3.30931223139 -1.80707922835 0 0.554
837 6.23779916763 130.6504 42.689185 -1.1179531 128.769500084 45.9207255227 -1.14047756066 3.73906922167 -1.29055653145 0 0.494
840 6.23978805542 131.56218 40.752166 -1.1133477 130.377682293 43.0532806231 -1.12080688038 2.58808101222 -0.427379554125 0 0.406
843 6.27098917961 131.80181 39.159633 -1.0655485 130.850266719 42.773203702 -1.06990213878 3.736753649 -0.249445127411 0 0.414
846 6.29439997673 89.526265 39.287264 -0.26055386 132.256712433 40.9392865154 -1.08139200974 42.7623703301 -47.0305616435 0 0.496
849 6.94659781456 49.129117 22.860079 0.57174269 133.584939607 40.296606579 -1.08777659408 86.2369901275 -95.0834509986 0 0.302
852 6.68907594681 45.693587 19.436118 1.0035584 134.16913818 39.145285312 -0.999839676732 90.6442189702 -114.786254481 0 0.078
855 6.52303195 46.841947 21.209275 1.0214136 133.172759005 39.3644269159 -1.01598829984 88.2191512229 -116.734530033 0 0.018
858 7.34056997299 48.00008 22.972907 1.0079248 64.9226601475 105.632812553 -2.18497311383 84.3743663968 177.060425122 0 0.014
861 6.94048190117 49.170996 24.731115 1.014741 62.7016566179 107.205340657 -2.34391060106 83.5767711416 167.563438404 0 0.018
864 7.50717186928 50.349541 26.532036 1.0144485 65.0576573569 105.509979498 2.62926486978 80.3358216858 92.5221626768 0 0.012
867 6.42343902588 51.518278 28.351001 1.0069992 63.0336748726 103.310345583 -0.920139731373 75.8386953041 -110.416927303 0 0.016
870 7.16631007195 52.642563 30.101924 1.0170679 56.7976509726 103.078033913 -2.67369313059 73.0943046622 148.534969756 0 0.038
873 7.73304605484 53.80357 31.912095 1.0183648 56.5639554884 100.635118485 -2.69174651411 68.7784390997 147.426280177 0 0.028
876 6.82508707047 54.946688 33.671099 1.0064723 50.8029985677 101.215238244 -0.175233592185 67.6711231495 -67.7067602479 0 0.024
879 7.04748296738 56.161659 35.476636 1.0152563 36.5897369756 103.726015678 1.83177038693 71.0002673104 46.782811094 0 0.024
882 7.22256994247 57.333476 37.252395 1.017552 19.5238426872 74.9503081838 -2.71856849922 53.3919566008 145.936063642 0 0.012
885 6.81212997437 58.434052 39.044555 1.0099164 102.28420728 63.287424444 -3.03115067139 50.1054172419 128.46391208 0 0.008
888 6.54517388344 59.558673 40.733157 1.0155176 104.215010354 11.7221183067 -2.15359008567 53.2525007107 178.423504789 0 0.006
891 6.5299642086 60.829575 42.673596 1.0256616 59.5696227645 43.0773922722 1.34619541229 1.32307636402 18.3652346353 0 0.012
894 6.39520287514 61.938983 44.298725 1.0235902 101.421335974 129.301303856 -0.511543516682 93.7245677962 -87.9566829541 0 0.008
897 6.33696293831 63.08776 46.123861 1.0214801 132.046506843 46.4253881919 -0.681814180605 68.9594060651 -97.5915735474 0 0.012
900 6.22235989571 64.233274 47.872937 1.026201 62.102792863 48.0244695252 1.01654465976 2.13586328713 -0.553267541512 0 0.014
903 6.36406302452 65.367062 49.701179 1.0288308 60.8450515402 51.7203587364 1.99573654336 4.95233938725 55.3996182817 0 0.014
906 6.75844287872 66.47055 51.411163 1.0247772 63.6468896092 52.13599507 1.04437061843 2.91520831709 1.12262018221 0 0.032
909 6.56599092484 67.601685 53.206336 1.0345375 64.9552308886 54.2107707024 0.986178498804 2.83065512471 -2.77076666999 0 0.048
912 6.77750992775 68.713633 54.989386 1.0321621 66.2785758384 55.1451574113 0.981131977809 2.44003444914 -2.92381062957 0 0.084
915 7.17349910736 69.889939 56.860516 1.0335194 67.9237946734 57.5371662152 1.07142323333 2.07932177088 2.17172967702 0 0.028
918 7.13407516479 70.97178 58.665246 1.0279054 67.9789713349 60.0972715132 0.998419221757 3.31777045264 -1.68943356732 0 0.09
921 6.98839688301 72.083269 60.388926 1.0348295 69.5024929666 61.8201893002 1.01819054511 2.95108786196 -0.953341890709 0 0.09
924 6.58146882057 73.21006 62.180545 1.0389104 70.0094493487 63.7017317167 1.02904057654 3.54371522108 -0.565499228775 0 0.14
927 7.22635388374 74.211219 63.966291 1.0279221 71.4310617622 65.5469280539 1.0446031557 3.19807563439 0.955754089539 0 0.232
930 6.50015997887 75.394113 65.876292 1.0355825 72.9166221248 66.7628477559 1.0140142471 2.63133847022 -1.23576986238 0 0.252
933 6.64144206047 76.475569 67.55587 1.0353462 74.0009382539 68.8686118894 1.00226464525 2.80126553501 -1.89543346711 0 0.246
936 6.58518791199 77.652303 69.425792 1.0395167 74.7243821275 70.3810398628 1.01163845687 3.07980829195 -1.59730567179 0 0.342
939 6.59587883949 78.72098 71.209083 1.0347632 76.4586796369 72.3828045426 0.987711834867 2.54865164201 -2.69584464245 0 0.42
942 6.44047093391 79.923618 73.070281 1.0406815 77.6602310703 74.0475347903 1.01239898564 2.46534893354 -1.62046870678 0 0.442
945 7.25379014015 80.886825 74.813727 1.0240856 78.3983034497 76.3677557215 1.00268210827 2.93389583545 -1.22632974284 0 0.528
948 6.35957598686 82.003807 76.66259 1.0354781 80.2040214312 78.3999630894 1.01000946139 2.50153819591 -1.45924550258 0 0.496
951 7.10025310516 83.149971 78.458347 1.0359732 81.2863392949 79.6327556762 0.970230533625 2.20280704347 -3.76677731724 0 0.558
954 6.76556611061 84.209192 80.07724 1.046865 82.6017790263 80.3359048365 0.998976240688 1.62809212445 -2.74382379468 0 0.53
957 6.34629893303 84.421821 80.346791 1.1291589 81.6592532687 81.1631320563 1.10595361156 2.88065846467 -1.32956508994 0 0.564
960 6.2794752121 84.549549 80.462185 1.2384433 81.8735455681 80.7028683045 1.19272910677 2.68680531866 -2.61923033612 0 0.51
963 6.27198600769 84.477315 80.645515 1.377415 81.9107467384 81.5672263743 1.30314922869 2.7270541797 -4.2551152581 0 0.418
966 6.24055981636 84.491575 80.745704 1.5042297 81.7167449594 80.1368184869 1.48586356611 2.84084904957 -1.05230195798 0 0.476
969 6.29538607597 84.58151 81.604236 1.6242617 81.2253880058 81.414990426 1.5962581082 3.36145336535 -1.60448762138 0 0.474
972 6.74620604515 84.52138 83.606555 1.6450761 81.4271641304 82.3207502539 1.64491771679 3.35074106621 -0.00907468975211 0 0.53
975 6.96164512634 84.450105 85.633891 1.6510189 81.1487612879 86.8226349709 1.59248708177 3.50884347524 -3.35362615202 0 0.538
978 6.71405410767 84.288283 87.799076 1.6553182 80.8192160294 87.9319561881 1.59136341442 3.47161097921 -3.66433929314 0 0.534
981 6.31189608574 84.219899 89.940013 1.6574582 81.81401126 90.3331883566 1.6288987047 2.43780283828 -1.63633854595 0 0.544
984 6.34216284752 84.085061 91.960688 1.6559816 80.8977503308 92.9681234414 1.61990124777 3.34273472926 -2.06725190618 0 0.524
987 6.31740689278 83.972707 94.061302 1.6546883 80.4344635511 94.8673638574 1.68099236389 3.62889823795 1.5071118451 0 0.476
990 6.34577584267 83.850194 96.236204 1.650278 79.8794116597 96.2218723594 1.66244530882 3.97080820361 0.697135443317 0 0.326
993 6.46220207214 83.742141 98.372522 1.653672 80.2454569182 98.7713678 1.65844439527 3.51935754646 0.273438106895 0 0.43
996 6.34982299805 83.558608 100.37046 1.6603574 79.877466896 100.619334735 1.64909854882 3.68954447885 -0.645084654947 0 0.534
999 6.24001312256 83.448658 102.54165 1.6520527 80.0777157946 102.614817287 1.6561791943 3.37173617058 0.236430707304 0 0.404
1002 6.65973687172 83.308795 104.69204 1.6576029 79.638269239 104.806662262 1.65521196586 3.6723150226 -0.136990435073 0 0.496
1005 6.20518279076 83.194681 106.76107 1.661421 78.8361803147 107.857270143 1.67063960728 4.4942388651 0.528187290226 0 0.5
1008 6.51417994499 83.066158 108.84686 1.6653468 78.5483755545 109.368257747 1.67643850384 4.54777020485 0.6355078179 0 0.492
1011 7.185557127 82.920912 111.09751 1.6564676 78.331736358 111.796142806 1.66516349156 4.64204921031 0.498237885649 0 0.616
1014 6.95334815979 82.798446 113.12029 1.6519674 77.9434951122 113.947561975 1.64347348076 4.92492914097 -0.486665723961 0 0.6
1017 6.87993788719 82.725101 115.25424 1.6521864 78.4681748278 116.272531961 1.65377720145 4.37702398356 0.0911462094043 0 0.602
1020 6.45460486412 82.605874 115.888 1.7134215 78.9135427347 116.909192667 1.71002669231 3.83094565825 -0.194508153178 0 0.616
1023 6.33391499519 82.650086 115.98425 1.8265292 78.383284051 116.983265181 1.80737804357 4.38219467881 -1.09728043649 0 0.534
1026 6.30380511284 82.697137 116.16336 1.9516157 78.4485403131 117.190885413 1.96484000393 4.37108479463 0.757696802128 0 0.496
1029 6.21236085892 82.611261 116.28116 2.0730733 78.4351215467 116.694331233 2.08380067788 4.19652847023 0.614633478043 0 0.556
1032 6.26388096809 82.517518 116.45008 2.1971216 78.6761820411 117.042319735 2.21166453727 3.88672225058 0.833248927072 0 0.506
1035 6.28919100761 82.418538 116.4581 2.3123831 78.2617261242 116.225524448 2.34722290694 4.16331314682 1.99617389656 0 0.496
1038 6.28287005424 82.414024 116.83182 2.4679277 78.7070157608 115.820529467 2.53015086169 3.84247558575 3.56512455257 0 0.436
1041 6.39363694191 82.282962 116.94587 2.5874118 79.0283098177 117.124879966 2.6288262552 3.25957135152 2.37287349394 0 0.328
1044 6.37982296944 82.208722 116.96752 2.707272 79.0697990697 115.08050447 2.77435555059 3.6624670336 3.84360432384 0 0.33
1047 6.36554384232 82.043289 117.20312 2.8493508 78.5079332351 117.176240908 2.87675216583 3.53545794351 1.56998261493 0 0.354
1050 6.36657190323 81.832352 117.28824 2.9891727 78.2435942847 116.826410213 2.99570660203 3.61835165388 0.374365009911 0 0.338
1053 6.38805294037 81.142386 117.29523 3.0875315 77.7860659483 116.320158676 3.07361052502 3.49508918 -0.797613113032 0 0.322
1056 6.46043395996 79.131234 117.37152 3.1037602 75.1035617886 116.627559262 -3.13212731943 4.09580529603 2.70996361843 0 0.454
1059 6.41420006752 77.094643 117.50841 3.1079346 74.5471190432 116.258566885 -3.11985096462 2.83760217838 3.17417143477 0 0.43
1062 6.48513889313 74.899205 117.59033 3.115912 71.8320112286 116.730127924 -3.13533607814 3.18553374528 1.82986843307 0 0.516
1065 6.41270685196 72.824078 117.69503 3.116944 69.428340461 117.010042017 -3.10445610925 3.46413654041 3.5400310776 0 0.57
1068 6.48124694824 70.711208 117.83017 3.1174699 67.6877529283 116.809971318 -3.13474121255 3.19093809423 1.7746906262 0 0.554
1071 6.37119698524 68.550781 117.88294 3.1169773 65.781420019 117.192038229 3.13671944165 2.85424341998 1.13114139503 0 0.552
1074 6.35946416855 66.454241 117.99143 3.11617 63.6211995649 117.23980413 -3.12125969146 2.93105189671 2.62160366978 0 0.608
1077 6.30404305458 64.352032 118.06903 3.1139299 60.9744381367 117.02358528 3.14098731113 3.53568875429 1.55027546253 0 0.508
1080 6.33223390579 62.204954 118.16997 3.1178991 59.6618745104 116.964006019 3.12470083821 2.81453413792 0.389710892826 0 0.622
1083 6.42667388916 60.134729 118.2293 3.1166836 56.9913561612 117.291204991 3.12208414165 3.28036812702 0.309428243549 0 0.688
1086 6.38910603523 58.034017 118.36643 3.1239361 55.0292611354 117.346933546 3.13653274062 3.1730002877 0.721734343566 0 0.656
1089 6.46188497543 55.858025 118.47896 3.1251128 52.5722993696 117.736358999 -3.13523716922 3.36859750719 1.30836848874 0 0.614
1092 6.42778396606 53.766425 118.55 3.1243401 50.6614848768 117.098271662 -3.12398482841 3.42756011392 1.99735257576 0 0.612
1095 6.51409816742 51.628528 118.603 3.1187628 48.4069885452 116.834323203 -3.13509580504 3.67512368122 1.68029625982 0 0.68
1098 6.36743116379 49.494235 118.64783 3.1200968 47.3385510634 116.119136181 3.12964999631 3.32284000009 0.547357829691 0 0.576
1101 6.45667910576 47.379245 118.80828 3.1260538 44.8469960429 117.507061066 3.13783402844 2.84700816541 0.674957371258 0 0.588
1104 6.31472992897 45.313934 118.87713 3.1250737 42.7100655993 117.182533288 -3.13543189374 3.10673279579 1.2994518607 0 0.48
1107 6.33881688118 43.229975 118.9845 3.131291 41.8721400907 117.334477565 -3.13831663585 2.13688784808 0.777943262786 0 0.416
1110 6.36492180824 41.038059 119.03542 3.1300111 38.8569596858 116.818224683 -3.13564849147 3.11016869206 1.00414954291 0 0.496
1113 6.26048994064 38.877743 119.09254 3.1262084 36.1657302799 118.279418456 3.12277869491 2.83128586333 -0.196507626847 0 0.476
1116 6.23422598839 36.866989 119.17866 3.1252668 33.9476764006 118.896288855 3.06117313787 2.93293701202 -3.67229633354 0 0.486
1119 6.23775410652 34.67231 119.25843 3.1314701 32.1090851065 118.749930993 3.07807965592 2.61317682039 -3.05904711212 0 0.52
1122 6.33036899567 32.567479 119.34722 3.1353596 31.2651353587 118.690608891 3.05241798525 1.45850509401 -4.75220447095 0 0.376
1125 6.47944498062 30.502201 119.36971 3.1349527 26.8687288171 117.713973272 3.12342881803 3.99294179992 -0.660269800239 0 0.322
1128 6.38608694077 29.15421 119.31018 -3.13185 26.3800130456 117.398715066 -3.12553144581 3.36895635712 0.36202648751 0 0.358
1131 6.42606186867 28.938717 119.39146 -3.028318 26.460050499 118.116224319 -3.01808312682 2.78747442408 0.586415036813 0 0.306
1134 6.4205930233 28.80706 119.32785 -2.9089456 26.4805778916 117.225984409 -2.9123646956 3.13534016691 -0.195899747422 0 0.32
1137 6.38859891891 28.607415 119.34948 -2.7753086 26.5186754782 116.373155864 -2.76398256537 3.63611580571 0.648933982644 0 0.278
1140 6.38926506042 28.309413 119.3977 -2.6319404 25.8165732295 117.17659965 -2.61766458461 3.3387927285 0.817943971152 0 0.274
1143 6.33321595192 28.176965 119.31562 -2.5155106 25.9797993427 117.790952555 -2.50986466415 2.67434996677 0.323488295612 0 0.248
1146 6.26536798477 28.13257 119.1422 -2.3876282 25.266828369 117.714953928 -2.37737807471 3.20148503766 0.587288918429 0 0.236
1149 6.20827198029 28.071656 119.10664 -2.2643471 26.6156011351 117.990558457 -2.27093652928 1.83459362787 -0.377546487371 0 0.158
1152 6.22782516479 27.847582 119.05477 -2.1225081 25.4333716702 118.170282645 -2.1478875015 2.57113387378 -1.45413259223 0 0.18
1155 6.28879189491 27.651134 118.95518 -2.0012288 25.012360229 117.902574442 -2.00227041101 2.84096910861 -0.0596799148318 0 0.124
1158 6.29266285896 27.585975 118.8068 -1.8653126 25.3247337159 118.086830527 -1.8997877635 2.37309253644 -1.97528136656 0 0.124
1161 6.35764193535 27.545652 118.66047 -1.7395281 25.9201602173 118.49818413 -1.77847824452 1.63357284474 -2.23167889244 0 0.07
1164 6.52698683739 27.426878 118.54472 -1.6078392 25.2123895789 117.32056161 -1.59566807764 2.53032067769 0.697353943198 0 0.09
1167 6.44112205505 27.408113 118.27266 -1.4907581 26.1951727849 117.351334236 -1.46236857059 1.52317600074 1.62660021732 0 0.066
1170 6.47523999214 27.619078 117.43976 -1.368489 26.0328123615 116.329790148 -1.36839176562 1.93604538899 0.0055711196962 0 0.092
1173 6.57178092003 28.00462 115.50954 -1.3464267 27.9617261354 115.98834254 -1.24655554133 0.480720039049 5.72219588689 0 0.062
1176 6.35763478279 28.352772 113.43776 -1.3439724 26.1302131494 113.506465174 -1.33734003088 2.2236205264 0.38000675856 0 0.066
1179 6.45438981056 28.777386 111.37552 -1.3470791 26.9034964319 111.401693046 -1.39565874821 1.87407234171 -2.78340881244 0 0.116
1182 6.54987192154 29.292879 109.18718 -1.3487141 26.7238659147 109.401531649 -1.39256630226 2.57794004236 -2.51254611203 0 0.066
1185 6.40198397636 29.664866 107.14961 -1.3582731 26.5225088414 107.456392846 -1.39006011132 3.15729698109 -1.82126159181 0 0.156
1188 6.33601808548 30.155372 105.1583 -1.3627181 26.8960265668 105.96705606 -1.42045776038 3.35818686465 -3.30823885001 0 0.19
1191 6.33917284012 30.584999 103.08809 -1.3538609 27.5841890172 103.319499401 -1.39187756985 3.00971939953 -2.17819473362 0 0.266
1194 6.32772493362 30.932942 101.04272 -1.3388863 27.921375494 101.068643752 -1.35421156404 3.01167808055 -0.878072949186 0 0.266
1197 6.21246886253 31.46397 98.886394 -1.3633561 28.8673721909 99.0179665022 -1.37730563951 2.59992913472 -0.799249740349 0 0.37
1200 6.18822693825 31.761459 96.890841 -1.3338862 29.0712135767 97.3721845045 -1.37160746884 2.73296761906 -2.16126950265 0 0.296
1203 6.16690206528 32.148779 94.808879 -1.340085 30.7850829248 94.6137991257 -1.32436283952 1.37757872471 0.900813440167 0 0.282
1206 6.37145495415 32.63242 92.742465 -1.3409888 30.7202252356 92.1534063269 -1.33460352431 2.00086954536 0.365849348327 0 0.318
1209 6.30379605293 33.223163 90.635151 -1.3443959 31.6095296308 91.0585576151 -1.30818357554 1.6682583169 2.07481335768 0 0.29
1212 6.29707598686 33.480467 88.544154 -1.3400822 31.8792105192 88.7672722715 -1.34043153299 1.61672634677 -0.0200153058819 0 0.324
1215 6.4620950222 33.996344 86.523674 -1.3537744 32.1519518777 86.3692478063 -1.32945745339 1.85084568509 1.39325841124 0 0.466
1218 6.46153306961 34.391099 84.502242 -1.3500462 32.889342226 84.7266558385 -1.3435240675 1.51843174994 0.373690665447 0 0.506
1221 6.4283862114 34.871654 82.311763 -1.3462417 33.0863714824 83.4130357015 -1.34171272288 2.09762609407 0.25949127435 0 0.512
1224 6.45078706741 35.319079 80.358924 -1.358939 34.299094533 80.4042696544 -1.33256886091 1.0209919399 1.51089767499 0 0.618
1227 6.51050209999 35.776446 78.250756 -1.3606991 34.395556595 78.0389511075 -1.34084729481 1.39703860413 1.13742465338 0 0.61
1230 6.39175200462 36.167733 76.160289 -1.3496683 34.6826615943 76.8468271477 -1.34638276409 1.63608426077 0.188247340847 0 0.486
1233 6.53805708885 36.593873 74.026216 -1.3452321 35.2861157959 74.8602022744 -1.34933246677 1.55105190459 -0.234933710142 0 0.628
1236 6.37377285957 37.096668 72.068535 -1.358637 35.3170387518 72.2171934545 -1.37987035911 1.78582742651 -1.21658186182 0 0.634
1239 6.35805106163 37.456761 70.030489 -1.3570922 35.3795493265 69.9845911486 -1.38472312426 2.07771868872 -1.58313534397 0 0.63
1242 6.23419809341 37.942935 67.912468 -1.3598503 35.9731578161 67.6568724804 -1.3787405111 1.98629082055 -1.08232937004 0 0.646
1245 6.19372582436 38.381728 65.750541 -1.3597279 37.3949199929 65.4564600724 -1.35654878646 1.02969589433 0.182149788705 0 0.634
1248 6.28002381325 38.78715 63.709446 -1.3638712 37.5362444769 63.4433033046 -1.36000472215 1.27890443818 0.221532862269 0 0.668
1251 6.32542896271 39.284372 61.704874 -1.358189 38.0272077179 61.5354739681 -1.3630253073 1.26852607503 -0.277099996525 0 0.652
1254 6.31901216507 39.616785 59.610797 -1.3616912 38.1508758312 59.3706045465 -1.35637249413 1.48545686774 0.304739398894 0 0.702
1257 6.52054095268 40.0981 57.483375 -1.3627524 39.1040604624 58.0508079468 -1.3445802312 1.14459370584 1.0411885766 0 0.658
1260 6.37403297424 40.478176 55.366289 -1.371191 39.8341961632 56.0644129318 -1.33074506043 0.949782635293 2.31738163587 0 0.498
1263 6.32159209251 40.927924 53.368372 -1.3697355 40.3571955559 53.9188035119 -1.33678933458 0.792909708707 1.88767622947 0 0.668
1266 6.31973695755 41.311773 51.24524 -1.3687118 40.7039137693 51.7297782893 -1.31513890365 0.777348183368 3.06950085727 0 0.664
1269 6.30288410187 41.752813 49.127024 -1.3690442 41.0431822761 50.2597234252 -1.3478351512 1.33663149459 1.21518898362 0 0.668
1272 6.32693099976 42.124468 46.999249 -1.3746445 41.2164280905 48.1025762586 -1.34452759843 1.42893929785 1.72557135185 0 0.644
1275 6.3726170063 42.489069 45.000812 -1.3756167 41.9958199385 46.2482911458 -1.36836146679 1.34145400814 0.41569424222 0 0.614
1278 6.36763286591 42.919623 42.847052 -1.3693623 41.6065968642 43.695733371 -1.38123664032 1.56342499113 -0.680349584935 0 0.566
1281 6.26950907707 43.26925 40.76156 -1.3849404 42.8454353525 41.8887283675 -1.34325177625 1.20421235006 2.38858219472 0 0.55
1284 6.21183395386 43.723057 38.666685 -1.382086 43.921888514 39.1159052039 -1.34961075945 0.491256310415 1.86069422227 0 0.542
1287 6.17771697044 44.069109 36.638541 -1.3748634 44.402541602 36.6900135681 -1.32169772007 0.337382165149 3.04616907471 0 0.538
1290 6.19446992874 44.48264 34.512889 -1.372972 43.5934534167 35.8181409784 -1.35456396151 1.57934654428 1.05470291476 0 0.596
1293 6.23347115517 44.660959 33.544964 -1.3339999 44.5238341713 33.729152562 -1.31533416938 0.229627186996 1.0694675858 0 0.57
1296 6.38917684555 44.654294 33.324157 -1.2074321 44.8906544267 34.2422423581 -1.20923215153 0.94802266644 -0.103135355295 0 0.568
1299 6.53290891647 44.699557 33.107025 -1.0711259 44.1003284754 33.5996668124 -1.06236134102 0.775738860729 0.502172239007 0 0.564
1302 6.27955508232 44.829945 32.953901 -0.95914547 44.4168767989 33.8973664196 -1.05123559964 1.0299283163 -5.27637576307 0 0.494
1305 6.48202800751 44.914184 32.826307 -0.82117543 44.2397412905 33.1993685643 -0.959711312268 0.770745028653 -7.93752136509 0 0.462
1308 6.3902900219 44.932468 32.690373 -0.70238554 44.5412745632 34.0713354371 -0.740441574257 1.43530120802 -2.18045014796 0 0.436
1311 6.36103796959 45.019913 32.619075 -0.56167342 43.6205292174 32.3258893558 -0.733386552111 1.42976669175 -9.83843775691 0 0.416
1314 6.24830293655 45.164806 32.47066 -0.44585332 43.9681287046 32.9429916286 -0.640652392748 1.28652000247 -11.1611647215 0 0.394
1317 6.32251381874 45.307079 32.373178 -0.30795343 43.3154347029 33.1461826485 -0.60953061256 2.13639490564 -17.2790997582 0 0.398
1320 6.46559596062 45.468859 32.25314 -0.19105128 43.0823923342 32.8880360586 -0.392760774901 2.46947689851 -11.5571027456 0 0.346
1323 6.40762591362 46.833289 32.057508 -0.10389315 44.6718608428 32.8228797364 -0.250038645179 2.29293819666 -8.37352006863 0 0.33
1326 6.3194899559 48.863767 31.868312 -0.084237935 47.8559998022 32.9257503087 -0.18451491265 1.46074313335 -5.74544760168 0 0.3
1329 6.35561013222 51.033972 31.691587 -0.08198003 48.5250447055 29.0198945802 -0.62122950073 3.66505887469 -30.8967187775 0 0.254
1332 6.43458509445 53.111195 31.42619 -0.084122232 51.2270228679 33.3794041643 0.00584669815649 2.71388102077 5.15483998527 0 0.236
1335 6.31277608871 55.206155 31.249451 -0.082409142 54.0653956336 33.1966931736 -0.0503157353756 2.25678621379 1.83881674978 0 0.27
1338 6.59348082542 57.287235 31.07162 -0.080297126 56.3004785552 33.013912704 -0.0499026236536 2.17857504558 1.74147670485 0 0.344
1341 6.44106197357 59.516372 30.847745 -0.092608556 58.3847276165 33.1221128707 -0.00610353897658 2.5403480513 4.95637238215 0 0.428
1344 6.31413793564 61.567611 30.670937 -0.091677002 60.1782718304 32.9747512118 -0.0179250409989 2.69032028777 4.22567609618 0 0.498
1347 6.35524392128 63.68279 30.502969 -0.089332225 63.0814568101 32.8631169334 -0.0966662238336 2.43554919322 -0.420207180119 0 0.438
1350 6.4450480938 65.773678 30.270465 -0.081918863 65.3135658311 31.7404397898 -0.0762860768034 1.54030162328 0.322734875967 0 0.47
1353 6.30683302879 67.870787 30.052005 -0.080757136 68.4506529315 31.5013154384 -0.0786670104953 1.56100776593 0.11975537007 0 0.456
1356 6.44872999191 69.978421 29.855203 -0.080851998 69.2263098702 31.981951657 -0.0909953228585 2.25582158015 -0.581169704625 0 0.566
1359 6.32805895805 72.04312 29.748383 -0.089661546 70.8693886016 30.7938342489 -0.152014336813 1.57181859941 -3.57255175442 0 0.454
1362 6.36220407486 74.192216 29.503442 -0.097083695 72.3292493292 30.8357060335 -0.100280777488 2.29032143411 -0.183179333304 0 0.54
1365 6.34702301025 76.337484 29.313327 -0.092202589 75.1589198118 30.2261856209 -0.111127585691 1.49074625859 -1.0843224377 0 0.558
1368 6.47974300385 78.469083 29.072242 -0.088851811 77.9205689956 30.4044686835 -0.120364524928 1.44072743747 -1.80554550909 0 0.582
1371 6.39813709259 80.508884 28.860474 -0.08148585 78.825560321 30.1528924697 -0.0807420218997 2.12224506339 0.0426182108311 0 0.558
1374 6.40017700195 82.648681 28.706332 -0.092016755 81.4029428546 30.5437768411 -0.0679238845471 2.21992501468 1.38041979331 0 0.62
1377 6.41827702522 84.803463 28.469695 -0.089914919 83.6786002347 30.3438571793 -0.0607966187693 2.18581795098 1.66835570982 0 0.662
1380 6.37962794304 86.909059 28.274418 -0.095059786 84.9210948657 30.336434929 -0.0821510538766 2.86424775721 0.739615869537 0 0.61
1383 6.30644607544 88.999768 28.069648 -0.093100738 87.2431561313 30.4472235831 -0.061169731427 2.95610400871 1.82951191224 0 0.688
1386 6.35864901543 91.148907 27.8824 -0.087682683 89.7323175494 30.1470891586 -0.0662969779079 2.67124365358 1.22531064369 0 0.698
1389 6.32621598244 93.191686 27.680334 -0.085944106 91.2202965972 30.4566579596 -0.0593356258791 3.40504785664 1.52455361018 0 0.602
1392 6.25672292709 94.597595 27.536443 -0.026113958 93.385993654 30.1204777084 -0.0545732420948 2.8539819894 -1.6305968666 0 0.692
1395 6.41408610344 66.734672 23.138609 0.64678418 94.6318671703 30.4448624467 -0.040535002068 28.8380796482 -39.3804883109 0 0.574
1398 6.29248905182 41.954155 8.6979942 1.5862633 98.0197755761 31.6068253049 0.0153485848047 60.5654055809 -90.0067831557 0 0.612
1401 6.21651005745 40.498777 7.6026468 1.6671323 100.41654017 31.2840899005 0.0271596444998 64.4278595847 -93.963511677 0 0.398
1404 6.18624186516 40.36551 9.5759073 1.6613912 100.769419904 31.3727421772 0.00304869234301 64.2163090063 -95.0160266759 0 0.516
1407 6.38308501244 40.15753 11.693798 1.6450717 102.431229094 30.484051885 -0.0247757847721 65.0468080686 -95.675213308 0 0.418
1410 6.375841856 40.017928 13.779826 1.6578436 103.285963252 30.7514698794 -0.0221438787163 65.5048164687 -96.2561921653 0 0.308
1413 6.34866094589 39.937066 15.922073 1.6651068 105.666222474 32.4119599503 0.0274288099006 67.7660562702 -93.8320370342 0 0.182
1416 6.33102798462 39.75755 17.953862 1.6630734 106.339064603 31.1124295038 -0.0305201699606 67.8693302279 -97.0357637692 0 0.198
1419 6.3078019619 39.645384 20.177858 1.663423 108.966981986 30.0763612881 0.0473881017557 70.0247407327 -92.5919792153 0 0.146
1422 6.3292081356 39.526919 22.292671 1.6684735 111.311074024 32.1157198953 0.0437815511933 72.4531379728 -93.0879916755 0 0.136
1425 6.20635890961 39.303781 24.413998 1.6572417 111.596795163 32.845728504 0.00428440635563 72.7830610517 -94.7074766412 0 0.114
1428 6.36377215385 39.21094 26.55624 1.6661167 116.42336174 34.1101838913 0.0688605139661 77.5810552861 -91.5160382609 0 0.106
1431 6.38760089874 39.049874 28.673026 1.6660737 117.738704355 34.6357932458 0.162503679985 78.9144259046 -86.1482163493 0 0.102
1434 6.37319993973 38.816051 30.701859 1.6598041 120.037248196 35.3611096167 0.0968648478427 81.3547262929 -89.5498227839 0 0.14
1437 6.3633351326 38.695572 32.853799 1.6647394 123.989799082 35.6583434018 0.107494957145 85.3403224905 -89.2235342458 0 0.186
1440 6.38196110725 38.58982 35.008607 1.6723781 123.952675284 34.6574708267 0.0801261734811 85.3635774718 -91.2293153111 0 0.17
1443 6.34850597382 38.393816 37.160762 1.6689022 126.690284889 35.1496635624 0.141360289196 88.3193689694 -87.5217045184 0 0.276
1446 6.23524403572 38.314928 39.264936 1.6781402 128.615378893 36.7281538304 0.178295155977 90.3360763778 -85.9347909461 0 0.26
1449 6.23668289185 38.042909 41.445131 1.6601298 130.879778108 38.2693136049 0.181930008103 92.8911733261 -84.6946093528 0 0.152
1452 6.21718001366 37.893052 43.482766 1.6655679 135.505886468 27.6832067932 -0.0917219728288 98.8832216505 -100.685293094 0 0.086
1455 6.28486204147 37.737395 45.529248 1.6663309 138.50809426 27.4023945536 -0.100055235408 102.388068862 -101.206470549 0 0.162
1458 6.20627999306 37.667375 47.706088 1.6735516 141.11440668 26.1614415796 -0.114685302846 105.666740996 -102.458427303 0 0.13
1461 6.21866393089 37.411337 49.793915 1.6717816 142.257717793 25.7442067191 -0.138540734991 107.569289455 -103.723829353 0 0.078
1464 6.3206410408 37.208006 51.943854 1.66906 138.345160082 38.4924363341 0.133132374143 102.027763736 -88.0021705992 0 0.034
1467 6.24583315849 37.03196 53.963531 1.6741645 141.594211781 38.3808317929 0.202681836889 105.717004366 -84.3097462229 0 0.042
1470 6.20346093178 36.983983 56.143126 1.6856298 141.907242846 40.4918342618 0.131766589096 106.084180676 -89.0298039254 0 0.022
1473 6.19243884087 36.720012 58.206076 1.6746777 93.2829596022 55.9452392863 0.542719571237 56.6081127056 -64.8564233636 0 0.006
1476 6.18720316887 36.536888 60.398002 1.6787317 140.136630772 37.5776365058 -1.54925262097 106.083343573 175.050122074 0 0.02
1479 6.21063995361 36.401835 62.417273 1.6766351 18.9093647766 67.7111028076 3.05645513873 18.2759718907 79.0578647069 0 0.012
1482 6.27219581604 36.239068 64.615141 1.6886647 132.36301064 110.520821609 0.699270109071 106.522973394 -56.6881343333 0 0.008
1485 6.36538410187 35.99676 66.655908 1.678851 33.2085883215 66.2676051136 1.75031246539 2.81508089415 4.0944403648 0 0.01
1488 6.20533108711 35.830181 68.859683 1.6854848 33.0446632124 68.3080535594 1.58428692391 2.83961342174 -5.79821119554 0 0.022
1491 6.3847849369 35.575227 70.898859 1.683738 33.6615484356 71.8922411539 1.7612362018 2.15614789653 4.44031988321 0 0.02
1494 6.38400101662 35.463169 73.006353 1.6935188 32.2863184117 71.9672703607 1.63772367301 3.34246501724 -3.19682529373 0 0.036
1497 6.39515995979 35.205801 75.07321 1.6913976 30.9187919651 74.9510450521 1.74129323062 4.28874932117 2.85880905046 0 0.038
1500 6.87434387207 34.978045 77.287591 1.6912075 30.6668307602 75.9017402069 1.76770006024 4.52848215657 4.38270086595 0 0.028
1503 6.46859693527 34.814043 79.320098 1.7000185 30.092933151 78.9915332969 1.92850882701 4.7325292361 13.0915313974 0 0.064
1506 6.70425796509 34.580736 81.372215 1.6970036 31.4289195421 81.2928465388 1.75245531032 3.15281562052 3.1771489684 0 0.062
1509 6.48862099648 34.345965 83.441951 1.6955247 30.1135433384 82.9724359464 1.70607594665 4.25838437762 0.604541901452 0 0.12
1512 6.26519703865 34.142398 85.698773 1.7034669 30.1354312108 85.1924061531 1.74948449969 4.038835257 2.63661424578 0 0.114
1515 6.27343511581 33.910208 87.748137 1.7016389 31.0764904286 86.9751377267 1.73406829881 2.93725776042 1.8580676837 0 0.15
1518 6.50538110733 33.670818 89.737713 1.6967853 29.8099479984 89.1511349387 1.70004147851 3.90517489897 0.186565285964 0 0.216
1521 6.57945108414 33.472926 91.900649 1.7056804 30.1379932135 91.5869281271 1.69091641607 3.34965632212 -0.845913968058 0 0.34
1524 6.3505191803 33.217902 94.036516 1.7078464 30.429563648 93.4883199663 1.68573145237 2.84171597048 -1.26709316344 0 0.382
1527 6.50919008255 33.034075 96.178482 1.7177188 28.8369057933 95.9800144111 1.72293176525 4.2018589616 0.298680907655 0 0.402
1530 6.96623706818 32.713254 98.174723 1.7080491 28.3536586154 97.0016091692 1.72482202015 4.51467252163 0.96101753444 0 0.29
1533 6.48654699326 32.45653 100.24821 1.7068362 27.6483090483 99.2287766149 1.73990285146 4.9151025571 1.89457957138 0 0.462
1536 6.49459791183 32.217075 102.39435 1.7082962 27.815403422 102.083678665 1.71538174542 4.41262159701 0.405971848305 0 0.62
1539 6.23339509964 31.955228 104.48204 1.7110577 28.1904184836 103.353906193 1.68850371254 3.93020057775 -1.29224829245 0 0.516
1542 6.21005582809 31.741377 106.6002 1.7198575 28.0948551408 105.86678994 1.68455037768 3.71954459383 -2.0229490956 0 0.552
1545 6.33711218834 31.439656 108.68741 1.7105287 27.0850277048 107.755784522 1.66884546484 4.4531689414 -2.38827345128 0 0.68
1548 6.51560902596 31.216018 110.75498 1.7177022 27.2688037422 110.216834994 1.7006994157 3.98372946436 -0.974187780231 0 0.596
1551 6.59894704819 30.916985 112.90957 1.719675 26.6426301272 112.56923353 1.70858568027 4.2878827516 -0.635371218224 0 0.612
1554 6.50125217438 30.668641 114.94646 1.716506 27.197563212 114.406599802 1.69326370505 3.51280942317 -1.33168540674 0 0.634
1557 6.59275817871 30.419865 117.12266 1.716223 26.9002348223 116.198306429 1.69370137956 3.63898696222 -1.29039379887 0 0.522
1560 6.36083602905 30.132888 119.21343 1.725557 26.4161024094 117.002268667 1.6999506504 4.32478086937 -1.467135761 0 0.384
1563 6.46810102463 29.88258 121.34383 1.72867 26.2490009572 119.982194346 1.71336411041 3.88032837725 -0.876962875143 0 0.474
1566 6.65157604218 29.981486 120.5055 1.7055843 25.7342839733 119.588381063 1.71068588323 4.34509288743 0.292299187865 0 0.45
1569 6.40279197693 30.170653 118.4575 1.6900862 26.8771608808 118.24706295 1.70966985878 3.30020818913 1.12206099538 0 0.396
1572 6.32110095024 30.502618 115.6086 1.6745202 27.9051392426 114.806479104 1.69413535941 2.71850948636 1.12386584855 0 0.42
1575 6.50046396255 30.699806 113.48782 1.6738205 27.438853392 112.072624974 1.69392448495 3.55479800723 1.15187348885 0 0.472
1578 6.54310917854 30.8492 111.36091 1.6697397 27.7123017595 111.037809376 1.67649029321 3.15349402794 0.38678050001 0 0.438
1581 6.17547512054 30.973164 109.37107 1.6787837 27.8914294203 108.871367204 1.70921955379 3.12198509024 1.74384596786 0 0.424
1584 6.98892498016 31.204408 107.09871 1.665475 28.0371297046 107.570942544 1.69992997144 3.20228908376 1.97412444683 0 0.358
1587 6.37315893173 31.322843 104.96751 1.6587885 28.0740792951 105.436658448 1.6957766847 3.28246338543 2.11926687539 0 0.482
1590 6.79770994186 31.457099 102.91722 1.6541397 27.7121534214 102.791115246 1.67605305977 3.74706815997 1.25554302993 0 0.556
1593 6.83786988258 31.546684 101.34427 1.631357 28.2663236228 102.140246865 1.66847284203 3.37555082517 2.12658110154 0 0.482
1596 6.29058599472 31.536552 101.09899 1.5279681 28.452681866 101.990384586 1.55312944973 3.21011515548 1.44163914662 0 0.472
1599 6.39622306824 31.522716 100.84711 1.3818466 28.2386342583 101.881187386 1.42540170845 3.44303774704 2.49552389056 0 0.47
1602 6.22633695602 31.33472 100.81397 1.2437751 28.6942490853 101.958756154 1.31828339027 2.87795448017 4.26901057111 0 0.448
1605 6.70480298996 31.335612 100.76499 1.1262837 28.4160930174 102.13824491 1.20186519989 3.22636329899 4.33050095275 0 0.38
1608 6.37006092072 30.238332 99.003137 0.9296569 28.4173043364 100.791780191 1.0203449481 2.55252545824 5.19604240868 0 0.4
1611 6.18848896027 28.772289 97.32743 0.78863198 26.4858931053 98.7896302085 0.854937374558 2.71397045618 3.7990192671 0 0.36
1614 7.03074288368 27.005154 95.945316 0.6582802 24.3761092892 97.2433758429 0.709444047291 2.93203605836 2.9314725134 0 0.366
1617 6.36261200905 26.209553 95.323497 0.64585939 23.6277484872 95.9200884022 0.694116961269 2.6498369466 2.76495516325 0 0.418
1620 6.32290911674 26.225548 95.299359 0.74214735 23.7316686003 94.9256138839 0.821355156821 2.5217295398 4.53827303532 0 0.338
1623 6.8131608963 26.287241 95.304851 0.87876564 24.2505317424 94.6400809925 0.941953112836 2.14245274458 3.62037551159 0 0.318
1626 6.37410902977 26.503119 95.525486 1.0159202 23.1028207329 94.824569789 1.04880063922 3.47178798892 1.88391039562 0 0.288
1629 6.2915699482 26.584147 95.637624 1.1414331 24.4218357676 94.8547919664 1.2206517489 2.29965559565 4.53889424073 0 0.274
1632 6.48243689537 26.62792 95.717086 1.2595284 26.1109773938 95.8344228763 1.36557627527 0.530092068104 6.07609567941 0 0.176
1635 6.34765315056 26.756174 95.797181 1.3910555 23.691174568 96.1943293288 1.40505523045 3.09062264171 0.802125469002 0 0.218
1638 6.320540905 26.381693 93.77201 1.3952992 23.5343636032 94.0717167813 1.49451609852 2.86305935121 5.68470954135 0 0.258
1641 6.45875406265 26.011804 91.856332 1.39866 22.7466706761 92.3106989561 1.42434451397 3.29659596462 1.47161424948 0 0.296
1644 6.34572696686 25.609249 89.727224 1.3968171 22.9425924207 90.3766358536 1.47872648018 2.74459342479 4.69306178705 0 0.292
1647 6.39482593536 25.2462 87.568251 1.3940659 23.6560689098 86.9988083621 1.50404063624 1.68901799925 6.30108823973 0 0.398
1650 6.38223004341 24.820481 85.505592 1.4017015 23.0437166695 84.876681671 1.48060705491 1.88478637729 4.52095527647 0 0.37
1653 6.36465120316 24.493958 83.448062 1.398475 20.9310179798 84.3227211368 1.43763530997 3.66872868893 2.24372048556 0 0.326
1656 6.3695089817 24.080092 81.345956 1.3962744 21.2805153727 81.6643981617 1.48680821333 2.81762926983 5.18720540706 0 0.402
1659 6.32365918159 23.622432 79.208855 1.3888608 20.1767683957 79.1021628932 1.42259691355 3.44731502469 1.93293692364 0 0.454
1662 6.3376159668 23.236261 77.182266 1.3737053 19.9732318439 77.4993246831 1.42432383944 3.27839678538 2.90022867509 0 0.49
1665 6.77853608131 22.741503 75.111069 1.3685019 19.8400115898 75.3176440463 1.44019491398 2.90883578996 4.10770712157 0 0.502
1668 6.43004703522 22.23837 73.007777 1.3690406 19.9775278137 72.6553772637 1.46374360905 2.28814181502 5.42608272583 0 0.568
1671 7.07560110092 21.796618 70.8705 1.3677106 18.3239670125 71.6750386093 1.41977362368 3.56463003058 2.98299152558 0 0.444
1674 6.85979390144 21.306705 68.900927 1.3588762 19.9091606655 69.1369902882 1.4713366735 1.41734118792 6.44351049376 0 0.552
1677 6.42779016495 20.800373 66.796896 1.3509317 20.2008388805 67.1478548337 1.48801400536 0.694703723511 7.85423754309 0 0.534
1680 6.34313106537 20.180988 64.758154 1.3339286 19.6325541392 65.6150031539 1.45873825383 1.01733483777 7.15106640689 0 0.418
1683 6.3034529686 19.716632 62.635567 1.3210663 17.6208154973 63.2575279629 1.40345009122 2.18615695974 4.72024353731 0 0.462
1686 6.55118894577 19.127208 60.642471 1.320188 17.0381751548 60.6502502227 1.41681680765 2.08904732948 5.53642285761 0 0.488
1689 6.5330221653 18.573484 58.538556 1.3117791 17.7448036965 58.0757730125 1.45251803189 0.949146531895 8.0637468104 0 0.352
1692 6.31845903397 18.03732 56.562177 1.3046299 16.4600282188 56.6189454478 1.40696482064 1.57831302965 5.86335904951 0 0.468
1695 6.33898210526 17.470308 54.449011 1.30616 16.6371534307 54.3769651917 1.4251682646 0.836263794964 6.81867128867 0 0.564
1698 6.32866311073 16.865167 52.414515 1.2995721 15.8263961829 52.3901535885 1.41713158274 1.03905644156 6.73566220259 0 0.44
1701 6.29334807396 16.322269 50.452679 1.2871313 15.4231479589 50.754551033 1.41889619284 0.948443657148 7.54957224794 0 0.246
1704 6.36990189552 15.679585 48.421133 1.2791916 14.7794945582 48.8963507323 1.40075487778 1.01783824672 6.96506276074 0 0.372
1707 6.66924190521 15.049517 46.343459 1.2810584 13.5415719418 46.2737092684 1.36837722002 1.50955732709 5.00299985893 0 0.496
1710 6.51120400429 14.370513 44.264129 1.2685694 13.6002131519 44.6640443743 1.38727378015 0.867925205642 6.80125999209 0 0.416
1713 6.58633303642 13.728985 42.398373 1.2622613 13.2250992704 42.6412048956 1.38635774899 0.559346187987 7.11020277969 0 0.544
1716 6.57645797729 13.116178 40.310007 1.2578142 13.8980924453 39.9169889232 1.42829149858 0.875130509352 9.76762971124 0 0.512
1719 6.40034890175 12.482531 38.460523 1.239848 13.1623538643 39.3622166006 1.37680629789 1.12925217563 7.84713243856 0 0.494
1722 6.36471891403 12.331027 38.238303 1.1567887 11.0435108713 38.371701883 1.23481899456 1.29440837596 4.47080655258 0 0.344
1725 6.52859091759 12.263795 38.100898 1.043782 10.9982468123 37.9009977909 1.11324797753 1.28123858396 3.98010733212 0 0.312
1728 6.44431495667 12.231882 38.075858 0.90529637 11.2219027137 37.9011384692 1.00001162674 1.02498052337 5.4267844666 0 0.322
1731 6.4365439415 12.170047 37.918491 0.7605547 10.5568450089 38.0737856061 0.896971846979 1.62065945799 7.81612677509 0 0.222
1734 6.5178899765 11.9457 37.868652 0.60051086 11.5333599226 37.3355258629 0.767710507389 0.673979092778 9.57983413147 0 0.326
1737 6.40443897247 11.861848 37.85602 0.47073445 12.2490625385 37.3718606497 0.713569939703 0.619955946298 13.913448676 0 0.304
1740 6.29876494408 11.68598 37.868337 0.32347919 11.2897738064 37.1944802305 0.483398354229 0.781704735558 9.16269317358 0 0.274
1743 7.57109999657 11.634663 37.834152 0.18688423 12.1071386525 38.05078752 0.20176254766 0.519773210864 0.852464808183 0 0.292
1746 6.45853996277 11.546787 37.799316 0.059161186 12.3006455007 37.6653783901 0.0277681472807 0.765664366741 -1.7986886247 0 0.334
1749 6.45986390114 11.461332 37.784444 -0.088384018 12.1527158599 37.4647007816 -0.0498171239342 0.761739697945 2.2097202589 0 0.38
1752 6.67132711411 11.353119 37.809133 -0.22428348 12.5250378772 38.1436323629 -0.141291365085 1.21872214988 4.75509791751 0 0.316
1755 6.60691714287 11.259101 37.929753 -0.36642208 12.9161449634 38.4065131028 -0.366950344409 1.7242664795 -0.0302673211135 0 0.336
1758 6.39982891083 11.22919 38.083377 -0.50941267 13.5589076586 38.0990448449 -0.385997357104 2.32977034277 7.07117655625 0 0.334
1761 6.45818710327 11.185129 38.110347 -0.64618684 13.1407292054 37.1992748496 -0.383704618854 2.15741155709 15.0391234689 0 0.326
1764 6.45964193344 11.588805 37.741111 -0.76036767 12.7563162098 38.403708159 -0.807607135708 1.34242967047 -2.70662201154 0 0.244
1767 6.38596701622 13.063467 36.224873 -0.77289998 12.7444816002 37.3319057886 -0.822169311881 1.15207347001 -2.82292477622 0 0.212
1770 6.46513700485 14.493375 34.807156 -0.77803694 13.9653970569 34.7082105819 -0.721728467558 0.537169344032 3.22623782173 0 0.212
1773 6.41351008415 15.892318 33.28564 -0.77023756 15.3679464255 33.4882277133 -0.693794505694 0.562145292385 4.37986438484 0 0.274
1776 6.42231488228 17.405154 31.857105 -0.77891679 17.0071431352 31.7315080443 -0.721877424111 0.417357453244 3.26811493154 0 0.366
1779 6.40237808228 19.008966 30.381332 -0.78385491 18.5805395796 31.2454338107 -0.735148858418 0.964479723497 2.7906511924 0 0.354
1782 6.36138105392 20.517371 28.856906 -0.78454873 20.8568902636 29.479162348 -0.771765989697 0.708855622078 0.732397069983 0 0.52
1785 6.30954289436 22.037399 27.308602 -0.78653789 21.7835459413 27.6234495945 -0.777351441156 0.40443835519 0.526344747489 0 0.42
1788 6.35648488998 23.470866 25.802264 -0.78746834 23.8785628363 25.8036460997 -0.772392659745 0.407699178928 0.86377285191 0 0.446
1791 6.33874702454 25.030138 24.239515 -0.79252133 25.0697923883 24.8943046993 -0.792558315404 0.655989345061 -0.00211910753602 0 0.49
1794 6.3084590435 26.508975 22.80392 -0.79210599 26.8249495161 23.1350694038 -0.787197004104 0.457711505705 0.281264173512 0 0.392
1797 6.37164783478 27.961008 21.312251 -0.79564812 28.329500227 21.3132012671 -0.763866099053 0.368493452271 1.82097566465 0 0.556
1800 6.46882891655 29.36401 19.750057 -0.78815021 28.7556575642 20.0562089929 -0.78849743177 0.681044586627 -0.0198943419742 0 0.552
1803 6.30765199661 31.016391 18.179875 -0.79578372 30.7960575198 19.1012549633 -0.763636779642 0.947358368933 1.84188400678 0 0.544
1806 6.40974187851 32.405165 16.663972 -0.79079715 31.9439564942 16.8888060601 -0.801317668569 0.5130922338 -0.602781312292 0 0.6
1809 6.30428791046 33.875627 15.226881 -0.79213801 33.1435424972 15.1379863317 -0.801977527551 0.737461850758 -0.563762828123 0 0.544
1812 6.27968502045 34.400964 14.714584 -0.72873329 33.9546801799 14.8562008036 -0.773916066322 0.468214232065 -2.58878238993 0 0.566
1815 6.2345290184 34.541831 14.529671 -0.59347242 33.2984575575 14.4908532297 -0.6980948947 1.24397923491 -5.99442624252 0 0.534
1818 6.25944590569 34.648846 14.435796 -0.47955783 34.027490471 15.3565891099 -0.517300593589 1.11082971004 -2.16250106082 0 0.502
1821 6.49293708801 34.668797 14.324629 -0.34405458 33.9978034034 14.8548212868 -0.364680068552 0.855182008481 -1.18175344441 0 0.532
1824 6.38420605659 34.864126 14.20779 -0.22615765 34.9765059399 15.1491314731 -0.252245145121 0.948025853994 -1.4947033685 0 0.432
1827 6.37339878082 35.017605 14.088235 -0.094353638 35.7749165435 15.8812050852 -0.142373530187 1.94634593545 -2.75133715497 0 0.412
1830 6.45150709152 36.599142 14.0692 -0.022879679 36.6214649927 14.951809968 -0.0582867202158 0.88289221975 -2.02867402671 0 0.418
1833 6.35753798485 38.63985 14.009333 -0.014813302 38.7812944178 15.0773565206 -0.0526427494755 1.0773489518 -2.16746768166 0 0.522
1836 6.52953505516 40.768535 13.925491 -0.0089087199 40.1945962782 14.4664726548 -0.0939970517729 0.78871211939 -4.87520230213 0 0.526
1839 6.33675479889 42.905865 13.952369 -0.011506708 42.6300112062 14.7998223603 -0.0319207594902 0.891219677416 -1.16963899315 0 0.52
1842 6.42692518234 45.04117 13.838962 -0.010052037 44.8589331374 14.9051548992 -0.0142022954852 1.08165501538 -0.237792295091 0 0.586
1845 6.27849912643 47.095509 13.764363 -0.008210261 46.0040772074 15.4281081959 -0.0338779690331 1.98979180691 -1.47065134007 0 0.458
1848 6.30359792709 49.256947 13.750747 -0.012245698 48.5379714562 15.103553 -0.0111193870203 1.53199540021 0.0645328655578 0 0.616
1851 6.40564894676 51.347189 13.680192 -0.017629817 50.9648199963 14.9301344935 -0.000657115627704 1.30711984606 0.972464155568 0 0.66
1854 6.30472683907 53.510554 13.649042 -0.0075411209 52.3622184361 14.8391857352 0.0131314619893 1.65381881652 1.18445175119 0 0.554
1857 6.46601390839 55.608657 13.581194 -0.0077936973 54.2205582953 14.549088008 0.0119165103379 1.69222836071 1.12931171098 0 0.598
1860 6.37280201912 57.666716 13.591636 -0.01411162 56.6322990418 15.2149724941 0.0203866407355 1.92489994976 1.97660474069 0 0.644
1863 6.27189087868 59.905766 13.533857 -0.012519778 59.0061200763 14.8858932807 0.00316437709126 1.62399658015 0.898635891958 0 0.664
1866 6.40564703941 62.027534 13.447994 -0.021676244 60.6801368371 15.1202247742 0.00087077311348 2.14751830649 1.29184892121 0 0.64
1869 6.74412202835 64.181261 13.371995 -0.025327169 62.9816400506 15.2138227071 -0.00994203563228 2.19804907241 0.881503209216 0 0.646
1872 6.44934606552 66.241252 13.310079 -0.024907545 65.4696103021 15.0217034852 -0.0157142012062 1.87752211393 0.526739798999 0 0.714
1875 6.333537817 68.444119 13.24669 -0.026304862 66.5419769973 14.9825888815 -0.00188940992852 2.57516778591 1.3989023586 0 0.728
1878 6.31019210815 70.49734 13.123327 -0.017605166 69.0073542793 14.942550754 -0.00953591917389 2.35151706672 0.462333786986 0 0.694
1881 6.59179091454 72.634932 13.039101 -0.019360635 72.0454874828 14.847887713 0.0141467138113 1.90240747791 1.91982966956 0 0.746
1884 6.26795387268 74.720419 12.994859 -0.019347658 73.5582110794 14.9102275157 0.0118220596249 2.24039367113 1.78589326852 0 0.698
1887 6.38230109215 76.914825 12.90632 -0.036038761 76.1895101523 15.1357307263 -0.0109791777104 2.34443038176 1.43580835885 0 0.708
1890 6.30410504341 79.004774 12.78569 -0.032634565 77.7765157918 14.9733227045 0.000324745550005 2.50885533173 1.88842939018 0 0.7
1893 6.44285321236 81.177999 12.691712 -0.029848436 80.7509158631 14.6318232295 0.0117101201465 1.98656275725 2.38112986985 0 0.684
1896 6.34138703346 83.222919 12.597068 -0.02122413 81.9515362962 14.882068399 0.00221825720889 2.61488829646 1.34314984878 0 0.53
1899 6.43833899498 85.390174 12.538762 -0.021700441 84.4270603608 14.2641803109 -0.00119890701682 1.97602030089 1.17465137078 0 0.698
1902 6.44833707809 87.449986 12.512039 -0.030894579 86.614449745 14.6933027214 0.00624710558428 2.33581511592 2.12806177069 0 0.66
1905 6.27544808388 89.572355 12.414566 -0.034322832 88.2944865033 15.1770406803 -0.00309698933291 3.04371717711 1.78910899656 0 0.576
1908 6.58848810196 91.713838 12.339838 -0.030338307 90.4830972641 15.296973702 -0.00272928653991 3.20302580681 1.58188034885 0 0.644
1911 6.40563488007 93.866625 12.234111 -0.027880568 92.8827349185 15.2050384989 0.0239134185375 3.12960858516 2.96757683275 0 0.71
1914 6.33953809738 96.027017 12.118277 -0.016096141 94.5418576781 14.878282727 0.00245203460354 3.13421917299 1.06273217975 0 0.652
1917 6.40277981758 98.003729 12.063433 -0.023465033 97.260585378 14.9244468634 0.0118838723937 2.9559537834 2.02534308947 0 0.656
1920 6.31919598579 100.1865 11.996018 -0.023536261 99.0992630509 15.1143680191 -0.00245728580834 3.30245227444 1.20773631494 0 0.676
1923 6.47893381119 102.26857 11.921444 -0.023061579 101.567929174 14.8525669493 0.0213765516076 3.01369860993 2.54611733327 0 0.686
1926 6.31898999214 104.50291 11.810699 -0.022632517 104.224272188 15.2327729209 0.00376187409082 3.43339903748 1.51228721232 0 0.694
1929 6.31631302834 106.528 11.779433 -0.025937223 105.740409015 15.4895335512 0.0162500688963 3.79277545604 2.41715377475 0 0.672
1932 6.75175189972 108.61821 11.737233 -0.017267816 107.898620919 14.7329603492 0.0263343372421 3.08093992099 2.49821935845 0 0.71
1935 6.32336401939 110.65428 11.638117 -0.015586443 108.943374292 15.4101869215 0.00500581404893 4.14194517526 1.17984941955 0 0.556
1938 6.33603620529 112.94226 11.558687 -0.011710616 111.394581676 15.0708949601 0.00481145695966 3.83808714734 0.946645049396 0 0.68
1941 6.34498691559 114.89636 11.528856 -0.01668203 113.755554083 14.7627911769 0.0062962849116 3.4292528148 1.31656046476 0 0.718
1944 7.12451195717 117.03777 11.494892 -0.018548407 116.851866279 14.9157092442 0.00110025305367 3.42586497276 1.12578529416 0 0.596
1947 6.87188887596 119.07747 11.406331 -0.016261061 118.033834551 15.1574952441 0.00382968511791 3.89363687792 1.15111495983 0 0.564
1950 6.73903298378 121.291 11.334615 -0.012126455 120.461092832 15.1472577343 -0.0158855073635 3.90192138928 -0.215377835396 0 0.652
1953 6.55782794952 123.43737 11.229443 0.0013807468 122.752538588 14.8598033934 0.0161352476661 3.69438907652 0.84537062845 0 0.664
1956 6.29449009895 125.58554 11.258252 -0.0049853053 124.750132045 15.6789094859 0.0147184815335 4.49890198379 1.12894382599 0 0.632
1959 6.22417998314 127.50849 11.183265 -0.012828209 126.273293641 14.9363914312 0.0105670543344 3.95116034285 1.34044984966 0 0.648
1962 6.24336481094 130.28779 11.390648 -0.01314096 128.93054187 15.2803730875 -0.00348949657654 4.11971889111 0.552988120289 0 0.648
1965 6.2501001358 132.78769 11.256475 0.0084755214 131.32884282 15.085833241 0.000862730146378 4.09783108887 -0.436180809147 0 0.73
1968 6.55832719803 125.9239 10.596074 0.27888777 132.720491974 15.1812040629 0.00454164950512 8.19860232969 -15.7188748301 0 0.654
1971 6.37825608253 93.936275 13.265891 0.84250578 133.237768549 14.5204352847 0.00245536935626 39.3215116257 -48.1313431081 0 0.502
1974 7.02896714211 59.212281 6.4432491 1.3602712 133.459176663 13.6458251041 -0.0172198437904 74.5954329482 -78.9244231263 0 0.144
1977 7.15873599052 41.747696 3.5851691 1.5088422 137.426022079 13.0919283292 -0.0509084658949 96.1494698495 -89.3671302485 0 0.042
1980 6.50345087051 40.889782 2.6549702 1.6071612 62.3158112286 105.615780285 -3.04139402907 105.166549539 93.6574045406 0 0.016
1983 6.9173707962 40.408125 3.8011614 1.6070032 64.6998428069 104.900749107 -2.17430679195 103.976988745 143.346896431 0 0.024
1986 6.49044489861 40.388712 5.5337894 1.5172855 36.6014476349 88.9521688189 3.00574279458 83.5043076509 85.282320965 0 0.026
1989 6.67695713043 40.44034 7.6724587 1.5542124 36.6995816902 95.8577492858 2.1271371509 88.2645951015 32.8261702054 0 0.01
1992 7.05718588829 40.554207 9.7439313 1.5604739 34.614077102 90.3202382618 -2.98264308402 80.7949651081 99.6985709815 0 0.012
1995 6.36695313454 40.580821 11.876658 1.5652859 43.5432969418 33.5800332803 1.96867719163 21.9046287863 23.112618503 0 0.014
1998 6.44369888306 40.665042 14.024391 1.567666 31.2504858986 94.6944134187 2.05674006642 81.2175251016 28.0218798755 0 0.016
2001 6.43953895569 40.771617 16.174621 1.5548315 32.8836670914 83.4488838171 -2.30751052406 67.7351178588 138.704102986 0 0.01
2004 6.93936896324 40.847233 18.25792 1.5551713 56.8504886673 79.8757682379 -0.174088927936 63.6621034323 -99.0793127406 0 0.014
2007 7.00309610367 40.88758 20.352438 1.5597309 46.5503109053 111.321315762 1.11524720604 91.1449573075 -25.467039726 0 0.008
2010 6.56106710434 40.971014 22.508388 1.5678505 21.6859176585 97.9430207728 2.80359277325 77.8607652317 70.8028168234 0 0.018
2013 6.27308177948 41.044823 24.54743 1.5705547 63.5531211784 76.3427104928 -0.466349789826 56.4745479682 -116.706030538 0 0.008
2016 6.73800301552 41.105608 26.696222 1.5717508 14.1780649215 88.9691316266 2.21097600603 67.8454703691 36.6249064641 0 0.006
2019 6.42807292938 41.160404 28.869777 1.5672714 16.7070049028 101.256036054 2.43393229581 76.4050994841 49.6560115989 0 0.008
2022 6.53672409058 41.204205 31.003136 1.5608691 16.1089311917 106.800417212 1.55001247843 79.843600912 -0.62203859581 0 0.008
2025 6.47351694107 41.244227 33.116661 1.5660557 102.686491697 35.0791837852 -2.98648167525 61.4735991037 99.1588223225 0 0.008
2028 6.55056786537 41.277887 35.228156 1.5643441 46.3193498222 73.2591739074 -1.04953797877 38.3637155455 -149.764411259 0 0.006
2031 7.38647413254 41.31792 37.33529 1.5797774 93.1947502254 108.365146392 -0.553865038464 87.9570691495 -122.248706714 0 0.004
2034 6.55349588394 41.419072 39.474789 1.5713492 105.152398665 108.857912765 2.50461077288 94.2122857762 53.4719493078 0 0.006
2037 6.39528489113 41.429937 41.518923 1.5745722 39.2471811253 40.7765409083 1.62629604936 2.3055486069 2.96355826832 0 0.024
2040 6.45567798615 41.494048 43.684079 1.5737379 39.5472905454 42.6152900915 1.64384017895 2.22084990898 4.01656471813 0 0.018
2043 6.55451798439 41.508319 45.798644 1.5762653 39.3007786287 45.429047156 1.61642905834 2.23826636441 2.30121384222 0 0.056
2046 6.72761893272 41.512588 47.943477 1.5772604 39.4122576168 47.6142252421 1.5987762434 2.12598081805 1.23276701929 0 0.082
2049 6.38424396515 41.583607 50.107906 1.5744728 38.5629522997 50.5970835035 1.5600836762 3.06000807977 -0.824436064867 0 0.078
2052 7.03596901894 41.632502 52.265699 1.5728612 39.5438809272 51.5473984974 1.60568905609 2.20868594366 1.88089760435 0 0.122
2055 6.42850399017 41.660201 54.305408 1.5732479 39.3642719283 54.1676002177 1.5941461065 2.30006114861 1.19737903176 0 0.22
2058 6.40595507622 41.689009 56.508616 1.5685378 39.0302335396 56.9161219163 1.58040878179 2.68982304638 0.680157155024 0 0.32
2061 6.51784205437 41.794127 58.57462 1.5657057 39.1432977666 57.9649997961 1.57426221304 2.72002434138 0.490252084819 0 0.284
2064 6.62594389915 41.856016 60.76704 1.5641567 38.7684957038 60.7318626603 1.62518438467 3.08772068441 3.49662876483 0 0.36
2067 7.0019390583 41.858156 62.785084 1.5639758 38.7118328561 62.6821721349 1.56887744593 3.14800574612 0.280843624295 0 0.508
2070 6.35861706734 41.958088 65.023529 1.5767642 39.0254086599 64.6184148189 1.59264174655 2.96052792788 0.909716406256 0 0.546
2073 6.36766695976 41.99726 67.044355 1.5737097 39.1433302028 66.5185164878 1.59866271196 2.90196854364 1.42970227148 0 0.584
2076 6.41274619102 42.044947 69.102812 1.5759217 38.990341876 69.2317920477 1.58572744394 3.05732698877 0.561827742947 0 0.646
2079 6.33821892738 42.097902 71.261122 1.5727544 39.1071170103 71.2822166735 1.6098635763 2.99085938154 2.12619918323 0 0.656
2082 6.44368195534 42.114798 73.459441 1.5684742 38.6214848346 72.957127801 1.60995156437 3.52924289631 2.37647792379 0 0.656
2085 6.36093306541 42.172982 75.545483 1.5804547 38.8009078055 75.155952964 1.5826649462 3.39449819882 0.126637778741 0 0.618
2088 6.28472304344 42.213453 77.648417 1.5799022 39.080142431 77.4398836906 1.58503982651 3.14024222995 0.294364315904 0 0.65
2091 6.24955105782 42.308345 79.80823 1.5843424 39.0322266267 80.3758649848 1.59550913303 3.32493023559 0.639806673538 0 0.664
2094 6.21606707573 42.259747 81.948131 1.5870316 38.98983273 81.4948318531 1.59333372443 3.30118455249 0.361085131549 0 0.632
2097 6.33135294914 42.325886 84.065588 1.5841531 39.2876110474 84.345959009 1.57178045851 3.05118380143 -0.708900138859 0 0.532
2100 6.82374191284 42.338042 86.100283 1.5789413 38.5077178393 86.1848767335 1.59071697492 3.83125818442 0.674696473789 0 0.534
