3 1.36579799652 58.425211 99.52669 -0.076600623 127.065911965 85.716194006 2.90783958738 70.0162526028 170.995828264 0
6 1.37800192833 58.436309 99.5178 -0.082073852 96.1438692568 44.5233870453 2.80156299955 66.6801736407 165.220221242 0
9 1.39523792267 59.138497 99.506199 -0.079127672 20.4058116869 96.605907933 2.6591435135 38.8411199612 156.891382091 0
12 1.38839411736 60.588187 99.398001 -0.084356487 71.2133958186 100.905201849 -1.73249007686 10.7315756922 -94.4310987728 0
15 1.40285205841 62.026729 99.268445 -0.080345137 68.8082211729 103.797737202 2.93198438505 8.1549447539 172.593768116 0
18 1.40142297745 63.612811 99.142137 -0.077882356 46.381036299 39.9030548179 2.07847086353 61.6944318162 123.549938619 0
21 1.41328120232 65.109709 99.045111 -0.075303117 19.8149555115 35.0754485846 -1.68525550244 78.3819647822 -92.2434769026 0
24 1.40333509445 66.576646 98.887554 -0.079079542 118.906578944 57.047509855 -0.221914191456 67.000083403 -8.18382258208 0
27 1.38908410072 68.114632 98.811042 -0.080004433 83.5473370667 43.1368943454 -1.77243426113 57.7735155823 -96.9690862736 0
30 1.40037989616 69.601579 98.673025 -0.074381156 97.3038972371 37.0037062898 1.85214157776 67.6056455179 110.38162178 0
33 1.4083738327 71.154315 98.514904 -0.080273853 44.0904936792 79.8614229833 0.18811232645 32.8694809592 15.3773953621 0
36 1.4219520092 72.642873 98.438251 -0.077397051 96.4724120483 39.0043012135 -1.91448172713 64.0331267273 -105.25719855 0
39 1.39508700371 74.179887 98.27586 -0.078945335 62.7855994286 8.42110351673 -2.06724443951 90.5743178386 -113.921147098 0
42 1.44022893906 75.689674 98.17429 -0.079512997 43.0010178819 32.2638024483 -1.81160205526 73.5713300689 -99.2413927791 0
45 1.38756799698 77.259307 98.055637 -0.072379503 113.338924578 127.634608279 -1.24274651334 46.6546283497 -67.0570901739 0
48 1.39772701263 78.667542 97.976243 -0.066300397 133.980201724 126.912621591 0.413099128171 62.4243889178 27.4675694928 0
51 1.4376540184 80.25432 97.827625 -0.077582567 94.2066000866 31.8176713475 -2.88885666454 67.4683637035 -161.074140843 0
54 1.42905712128 81.813353 97.68277 -0.074716444 33.5912913634 80.1408992309 1.75042195551 51.3135894141 104.572727319 0
57 1.39420700073 82.622729 97.654646 -0.085105116 57.6267497301 77.7814373184 -0.176079599472 31.9334214102 -5.21245394634 0
60 1.37847709656 81.436592 97.754867 -0.094486992 64.8058318089 43.7427417693 3.0545341701 56.5145278355 -179.574377814 0
63 1.37961888313 79.890684 97.897701 -0.093381766 97.3643057524 61.501544766 -0.40638420048 40.3733531646 -17.933718473 0
66 1.3804910183 78.411812 98.037468 -0.097953665 18.1925343962 116.31591223 -2.57374123487 62.9322089124 -141.852178724 0
69 1.38017201424 76.931086 98.162597 -0.096433306 116.622145842 25.6237484564 -2.2467428852 82.6877547124 -123.203663534 0
72 1.38036203384 75.443161 98.337547 -0.10164342 75.5111022544 47.6299311557 -2.91815212924 50.7076613603 -161.374062001 0
75 1.37847900391 73.912871 98.553041 -0.10292365 125.813391986 121.968502872 -1.63032675021 56.9381061621 -87.5137512573 0
78 1.38449406624 72.413468 98.668417 -0.11145399 130.503135418 72.777723833 1.18516700079 63.598250396 74.2909104002 0
81 1.37590789795 70.926618 98.82512 -0.11572496 71.3909053372 24.3436446985 1.20314095221 74.482922377 75.5654505134 0
84 1.37933897972 69.460294 99.048845 -0.12091472 66.3774609392 96.3186216215 0.0579092524167 4.11800672381 10.2458588952 0
87 1.37828803062 67.984026 99.205817 -0.12024712 70.6143486813 34.5160401409 2.36689946661 64.7432299742 142.503002443 0
90 1.37233400345 66.409271 99.378533 -0.12589377 50.4588196089 23.9866291249 0.0459041379238 77.0607297493 9.84329505321 0
93 1.39473104477 64.97003 99.579245 -0.12534264 51.0837122512 23.6654711663 0.17612644403 77.1733819286 17.2729061686 0
96 1.39157795906 63.450289 99.830398 -0.13542326 85.2576178942 13.0090412675 0.0300518817306 89.5181969119 9.4810272355 0
99 1.56280612946 62.015499 100.01094 -0.13023941 59.6100385977 99.7375013298 0.0549130940059 2.42095197252 10.6084570458 0
102 1.37031793594 60.420275 100.24313 -0.1356293 57.8871582386 98.3497283532 -0.0276907026079 3.16253858837 6.18442607713 0
105 1.36645197868 58.989222 100.44438 -0.14088208 56.1671338077 100.531235019 0.0129328951492 2.82342443847 8.81294890196 0
108 1.38316512108 58.528509 100.58832 -0.24160345 55.2866948719 99.3298117778 -0.0696755355651 3.47752811436 9.85074387761 0
111 1.36947607994 58.390768 100.67023 -0.3827913 55.7434271905 101.943972311 -0.292687657538 2.93782791116 5.16255843182 0
114 1.3819231987 58.26024 100.80046 -0.53685502 57.2456681086 101.469630692 -0.478986551517 1.21537876332 3.31561901099 0
117 1.3865609169 58.2435 100.85046 -0.70040996 56.7906348984 102.506848074 -0.560890960003 2.20327902308 7.99384986169 0
120 1.38859987259 58.129433 100.95873 -0.85888639 57.7747496926 102.191045609 -0.643814902053 1.28234239176 12.322688553 0
123 1.3824300766 58.21235 101.09089 -1.0276822 55.7312705854 102.015923054 -0.72944214026 2.64791261421 17.0878967048 0
126 1.38532710075 58.152327 101.12822 -1.1869287 54.903913682 102.079731404 -1.01632915201 3.38490221975 9.77463408683 0
129 1.3777050972 58.049715 101.26081 -1.3398137 56.9491808855 101.44078184 -1.25050293661 1.11515254583 5.11712980745 0
132 1.38632297516 58.024835 101.49733 -1.4943786 55.8106891713 103.100690693 -1.3940880919 2.73371674868 5.74622283915 0
135 1.37927293777 58.064001 101.65215 -1.6522241 56.462235952 100.879218162 -1.83965266047 1.7785035552 -10.7388654751 0
138 1.39379501343 58.104403 101.68885 -1.8037565 56.1650565724 102.158910479 -1.83170143951 1.99550029307 -1.60112709287 0
141 1.36883807182 58.177183 101.78616 -1.9584038 57.2103597903 103.943093022 -2.06489255876 2.36370623797 -6.10135644279 0
144 1.37820601463 58.164815 101.89412 -2.1101089 57.6363967055 105.376276358 -2.20652621461 3.52202197591 -5.52430519904 0
147 1.39459395409 58.333441 101.96561 -2.2758326 55.7372392112 103.670408846 -2.08170765866 3.10589807193 11.1225398371 0
150 1.37706208229 58.547547 101.97367 -2.4518694 54.2618384732 104.103089251 -2.32510893853 4.78557456576 7.26283945124 0
153 1.37952303886 58.609003 102.09152 -2.5989269 49.2838164739 100.232861665 -2.15661266384 9.50861265136 25.3427389505 0
156 1.37238097191 58.561869 102.14088 -2.6173282 54.6957210534 102.480618694 -2.52178904883 3.88104655019 5.47399014002 0
159 1.38221502304 58.51155 102.01626 -2.5045701 48.8076820869 106.484398369 -2.43547334983 10.6831321697 3.95895216291 0
162 1.37799477577 58.437648 101.90068 -2.3721379 51.1671168135 100.34510844 -2.01078120173 7.43508080727 20.7042137095 0
165 1.38264608383 58.147744 101.95537 -2.2082701 50.6404059518 100.366840064 -1.85269852269 7.67356188004 20.3727506946 0
168 1.38535881042 58.037351 101.82492 -2.0566813 51.592077164 107.098432444 -2.01554835517 8.32775409779 2.35674413765 0
171 1.56222510338 57.944091 101.71587 -1.9011295 55.0670528926 101.745623975 -1.70969319024 2.87719195923 10.968492595 0
174 1.38627099991 57.908577 101.57431 -1.7585036 51.5842533654 100.883887576 -1.33575591184 6.36189850266 24.2216583305 0
177 1.38807582855 57.841285 101.40683 -1.6171883 51.2388408375 102.935365148 -1.19315322253 6.77707079928 24.2954203044 0
180 1.49254512787 57.86028 101.30305 -1.4556073 52.6315858626 99.7297901663 -1.11694219824 5.46025538662 19.4040809993 0
183 1.39104890823 57.788579 101.03213 -1.3093986 53.6953658592 101.892179211 -1.06409442426 4.1825923135 14.0548939671 0
186 1.37653422356 57.852229 100.87925 -1.1701135 51.9303958465 99.7095006231 -0.917732335534 6.03625889958 14.4603755525 0
189 1.37460398674 57.956865 100.8248 -1.0236231 51.9901118727 100.242013951 -0.858153038962 5.99514657546 9.48073613322 0
192 1.57964205742 57.906072 100.67156 -0.85835482 52.9581839195 101.331384064 -0.553284444067 4.99168951892 17.4792449954 0
195 1.36516594887 57.990597 100.53155 -0.72265365 54.584743095 102.349124931 -0.646871917999 3.86049471593 4.34197340784 0
198 1.37139892578 58.042848 100.37669 -0.56279892 55.5343655528 103.974569686 -0.280235697239 4.38602581162 16.1896801098 0
201 1.37723994255 58.157277 100.32166 -0.41301063 53.7312699062 102.275213179 -0.00465591681032 4.8379653593 23.39700161 0
204 1.36934089661 58.686264 100.08548 -0.29965148 52.1697003049 103.79471295 0.248263177223 7.49826723112 31.3931973923 0
207 1.37766599655 59.980629 99.666017 -0.30408986 54.4283103479 101.117326191 0.201667219278 5.73886232481 28.9777461015 0
210 1.36629080772 61.363687 99.173884 -0.32636207 56.8679719588 102.038347375 -0.029404481647 5.33072266765 17.014416507 0
213 1.36147093773 62.885593 98.69498 -0.37512441 59.4322986784 98.669431931 -0.113685585579 3.45338882484 14.9793412402 0
216 1.37183499336 64.287236 98.118834 -0.4012694 61.4123543896 99.3961186188 -0.236117611442 3.14585445805 9.46250046343 0
219 1.55414509773 66.572969 97.068508 -0.44319642 63.1264510423 99.2022009681 -0.364410925661 4.05353323839 4.51407631245 0
222 1.36565184593 67.896132 96.441291 -0.47211549 65.98248807 98.8857790912 -0.414009585059 3.10444119271 3.32922311791 0
225 1.37622380257 69.150612 95.708615 -0.49267498 66.3414865134 98.1490915602 -0.438825607864 3.72117076205 3.08534175283 0
228 1.37561297417 70.465141 94.973778 -0.52461339 67.1621692098 96.2626692324 -0.475961231207 3.54554132061 2.78756336305 0
231 1.37471294403 71.675984 94.192345 -0.54871183 70.446006775 96.9823811703 -0.491577011129 3.04912213691 3.27358398453 0
234 1.37165093422 72.999296 93.402727 -0.58180979 69.6822577156 95.9689849128 -0.436298052426 4.19385534506 8.33720843263 0
237 1.37183690071 74.284244 92.44261 -0.63095882 70.3130194478 94.354801946 -0.51843504638 4.40761868616 6.44713732331 0
240 1.54999494553 75.447368 91.599491 -0.66374929 73.6522427476 93.0264351497 -0.551562713883 2.29317340781 6.42781732955 0
243 1.38454294205 76.572595 90.665594 -0.69142624 73.009545424 92.1784054582 -0.537350619886 3.87090697236 8.82788275841 0
246 1.3651881218 77.783785 89.658033 -0.71509647 75.4254664535 91.633906134 -0.633782663511 3.07664443966 4.65893792795 0
249 1.38376998901 78.874801 88.696028 -0.74032963 77.0412767433 90.1418298519 -0.636430785255 2.33498483827 5.95296530016 0
252 1.37203812599 80.03236 87.613917 -0.7252394 77.7268278175 88.9957696426 -0.648687919929 2.68793514998 4.38607672355 0
255 1.37518715858 81.079285 86.604124 -0.70281223 80.3451531426 88.2839811672 -0.611927976313 1.833267489 5.20728416047 0
258 1.3760869503 82.380517 85.593177 -0.66953842 79.6342653593 86.7794440871 -0.674691815784 2.99150926384 -0.295267828606 0
261 1.37270092964 83.553536 84.670161 -0.64546431 80.1974185994 86.6903595346 -0.628868021264 3.91723449971 0.950897300135 0
264 1.37468600273 84.753159 83.736184 -0.60820056 82.7185983468 85.77066852 -0.55444067219 2.87724943545 3.08021467864 0
267 1.37101912498 85.938286 82.919631 -0.58097683 84.6554809653 84.4594790427 -0.512916921163 2.00417582855 3.89954553043 0
270 1.38154792786 87.249998 82.030848 -0.55954063 84.6685970897 83.433466231 -0.455052235258 2.93785101083 5.98674402679 0
273 1.38603591919 88.578333 81.141585 -0.52544337 85.6037322914 83.1894704431 -0.510489935144 3.61138258336 0.856768706461 0
276 1.37641787529 89.874585 80.458812 -0.49549775 88.3957502354 82.8338884485 -0.41920955782 2.79784567068 4.37099143858 0
279 1.38097810745 91.229191 79.664539 -0.46697991 88.1721937311 81.0630925328 -0.381667706936 3.36172341015 4.88802917655 0
282 1.36995410919 92.640842 79.007823 -0.44436504 90.5940008167 80.798557947 -0.360167396935 2.71961219295 4.82416959257 0
285 1.37471389771 93.942666 78.269838 -0.40450827 91.0787158358 79.868969409 -0.302687572081 3.28015728374 5.83389625785 0
288 1.36926698685 95.385584 77.620959 -0.38607018 92.8605544006 80.2370477798 -0.305107430835 3.6358898473 4.63882382493 0
291 1.36988401413 96.747733 77.074345 -0.36376533 95.2124007277 79.8873269071 -0.243534439872 3.204701608 6.88872257144 0
294 1.37093305588 98.250871 76.540386 -0.33417824 95.6576454987 78.5094531027 -0.218468255962 3.25607797135 6.62969373291 0
297 1.36291003227 99.752933 76.027378 -0.30758365 95.4540715851 78.4839645017 -0.251291757854 4.95126516201 3.22528784077 0
300 1.37524080276 100.00981 75.897783 -0.33361957 98.4359305784 79.4538918746 -0.182892572578 3.88883102769 8.63602081097 0
303 1.37700486183 98.714105 76.429985 -0.36219797 96.0581216249 78.6680971542 -0.256549989183 3.47323965537 6.05318341489 0
306 1.3681371212 97.284888 77.028291 -0.39087517 93.7308495091 77.5323487207 -0.262451934423 3.58960496166 7.35810939 0
309 1.49154305458 95.817851 77.649213 -0.42317241 93.0775300027 77.1880186665 -0.28648980022 2.77885936696 7.8313366732 0
312 1.38308095932 94.571565 78.35291 -0.46228827 93.8580580866 78.9265312314 -0.305639138614 0.915496276632 8.97533409283 0
315 1.37073087692 93.13187 79.138887 -0.4938927 90.5520688402 79.8167968452 -0.300392265893 2.66738369608 11.0867582083 0
318 1.36439108849 91.836662 79.862922 -0.52529077 90.2984340762 81.3636057426 -0.460879906733 2.14899903231 3.69047061998 0
321 1.37168312073 90.529269 80.702102 -0.55721841 88.7195108721 83.0668818975 -0.48976418924 2.97781941106 3.86484215988 0
324 1.36186504364 89.308886 81.573217 -0.59808232 87.4394540862 81.0875449307 -0.393466393392 1.93148984961 11.7236290158 0
327 1.35384106636 88.100372 82.484783 -0.6409076 86.05400185 83.8216877685 -0.521331441297 2.44437009284 6.85120922405 0
330 1.36143898964 86.96204 83.432583 -0.67310863 84.0337316057 82.6929060204 -0.497782824446 3.02028344472 10.045428698 0
333 1.36432003975 85.711036 84.448892 -0.70015711 85.0819995823 84.07051779 -0.554681020518 0.734066657498 8.33516594737 0
336 1.36028218269 84.630521 85.38864 -0.74348817 81.8938019311 86.0784904467 -0.601746478879 2.82232615072 8.12120068227 0
339 1.37338805199 83.531548 86.470864 -0.76732045 81.0069658008 86.8611259801 -0.650154261681 2.55456839673 6.71312809234 0
342 1.37202692032 82.436303 87.632765 -0.79615086 79.2747579623 88.4619551397 -0.680493954111 3.26847415672 6.62665257896 0
345 1.38392090797 81.390428 88.717115 -0.83255466 78.6177215836 88.478404796 -0.750415366503 2.78296306717 4.70623484958 0
348 1.38441205025 80.091493 90.270385 -0.85191671 76.6909521033 88.865095562 -0.666261336971 3.67947235277 10.6372693185 0
351 1.36978697777 79.121061 91.3195 -0.83027867 76.7579329686 90.5331320117 -0.648189133464 2.4905318118 10.432961937 0
354 1.3643488884 78.091476 92.534394 -0.81038411 75.0709020125 89.93958321 -0.582942749649 3.98207361181 13.0314300349 0
357 1.37092995644 77.093441 93.512556 -0.78090008 75.2910385256 92.4444477481 -0.685423921944 2.0951157289 5.47038090072 0
360 1.37095689774 76.051262 94.597058 -0.76703211 74.7158376732 94.8096783989 -0.740968679221 1.35224464008 1.49332458329 0
363 1.36951684952 75.027276 95.58972 -0.75132884 72.209892041 93.9020748767 -0.613344364382 3.28417393485 7.90592809126 0
366 1.37497997284 73.852657 96.593273 -0.72312741 70.1709943503 95.5129380397 -0.604202210441 3.83689503279 6.81391201248 0
369 1.37238907814 72.811015 97.559971 -0.70587276 68.8728523453 95.3703761628 -0.481202531145 4.50593504676 12.8726558956 0
372 1.37543702126 71.630899 98.505259 -0.68120937 69.4566552308 99.9633519971 -0.635481318414 2.61789441274 2.62002436125 0
375 1.37581992149 70.538887 99.423882 -0.66641532 67.654149315 99.9816692732 -0.595914114809 2.9381691839 4.03942150803 0
378 1.37464499474 69.331788 100.31013 -0.63648641 65.7586969859 98.6317921768 -0.483309875918 3.94763185264 8.77636892333 0
381 1.37532806396 68.205766 101.18772 -0.63190253 67.0259779307 102.891327965 -0.615917257814 2.07224033005 0.915888630627 0
384 1.4027121067 66.997353 102.01418 -0.604237 64.2770605715 103.017224487 -0.441913535095 2.89932563537 9.300449455 0
387 1.3615219593 65.749881 102.79371 -0.58263231 63.777148943 103.066047143 -0.381504652657 1.99144151005 11.5237659091 0
390 1.36601614952 64.390622 103.72927 -0.540005 61.9050815176 105.225808905 -0.460016167025 2.90129974019 4.58302253763 0
393 1.36257100105 63.066948 104.49561 -0.5165186 61.6861162448 104.316313375 -0.397014353056 1.3924236481 6.84708898378 0
396 1.35810303688 62.072466 105.11862 -0.50368551 59.5060548314 105.567454879 -0.346667885964 2.60536351297 8.99644716642 0
399 1.37046790123 62.084059 105.11634 -0.50537083 58.430443993 106.307886065 -0.368919796144 3.8430046376 7.81806835012 0
402 1.37444519997 62.06969 105.12384 -0.50501376 58.5601081224 105.930072415 -0.371163014521 3.60099648186 7.66908280062 0
405 1.35622596741 62.088061 105.11683 -0.50531554 58.0251646916 105.127014167 -0.288104796727 4.06290907235 12.4452588544 0
408 1.37188696861 62.080145 105.11527 -0.50526072 57.5944263979 106.761673245 -0.3388693275 4.77831717468 9.53352453753 0
411 1.37789392471 62.084425 105.11388 -0.50526675 58.3983831945 106.580027897 -0.37639735559 3.96692498631 7.38367240811 0
414 1.37148308754 62.090561 105.10315 -0.50372534 57.8048863601 106.379729182 -0.321498777705 4.4717626869 10.4408129347 0
