3 11.0338180065 58.425211 99.52669 -0.076600623 64.0204441524 97.7771912739 2.2034641263 5.86236981283 130.638087151 0
6 11.1136219501 58.436309 99.5178 -0.082073852 103.402773365 79.0871396075 1.17085452265 49.3902298187 71.7875078998 0
9 10.9969279766 59.138497 99.506199 -0.079127672 29.9491029356 121.006108539 0.666969246479 36.2528183184 42.7482045365 0
12 11.088490963 60.588187 99.398001 -0.084356487 85.9165028794 130.501753557 2.81627425974 40.1119309984 166.193899714 0
15 11.0401399136 62.026729 99.268445 -0.080345137 132.788918213 41.66249836 -2.95107350512 91.2454519988 -164.480619621 0
18 11.149408102 63.612811 99.142137 -0.077882356 26.4697786418 125.049120748 2.5021517405 45.2855016501 147.82506473 0
21 11.0601000786 65.109709 99.045111 -0.075303117 72.9101351865 30.94673577 -1.69080828425 68.5436748187 -92.5616278647 0
24 11.1261138916 66.576646 98.887554 -0.079079542 14.1988682038 75.1947532413 -2.97562014962 57.4872195767 -165.959552005 0
27 11.1448941231 68.114632 98.811042 -0.080004433 75.280394295 27.5454609792 -1.29599868977 71.6249341186 -69.6713388249 0
30 11.1493020058 69.601579 98.673025 -0.074381156 36.1590837779 73.9757530058 -1.51434860449 41.5734979361 -82.5040574347 0
33 11.1445190907 71.154315 98.514904 -0.080273853 14.2921514986 111.66706963 -0.163336225167 58.3633883426 -4.75912336152 0
36 11.1650340557 72.642873 98.438251 -0.077397051 95.1517409591 11.8394747394 -2.74987408387 89.4762381117 -153.121654829 0
39 11.1252608299 74.179887 98.27586 -0.078945335 36.654356558 69.2982720169 -1.60946780006 47.4116656559 -87.6924776978 0
42 11.1733369827 75.689674 98.17429 -0.079512997 72.071962467 98.1287432781 0.0974609938676 3.6179982366 10.1398627603 0
45 11.2707731724 77.259307 98.055637 -0.072379503 75.0336558948 98.7981276382 0.0602799594018 2.34623425729 7.6008273081 0
48 11.2169618607 78.667542 97.976243 -0.066300397 76.4046678489 98.3726867366 0.0540136407789 2.29733912605 6.89348658091 0
51 11.2843971252 80.25432 97.827625 -0.077582567 78.0648231694 98.5637533881 0.0709877999323 2.30993103251 8.51245498593 0
54 11.131718874 81.813353 97.68277 -0.074716444 78.9182030244 98.8682157913 0.0231936909512 3.12844611672 5.60983750426 0
57 11.1489269733 82.622729 97.654646 -0.085105116 80.5619419843 98.7023308055 0.039653001361 2.31181456342 7.14811358478 0
60 11.1368219852 81.436592 97.754867 -0.094486992 78.9073611988 98.8828552995 0.00861762623813 2.76936202936 5.90745947335 0
63 11.125592947 79.890684 97.897701 -0.093381766 77.2904855231 98.8220172525 0.035125482176 2.75960008947 7.36292295732 0
66 11.1779870987 78.411812 98.037468 -0.097953665 76.104456408 98.8642519052 0.0147503639029 2.45101233251 6.45746519026 0
69 11.1095738411 76.931086 98.162597 -0.096433306 74.9166637006 98.8022008577 0.0360432667337 2.11352556051 7.590348502 0
72 11.1795589924 75.443161 98.337547 -0.10164342 72.964266726 98.3115114247 0.0638757992123 2.4790309947 9.48355268917 0
75 11.2400689125 73.912871 98.553041 -0.10292365 71.6151719092 98.7310469439 0.0246682857277 2.3045839598 7.3104794171 0
78 11.2640061378 72.413468 98.668417 -0.11145399 69.9569248829 98.9415176393 0.0113010368566 2.47167717253 7.0333449529 0
81 11.2338478565 70.926618 98.82512 -0.11572496 68.952716519 98.8944434637 0.00571584554836 1.97511842669 6.95804561859 0
84 11.1696901321 69.460294 99.048845 -0.12091472 67.0543388737 98.5698451464 0.0280477158187 2.45317364439 8.5349188784 0
87 11.0313470364 67.984026 99.205817 -0.12024712 65.5629313406 98.8798851429 0.00766341126311 2.44293489993 7.32873359665 0
90 11.0690300465 66.409271 99.378533 -0.12589377 63.882047036 99.2742259672 -0.0145653207188 2.52937559908 6.37865028355 0
93 11.0924060345 64.97003 99.579245 -0.12534264 62.6900227882 98.8506826215 0.0158358681592 2.39358225789 8.08893267547 0
96 11.1796121597 63.450289 99.830398 -0.13542326 60.928561258 99.06239604 0.00543350916413 2.63608380277 8.07049838895 0
99 11.0957660675 62.015499 100.01094 -0.13023941 59.6777340651 98.6821801601 0.0178560304448 2.68900494659 8.48524370262 0
102 11.1659998894 60.420275 100.24313 -0.1356293 57.8507166405 98.6098241216 0.0241947057019 3.04471973341 9.1572409916 0
105 11.0871388912 58.989222 100.44438 -0.14088208 56.2339979098 98.5424728453 0.0250849299092 3.34791138056 9.5092092062 0
108 11.0900259018 58.528509 100.58832 -0.24160345 56.1638278708 99.5465503863 -0.0993068797535 2.5839893132 8.15299291431 0
111 11.1843070984 58.390768 100.67023 -0.3827913 56.08362832 99.6560361629 -0.241062586343 2.52021480079 8.12045712836 0
114 11.0871038437 58.26024 100.80046 -0.53685502 56.0070670731 100.651798996 -0.402573434565 2.2580718174 7.69376811176 0
117 11.1165411472 58.2435 100.85046 -0.70040996 56.5924983 100.536627136 -0.504438027688 1.68056469076 11.2283646245 0
120 11.1184720993 58.129433 100.95873 -0.85888639 56.4917327716 101.215495545 -0.655061919137 1.6577064224 11.6782819419 0
123 11.0743739605 58.21235 101.09089 -1.0276822 56.4494921431 101.487952391 -0.85552165045 1.80702140728 9.86407288786 0
126 11.1814720631 58.152327 101.12822 -1.1869287 56.9233329435 100.342026469 -1.08655596902 1.45894710631 5.75093386334 0
129 10.9786241055 58.049715 101.26081 -1.3398137 56.7870196208 101.559644732 -1.32885123312 1.29757536098 0.628103085155 0
132 11.0042800903 58.024835 101.49733 -1.4943786 55.8810393005 101.939846852 -1.3947908074 2.18899090129 5.70596020715 0
135 11.0076780319 58.064001 101.65215 -1.6522241 55.4972584033 101.666220285 -1.50353004722 2.56678116143 8.51954166284 0
138 11.0166110992 58.104403 101.68885 -1.8037565 56.0798797499 102.001905251 -1.69752660197 2.04858438448 6.08652481548 0
141 11.0721800327 58.177183 101.78616 -1.9584038 56.1730094635 101.198055663 -1.82967878749 2.0886785957 7.37539993457 0
144 11.1121060848 58.164815 101.89412 -2.1101089 56.7007677592 101.776565513 -2.0045304779 1.46875912962 6.04919799408 0
147 11.156085968 58.333441 101.96561 -2.2758326 55.928246929 101.001100449 -2.20783904545 2.59137747036 3.89574370971 0
150 11.2217409611 58.547547 101.97367 -2.4518694 55.3949914858 101.712358958 -2.30009539669 3.16336683465 8.69600982954 0
153 11.377726078 58.609003 102.09152 -2.5989269 54.9935333108 102.32064428 -2.42563739467 3.62272259624 9.92875728942 0
156 11.1794679165 58.561869 102.14088 -2.6173282 54.8023246312 102.610192229 -2.4692317422 3.7887237732 8.48530199276 0
159 11.2348029613 58.51155 102.01626 -2.5045701 54.7361155892 102.548442486 -2.37638941698 3.81275795049 7.34421215187 0
162 11.0171630383 58.437648 101.90068 -2.3721379 54.6837266194 102.130790582 -2.20695018106 3.76096751011 9.4645591226 0
165 11.0289108753 58.147744 101.95537 -2.2082701 54.2477221163 102.37422303 -2.08129459095 3.92244930546 7.27516076999 0
168 11.0928049088 58.037351 101.82492 -2.0566813 55.2603133916 102.06966785 -1.9604186041 2.78780189191 5.51544619984 0
171 11.0574491024 57.944091 101.71587 -1.9011295 54.8344135921 102.123349703 -1.7947395585 3.13626103652 6.09569463048 0
174 11.1117398739 57.908577 101.57431 -1.7585036 54.2877579828 102.483282834 -1.57632747251 3.7331704982 10.437923233 0
177 11.1036529541 57.841285 101.40683 -1.6171883 54.9244287413 101.615101881 -1.51375941521 2.92428240949 5.92603857815 0
180 11.1105871201 57.86028 101.30305 -1.4556073 54.6789026072 102.11496654 -1.3469683237 3.28334746621 6.22455483234 0
183 11.0858831406 57.788579 101.03213 -1.3093986 55.317472332 101.613353347 -1.25750042081 2.53854067212 2.97354663181 0
186 11.0126600266 57.852229 100.87925 -1.1701135 54.0803381995 101.673677066 -1.06836533627 3.85464324858 5.82974035514 0
189 11.0848178864 57.956865 100.8248 -1.0236231 53.6741026196 101.148051406 -0.889666340236 4.29494412987 7.67515697172 0
192 11.2077419758 57.906072 100.67156 -0.85835482 55.0043944886 102.126418108 -0.819565962412 3.24597358192 2.22243783194 0
195 11.0226008892 57.990597 100.53155 -0.72265365 53.9140426366 102.240203095 -0.442091566452 4.42015733637 16.0750232787 0
198 11.1489379406 58.042848 100.37669 -0.56279892 55.2909236417 101.933808525 -0.323100980054 3.16191489032 13.7336803169 0
201 11.1304650307 58.157277 100.32166 -0.41301063 55.3153065293 102.36027155 -0.142717443497 3.49753244562 15.4866588178 0
204 11.0668120384 58.686264 100.08548 -0.29965148 55.0010705167 102.365049661 -0.0125419288213 4.33325384081 16.4501655404 0
207 11.1780090332 59.980629 99.666017 -0.30408986 56.577488508 101.518733624 0.0175125953029 3.87478052226 18.4264633699 0
210 11.1275780201 61.363687 99.173884 -0.32636207 56.8704983945 101.878943064 -0.0130490446633 5.24462471351 17.9515140183 0
213 11.0791940689 62.885593 98.69498 -0.37512441 59.8628914305 100.152413217 -0.175344777462 3.35571696659 11.4465297771 0
216 11.0337209702 64.287236 98.118834 -0.4012694 61.1399565755 100.413900311 -0.272896368978 3.89521464722 7.35523288085 0
219 10.9978859425 66.572969 97.068508 -0.44319642 63.5704873434 98.9616626156 -0.368898173727 3.54949721753 4.25697593667 0
222 11.0886950493 67.896132 96.441291 -0.47211549 65.1099469941 98.0209226317 -0.41583388636 3.20282109696 3.22469835279 0
225 11.1009869576 69.150612 95.708615 -0.49267498 66.160909044 97.5747892741 -0.459691296375 3.52433400611 1.88982586453 0
228 11.0550558567 70.465141 94.973778 -0.52461339 67.4505059574 96.5417800081 -0.498832332453 3.39803689468 1.4771457888 0
231 11.0203719139 71.675984 94.192345 -0.54871183 69.0447135161 95.9403791652 -0.514796986853 3.15898841436 1.94317737516 0
234 10.9866259098 72.999296 93.402727 -0.58180979 70.3325009174 95.2065286729 -0.511100874352 3.21954911251 4.05132244056 0
237 11.0795948505 74.284244 92.44261 -0.63095882 71.712539469 94.4368227387 -0.571348547997 3.25431231475 3.41541700141 0
240 11.0518910885 75.447368 91.599491 -0.66374929 73.401456416 93.3106561805 -0.608587198762 2.66717837506 3.16055501705 0
243 11.1315498352 76.572595 90.665594 -0.69142624 74.1273067831 92.7222320419 -0.631248389699 3.19518301499 3.4479368424 0
246 11.0775191784 77.783785 89.658033 -0.71509647 75.260815117 91.6566913488 -0.664818124051 3.21869728709 2.88073702375 0
249 11.0500638485 78.874801 88.696028 -0.74032963 76.8359935379 90.5178550992 -0.696082889935 2.73418906569 2.53515146292 0
252 11.0156700611 80.03236 87.613917 -0.7252394 77.875697276 89.5208269823 -0.686001389375 2.87880179685 2.24817240529 0
255 11.083894968 81.079285 86.604124 -0.70281223 79.195620603 88.8805824129 -0.642044313917 2.95473424634 3.48174512136 0
258 11.0712890625 82.380517 85.593177 -0.66953842 80.1953014763 87.7310268734 -0.616172128328 3.05705233291 3.05766328107 0
261 11.1185541153 83.553536 84.670161 -0.64546431 81.3897390938 87.4247920173 -0.581121662125 3.50285727548 3.68656216594 0
264 11.0664408207 84.753159 83.736184 -0.60820056 82.7516945418 85.5122389218 -0.574887463057 2.67586080775 1.90869985736 0
267 11.0889430046 85.938286 82.919631 -0.58097683 84.2885948653 84.4668154567 -0.547023339135 2.26169418427 1.94539172629 0
270 11.0564219952 87.249998 82.030848 -0.55954063 85.149911027 83.3205257228 -0.528564151996 2.46447437047 1.77482145381 0
273 10.8784720898 88.578333 81.141585 -0.52544337 86.18292905 82.7025930873 -0.486346128755 2.85914433572 2.24010691395 0
276 11.1076569557 89.874585 80.458812 -0.49549775 87.7554170133 82.0161885365 -0.451327863612 2.62988490856 2.53074807159 0
279 11.0314321518 91.229191 79.664539 -0.46697991 88.6716939838 81.362907063 -0.429401178325 3.07005619898 2.15310272441 0
282 11.0137889385 92.640842 79.007823 -0.44436504 89.9728529825 80.9525466565 -0.397146057333 3.30153229542 2.70544841973 0
285 11.1360650063 93.942666 78.269838 -0.40450827 91.1698416877 80.5016999395 -0.350472453461 3.55946096815 3.09602423023 0
288 11.074349165 95.385584 77.620959 -0.38607018 93.0289681146 79.9868720429 -0.306535685353 3.33933870066 4.556990869 0
291 11.1617090702 96.747733 77.074345 -0.36376533 94.765409589 79.528635521 -0.290461930836 3.15486102189 4.19997539605 0
294 11.1717197895 98.250871 76.540386 -0.33417824 96.1732827223 79.2205843583 -0.251512892021 3.39114085393 4.7363755512 0
297 11.2402701378 99.752933 76.027378 -0.30758365 96.9052773451 78.9505244246 -0.2042012561 4.08092241395 5.92337484645 0
300 11.1255340576 100.00981 75.897783 -0.33361957 98.2250195468 78.9147870362 -0.208294264364 3.50539445941 7.18061107916 0
303 11.1888210773 98.714105 76.429985 -0.36219797 96.6182746799 79.4923453629 -0.24065287164 3.71086994156 6.96402115653 0
306 11.4029080868 97.284888 77.028291 -0.39087517 95.6522214052 79.7815306717 -0.267662929833 3.20092625651 7.05954134593 0
309 11.1395771503 95.817851 77.649213 -0.42317241 94.5413228167 79.3432669849 -0.299761043954 2.12116550665 7.07095041838 0
312 10.9801940918 94.571565 78.35291 -0.46228827 92.9999601174 79.7778676973 -0.322926759629 2.12142554576 7.98482637084 0
315 11.0540571213 93.13187 79.138887 -0.4938927 91.2317597027 80.2926673629 -0.343719894327 2.22297734309 8.60426796269 0
318 11.3891301155 91.836662 79.862922 -0.52529077 90.207886776 81.055448939 -0.394376310216 2.01867016393 7.50084602285 0
321 11.25126791 90.529269 80.702102 -0.55721841 88.0054302532 81.4969506628 -0.394286043988 2.64604354016 9.33533691859 0
324 11.2204139233 89.308886 81.573217 -0.59808232 87.3605687787 82.2175742015 -0.434794197851 2.05210530864 9.35572024373 0
327 11.0724840164 88.100372 82.484783 -0.6409076 86.172026403 82.9063105105 -0.474419228038 1.97387998209 9.53908105142 0
330 11.0683169365 86.96204 83.432583 -0.67310863 84.7318530607 83.4905534362 -0.499110785264 2.23094024024 9.96934214774 0
333 11.1612520218 85.711036 84.448892 -0.70015711 83.6031806661 83.7964621676 -0.523922049914 2.20651734527 10.0975251451 0
336 11.1089520454 84.630521 85.38864 -0.74348817 81.6840383108 85.5112479094 -0.572767491267 2.94903254259 9.78157436698 0
339 11.4123799801 83.531548 86.470864 -0.76732045 80.2501203858 85.8055209228 -0.579835706867 3.34820080009 10.7420845046 0
342 11.2530231476 82.436303 87.632765 -0.79615086 79.0642544235 86.960470313 -0.620180099593 3.43841413272 10.082381889 0
345 11.0671560764 81.390428 88.717115 -0.83255466 78.3660902703 88.4570740513 -0.665684460938 3.03549666417 9.56095813274 0
348 11.0422639847 80.091493 90.270385 -0.85191671 77.4079392374 90.1528718943 -0.717683167542 2.686125486 7.69101545195 0
351 11.1276710033 79.121061 91.3195 -0.83027867 77.04120037 90.5738605944 -0.677557843366 2.20947920638 8.75025880987 0
354 11.0521068573 78.091476 92.534394 -0.81038411 75.3356529917 92.0934970647 -0.644404882673 2.79086914068 9.50990921269 0
357 11.0719211102 77.093441 93.512556 -0.78090008 74.4839655609 92.9148245257 -0.623639381489 2.67705901743 9.01037430795 0
360 11.1239008904 76.051262 94.597058 -0.76703211 73.3442005615 93.6315865642 -0.581569925786 2.87407667349 10.6262004147 0
363 11.0793700218 75.027276 95.58972 -0.75132884 72.1136480664 93.9815571039 -0.567764396108 3.3279747048 10.5174679037 0
366 11.0933668613 73.852657 96.593273 -0.72312741 70.3085314985 94.5298295124 -0.513995397101 4.10105164519 11.9823817002 0
369 11.1440119743 72.811015 97.559971 -0.70587276 69.5520528867 96.2541611053 -0.509157539284 3.51083658651 11.270951913 0
372 11.1085500717 71.630899 98.505259 -0.68120937 68.8997735003 98.510288327 -0.540896946134 2.73113013042 8.03930970076 0
375 11.1284258366 70.538887 99.423882 -0.66641532 67.4365776583 99.3162646244 -0.503624659744 3.10417537373 9.32721777681 0
378 11.1160340309 69.331788 100.31013 -0.63648641 66.4436133181 99.9586487743 -0.482371552815 2.90948312342 8.83013087695 0
381 11.0952079296 68.205766 101.18772 -0.63190253 65.6704218829 101.668796453 -0.495580291006 2.58058217187 7.81068894816 0
384 11.1517238617 66.997353 102.01418 -0.604237 64.1799751927 102.264253134 -0.440141126689 2.82845439793 9.40200097625 0
387 11.3264369965 65.749881 102.79371 -0.58263231 63.1417030287 103.154012361 -0.410615502361 2.63294704122 9.85583708301 0
390 11.4682648182 64.390622 103.72927 -0.540005 62.0425748505 104.062525095 -0.396908027715 2.37157845626 8.19885257301 0
393 11.3146579266 63.066948 104.49561 -0.5165186 60.7675087343 104.48396136 -0.361878976093 2.29946877071 8.86019779534 0
396 11.101350069 62.072466 105.11862 -0.50368551 59.0685765939 105.023431396 -0.322011560945 3.00539721743 10.4091505283 0
399 11.116517067 62.084059 105.11634 -0.50537083 58.8624232793 105.176458458 -0.318457363834 3.22219660261 10.7093527455 0
402 11.0756890774 62.06969 105.12384 -0.50501376 59.0327624121 105.611620768 -0.32925373443 3.07585098002 10.0703076723 0
405 11.1888029575 62.088061 105.11683 -0.50531554 58.8212008873 105.436934994 -0.322292885153 3.28250547649 10.486425678 0
408 11.1799628735 62.080145 105.11527 -0.50526072 58.2089247575 105.069785308 -0.288118114785 3.8714874432 12.4413548313 0
411 11.120100975 62.084425 105.11388 -0.50526675 58.4246243851 105.714533784 -0.31175082179 3.70876333963 11.087645955 0
414 11.1096279621 62.090561 105.10315 -0.50372534 58.3510282112 105.62369516 -0.294306353365 3.77558905889 11.9988240841 0
