3 1.36885118484 58.425211 99.52669 -0.076600623 101.654347312 12.961611035 2.98933501039 96.7588296877 175.665172052 0
6 1.37238788605 58.436309 99.5178 -0.082073852 113.134321397 32.9794868204 -0.276887937809 86.134892355 -11.1620249066 0
9 1.38801598549 59.138497 99.506199 -0.079127672 141.238827897 58.6398041585 1.90399576387 91.7089230159 113.624603129 0
12 1.36668682098 60.588187 99.398001 -0.084356487 15.2206612764 110.241492774 2.91556402363 46.6454038908 171.882784134 0
15 1.37138986588 62.026729 99.268445 -0.080345137 24.6597979175 92.4340259733 0.638758254742 37.9867979956 41.2015893804 0
18 1.37218093872 63.612811 99.142137 -0.077882356 75.4087722406 28.756561665 2.79678720145 71.3671767469 164.706433137 0
21 1.36963915825 65.109709 99.045111 -0.075303117 113.756989856 51.2219436595 2.76214675156 68.2173971153 162.573902049 0
24 1.37368583679 66.576646 98.887554 -0.079079542 65.9957570635 83.7976388745 -0.671663578621 15.1010916974 -33.9525643052 0
27 1.36520504951 68.114632 98.811042 -0.080004433 82.1794664108 83.5436199484 3.0365616105 20.7584619638 178.566080866 0
30 1.37713503838 69.601579 98.673025 -0.074381156 85.6122447043 51.3996885857 -0.00438489242254 49.9110183429 4.01049048467 0
33 1.37657094002 71.154315 98.514904 -0.080273853 114.952247286 93.466841408 -1.16464087022 44.0878873212 -62.1296535301 0
36 1.38763999939 72.642873 98.438251 -0.077397051 88.3746708699 9.41336534448 0.265919527567 90.4042019499 19.6705909888 0
39 1.35852813721 74.179887 98.27586 -0.078945335 110.040774373 53.1979990729 -0.228874276894 57.6022290274 -8.59029559741 0
42 1.36564993858 75.689674 98.17429 -0.079512997 20.587387612 24.0975176534 2.14947741685 92.3235082007 127.711743289 0
45 1.37402510643 77.259307 98.055637 -0.072379503 109.009444522 56.5957347892 -2.82829740295 52.2206350404 -157.902464351 0
48 1.37362217903 78.667542 97.976243 -0.066300397 59.3161687603 27.0183065028 -0.966746189554 73.5493330915 -51.5917435936 0
51 1.37602996826 80.25432 97.827625 -0.077582567 29.1395616599 114.970533771 1.41953560571 53.9128726863 85.7785527285 0
54 1.38023591042 81.813353 97.68277 -0.074716444 76.5046668417 97.0168179219 0.300339727988 5.35029353374 21.4891357353 0
57 1.38000702858 82.622729 97.654646 -0.085105116 85.3926530354 61.242520057 -1.30387990603 36.5173300619 -69.8306516455 0
60 1.38367295265 81.436592 97.754867 -0.094486992 119.923692808 93.0177338186 0.187504247735 38.7775367882 16.1569078965 0
63 1.36848711967 79.890684 97.897701 -0.093381766 76.8798798585 98.1558193826 0.0753467984968 3.02184822222 9.66743462897 0
66 1.39027309418 78.411812 98.037468 -0.097953665 77.505262078 97.3691540297 -0.132251050763 1.12626654215 -1.96509545253 0
69 1.37454795837 76.931086 98.162597 -0.096433306 18.6480703199 17.4011341341 1.76585928863 99.5958021254 106.701505891 0
72 1.37290716171 75.443161 98.337547 -0.10164342 72.0587912636 97.7627190995 0.225336881 3.43283929541 18.7345912312 0
75 1.38258910179 73.912871 98.553041 -0.10292365 71.6051418037 90.8726800676 1.63560347367 8.01957343598 99.610266755 0
78 1.38554692268 72.413468 98.668417 -0.11145399 20.663779339 28.4089152142 2.22851073437 87.2606891315 134.070102916 0
81 1.3884999752 70.926618 98.82512 -0.11572496 50.3743581668 5.56266104321 0.145756095507 95.5001656277 14.9817609032 0
84 1.37295413017 69.460294 99.048845 -0.12091472 66.6469530988 96.6012265214 0.167076173632 3.72903784422 16.5006627433 0
87 1.37310004234 67.984026 99.205817 -0.12024712 66.0335855915 95.8681414709 0.0996457389959 3.8657852662 12.5989327655 0
90 1.37668800354 66.409271 99.378533 -0.12589377 63.7609063417 98.164435025 0.0514490706324 2.91339479922 10.1609962951 0
93 1.37257504463 64.97003 99.579245 -0.12534264 78.9129053199 6.58385034538 0.144736547942 94.0348190787 15.4743976034 0
96 1.38752412796 63.450289 99.830398 -0.13542326 61.6936981808 97.1804793874 0.132080729803 3.17925776865 15.3268496186 0
99 1.36902999878 62.015499 100.01094 -0.13023941 4.97337062245 109.15418216 -0.23932438285 57.7702629996 -6.25010855259 0
102 1.38468384743 60.420275 100.24313 -0.1356293 57.1000227725 98.2510363023 -0.00616792683289 3.87201654881 7.41759029244 0
105 1.37775802612 58.989222 100.44438 -0.14088208 55.6731372291 98.2889151355 0.0555875554676 3.95505334853 11.2568809148 0
108 1.38282799721 58.528509 100.58832 -0.24160345 54.9796704683 98.5562636632 -0.0738380434123 4.08943857757 9.61224974577 0
111 1.37860679626 58.390768 100.67023 -0.3827913 55.6489768632 103.641925159 -0.269832012514 4.04331432826 6.47209042976 0
114 1.36628198624 58.26024 100.80046 -0.53685502 55.4546456142 101.281765289 -0.22819328299 2.84657946297 17.6850148279 0
117 1.36722803116 58.2435 100.85046 -0.70040996 55.8999179755 100.176185127 -0.399732708632 2.43865194528 17.227537499 0
120 1.37648797035 58.129433 100.95873 -0.85888639 57.00625071 103.191082789 -0.650207811259 2.49898728078 11.9564018366 0
123 1.37631678581 58.21235 101.09089 -1.0276822 56.4774369947 101.804205706 -0.7705093654 1.87583113098 14.734918028 0
126 1.382199049 58.152327 101.12822 -1.1869287 54.565918778 101.929378804 -1.03061146249 3.67480330952 8.95631797445 0
129 1.3777859211 58.049715 101.26081 -1.3398137 55.5436348348 102.628012427 -1.36735962839 2.85476448583 -1.57826543961 0
132 1.38733196259 58.024835 101.49733 -1.4943786 54.5421730948 100.550619001 -1.39508592877 3.60904359364 5.68905099813 0
135 1.38733100891 58.064001 101.65215 -1.6522241 54.694911056 103.470155631 -1.52017384507 3.82830400111 7.56592229113 0
138 1.38745999336 58.104403 101.68885 -1.8037565 54.9492220212 102.527872482 -1.72038576605 3.26483165481 4.77679119046 0
141 1.3809440136 58.177183 101.78616 -1.9584038 55.0937249931 103.526315837 -1.89281315353 3.54060102492 3.75806721809 0
144 1.39927005768 58.164815 101.89412 -2.1101089 54.7841361281 101.981198598 -1.89239608142 3.38180015923 12.4740256506 0
147 1.37654685974 58.333441 101.96561 -2.2758326 55.743247762 100.350670481 -2.24267439226 3.05239752653 1.89982535972 0
150 1.36835217476 58.547547 101.97367 -2.4518694 55.0903409743 101.761343795 -2.33202772587 3.46371995421 6.86642213768 0
153 1.37104892731 58.609003 102.09152 -2.5989269 51.1493995328 98.8323609017 -2.30707866689 8.14050378758 16.7216720157 0
156 1.36518216133 58.561869 102.14088 -2.6173282 54.3339876273 101.95701433 -2.515209478 4.23187753679 5.85097178011 0
159 1.36387705803 58.51155 102.01626 -2.5045701 49.6303635009 99.236767194 -2.13851462816 9.30596872396 20.9734336042 0
162 1.37827301025 58.437648 101.90068 -2.3721379 51.4983161054 98.9268580801 -2.03286230307 7.54969826912 19.4390597957 0
165 1.36720180511 58.147744 101.95537 -2.2082701 50.1206591734 100.499284858 -1.8966556977 8.15808033511 17.8541900875 0
168 1.37008595467 58.037351 101.82492 -2.0566813 52.8655914195 99.6944265711 -1.84235833471 5.59339784116 12.2798013639 0
171 1.37649297714 57.944091 101.71587 -1.9011295 51.7459601067 99.8848880874 -1.55488980844 6.46291894846 19.8380730262 0
174 1.3815100193 57.908577 101.57431 -1.7585036 51.1891736755 99.5567314351 -1.36300869805 7.01576826178 22.6601887005 0
177 1.37251996994 57.841285 101.40683 -1.6171883 52.98327995 100.509574539 -1.43651376386 4.94017008086 10.3518883863 0
180 1.36684417725 57.86028 101.30305 -1.4556073 52.4100344233 100.060934292 -1.10512470409 5.58999358488 20.0811735385 0
183 1.38881206512 57.788579 101.03213 -1.3093986 52.5636984408 101.609037036 -0.978351020647 5.25663376941 18.967629115 0
186 1.37661600113 57.852229 100.87925 -1.1701135 51.8674265789 99.4701415856 -0.963759188239 6.14845074338 11.8232311482 0
189 1.37673306465 57.956865 100.8248 -1.0236231 50.4815378449 100.45600907 -0.700283294834 7.48441866987 18.5260061846 0
192 1.38380503654 57.906072 100.67156 -0.85835482 53.6715908501 101.932157666 -0.680700296525 4.4181372866 10.1788544065 0
195 1.37289905548 57.990597 100.53155 -0.72265365 50.4489997605 101.886689023 -0.166128248729 7.66238152883 31.8865566847 0
198 1.38472700119 58.042848 100.37669 -0.56279892 51.987404027 103.5903472 -0.18326765105 6.85536244933 21.7455399041 0
201 1.38393998146 58.157277 100.32166 -0.41301063 53.9082507185 102.400021685 0.119603371524 4.73009636613 30.5165343969 0
204 1.38004612923 58.686264 100.08548 -0.29965148 53.1325793973 103.698102314 0.191508669327 6.62528887297 28.1414036214 0
207 1.37319302559 59.980629 99.666017 -0.30408986 53.7699472796 103.838365299 0.194870273504 7.48204903471 28.588309795 0
210 1.40111207962 61.363687 99.173884 -0.32636207 58.0600879623 102.689682993 0.00084187916452 4.8243765566 18.7474053271 0
213 1.36941099167 62.885593 98.69498 -0.37512441 59.8316036335 100.900018159 -0.247316187075 3.76683479002 7.32287176068 0
216 1.35462880135 64.287236 98.118834 -0.4012694 61.2869096403 99.0463993984 -0.226780767743 3.14043561202 9.99746220134 0
219 1.36158490181 66.572969 97.068508 -0.44319642 63.2972635381 98.6160455873 -0.299949739744 3.62286059032 8.20743020793 0
222 1.37629413605 67.896132 96.441291 -0.47211549 64.9285535728 98.0881073879 -0.424901964957 3.39389539272 2.70513572087 0
225 1.36297798157 69.150612 95.708615 -0.49267498 66.0173006528 97.4396041904 -0.386695884613 3.57965970109 6.07215488232 0
228 1.37139296532 70.465141 94.973778 -0.52461339 66.5717461275 95.4586494644 -0.434682719824 3.92347090853 5.15264784989 0
231 1.37461018562 71.675984 94.192345 -0.54871183 68.9620129243 95.4259837933 -0.362331866878 2.98119165298 10.6787852727 0
234 1.3708178997 72.999296 93.402727 -0.58180979 70.3916447855 94.4208310084 -0.420257144173 2.79935360904 9.25628477508 0
237 1.36741399765 74.284244 92.44261 -0.63095882 71.7451020602 94.8952568532 -0.520023570062 3.5302575511 6.35612162066 0
240 1.3745610714 75.447368 91.599491 -0.66374929 73.1456914021 93.0997824074 -0.560151183197 2.74746964833 5.93573428536 0
243 1.38048911095 76.572595 90.665594 -0.69142624 73.4545362383 92.4332563114 -0.558265887815 3.58426010332 7.6295261787 0
246 1.37264108658 77.783785 89.658033 -0.71509647 75.4306205594 92.2136387833 -0.647532467315 3.47397521634 3.87113220084 0
249 1.36219906807 78.874801 88.696028 -0.74032963 76.7484758962 89.1808630224 -0.580268068893 2.18089968725 9.1708519137 0
252 1.37717103958 80.03236 87.613917 -0.7252394 77.9603216561 89.9248469164 -0.637659228487 3.10382666676 5.01797419673 0
255 1.37511110306 81.079285 86.604124 -0.70281223 79.1482022997 88.6361862824 -0.650679583614 2.80327621092 2.98698061276 0
258 1.3744699955 82.380517 85.593177 -0.66953842 80.1567608423 87.422510752 -0.587369311694 2.87950576059 4.70794311229 0
261 1.37954616547 83.553536 84.670161 -0.64546431 81.0653898579 86.3434985191 -0.505867597532 2.99848789853 7.9983024583 0
264 1.36629986763 84.753159 83.736184 -0.60820056 82.5347929128 85.3679753647 -0.574591200645 2.75388655439 1.92567444315 0
267 1.37584590912 85.938286 82.919631 -0.58097683 82.4312343464 83.241541995 -0.498522849541 3.52179471148 4.72426508435 0
270 1.36107206345 87.249998 82.030848 -0.55954063 85.0619661389 82.869450455 -0.441725484689 2.34323227671 6.75031058906 0
273 1.3529150486 88.578333 81.141585 -0.52544337 85.6292820678 83.7670892808 -0.450093810353 3.94843945493 4.31721175595 0
276 1.37505102158 89.874585 80.458812 -0.49549775 88.0404142929 82.7110322435 -0.4001147731 2.90459604905 5.46504201377 0
279 1.37308597565 91.229191 79.664539 -0.46697991 88.835389031 80.8561677309 -0.377428562306 2.67399829823 5.13091427257 0
282 1.35918498039 92.640842 79.007823 -0.44436504 90.3427328746 80.6906204872 -0.353865798317 2.84835267043 5.18522459757 0
285 1.36412715912 93.942666 78.269838 -0.40450827 91.1238844598 80.2835746524 -0.295615575951 3.46419755163 6.23909178882 0
288 1.37824821472 95.385584 77.620959 -0.38607018 92.4336274677 79.2508998168 -0.276772082458 3.37205492761 6.26231969799 0
291 1.37652492523 96.747733 77.074345 -0.36376533 94.9203979657 79.6266773492 -0.241015623498 3.13903707344 7.03304011902 0
294 1.35621285439 98.250871 76.540386 -0.33417824 96.1045574271 78.2637876679 -0.230589177143 2.7525942785 5.9352161054 0
297 1.38197302818 99.752933 76.027378 -0.30758365 95.5278888079 78.9938035024 -0.229142867187 5.16242953337 4.49432579686 0
300 1.35755705833 100.00981 75.897783 -0.33361957 97.6049956699 78.9727912697 -0.199296475953 3.90369156326 7.69614638002 0
303 1.36793398857 98.714105 76.429985 -0.36219797 96.3018676919 78.9793710431 -0.206445761483 3.50973760094 8.92394419784 0
306 1.36555695534 97.284888 77.028291 -0.39087517 94.6150985277 78.06902963 -0.25358896553 2.8654690231 7.86592010148 0
309 1.36462187767 95.817851 77.649213 -0.42317241 93.6468392578 76.8430109602 -0.215840804203 2.3158699691 11.8792259719 0
312 1.3633108139 94.571565 78.35291 -0.46228827 92.7601069084 78.057864866 -0.298877964923 1.83532886662 9.36272080987 0
315 1.37205505371 93.13187 79.138887 -0.4938927 90.5483236636 80.8261709488 -0.398355006489 3.08571528109 5.47390662261 0
318 1.37037396431 91.836662 79.862922 -0.52529077 90.0418182074 81.5440929975 -0.400551555783 2.45922755406 7.14703051443 0
321 1.36590600014 90.529269 80.702102 -0.55721841 89.1811162472 82.2113425186 -0.50422875492 2.02369038837 3.03608359396 0
324 1.37744212151 89.308886 81.573217 -0.59808232 87.2484560586 82.0007215751 -0.474042984762 2.10431264434 7.10693040275 0
327 1.37685203552 88.100372 82.484783 -0.6409076 85.7675166318 82.5931768146 -0.481905559896 2.33537221613 9.11014583193 0
330 1.37069416046 86.96204 83.432583 -0.67310863 84.2839560971 83.5528473419 -0.469031133866 2.68078288997 11.6927792221 0
333 1.36524605751 85.711036 84.448892 -0.70015711 85.1379800004 84.764906177 -0.601404019727 0.654414347966 5.65813528653 0
336 1.37848615646 84.630521 85.38864 -0.74348817 82.2190829026 86.9721220233 -0.646682627776 2.8848655108 5.54654900294 0
339 1.37832808495 83.531548 86.470864 -0.76732045 79.2093379806 85.6141921378 -0.559032219087 4.40628938349 11.9340365535 0
342 1.38779783249 82.436303 87.632765 -0.79615086 79.1259188595 88.4223485571 -0.65106280617 3.40324629597 8.31293314224 0
345 1.37569499016 81.390428 88.717115 -0.83255466 77.563270769 87.5938192533 -0.601265543476 3.98859947916 13.2518902241 0
348 1.37929487228 80.091493 90.270385 -0.85191671 77.7068579284 89.736694197 -0.737020678173 2.44362646445 6.58305770648 0
351 1.39830303192 79.121061 91.3195 -0.83027867 77.0476190123 91.2683292875 -0.689028565647 2.07407331557 8.09303483523 0
354 1.37935400009 78.091476 92.534394 -0.81038411 74.4352467571 91.4511066419 -0.623655008906 3.813334994 10.698789405 0
357 1.35686683655 77.093441 93.512556 -0.78090008 74.5260748075 94.9908181321 -0.714414384799 2.96253744245 3.80934973299 0
360 1.35971999168 76.051262 94.597058 -0.76703211 74.4147971987 95.0400263188 -0.715721439692 1.69535777269 2.93988485261 0
363 1.36978793144 75.027276 95.58972 -0.75132884 72.6396150159 94.2425161062 -0.607454333687 2.74151113553 8.24340199124 0
366 1.36982488632 73.852657 96.593273 -0.72312741 70.8522718435 94.3186296575 -0.531004296093 3.76514454209 11.0078435738 0
369 1.36503982544 72.811015 97.559971 -0.70587276 69.6733090258 95.6342386122 -0.50675050943 3.68152740176 11.4088645648 0
372 1.36955595016 71.630899 98.505259 -0.68120937 69.3511482373 98.8006677325 -0.62892657474 2.29881053139 2.99558350957 0
375 1.38423800468 70.538887 99.423882 -0.66641532 65.9367108724 98.281623842 -0.462276653977 4.74181176444 11.6962839985 0
378 1.37404298782 69.331788 100.31013 -0.63648641 65.0213373249 98.4672997394 -0.474626981023 4.68785754822 9.27386215481 0
381 1.37652492523 68.205766 101.18772 -0.63190253 66.3689552753 102.036054054 -0.53323113704 2.02325092488 5.6534543753 0
384 1.36647510529 66.997353 102.01418 -0.604237 64.4714537582 102.607817184 -0.497509380489 2.59472004001 6.11504215546 0
387 1.36339402199 65.749881 102.79371 -0.58263231 64.235635336 104.55764705 -0.484485942569 2.32473952279 5.62337262833 0
390 1.3642680645 64.390622 103.72927 -0.540005 63.4198779668 105.297271418 -0.549164022916 1.84417255849 -0.524773357549 0
393 1.37687420845 63.066948 104.49561 -0.5165186 61.314478551 104.350881865 -0.384590559416 1.75843549859 7.55891992489 0
396 1.36833906174 62.072466 105.11862 -0.50368551 58.8736035234 105.328846817 -0.327013111952 3.20576300731 10.1225827646 0
399 1.36639714241 62.084059 105.11634 -0.50537083 59.8111291274 105.888507985 -0.394206162631 2.40051111284 6.3692662712 0
402 1.38672184944 62.06969 105.12384 -0.50501376 59.6566384288 106.742405085 -0.352275921725 2.90561023214 8.75123350514 0
405 1.3720240593 62.088061 105.11683 -0.50531554 57.3955980937 106.570045798 -0.327883784517 4.91233592938 10.1660907408 0
408 1.3712990284 62.080145 105.11527 -0.50526072 57.7159063583 107.28536823 -0.382205374739 4.87400300056 7.05055192998 0
411 1.3714427948 62.084425 105.11388 -0.50526675 58.5627010868 107.28904853 -0.422019292124 4.13931122955 4.76972799146 0
414 1.36594605446 62.090561 105.10315 -0.50372534 59.0847113153 107.421135464 -0.401306575791 3.79581202607 5.86816293212 0
