3 2.74838995934 58.425211 99.52669 -0.076600623 86.34651465 128.823175257 0.195601516647 40.4707702659 15.5960337762 0
6 2.75266313553 58.436309 99.5178 -0.082073852 45.7711104968 91.1286900852 -1.08041494377 15.1915903805 -57.2007310728 0
9 2.77799415588 59.138497 99.506199 -0.079127672 113.308694394 67.8243290734 -0.590694079323 62.7546904045 -29.3105960803 0
12 2.79724311829 60.588187 99.398001 -0.084356487 37.7694764534 115.247032061 -1.12119809251 27.7828244888 -59.4066480193 0
15 2.77124381065 62.026729 99.268445 -0.080345137 119.515536619 139.320344957 0.0232439176791 70.065096101 5.93521563686 0
18 2.78032422066 63.612811 99.142137 -0.077882356 135.102430744 125.669029119 -2.82346929403 76.2524867571 -157.310543835 0
21 2.79051494598 65.109709 99.045111 -0.075303117 74.9841632806 30.7168863688 -1.45782156145 69.03804117 -79.2124719659 0
24 2.78103899956 66.576646 98.887554 -0.079079542 116.621586241 57.2789679438 0.0394420577828 65.082797092 6.79078744869 0
27 2.80263018608 68.114632 98.811042 -0.080004433 136.844784836 98.9101153173 -0.195234435307 68.7302242424 -6.60219280546 0
30 2.79588198662 69.601579 98.673025 -0.074381156 20.2815125983 109.544342894 2.94741677229 50.5040048177 173.136267833 0
33 2.80907702446 71.154315 98.514904 -0.080273853 72.951484273 22.936461697 -0.119521947221 75.5998066026 -2.24875015279 0
36 2.7728509903 72.642873 98.438251 -0.077397051 68.9040858735 98.6840103403 -0.225390461618 3.74685559241 -8.47939782419 0
39 2.75191092491 74.179887 98.27586 -0.078945335 71.6557380613 100.152141723 0.0184347684624 3.14511700378 5.57946893695 0
42 2.75108909607 75.689674 98.17429 -0.079512997 74.4112620196 18.2751396523 -1.37418437029 79.9093771936 -74.1792055462 0
45 2.76728701591 77.259307 98.055637 -0.072379503 22.6211505385 106.098409893 -0.228253156198 55.2269348898 -8.9309024655 0
48 2.76844906807 78.667542 97.976243 -0.066300397 21.2491645784 104.778714217 -0.344673568861 57.8199245969 -15.9496078773 0
51 2.77717995644 80.25432 97.827625 -0.077582567 76.6073918939 99.763502926 -0.0658212633825 4.12888701173 0.673873058857 0
54 2.77664804459 81.813353 97.68277 -0.074716444 77.5369313304 98.6897462785 0.13901640928 4.39337951032 12.2459904362 0
57 2.78073215485 82.622729 97.654646 -0.085105116 81.6920866658 101.149783786 -0.072183867619 3.6169162686 0.740332998273 0
60 2.76157999039 81.436592 97.754867 -0.094486992 79.0225639283 99.6558293822 -0.0882308089726 3.07265186928 0.358452883332 0
63 2.76091694832 79.890684 97.897701 -0.093381766 76.7682002958 99.0976530466 0.0710330663335 3.34511425774 9.42027598206 0
66 2.76999998093 78.411812 98.037468 -0.097953665 76.1745225712 99.3638383735 -0.0451186788054 2.60090798687 3.02722171958 0
69 2.76550579071 76.931086 98.162597 -0.096433306 74.5890708331 98.2110034264 0.0795255878488 2.34251536263 10.0817019853 0
72 2.80483984947 75.443161 98.337547 -0.10164342 72.4436508693 99.1184575207 0.0332786655787 3.09949709884 7.73046606676 0
75 2.77767491341 73.912871 98.553041 -0.10292365 72.1783125874 99.3785987466 -0.00468346913145 1.92099934404 5.62874774237 0
78 2.76954984665 72.413468 98.668417 -0.11145399 70.0395634269 98.2633229011 0.026313438623 2.40822012102 7.89349221447 0
81 2.74955606461 70.926618 98.82512 -0.11572496 68.7470742653 99.5489106645 -0.0578953565512 2.29658089718 3.31339220853 0
84 2.76147294044 69.460294 99.048845 -0.12091472 66.6129936089 98.5482424887 0.0335940957111 2.89097256848 8.85270303781 0
87 2.75877785683 67.984026 99.205817 -0.12024712 66.2167412486 97.5068811421 0.060662903566 2.45146455039 10.3653808219 0
90 2.76564097404 66.409271 99.378533 -0.12589377 63.562440035 99.2428732501 -0.0280415673923 2.8500614223 5.60651822548 0
93 2.807970047 64.97003 99.579245 -0.12534264 62.5653145408 100.122588713 -0.0488508935461 2.46533543964 4.38265423939 0
96 2.7864151001 63.450289 99.830398 -0.13542326 61.4987989808 99.600012102 -0.0170226163377 1.96504222775 6.78385717348 0
99 2.7723429203 62.015499 100.01094 -0.13023941 59.8245095734 98.960312505 -0.0119322262226 2.42986682781 6.77850231652 0
102 2.79260993004 60.420275 100.24313 -0.1356293 57.9616580104 99.040066589 -0.00704159027561 2.73718086224 7.36753306446 0
105 2.81501293182 58.989222 100.44438 -0.14088208 55.7378524521 98.3212102096 -0.00824524563858 3.88320150085 7.59953081689 0
108 2.7558350563 58.528509 100.58832 -0.24160345 55.6814127456 100.750423431 -0.164136523075 2.85170731389 4.43852796468 0
111 2.76755809784 58.390768 100.67023 -0.3827913 55.8021766886 99.7328434236 -0.249903852721 2.75308891447 7.61388987935 0
114 2.75930118561 58.26024 100.80046 -0.53685502 55.7760636582 100.605355432 -0.385426522939 2.49182621579 8.67621377963 0
117 2.75290417671 58.2435 100.85046 -0.70040996 56.3687783933 101.710644868 -0.536428646405 2.0626437186 9.39543718798 0
120 2.76836419106 58.129433 100.95873 -0.85888639 55.8925553667 102.122331206 -0.588088650097 2.52142604767 15.5155675981 0
123 2.76947498322 58.21235 101.09089 -1.0276822 56.2624496266 100.807884749 -0.890589139586 1.97033079408 7.85485376226 0
126 2.80427503586 58.152327 101.12822 -1.1869287 57.8561899928 101.680841333 -1.20621906831 0.626966876653 -1.10525668934 0
129 2.7698340416 58.049715 101.26081 -1.3398137 56.623776792 101.681492061 -1.34442950604 1.48669874886 -0.264466205384 0
132 2.74343490601 58.024835 101.49733 -1.4943786 55.7690940822 102.379643799 -1.51335411061 2.42215704033 -1.08721667198 0
135 2.75839304924 58.064001 101.65215 -1.6522241 57.0538851696 102.38079516 -1.7183573378 1.24549498588 -3.78915541165 0
138 2.77691102028 58.104403 101.68885 -1.8037565 55.4091595294 101.651881371 -1.77597362785 2.69549699409 1.59184131722 0
141 2.78673911095 58.177183 101.78616 -1.9584038 56.7630766308 102.686634469 -2.08549306539 1.67646983026 -7.28167852805 0
144 2.77908205986 58.164815 101.89412 -2.1101089 57.0475234173 104.099302692 -2.12810394185 2.47207831289 -1.03103995034 0
147 2.77959895134 58.333441 101.96561 -2.2758326 54.9974483457 101.961996002 -2.08648221384 3.33599461193 10.8489779764 0
150 2.80431509018 58.547547 101.97367 -2.4518694 55.5462340877 101.545736522 -2.36659149767 3.03166724082 4.8860638894 0
153 2.79141592979 58.609003 102.09152 -2.5989269 54.4480332133 102.989205079 -2.34620065613 4.25670154774 14.4801471461 0
156 2.78743505478 58.561869 102.14088 -2.6173282 54.9334881444 101.984150968 -2.54534327824 3.63176425755 4.12443220559 0
159 2.81645798683 58.51155 102.01626 -2.5045701 50.4738114571 99.2102352401 -2.20636873414 8.51346086133 17.0856797086 0
162 2.79745388031 58.437648 101.90068 -2.3721379 55.4393374514 101.251796673 -2.34076177019 3.06772158412 1.79771981536 0
165 2.80871081352 58.147744 101.95537 -2.2082701 54.9517032415 101.899608016 -2.17647496389 3.19652716693 1.82172710822 0
168 2.81379389763 58.037351 101.82492 -2.0566813 52.4519766969 100.064358296 -1.86700585767 5.8562772833 10.867602323 0
171 2.77007198334 57.944091 101.71587 -1.9011295 51.8131845062 99.4579543909 -1.57510634918 6.53346748161 18.6797505656 0
174 2.7588288784 57.908577 101.57431 -1.7585036 53.0189965013 101.349272935 -1.57433172774 4.89475628958 10.5522709853 0
177 2.77965593338 57.841285 101.40683 -1.6171883 51.8364438606 99.7093601896 -1.35411214218 6.24015391366 15.0731535338 0
180 2.76586294174 57.86028 101.30305 -1.4556073 53.399348774 101.420093218 -1.24899291306 4.46246641643 11.8381323583 0
183 2.77436804771 57.788579 101.03213 -1.3093986 51.7984863723 100.838888865 -0.952454459134 5.99320880871 20.4513927936 0
186 2.76323199272 57.852229 100.87925 -1.1701135 52.4836389218 101.124381981 -0.946574821472 5.37418357669 12.8078228376 0
189 2.78734588623 57.956865 100.8248 -1.0236231 53.3005033668 100.010762664 -0.914808490608 4.72698217083 6.2346178675 0
192 2.78758096695 57.906072 100.67156 -0.85835482 53.6140475512 102.520346713 -0.68191696892 4.67327360396 10.1091442133 0
195 2.76136684418 57.990597 100.53155 -0.72265365 54.5317487196 101.521098853 -0.613623010191 3.59761564912 6.24699549868 0
198 2.75459718704 58.042848 100.37669 -0.56279892 51.9289223378 102.899594287 -0.035300853212 6.61401036026 30.2234129283 0
201 2.76487994194 58.157277 100.32166 -0.41301063 51.3032512107 102.482896626 0.161970057226 7.18669696541 32.9439666796 0
204 2.75594878197 58.686264 100.08548 -0.29965148 54.2591063378 102.678849545 0.102796684513 5.13081772848 23.0585812994 0
207 2.76735305786 59.980629 99.666017 -0.30408986 55.5792910865 102.134189688 0.0314055831212 5.04615218227 19.2224729367 0
210 2.76867413521 61.363687 99.173884 -0.32636207 56.0734444795 102.248426392 0.0680079110004 6.11878066654 22.595735478 0
213 2.77283501625 62.885593 98.69498 -0.37512441 59.6899966945 100.219942188 -0.190609280758 3.54081140755 10.5719381619 0
216 2.76892781258 64.287236 98.118834 -0.4012694 61.3335237661 100.307122297 -0.274399522706 3.67600620637 7.2691085163 0
219 2.81272697449 66.572969 97.068508 -0.44319642 63.457446995 98.9203842211 -0.351884611736 3.62435137675 5.23178123326 0
222 2.83235096931 67.896132 96.441291 -0.47211549 64.8052305298 98.3551500314 -0.41368512107 3.63545434446 3.34781353508 0
225 2.80449986458 69.150612 95.708615 -0.49267498 66.0834940046 97.6555251879 -0.409329127983 3.63286004103 4.77536556051 0
228 2.80764698982 70.465141 94.973778 -0.52461339 67.0454051115 96.4697561243 -0.460087766384 3.73263232796 3.69704590362 0
231 2.82983016968 71.675984 94.192345 -0.54871183 69.2640888678 96.0827947705 -0.441043311215 3.06448012942 6.16895171283 0
234 2.77563810349 72.999296 93.402727 -0.58180979 70.4440532847 94.8408033462 -0.465543350656 2.93212020758 6.6615762734 0
237 2.75366783142 74.284244 92.44261 -0.63095882 71.3869424153 95.1150927554 -0.527876099051 3.94163932274 5.90620485109 0
240 2.77888512611 75.447368 91.599491 -0.66374929 73.1162440455 92.5245695173 -0.521754188805 2.50796912949 8.13572001001 0
243 2.76574397087 76.572595 90.665594 -0.69142624 73.5925545539 92.0198970522 -0.572215137221 3.27334352272 6.83029306033 0
246 2.73510098457 77.783785 89.658033 -0.71509647 75.5754777887 92.057562561 -0.653601685734 3.2610370825 3.52339160051 0
249 2.78443002701 78.874801 88.696028 -0.74032963 77.4401359466 90.3778134008 -0.674938817245 2.21058045543 3.74661758978 0
252 2.80578684807 80.03236 87.613917 -0.7252394 78.3912129389 89.2090373576 -0.665807609111 2.28861806147 3.40519078682 0
255 2.79512095451 81.079285 86.604124 -0.70281223 79.077694956 88.236834231 -0.636731284512 2.58304188944 3.78615928269 0
258 2.77615094185 82.380517 85.593177 -0.66953842 80.94279713 87.2577101081 -0.59482474591 2.19947923208 4.28077819729 0
261 2.79221796989 83.553536 84.670161 -0.64546431 82.2831210987 87.2376185211 -0.562504615777 2.86457538632 4.75324034868 0
264 2.76271891594 84.753159 83.736184 -0.60820056 82.2394708538 85.2063096892 -0.530684671099 2.91202638005 4.44133327924 0
267 2.79460191727 85.938286 82.919631 -0.58097683 84.5953780356 85.0446007478 -0.530894922684 2.51374187812 2.86948191914 0
270 2.77749085426 87.249998 82.030848 -0.55954063 85.0822194733 83.1469495794 -0.481431691532 2.43822609214 4.47531251644 0
273 2.76757597923 88.578333 81.141585 -0.52544337 85.9281832952 82.6301348503 -0.484626347909 3.03958452992 2.33864309811 0
276 2.77534890175 89.874585 80.458812 -0.49549775 87.7442403827 81.823534365 -0.422860054548 2.52998721777 4.16183338295 0
279 2.76283812523 91.229191 79.664539 -0.46697991 88.3514394654 81.6520198507 -0.376929262314 3.4973610089 5.1595220548 0
282 2.74444103241 92.640842 79.007823 -0.44436504 90.3332170865 80.9844259762 -0.405466901288 3.03843579278 2.22869917911 0
285 2.77669095993 93.942666 78.269838 -0.40450827 90.5321990147 80.662819458 -0.347941869107 4.16625075053 3.2410160334 0
288 2.77994394302 95.385584 77.620959 -0.38607018 93.4542750169 79.788778254 -0.287141399183 2.90334198914 5.66820161321 0
291 2.77230000496 96.747733 77.074345 -0.36376533 94.7630675331 79.2142584377 -0.267920246103 2.91858296714 5.49151879439 0
294 2.80415201187 98.250871 76.540386 -0.33417824 95.7096301428 79.0228883706 -0.236206875609 3.55256570865 5.61334569273 0
297 2.79017496109 99.752933 76.027378 -0.30758365 96.6840768237 79.5421523238 -0.198967952313 4.66599579708 6.22322106633 0
300 2.77624797821 100.00981 75.897783 -0.33361957 97.9098914025 78.8669349923 -0.162829733471 3.63669103297 9.78553681683 0
303 2.80595302582 98.714105 76.429985 -0.36219797 96.1277315801 78.9874308533 -0.224140067261 3.63728700544 7.9101351554 0
306 2.8232729435 97.284888 77.028291 -0.39087517 95.008495661 78.9172548038 -0.25940229353 2.95806462627 7.5328409422 0
309 2.90055394173 95.817851 77.649213 -0.42317241 94.5083012233 79.0237626316 -0.288286583693 1.89850133195 7.72838856355 0
312 2.74854707718 94.571565 78.35291 -0.46228827 92.807499528 79.0508934837 -0.281840462641 1.89713150128 10.3388977841 0
315 2.76397514343 93.13187 79.138887 -0.4938927 91.3614645218 79.4374236622 -0.305930290035 1.79539959232 10.7694527981 0
318 2.80445098877 91.836662 79.862922 -0.52529077 89.9516812757 80.5326235691 -0.372020427911 2.00041308798 8.78174372625 0
321 2.7838408947 90.529269 80.702102 -0.55721841 88.1674974086 80.5118526151 -0.375454526219 2.36942184476 10.4143034086 0
324 2.795140028 89.308886 81.573217 -0.59808232 86.9824749627 81.5945572784 -0.380211498942 2.32650891291 12.4830785256 0
327 2.80225992203 88.100372 82.484783 -0.6409076 86.0019721607 82.0773233483 -0.42762664421 2.13759333212 12.2200986173 0
330 2.77468800545 86.96204 83.432583 -0.67310863 84.8855049567 84.8225297247 -0.555531005599 2.4987896437 6.73670164337 0
333 2.80560088158 85.711036 84.448892 -0.70015711 83.5348594928 84.08629526 -0.529990179724 2.20617782288 9.74984691749 0
336 2.78184485435 84.630521 85.38864 -0.74348817 82.2366086312 86.2468508865 -0.594259161658 2.54309700075 8.55019235892 0
339 2.86234998703 83.531548 86.470864 -0.76732045 81.8609464343 87.9684156842 -0.677846768953 2.24356204241 5.12646430147 0
342 2.77714204788 82.436303 87.632765 -0.79615086 79.1515350207 87.0805905906 -0.623504277954 3.330855334 9.89192049858 0
345 2.77158713341 81.390428 88.717115 -0.83255466 78.8863877773 89.3151667793 -0.693663307856 2.57446758912 7.95788828871 0
348 2.78867387772 80.091493 90.270385 -0.85191671 76.1513146705 88.7402553357 -0.619014143596 4.22685486595 13.3443340927 0
351 2.7973818779 79.121061 91.3195 -0.83027867 77.0116024744 91.774077159 -0.685950538477 2.15788221758 8.26939280128 0
354 2.80435299873 78.091476 92.534394 -0.81038411 75.41377031 91.964221922 -0.655577462296 2.73773701451 8.869767554 0
357 2.78485107422 77.093441 93.512556 -0.78090008 74.5685083569 92.1561565749 -0.655184041544 2.86620031623 7.2029984206 0
360 2.76346087456 76.051262 94.597058 -0.76703211 73.7985650384 93.63677328 -0.612915814475 2.44883448687 8.83021328776 0
363 2.77623796463 75.027276 95.58972 -0.75132884 71.8002172463 93.8561144873 -0.552294476111 3.66323576541 11.4038290289 0
366 2.80303907394 73.852657 96.593273 -0.72312741 70.4294086054 94.4629802348 -0.479278605311 4.03196934963 13.971507348 0
369 2.80312180519 72.811015 97.559971 -0.70587276 69.7891778028 96.6204975685 -0.544633596585 3.16450791982 9.23832355588 0
372 2.76613903046 71.630899 98.505259 -0.68120937 68.7500795127 99.7915971742 -0.613349980812 3.15496225284 3.88805660082 0
375 2.73174715042 70.538887 99.423882 -0.66641532 67.3170342085 99.1537219645 -0.529931814587 3.23315973233 7.81992883332 0
378 2.74949193001 69.331788 100.31013 -0.63648641 66.329750037 99.6046618457 -0.498622186829 3.08381537187 7.89903813352 0
381 2.7381169796 68.205766 101.18772 -0.63190253 66.0425063666 102.166082742 -0.543477127538 2.37421268982 5.06640236281 0
384 2.76127910614 66.997353 102.01418 -0.604237 64.5832970582 102.674890315 -0.498386241314 2.50283922993 6.06480173095 0
387 2.77198886871 65.749881 102.79371 -0.58263231 63.2129816661 104.688490903 -0.45578753973 3.16639430594 7.26766998979 0
390 2.75927996635 64.390622 103.72927 -0.540005 62.1853036287 105.065765852 -0.461817450912 2.57869158294 4.47981657323 0
393 2.78324604034 63.066948 104.49561 -0.5165186 61.5242355314 104.947658053 -0.404960029209 1.60757867712 6.39183527481 0
396 2.77222299576 62.072466 105.11862 -0.50368551 59.6244949604 105.543796234 -0.375976026087 2.48462009985 7.31721443203 0
399 2.76380705833 62.084059 105.11634 -0.50537083 58.3409600172 105.492925103 -0.336466877548 3.76199499394 9.67748361856 0
402 2.77927494049 62.06969 105.12384 -0.50501376 58.3446544644 106.452867326 -0.354629740024 3.95502255034 8.61636965085 0
405 2.77672100067 62.088061 105.11683 -0.50531554 59.2567686793 106.447104255 -0.365605390968 3.12823365493 8.00480189468 0
408 2.78630900383 62.080145 105.11527 -0.50526072 57.5668899772 105.065783449 -0.281189763173 4.51352631761 12.8383201376 0
411 2.75543403625 62.084425 105.11388 -0.50526675 58.0367498379 106.791087345 -0.370169930038 4.38140373561 7.74047760949 0
414 2.76033210754 62.090561 105.10315 -0.50372534 58.0934167474 105.863274588 -0.320676396741 4.0687776501 10.4879318931 0
