3 5.4580180645 58.425211 99.52669 -0.076600623 75.1478468185 35.1379767557 -0.83086921994 66.5248295148 -43.2164072239 0
6 5.4707930088 58.436309 99.5178 -0.082073852 15.3218182239 1.09402402072 2.08166743313 107.452775641 123.973243596 0
9 5.50242590904 59.138497 99.506199 -0.079127672 144.172258878 108.112061762 2.4275378594 85.4681316807 143.6213556 0
12 5.5248260498 60.588187 99.398001 -0.084356487 92.4435460182 127.938592186 -1.38905363531 42.7706586744 -74.7536401409 0
15 5.44267892838 62.026729 99.268445 -0.080345137 26.727716957 99.1885241186 0.482933872164 35.2991025177 32.2735099134 0
18 5.46595287323 63.612811 99.142137 -0.077882356 36.6508860878 77.0651110723 0.469033223367 34.8473882634 31.3359544477 0
21 5.52148509026 65.109709 99.045111 -0.075303117 125.988854414 58.5836938644 -1.63071180171 73.0985404978 -89.1183530517 0
24 5.50963997841 66.576646 98.887554 -0.079079542 16.1548436791 70.3961434908 -2.81124752147 57.9147530608 -156.541694144 0
27 5.52953314781 68.114632 98.811042 -0.080004433 112.306970483 9.75465314834 -0.0840106374466 99.4183241455 -0.229538606658 0
30 5.74647808075 69.601579 98.673025 -0.074381156 85.0522623719 93.9014842354 -0.366147342368 16.1706900882 -16.7169710835 0
33 5.58661103249 71.154315 98.514904 -0.080273853 92.1972157668 7.75138754114 -0.198046364174 93.1709160235 -6.74786783294 0
36 5.52134895325 72.642873 98.438251 -0.077397051 71.1237940692 97.9497816138 -2.43530794779 1.59568265622 -135.098342854 0
39 5.52299594879 74.179887 98.27586 -0.078945335 142.814991471 71.0953063921 1.8058836779 73.8211355922 107.992747543 0
42 5.54277992249 75.689674 98.17429 -0.079512997 44.6297289163 88.0254833748 -0.879553846935 32.6759615699 -45.8389641394 0
45 5.5480132103 77.259307 98.055637 -0.072379503 75.3199991049 100.129544226 -0.0163934509136 2.83936723456 3.20776449615 0
48 5.4755821228 78.667542 97.976243 -0.066300397 74.7275959491 97.8122676937 0.350662902538 3.94335679151 23.8902372754 0
51 5.43400502205 80.25432 97.827625 -0.077582567 77.5871485429 99.5272482142 -0.067035438939 3.16267650133 0.604305923877 0
54 5.55047798157 81.813353 97.68277 -0.074716444 77.3395731828 99.0809706404 -0.00753982527748 4.68718155009 3.84893673476 0
57 5.50724315643 82.622729 97.654646 -0.085105116 80.5777374577 100.096049981 -0.124782510181 3.18472036572 -2.27334722864 0
60 5.66796207428 81.436592 97.754867 -0.094486992 78.6516322708 99.85916732 -0.0903655647321 3.49057022989 0.236140388023 0
63 5.50351786613 79.890684 97.897701 -0.093381766 76.8044086108 99.6280945112 -0.126186053102 3.53827040815 -1.87954720091 0
66 5.56489801407 78.411812 98.037468 -0.097953665 76.2673237158 99.3254269923 -0.0490796223648 2.50153320321 2.80027637074 0
69 5.47942209244 76.931086 98.162597 -0.096433306 74.92533308 98.7660483623 0.0229925059573 2.09456399345 6.84259499008 0
72 5.55464506149 75.443161 98.337547 -0.10164342 72.4605927095 99.2341040755 0.00369160499921 3.11440655622 6.03525236736 0
75 5.50562596321 73.912871 98.553041 -0.10292365 71.8122305324 99.2254852117 -0.0185088411278 2.20564539129 4.83661227678 0
78 5.49190402031 72.413468 98.668417 -0.11145399 69.7777498813 99.610261151 0.00388162936385 2.79894273004 6.60824421708 0
81 5.50484609604 70.926618 98.82512 -0.11572496 68.8798095297 98.8864937954 0.019980909083 2.04772841388 7.77537355361 0
84 5.54534101486 69.460294 99.048845 -0.12091472 66.8317791045 98.2723477658 0.0338887099017 2.7408098275 8.86958318752 0
87 5.47714304924 67.984026 99.205817 -0.12024712 65.7147385102 98.4180773839 0.00969722538591 2.40212393816 7.4452625622 0
90 5.54639482498 66.409271 99.378533 -0.12589377 64.1000859082 99.2707281556 -0.0159343163103 2.31170016926 6.30021261398 0
93 5.50551605225 64.97003 99.579245 -0.12534264 62.6497785938 99.0321366112 -0.000421815238179 2.38388216511 7.15743603215 0
96 5.50108718872 63.450289 99.830398 -0.13542326 60.5886869536 99.1546712957 -0.00851187427364 2.94030148976 7.27148677428 0
99 5.44082307816 62.015499 100.01094 -0.13023941 59.9120985477 98.7312470608 0.00620187562774 2.46209412519 7.81750981781 0
102 5.53417110443 60.420275 100.24313 -0.1356293 57.5590180858 98.5740958044 0.0163423735052 3.31247132448 8.70733549739 0
105 5.39874911308 58.989222 100.44438 -0.14088208 55.9926276196 99.3810959778 -0.00531073755309 3.17964633136 7.76766574513 0
108 5.48590397835 58.528509 100.58832 -0.24160345 56.1699936965 100.011677882 -0.143856741866 2.42798487822 5.60047383737 0
111 5.47395205498 58.390768 100.67023 -0.3827913 55.9720547626 99.9045217288 -0.242596792215 2.537022444 8.03255360697 0
114 5.51107406616 58.26024 100.80046 -0.53685502 56.1369569654 100.364433021 -0.3835036069 2.16759091425 8.78638875302 0
117 5.48523688316 58.2435 100.85046 -0.70040996 56.9624571065 101.063358894 -0.526097672089 1.29861342746 9.98735841457 0
120 5.47004008293 58.129433 100.95873 -0.85888639 55.9777740331 101.997887194 -0.544200550586 2.38945265365 18.0301704709 0
123 5.49460101128 58.21235 101.09089 -1.0276822 55.8424269526 100.721655698 -0.780087399525 2.39851396079 14.1861370966 0
126 5.52499699593 58.152327 101.12822 -1.1869287 56.3156397443 100.898867578 -1.07673315817 1.85095181149 6.31373946808 0
129 5.49017190933 58.049715 101.26081 -1.3398137 56.7408873899 101.623074676 -1.31715406874 1.35803733683 1.29830123646 0
132 5.49809288979 58.024835 101.49733 -1.4943786 55.1545317813 101.596723183 -1.41566527873 2.8720236023 4.50994110011 0
135 5.51054382324 58.064001 101.65215 -1.6522241 56.4829490269 101.514759667 -1.63749680866 1.58701022212 0.843811637424 0
138 5.50866007805 58.104403 101.68885 -1.8037565 56.2555612019 102.389884491 -1.74924859217 1.97728737206 3.12307306855 0
141 5.49905014038 58.177183 101.78616 -1.9584038 56.4492973771 103.11126359 -2.02171415977 2.17749586678 -3.62741641453 0
144 5.58022499084 58.164815 101.89412 -2.1101089 57.1254206219 102.267413136 -2.00502154726 1.10439505563 6.02106179213 0
147 5.4729590416 58.333441 101.96561 -2.2758326 55.7505221021 102.122252775 -2.19172857633 2.58766438939 4.81880559662 0
150 5.49530291557 58.547547 101.97367 -2.4518694 54.9933220087 102.581759275 -2.21787042036 3.60586853 13.4071539438 0
153 5.53841590881 58.609003 102.09152 -2.5989269 55.1775162601 101.634949856 -2.49113936636 3.46172753724 6.17577076183 0
156 5.53873682022 58.561869 102.14088 -2.6173282 54.2390406829 102.242214105 -2.48748530403 4.32401587185 7.43944993862 0
159 5.58394598961 58.51155 102.01626 -2.5045701 54.5031306195 102.641254287 -2.34611163998 4.05685146248 9.07900098728 0
162 5.54433703423 58.437648 101.90068 -2.3721379 55.1492034768 101.959163048 -2.29547505155 3.28896452538 4.39245766149 0
165 5.51526713371 58.147744 101.95537 -2.2082701 54.3002094143 102.666737922 -2.05939077654 3.9127441404 8.53015689088 0
168 5.46999311447 58.037351 101.82492 -2.0566813 54.6772426578 102.828664603 -1.86007623652 3.50682638564 11.2646403684 0
171 5.45754218102 57.944091 101.71587 -1.9011295 54.6197102559 101.383190399 -1.80642585461 3.340985341 5.42611918515 0
174 5.45370006561 57.908577 101.57431 -1.7585036 54.3958595032 102.30997734 -1.60209192814 3.58892611341 8.96172866412 0
177 5.4471578598 57.841285 101.40683 -1.6171883 54.3797492804 102.254711043 -1.45742335477 3.56386472815 9.15385707559 0
180 5.43676996231 57.86028 101.30305 -1.4556073 54.2752991983 102.774809059 -1.29379559555 3.87532735082 9.27112774104 0
183 5.45406413078 57.788579 101.03213 -1.3093986 53.0838747486 101.458076507 -1.1655608696 4.72394671016 8.24129488647 0
186 5.47463393211 57.852229 100.87925 -1.1701135 54.1110154133 102.360577311 -1.06990451888 4.02380537585 5.74155168773 0
189 5.46037101746 57.956865 100.8248 -1.0236231 52.670922275 100.932579066 -0.84968678522 5.28704140504 9.96581674096 0
192 5.49775409698 57.906072 100.67156 -0.85835482 54.3707198247 101.197633199 -0.719367465423 3.57427867051 7.96338882294 0
195 5.49469995499 57.990597 100.53155 -0.72265365 54.4017054042 101.320171883 -0.582686905142 3.67451593571 8.01950375255 0
198 5.40844106674 58.042848 100.37669 -0.56279892 54.5755109289 102.763178106 -0.207027078635 4.20924599484 20.3842249798 0
201 5.44960904121 58.157277 100.32166 -0.41301063 54.5113087277 101.822857477 -0.0672904286232 3.94292765686 19.8083084313 0
204 5.46508693695 58.686264 100.08548 -0.29965148 54.2365282063 102.051355761 0.080272001766 4.86464964238 21.7680120431 0
207 5.4457628727 59.980629 99.666017 -0.30408986 55.4358005994 102.528687267 0.0473638170453 5.37125183231 20.1368123891 0
210 5.49147605896 61.363687 99.173884 -0.32636207 57.2664864392 102.622992184 -0.0973124397046 5.35568853676 13.123577115 0
213 5.46998620033 62.885593 98.69498 -0.37512441 59.8245865782 100.54341269 -0.1601125579 3.57581651163 12.3192716706 0
216 5.51560282707 64.287236 98.118834 -0.4012694 61.3069646984 99.3400797051 -0.213412348807 3.22078532396 10.7634161852 0
219 5.49445104599 66.572969 97.068508 -0.44319642 63.5233258424 98.990243872 -0.363212781556 3.60463481512 4.58272491295 0
222 5.49356484413 67.896132 96.441291 -0.47211549 65.0213192431 97.627856141 -0.361508767465 3.11006193201 6.33729838701 0
225 5.46992397308 69.150612 95.708615 -0.49267498 66.6350581477 97.8322537955 -0.453721175257 3.29208944557 2.23188860774 0
228 5.44085597992 70.465141 94.973778 -0.52461339 67.7325041249 96.6673884485 -0.47118827046 3.21490600833 3.0610338696 0
231 5.47402501106 71.675984 94.192345 -0.54871183 69.1078208545 95.7603456941 -0.499782053074 3.00900118292 2.80346971036 0
234 5.50703406334 72.999296 93.402727 -0.58180979 70.4172433722 95.2473855635 -0.520600506014 3.17328867083 3.5070336394 0
237 5.4879758358 74.284244 92.44261 -0.63095882 71.749230446 94.2931054697 -0.578435604996 3.13857088533 3.0093585462 0
240 5.50640892982 75.447368 91.599491 -0.66374929 73.4188240946 93.2652625606 -0.585600551962 2.62484004624 4.47759286383 0
243 5.45198106766 76.572595 90.665594 -0.69142624 74.0153878733 92.7409703042 -0.637282950784 3.2934017509 3.10218196106 0
246 5.48500990868 77.783785 89.658033 -0.71509647 75.5167484546 91.8498269414 -0.683084198127 3.15331815391 1.83416807097 0
249 5.48797988892 78.874801 88.696028 -0.74032963 76.9562485139 90.4121841026 -0.688690680862 2.57410866329 2.95869384407 0
252 5.46618795395 80.03236 87.613917 -0.7252394 77.7116079093 89.4320499174 -0.657075010723 2.9481345919 3.90553181863 0
255 5.44745612144 81.079285 86.604124 -0.70281223 79.0825005771 88.2352479933 -0.639165363441 2.57831602277 3.64669683309 0
258 5.48861598969 82.380517 85.593177 -0.66953842 80.1069588669 87.29930669 -0.616944889484 2.8425244245 3.01338732823 0
261 5.4703950882 83.553536 84.670161 -0.64546431 81.4984736793 87.7601999576 -0.583573062202 3.71101359489 3.54610728762 0
264 5.47712397575 84.753159 83.736184 -0.60820056 82.4620111374 85.2312914716 -0.578082008995 2.73581886825 1.72566585761 0
267 5.47283101082 85.938286 82.919631 -0.58097683 84.5233831304 84.9918784637 -0.540077429203 2.50921495318 2.3433630503 0
270 5.47724294662 87.249998 82.030848 -0.55954063 85.291337631 83.6316719793 -0.512394569838 2.52962207724 2.70127026798 0
273 5.47990894318 88.578333 81.141585 -0.52544337 85.8445625858 82.9796183557 -0.499585685223 3.29421725061 1.48153620569 0
276 5.48966002464 89.874585 80.458812 -0.49549775 87.9542122724 82.5562895756 -0.432313414153 2.84380793888 3.62019577536 0
279 5.5018799305 91.229191 79.664539 -0.46697991 88.7532202852 82.1131045924 -0.394874209 3.48222693701 4.1313523461 0
282 5.52200603485 92.640842 79.007823 -0.44436504 89.8954024577 80.7326949677 -0.380614784664 3.24231731723 3.65262057363 0
285 5.44829702377 93.942666 78.269838 -0.40450827 91.0993270278 80.3759777642 -0.364004650927 3.53841789749 2.32068642786 0
288 5.4260931015 95.385584 77.620959 -0.38607018 92.942871838 79.878349516 -0.295262023875 3.32605692196 5.2029240913 0
291 5.47473502159 96.747733 77.074345 -0.36376533 95.0962566927 79.9571183027 -0.299242555664 3.32231183195 3.69688265192 0
294 5.46226000786 98.250871 76.540386 -0.33417824 96.0973226599 78.8030952674 -0.225434149176 3.12371952679 6.2305774512 0
297 5.47091698647 99.752933 76.027378 -0.30758365 96.9001079806 78.8889653021 -0.204921591561 4.04070445328 5.88210266471 0
300 5.50759005547 100.00981 75.897783 -0.33361957 98.1789022596 78.7885188853 -0.195348722397 3.42177981646 7.92233599737 0
303 5.51369714737 98.714105 76.429985 -0.36219797 96.2816271552 79.2569676065 -0.207369953829 3.72944756271 8.87099187698 0
306 5.46900391579 97.284888 77.028291 -0.39087517 95.6176029326 79.8192033048 -0.252858420972 3.25100461228 7.90777722143 0
309 5.45815086365 95.817851 77.649213 -0.42317241 94.1747126688 78.8728455579 -0.27530134461 2.0487020799 8.47238795892 0
312 5.46429014206 94.571565 78.35291 -0.46228827 92.8708156908 79.3082092202 -0.284644527026 1.95067803925 10.1782367293 0
315 5.52156996727 93.13187 79.138887 -0.4938927 91.3629307036 80.4425436137 -0.344898207452 2.19742276337 8.53675559367 0
318 5.47993993759 91.836662 79.862922 -0.52529077 90.1401539793 80.5889880009 -0.359994378477 1.84534855844 9.47078560301 0
321 5.51815891266 90.529269 80.702102 -0.55721841 88.118925223 81.1495381742 -0.374359726687 2.45152121212 10.4770308011 0
324 5.48267006874 89.308886 81.573217 -0.59808232 87.2631463905 81.1377429461 -0.38331689701 2.09157553088 12.3051523227 0
327 5.46987390518 88.100372 82.484783 -0.6409076 85.8749084883 82.2408463795 -0.454747479851 2.23879273648 10.6661891982 0
330 5.48769307137 86.96204 83.432583 -0.67310863 84.6871938511 83.2541007928 -0.480225328321 2.28183717641 11.0513991247 0
333 5.44875621796 85.711036 84.448892 -0.70015711 83.9009571692 84.2046533437 -0.554313599166 1.82648238289 8.35621764017 0
336 5.44099497795 84.630521 85.38864 -0.74348817 81.5953568061 85.4091763372 -0.565541796931 3.03523366895 10.1955761565 0
339 5.43660902977 83.531548 86.470864 -0.76732045 80.5795954181 86.5693967179 -0.615094853981 2.95359657748 8.72188418574 0
342 5.48538088799 82.436303 87.632765 -0.79615086 79.1512658333 87.4650950137 -0.637533220757 3.28931336461 9.08812128494 0
345 5.47118902206 81.390428 88.717115 -0.83255466 77.6385733127 88.356609282 -0.659360207674 3.76913490969 9.92331115335 0
348 5.49617600441 80.091493 90.270385 -0.85191671 76.3097577081 88.5114438274 -0.633719998292 4.17077880819 12.5017506845 0
351 5.50423002243 79.121061 91.3195 -0.83027867 77.5676428381 92.0437185734 -0.713046220848 1.71394297683 6.71692455837 0
354 5.47830104828 78.091476 92.534394 -0.81038411 75.1905781013 90.8202805206 -0.633720306895 3.3694797282 10.1220903106 0
357 5.49318408966 77.093441 93.512556 -0.78090008 74.7555924701 92.8934423747 -0.637004539461 2.41843698071 8.24460716364 0
360 5.49584102631 76.051262 94.597058 -0.76703211 73.7721983372 93.5559725367 -0.599864776533 2.50559177062 9.5779826801 0
363 5.4870569706 75.027276 95.58972 -0.75132884 72.1595553751 94.0104689596 -0.555838122028 3.27381359138 11.2007930738 0
366 5.50252509117 73.852657 96.593273 -0.72312741 70.6618206035 96.0655534824 -0.567334639174 3.23418069971 8.926268247 0
369 5.68778395653 72.811015 97.559971 -0.70587276 69.3812002142 95.6186941572 -0.49617488608 3.94108934758 12.0148031485 0
372 5.42436313629 71.630899 98.505259 -0.68120937 68.939024876 98.5635118681 -0.535391801157 2.69250435395 8.35473127357 0
375 5.42606687546 70.538887 99.423882 -0.66641532 67.2489486731 99.4962323271 -0.516645698665 3.29073377296 8.58116720175 0
378 5.50518202782 69.331788 100.31013 -0.63648641 66.2716320453 99.1443726796 -0.444727184791 3.27468236584 10.9869942872 0
381 5.50032091141 68.205766 101.18772 -0.63190253 65.5256321967 101.279699717 -0.473592734157 2.68171166827 9.07048315741 0
384 5.45266604424 66.997353 102.01418 -0.604237 64.1764924557 102.601758264 -0.457371963736 2.88140632799 8.41474673598 0
387 5.42123413086 65.749881 102.79371 -0.58263231 63.3890480724 103.270902927 -0.406645716594 2.40857742288 10.0832890531 0
390 5.42354011536 64.390622 103.72927 -0.540005 61.8775190472 104.18108935 -0.411307662495 2.55339522521 7.37381427363 0
393 5.56797504425 63.066948 104.49561 -0.5165186 61.0414361795 104.408616524 -0.360013303282 2.02737909619 8.96709297339 0
396 5.47304797173 62.072466 105.11862 -0.50368551 59.4998631774 105.641256572 -0.362638922028 2.62515414204 8.0813742055 0
399 5.47694611549 62.084059 105.11634 -0.50537083 59.1702733482 105.855195884 -0.366325365268 3.00600313411 7.96671828959 0
402 5.47846889496 62.06969 105.12384 -0.50501376 59.2645531398 106.147258927 -0.359299637281 2.98599717083 8.34880424726 0
405 5.43156409264 62.088061 105.11683 -0.50531554 59.3093114658 105.886976153 -0.333605533465 2.88350031568 9.83825867461 0
408 5.4712100029 62.080145 105.11527 -0.50526072 57.7643486439 105.258339542 -0.29012845816 4.31816709739 12.3261706405 0
411 5.4571659565 62.084425 105.11388 -0.50526675 59.3622893156 107.092388866 -0.362709523428 3.36519241901 8.16792742169 0
414 5.40046787262 62.090561 105.10315 -0.50372534 57.8563990491 105.263578041 -0.302366055011 4.23720008762 11.5370371956 0
