3 12.7362070084 72.513547 45.80148 1.6808269 41.4210494174 101.418775885 1.24984544138 63.7183412171 -24.6934186271 0 0.002
6 12.7130200863 72.505015 45.806851 1.6805552 67.1184723164 132.633944177 -0.313480100112 86.9940167582 -114.249806897 0 0.004
9 12.78591609 72.51553 45.801787 1.6811119 26.7675622532 78.6861017836 0.0772548300208 56.340524596 -91.894241052 0 0.004
12 12.6318500042 72.511327 45.798497 1.6805172 55.9252895076 74.8440753226 2.13406014194 33.4476046944 25.9860964014 0 0.004
15 12.7310199738 72.518426 45.80176 1.6806948 67.05465152 22.8275265296 1.03433754046 23.6150002143 -37.0335430295 0 0.006
18 12.8039479256 72.509508 45.806599 1.6825332 103.862075025 53.8977499833 -0.94396705913 32.3797804702 -150.487379738 0 0.004
21 12.8335311413 72.510969 45.800989 1.6811293 37.7185762411 101.244460987 -2.03047559916 65.4560095016 147.340704058 0 0.004
24 12.7141392231 72.522343 45.818169 1.6838228 105.703293692 71.2615526419 0.524673261533 41.8131708912 -66.4143763787 0 0.006
27 12.7904071808 72.508499 45.799812 1.6808804 12.1832282853 128.619421207 -2.95767596506 102.460850846 94.2302972485 0 0.004
30 12.8200850487 72.523901 45.815543 1.6832165 65.7678308427 28.02872016 2.48865279933 19.0267062497 46.1481006181 0 0.002
33 12.8887860775 72.511009 45.802779 1.6808191 57.3529488359 100.825753723 0.754863230405 57.0727127029 -53.0533633431 0 0.008
36 12.9468998909 72.527172 45.853315 1.6851825 53.9014235273 103.330116336 0.0707247648693 60.4193776692 -92.5016144252 0 0.004
39 13.120456934 72.188088 49.017093 1.6798669 32.412958784 83.1175609815 -0.659651844951 52.3918201699 -134.044550177 0 0.012
42 12.9732689857 71.804616 53.279503 1.6643548 35.3867479022 87.600723676 2.66948543429 50.0420553682 57.5897432043 0 0.01
45 12.8120369911 71.568933 57.324136 1.642571 57.387299054 100.942100352 -2.58598349854 45.8655159741 117.721673793 0 0.008
48 12.8393640518 71.37336 61.652431 1.6431927 133.820856485 53.972632178 -0.256824809837 62.9179555225 -108.862984315 0 0.012
51 13.1140677929 71.165072 65.844712 1.6344026 70.5194928768 122.934576508 -1.8936482519 57.093514535 157.857576279 0 0.006
54 13.1426939964 70.960331 70.343426 1.6128178 46.5397782316 91.8064669474 -2.18131818313 32.5119289527 142.612021268 0 0.012
57 13.1166439056 70.885213 74.631613 1.6236159 86.0614096203 106.366404708 1.47758501381 35.176895096 -8.3669534572 0 0.008
60 13.2314400673 70.832043 79.069602 1.6124517 127.10283019 85.9192922769 1.09302608701 56.6861512887 -29.7608953954 0 0.006
63 12.8922300339 70.841819 83.283634 1.5826474 139.165384023 47.9619923804 -1.02271926796 76.9137692751 -149.276514158 0 0.008
66 12.7451870441 70.897044 87.066595 1.5142468 54.9607941555 107.197539056 -2.29321407028 25.6752598365 141.848561472 0 0.018
69 12.7433469296 70.898205 87.488163 1.2381173 37.5444776727 66.3075430318 0.361525114133 39.5106288087 -50.2250326043 0 0.008
72 12.7653980255 70.648486 87.373684 0.94938085 55.823153378 105.54409008 -2.49429261644 23.4511011354 162.692044352 0 0.022
75 12.7910599709 70.490448 87.162959 0.64684814 55.3059513688 106.993847668 3.11114690142 24.9766507622 141.193918489 0 0.018
78 12.8056840897 73.090524 88.460194 0.4660111 51.3522406336 106.248111249 2.94286631439 28.0884845403 141.91335025 0 0.016
81 12.7636508942 76.750616 90.291223 0.4640309 47.3423392144 108.313775292 3.02783986812 34.4914356705 146.895433351 0 0.026
84 12.7700221539 80.704264 92.172539 0.45240664 41.8707865619 109.061029059 2.98817227588 42.3469014972 145.28866877 0 0.026
87 12.7629098892 84.637734 93.972859 0.42386385 37.0115924524 109.626194008 -2.71784892592 50.1325867634 179.993117498 0 0.012
90 12.7530419827 88.678811 95.730817 0.41656148 95.4191728015 132.136403843 2.06684655045 37.0243059435 94.5543695303 0 0.008
93 12.7698349953 92.647535 97.41769 0.40779386 93.6258686503 89.6493498261 0.67071401817 7.82970279059 15.0642154121 0 0.01
96 12.7604548931 96.759828 99.128022 0.39320766 85.9180439681 135.31648335 2.24436398423 37.7776258638 106.063444597 0 0.018
99 12.7587320805 100.07577 100.58602 0.32958371 84.7507110204 140.249553934 2.15672548935 42.5212106705 104.687512529 0 0.024
102 12.8067400455 100.12714 100.52966 0.1390585 21.3404111473 112.169965384 2.68558795368 79.6419823506 145.905390102 0 0.014
105 12.807942152 100.08551 100.52401 -0.14356162 96.475304065 103.673710279 -0.182345841974 4.79105403243 -2.22217223082 0 0.016
108 12.9038748741 99.772178 100.71077 -0.40700642 96.4248930062 105.066760945 -0.517553838301 5.49353929128 -6.33390050469 0 0.008
111 12.7782158852 99.760338 100.7618 -0.66729138 76.0638274122 107.267083892 -1.66979088244 24.5732238941 -57.4389904535 0 0.032
114 12.8739979267 99.638101 100.95548 -0.8821311 75.9836099897 107.716853945 -1.98485209093 24.6018520153 -63.181258761 0 0.026
117 12.9444391727 99.549051 101.11221 -1.1251977 75.2490744244 107.968286741 -2.20764898249 25.2486563969 -62.0198900153 0 0.034
120 12.9604740143 100.80276 98.46873 -1.1938854 74.5680231261 106.309177233 -2.23658018651 27.3812715493 -59.7420105874 0 0.044
123 12.8591601849 102.35582 94.496879 -1.1822805 100.337887858 95.9352537452 -1.03621804183 2.47809847239 8.36876239842 0 0.032
126 12.6279129982 103.84912 90.431736 -1.1842505 102.200215076 92.3478479374 -1.16095058783 2.52791859144 1.33498663037 0 0.046
129 12.8453259468 105.46668 86.336829 -1.1831903 104.122694442 88.452325411 -1.19056882368 2.50631646922 -0.422758265887 0 0.042
132 13.2617609501 106.96067 82.891423 -1.1821311 105.287993578 84.4343133168 -1.16791103045 2.2756003477 0.814749969829 0 0.114
135 13.3079349995 108.13488 79.987125 -1.1809983 106.32541135 81.7393736035 -1.17743619222 2.51883940806 0.204093741894 0 0.186
138 12.9841821194 109.11096 77.465416 -1.174964 107.639346211 79.5627738667 -1.1613846864 2.56213917768 0.778037358209 0 0.3
141 13.6881799698 110.00241 75.115832 -1.1797573 108.423498992 77.1002279471 -1.16885382382 2.5358996916 0.624723167278 0 0.314
144 14.1744208336 110.9669 72.896666 -1.1819268 110.341584057 74.9883120321 -1.13814579463 2.18311775946 2.50846683079 0 0.448
147 14.0669879913 111.79529 70.750926 -1.1680053 109.7460284 73.9138093981 -1.15165484088 3.76872717161 0.936812300764 0 0.286
150 13.199835062 112.62755 68.634671 -1.166408 110.525922541 71.4150847525 -1.17470750566 3.48533192275 -0.475526646608 0 0.484
153 13.0539138317 113.50263 66.493746 -1.1746568 111.579861365 69.0993841304 -1.18545217985 3.23826949036 -0.618529703779 0 0.536
156 12.8948178291 114.39844 64.423702 -1.1690506 112.796840297 67.8054656213 -1.17212718597 3.74185071825 -0.176275391505 0 0.59
159 13.0386331081 114.9392 62.935672 -1.1627449 113.843221502 66.2561687308 -1.15509329698 3.49669378241 0.43840455942 0 0.602
162 12.7914700508 115.58582 61.52951 -1.1720902 114.282369597 64.9091212577 -1.1636331269 3.62225830218 0.484554595378 0 0.608
165 12.8274571896 116.16312 60.165609 -1.1710096 114.635845186 62.6742200794 -1.16705903477 2.93695384827 0.226350714609 0 0.654
168 12.7758369446 116.71267 58.758483 -1.1690165 115.007253432 61.6011360235 -1.17944978448 3.31498444684 -0.597783167199 0 0.578
171 12.8108570576 117.29804 57.404001 -1.1730259 115.115721021 60.1378887202 -1.17657759031 3.49809350844 -0.203496865098 0 0.64
174 13.0775420666 117.3062 57.346669 -1.1782941 115.22827516 60.0491737026 -1.22306918271 3.40900327196 -2.56542326674 0 0.612
177 13.6376929283 117.30973 57.394113 -1.1925087 115.124772615 60.0828315362 -1.25502925906 3.46457012327 -3.58216416695 0 0.524
180 13.5655150414 117.3509 57.478875 -1.2542253 114.901918946 60.2518312755 -1.31719914308 3.69956682734 -3.60813542823 0 0.552
183 13.2258889675 117.31554 57.561663 -1.3141336 115.081379397 60.039294189 -1.36726708108 3.33618493303 -3.04432421653 0 0.532
186 13.1109580994 117.31761 57.625945 -1.389572 115.532689318 61.3049610109 -1.42502719239 4.08914424417 -2.03143288581 0 0.504
189 13.0755541325 117.34247 57.653648 -1.4539696 114.235399973 60.1706864673 -1.49196566849 3.99867062907 -2.17701436236 0 0.46
192 12.9483921528 117.36058 57.739095 -1.5147103 115.899722303 60.1468573835 -1.55389279581 2.81627855618 -2.24499164098 0 0.466
195 12.8702549934 117.34118 57.80351 -1.5718326 114.871977258 59.7421007757 -1.61035148596 3.13928278057 -2.20696959701 0 0.44
198 12.998103857 117.32521 57.826191 -1.6475747 115.087760856 60.1794909356 -1.65575185652 3.24718328093 -0.468516557059 0 0.426
201 13.2780380249 117.28663 57.948056 -1.7072698 115.517285053 59.9686672165 -1.72088835706 2.68578689242 -0.780285842694 0 0.356
204 13.3163039684 117.37131 58.006137 -1.7818651 115.60769566 59.7402287514 -1.77939843644 2.47333979555 0.141329411263 0 0.354
207 13.6110749245 117.40314 57.989067 -1.8555926 116.21686705 59.6908891888 -1.83842143298 2.07447397509 0.983835399834 0 0.352
210 13.0459439754 117.02719 57.008887 -1.8977403 115.711989625 59.0730831322 -1.84030839153 2.44758201068 3.29060596495 0 0.29
213 12.9572739601 116.38504 55.250118 -1.9095407 115.394681656 56.9735447746 -1.88010622227 1.98771464185 1.68647134632 0 0.416
216 12.946598053 115.67443 53.450651 -1.9075572 115.633099576 55.6350445405 -1.84998241074 2.18478450734 3.29879243099 0 0.392
219 13.106951952 115.02136 51.574537 -1.9165104 114.612510991 53.7563571394 -1.910125952 2.2197965295 0.365801925136 0 0.482
222 13.1806249619 114.35753 49.684701 -1.9233127 113.942017573 51.8536463821 -1.89342651425 2.2083873409 1.71235230935 0 0.47
225 14.0627379417 113.59486 47.870819 -1.9110101 113.041078705 50.1076717753 -1.87040463525 2.30438366182 2.32652175536 0 0.59
228 14.1257629395 112.87829 45.986656 -1.9118326 112.325902452 47.783706944 -1.90131069972 1.88003300449 0.602860478641 0 0.418
231 13.2226681709 112.17059 44.128463 -1.9122248 111.909131804 45.8695120406 -1.93349006243 1.7605715408 -1.21840978748 0 0.38
234 13.9424388409 111.43202 42.277019 -1.9027456 110.749709841 44.0548449929 -1.93222903649 1.90426164546 -1.68927647614 0 0.49
237 12.884073019 110.82393 40.37458 -1.9174412 110.006890585 42.5263494123 -1.91151648367 2.30166570338 0.339461240426 0 0.432
240 13.5675990582 110.14399 38.567468 -1.912432 109.620335136 40.9730630066 -1.91179648769 2.46193049296 0.0364121732304 0 0.416
243 14.1821200848 109.42625 36.696167 -1.9074722 109.038728294 38.7517532992 -1.91161093432 2.0917954265 -0.237132009115 0 0.532
246 13.3446838856 108.96452 35.308972 -1.917648 108.379219714 37.5164244299 -1.90584675514 2.28372998739 0.676161523262 0 0.612
249 13.3663880825 108.91335 35.330429 -1.9171391 107.435551047 38.0226102811 -1.955019944 3.07111214321 -2.17041248569 0 0.514
252 13.398761034 108.9585 35.348205 -1.9450374 107.653299404 37.8768575069 -1.98477634434 2.84563386562 -2.27687379323 0 0.47
255 13.6102330685 108.97674 35.368834 -2.0165302 109.054779508 37.6080480468 -2.03798288999 2.24057352302 -1.2291485958 0 0.516
258 12.9215478897 108.99865 35.397074 -2.0803106 108.69608076 37.3938667531 -2.1179932429 2.01958645364 -2.15905639931 0 0.55
261 13.3900539875 109.05048 35.474836 -2.159245 108.596768541 37.5401374386 -2.16283331102 2.11455057176 -0.205595076843 0 0.516
264 13.9149169922 109.09365 35.518169 -2.2238592 109.410036354 37.3268444017 -2.20372872024 1.8361391651 1.15339152988 0 0.46
267 13.2453010082 109.14301 35.568827 -2.2920109 108.005811417 37.8503972992 -2.27984772784 2.54927119935 0.696898430193 0 0.428
270 13.7351248264 109.24021 35.586114 -2.3597618 109.628878035 37.687161292 -2.36417825784 2.13669430768 -0.253044394726 0 0.444
273 13.1656649113 109.32691 35.57971 -2.4292889 108.597639033 38.0748371887 -2.40728522065 2.59951838456 1.26071796027 0 0.464
276 13.7411680222 109.34422 35.612178 -2.4970016 107.849298519 37.6230164999 -2.49676273846 2.50564596611 0.0136857579362 0 0.418
279 13.6431639194 109.45255 35.562283 -2.5751384 107.353394408 37.6657968297 -2.51776785599 2.97173764472 3.28709003994 0 0.384
282 13.2808020115 109.51035 35.610832 -2.6455993 109.315324908 37.1777179172 -2.55434517137 1.57897633419 5.22847643382 0 0.414
285 12.9611561298 109.52669 35.619453 -2.7060079 109.233796633 37.091018362 -2.63655282325 1.5004303179 3.97948276331 0 0.388
288 13.2484250069 109.56751 35.667144 -2.7779359 108.867461237 37.1507569404 -2.6399956399 1.64048030367 7.90339472845 0 0.342
291 13.4758360386 109.58407 35.725569 -2.8421247 110.029998184 36.8021424134 -2.72056900862 1.16527347004 6.96462809174 0 0.334
294 13.0161619186 109.62066 35.728072 -2.9074408 108.198866521 37.1571173219 -2.82411756387 2.01585397006 4.77406976562 0 0.336
297 12.8436141014 108.40689 35.538158 -2.9474042 107.667742246 37.0896365149 -2.91331154967 1.71855316589 1.9533649764 0 0.32
300 12.8781960011 106.63579 35.154474 -2.9731605 105.796666228 36.361687486 -2.89501824221 1.4702017225 4.47722157288 0 0.408
303 12.9512710571 104.74277 34.838538 -2.9724974 103.751288382 36.8107782955 -2.90528425331 2.2074346155 3.851029633 0 0.366
306 12.9991960526 102.71686 34.507066 -2.970186 101.778367819 35.4721102636 -2.91324328152 1.34613446718 3.26257744277 0 0.356
309 13.0276181698 100.87602 34.149296 -2.9774562 100.643142593 35.5378089696 -2.86933442241 1.40790630131 6.19492152924 0 0.376
312 13.3365280628 98.917573 33.856952 -2.9648121 97.9519314505 35.0599395762 -2.87930943095 1.54260905955 4.89894207395 0 0.442
315 13.4883711338 96.872255 33.519705 -2.9713846 96.1664453446 34.5972230824 -2.90970559321 1.28810422229 3.53394677368 0 0.538
318 13.3551449776 94.700759 33.157106 -2.9752463 94.0622136761 34.3800604571 -2.89225055769 1.37962231605 4.75530575191 0 0.492
321 13.9904339314 92.656194 32.878926 -2.9695623 92.2238394505 34.019718631 -2.95014374871 1.21997470605 1.11260103306 0 0.48
324 14.2072479725 90.628889 32.525228 -2.9736018 90.138529014 33.5834311158 -2.93596290311 1.16629616739 2.15654993761 0 0.59
327 13.4216659069 88.510396 32.191288 -2.9695852 87.4205439864 32.9410795179 -2.96457515213 1.32286232532 0.28705459792 0 0.572
330 13.2728950977 87.334812 32.006658 -2.9896435 86.2974475713 33.1983549635 -3.00000202749 1.57995778767 -0.593499907187 0 0.522
333 13.600030899 87.328365 31.983283 -3.0015998 86.3982319785 33.6212955792 -3.03191508927 1.88367530306 -1.73693812969 0 0.53
336 13.2339601517 87.328448 32.00285 -3.0442403 86.2455113434 33.3556510158 -3.08589770126 1.73286536995 -2.38679327787 0 0.55
339 13.4497668743 87.480424 31.977098 -3.121648 86.4378215443 34.0066456507 -3.04034144997 2.28168436621 4.65852216357 0 0.486
342 13.2623720169 87.509332 32.088761 3.0972389 86.6917650243 33.8904772016 3.11588989876 1.97853406108 1.06862351241 0 0.498
345 13.7233431339 87.537767 32.004513 3.0032565 86.4762365448 33.4637226268 3.06159198051 1.80447766467 3.34237682884 0 0.396
348 14.1255638599 87.588829 31.971963 2.902116 86.3668764281 33.3489646708 2.91105125822 1.84100561902 0.511952584832 0 0.372
351 13.0478651524 87.696053 31.883789 2.7788249 86.4351921527 33.9533118606 2.93895418614 2.42336438586 9.17473227237 0 0.34
354 14.0028328896 87.777704 31.698119 2.6376296 85.9718378372 33.158789378 2.76258665032 2.3226516207 7.1595116037 0 0.28
357 13.5090348721 87.896098 31.65995 2.4917922 86.0373351429 33.4247525869 2.75847835721 2.56310895782 15.2799912627 0 0.182
360 13.9655499458 87.958395 31.594625 2.366513 86.1227219156 33.700674922 2.53462317663 2.79376841323 9.63200361388 0 0.212
363 13.6212539673 87.964094 31.460561 2.2184109 86.2717497581 33.8901300317 2.44459628143 2.96088411 12.9594677438 0 0.274
366 14.0046749115 87.708527 31.831987 2.1125682 85.1201685395 34.5174719473 2.23808776057 3.72980279937 7.19174106699 0 0.238
369 13.2298679352 86.721318 33.612273 2.0920166 84.6733821207 35.9276685299 2.28372476422 3.09113212686 10.9840687081 0 0.296
372 13.2366981506 85.724716 35.405361 2.0873093 84.6039821828 36.3366299472 2.08681311638 1.45715686905 -0.0284292273051 0 0.3
375 13.6868069172 84.755772 37.248267 2.0862059 83.5153948654 38.6632880074 2.10472246723 1.88170664224 1.0609211534 0 0.414
378 13.7796189785 83.690185 39.149374 2.0868314 81.9792474858 40.1065553763 2.1104413856 1.96048549205 1.35275252948 0 0.458
381 13.107434988 82.666747 40.97523 2.090975 81.1807031432 41.7552187906 2.13114358986 1.67830535295 2.30149066795 0 0.484
384 13.027228117 81.635815 42.877142 2.0910396 79.8678937814 43.9026472627 2.0978087599 2.04382153796 0.387844293363 0 0.498
387 13.3895139694 80.624097 44.699122 2.0805048 78.8036987219 44.8090694478 2.11303144718 1.82371552938 1.86363960522 0 0.534
390 13.2366220951 79.602515 46.546403 2.0762437 78.0889822256 47.4178076465 2.10513998059 1.7464614273 1.65563492161 0 0.61
393 13.2744269371 78.599692 48.40129 2.0808805 76.9304398673 48.9978868285 2.08564981048 1.77266196952 0.273261361654 0 0.574
396 13.6247899532 77.532669 50.298142 2.0919608 75.9990006705 51.1077700106 2.10618761029 1.73425374746 0.815136185748 0 0.6
399 13.724822998 76.53881 52.074716 2.0854653 74.9330755985 53.0484246132 2.08317816002 1.8778954794 -0.13104346822 0 0.668
402 13.3769550323 75.533974 53.92833 2.0838411 73.9150951949 54.5572471424 2.09990958155 1.73675138043 0.92065617595 0 0.7
405 13.1745078564 74.451304 55.860797 2.0823704 73.193972621 56.1327110085 2.09989634222 1.28639784845 1.00416252147 0 0.62
408 13.2192661762 73.464188 57.689364 2.0801622 71.203027675 58.1393485692 2.12763636616 2.30550040726 2.72006935662 0 0.486
411 14.2856519222 72.461178 59.521835 2.0808323 70.175922717 60.1545080711 2.13128987875 2.37121633834 2.89100630709 0 0.572
414 13.3927240372 71.469371 61.42577 2.0898858 69.1744481131 62.0496260038 2.10177058936 2.37820675515 0.680948270965 0 0.604
417 13.0988368988 70.386885 63.322712 2.0827703 68.0962265075 63.7366431337 2.11536789564 2.32775757169 1.86770465253 0 0.654
420 14.2005767822 69.38246 65.186025 2.0922796 66.7186816161 65.3465100186 2.10590011285 2.66860838631 0.780397900824 0 0.592
423 14.6232600212 68.400253 67.014087 2.0893798 65.5588087943 67.4726369527 2.12097110718 2.87820660015 1.81004857079 0 0.706
426 13.3798868656 67.30799 68.901204 2.089526 64.4983995503 68.7917298449 2.12188157753 2.81172244108 1.85383803593 0 0.708
429 13.1983759403 66.315197 70.741557 2.0869248 63.5219636992 70.5977660024 2.12197865991 2.79693191262 2.00843822854 0 0.638
432 12.8777308464 65.281228 72.464006 2.0745737 62.4658654435 72.3072550195 2.09940752646 2.81972289315 1.42287344509 0 0.732
435 13.220074892 64.283593 74.421326 2.0918621 61.0717984157 74.4722708042 2.11840891736 3.21219859672 1.52102059426 0 0.728
438 13.4223771095 63.28447 76.191493 2.091939 60.1566645258 75.9347400874 2.11930948511 3.13832585033 1.56821328022 0 0.782
441 13.8403151035 62.204887 78.125252 2.0893553 59.2369742249 77.9701880478 2.12640376293 2.97196081227 2.12272056331 0 0.78
444 13.3014998436 61.273659 79.948227 2.0960183 58.3741379148 79.9901575583 2.1254516786 2.89982425246 1.68640837047 0 0.746
447 13.1462309361 60.19879 81.787566 2.089809 57.0701397521 81.4802455185 2.11799110865 3.14370772374 1.61471588347 0 0.774
450 14.1375260353 59.161438 83.629466 2.0974137 56.4367062165 83.5270647684 2.09173659263 2.72665533288 -0.325274291887 0 0.676
453 13.6844408512 58.11891 85.485673 2.0964985 55.9485228996 85.7390175846 2.08722890382 2.185123256 -0.531108739096 0 0.694
456 13.4773750305 57.036783 87.336936 2.0992423 54.123769657 87.5870399579 2.08576251664 2.9237302759 -0.772334695393 0 0.674
459 13.6183550358 56.357629 88.602308 2.124456 54.2421105474 88.9608617441 2.11190328734 2.14568849337 -0.719217456604 0 0.672
462 13.4264400005 56.200217 88.720884 2.2094598 54.4721050651 88.6134290803 2.20434363208 1.73144951394 -0.293134829107 0 0.596
465 14.0143938065 56.199637 89.07416 2.3631742 53.356359637 88.5205713014 2.35469884132 2.89666819125 -0.485602282364 0 0.544
468 13.7361519337 56.109511 89.161307 2.4869631 52.9289412329 88.1915282946 2.46796838926 3.32513079156 -1.08831675843 0 0.514
471 13.6201350689 56.023191 89.233423 2.608836 52.9862572401 88.8904129894 2.61603762917 3.0562432052 0.412622956842 0 0.492
474 12.9503250122 54.873312 89.789936 2.6823278 51.733197382 89.4745942678 2.70072674453 3.15590877911 1.0541818692 0 0.508
477 13.0316588879 52.997249 90.667048 2.6986067 49.7560230084 89.9632821643 2.72002117449 3.31675025896 1.22695900891 0 0.63
480 13.012980938 51.122563 91.609157 2.7018871 47.542829051 90.7960162868 2.710467091 3.67092535538 0.491597272394 0 0.614
483 12.9626441002 49.137432 92.566213 2.7007601 46.557561098 91.6550381133 2.71123044132 2.73605072046 0.599906367873 0 0.452
486 13.4349360466 47.308569 93.452781 2.7003868 44.7687043355 93.0321067154 2.73907694941 2.57446681231 2.21678227 0 0.576
489 14.036262989 45.360782 94.336008 2.7008969 42.5052083911 93.2131627022 2.72809382339 3.06840059295 1.55826892599 0 0.652
492 13.2750871181 43.468079 95.251019 2.7064338 40.8715786471 94.1643485587 2.73241922696 2.81472320669 1.48885529379 0 0.66
495 13.0908248425 41.590918 96.131677 2.7064065 38.4358035682 94.8629679806 2.72646512081 3.40064253542 1.14927431505 0 0.624
498 13.5080900192 39.606214 97.06058 2.704478 36.4643114975 96.2608086384 2.72546044594 3.24209586012 1.20220559623 0 0.656
501 13.7230122089 37.718719 97.944153 2.696243 34.6857519541 96.6518223149 2.72550586225 3.29681781434 1.6766385035 0 0.674
504 13.9432249069 35.769603 98.891663 2.7044976 32.7155876941 97.3548088708 2.74954761774 3.41890773535 2.58117588364 0 0.66
507 14.1014950275 33.862509 99.822852 2.7013631 31.4728835381 98.8760706436 2.71412866855 2.57035110146 0.731413200961 0 0.56
510 13.2918989658 31.979521 100.73965 2.7066945 28.9928802865 99.2741367209 2.73512041189 3.32682309761 1.62868478011 0 0.53
513 13.7138419151 30.015598 101.64307 2.7044148 27.2870932927 100.645730985 2.70904166317 2.90506851028 0.265099732225 0 0.476
516 13.2894499302 28.083667 102.5122 2.7038251 25.604218734 101.318655026 2.69514364654 2.75176548963 -0.497410643566 0 0.542
519 12.9660828114 26.231599 103.44351 2.6987262 23.4145910122 102.298086857 2.72569748179 3.04097487327 1.5453406146 0 0.572
522 12.9429709911 24.326425 104.3449 2.7056645 21.4415716824 103.635328075 2.71186842551 2.97083674757 0.355458748377 0 0.56
525 13.2112829685 23.072168 104.95788 2.6888385 19.9882782162 103.707977039 2.68216477265 3.327556703 -0.382376410831 0 0.64
528 13.7497010231 23.059574 104.94595 2.6093304 19.4840675062 105.175482403 2.58136945812 3.58286642379 -1.60204396065 0 0.62
531 13.0588231087 23.148655 105.02795 2.4881616 19.0858860997 104.669748893 2.46635059882 4.07852904489 -1.24967831454 0 0.606
534 13.2566399574 23.15609 104.97342 2.3614352 18.8627058724 104.292357039 2.33991990182 4.34706728997 -1.23273578088 0 0.56
537 13.4891440868 23.189116 104.80794 2.2179164 19.1853615092 104.701914081 2.20387736551 4.00515811394 -0.804377424926 0 0.582
540 13.2552390099 23.170444 104.45908 2.0515088 19.0768182292 104.531638033 2.07497444446 4.09426875269 1.34448239089 0 0.564
543 12.8922879696 23.203193 104.36781 1.9241471 19.2553087224 104.065172168 1.97426723088 3.95946712668 2.87167196813 0 0.5
546 13.2083439827 23.268475 104.40083 1.8086424 19.4400093553 104.101065692 1.8000731492 3.84018330722 -0.49098190444 0 0.58
549 13.2296409607 23.269141 104.3114 1.6661585 18.9572033333 104.497126082 1.66867010286 4.31593565978 0.143904243537 0 0.538
552 13.1596300602 23.273746 104.22596 1.531085 19.4860173375 104.127775025 1.56004554031 3.78900101743 1.65931673241 0 0.556
555 13.5586411953 23.201513 103.9692 1.3630267 19.4435292436 104.21205942 1.41872482298 3.76582296598 3.19126737369 0 0.466
558 12.9746899605 23.573375 105.47089 1.3112874 19.7345998593 105.76270981 1.32895349699 3.84985108578 1.01219279805 0 0.53
561 12.8819520473 24.091257 107.45193 1.3021436 19.5901458284 106.823439964 1.36154047658 4.54477738778 3.40319034432 0 0.356
564 13.0086448193 24.69734 109.54228 1.2971878 20.700192124 108.460636665 1.30384187883 4.14091094395 0.381250633647 0 0.424
567 13.2651131153 25.24514 111.62222 1.291934 21.4655880996 111.281215811 1.32496942413 3.7949040074 1.89279037709 0 0.582
570 13.5653510094 25.838263 113.71051 1.2925571 21.7737810265 113.548186084 1.2818917963 4.06772206115 -0.611076888965 0 0.632
573 13.6444718838 26.485855 115.66064 1.2984976 22.617455512 115.504440079 1.3333567066 3.87155175787 1.99727968552 0 0.69
576 13.3112039566 26.666562 116.70228 1.2516028 22.6948714514 116.924116458 1.30617269135 3.97788099715 3.12662446256 0 0.676
579 13.7812869549 26.671044 116.66524 1.1445574 23.0061046037 116.088561683 1.16077800133 3.71003216432 0.929371997383 0 0.648
582 14.1003241539 26.68282 116.71548 1.0360889 22.5894651566 116.295591942 1.01749616628 4.11483412243 -1.0652851715 0 0.648
585 13.2432360649 26.598988 116.54426 0.86252405 22.3781041581 116.423438632 0.872009976606 4.22261272321 0.543503559289 0 0.616
588 13.2099490166 26.490987 116.49462 0.72378221 22.4637998897 116.056385114 0.747655942765 4.05096110032 1.36786412865 0 0.626
591 13.3478121758 26.414554 116.44154 0.58967497 22.4610825228 115.898254271 0.630037567244 3.99062602917 2.31260647226 0 0.608
594 12.9852030277 26.30131 116.37003 0.43724496 21.7902863953 116.396219004 0.505195650085 4.51109962498 3.89328775688 0 0.572
597 13.606719017 26.176025 116.35464 0.31453037 22.0550003796 116.436494759 0.370179038048 4.12183746929 3.18843381465 0 0.51
600 13.2089898586 26.088883 116.46581 0.14702743 22.071914385 115.800878368 0.251293328703 4.07163000883 5.97399594281 0 0.49
603 12.8769650459 25.977812 116.45377 0.019989929 22.8345254443 116.308253338 0.123175301197 3.14665305847 5.91208633436 0 0.496
606 13.0687410831 25.890585 116.45549 -0.11586106 22.4731889857 116.222504702 -0.0462463563168 3.42532884082 3.9886287131 0 0.466
609 13.6213691235 27.617035 116.21759 -0.13548047 24.3315839108 116.167387911 -0.0634431269072 3.28583461376 4.12743572655 0 0.522
612 14.1027419567 29.732468 115.90829 -0.14344069 26.353283854 115.291763273 -0.0990158123235 3.43496589469 2.54535799625 0 0.528
615 13.0600471497 31.744289 115.6014 -0.14068963 27.9099845876 115.109305027 -0.116038219895 3.86575319813 1.41242175808 0 0.566
618 13.4601008892 33.87565 115.27561 -0.13567301 30.4860743776 114.778536709 -0.105465081913 3.4258290612 1.73078678724 0 0.57
621 13.8285179138 35.936054 114.9269 -0.14240112 32.8422565361 114.542914701 -0.100468468534 3.11753547808 2.40256395278 0 0.642
624 13.4103150368 38.113735 114.67885 -0.14674677 34.5585239987 114.772781468 -0.119462905918 3.55645165639 1.56325026069 0 0.616
627 13.691920042 40.163768 114.30534 -0.14012204 36.4583786738 114.568770597 -0.0957804073048 3.71474167853 2.54058841015 0 0.662
630 14.0159480572 42.346763 113.98058 -0.16006212 39.1162836642 114.516921024 -0.0806684077406 3.27469974709 4.54892463234 0 0.73
633 13.0816571712 44.341947 113.67079 -0.15507802 40.7180024444 114.552284212 -0.0833992637841 3.72961206944 4.10689021192 0 0.67
636 13.4964408875 46.544067 113.30502 -0.15009707 42.7641485496 114.464675124 -0.0838098043472 3.95380620402 3.79798055737 0 0.71
639 13.2991449833 48.557097 112.97025 -0.14631805 44.8609743649 114.161823315 -0.0782520442581 3.88344814559 3.89989485733 0 0.69
642 13.031924963 50.586062 112.64729 -0.14866611 47.7653468677 114.164175778 -0.0809666503835 3.20271389939 3.87889331134 0 0.694
645 13.9752318859 52.747394 112.3225 -0.14488479 49.7027339896 113.944130448 -0.0704402204053 3.44958546626 4.26535964544 0 0.716
648 13.5706551075 54.919709 111.95097 -0.14565598 51.3957236074 114.163587094 -0.0577106092302 4.16102721142 5.03889857282 0 0.72
651 14.5607061386 56.9199 111.70562 -0.14317608 53.8583868829 113.752628363 -0.0775765367401 3.68281221393 3.75857696678 0 0.68
654 13.4403147697 58.963864 111.32719 -0.14485493 56.3477543769 113.606966021 -0.046564753049 3.47007323615 5.63161230689 0 0.646
657 13.5483539104 61.070196 111.0267 -0.15209978 58.044688787 112.381439315 -0.121337198058 3.3149679497 1.76256611221 0 0.604
660 13.7509400845 63.25691 110.67843 -0.1447313 59.7482243124 111.663411466 -0.114811694067 3.64431937981 1.71426714466 0 0.666
663 13.4835300446 65.338645 110.4192 -0.14848438 61.4257367615 111.628895101 -0.129148234492 4.09563342116 1.10787952965 0 0.646
666 13.9898879528 67.412523 110.08404 -0.1445869 63.5780007311 111.583357355 -0.114389481328 4.1172215827 1.73018464212 0 0.748
669 13.0202620029 69.507235 109.73429 -0.15139682 66.0823058682 111.53384161 -0.117545853178 3.86891787922 1.93951753132 0 0.79
672 13.2499070168 71.647859 109.39116 -0.14906575 68.193558798 110.935464029 -0.121561203578 3.78378974293 1.57589442742 0 0.714
675 13.0057981014 73.702975 109.06139 -0.1559357 70.171008116 111.131220659 -0.0908114014236 4.09377442279 3.73134745218 0 0.714
678 13.3957979679 75.754203 108.72815 -0.15045699 72.1941008554 110.247075689 -0.135326102828 3.87058942911 0.86693597525 0 0.728
681 13.8002429008 77.860742 108.43703 -0.15243836 74.6241473254 109.490670753 -0.143230565886 3.40377788987 0.527567741343 0 0.718
684 13.4113140106 79.97813 108.08555 -0.15170568 76.0719911863 109.156057295 -0.157886743884 4.05017361358 -0.354148873462 0 0.71
687 13.1669969559 82.120618 107.73965 -0.14888428 78.2289502523 108.833207196 -0.136580776472 4.04239349873 0.704938825376 0 0.76
690 13.6178581715 84.192494 107.42985 -0.14593359 80.9275703418 108.573172804 -0.132330064677 3.45932269792 0.779424587527 0 0.76
693 14.1013820171 86.28045 107.15458 -0.15823172 82.4696825131 108.499662605 -0.12664249635 4.04118745607 1.80992919326 0 0.64
696 14.5548000336 88.385341 106.75858 -0.15035877 84.6695530706 108.654462221 -0.115162590326 4.17150444481 2.01659255029 0 0.68
699 13.2922389507 90.512184 106.42958 -0.15443508 87.0366201848 108.502611675 -0.0951939118769 4.04685114096 3.39426890688 0 0.764
702 13.1803348064 92.541412 106.11165 -0.15857271 89.3131957883 108.364442137 -0.115706122149 3.93655335537 2.45607456601 0 0.726
705 13.8826990128 94.624435 105.7799 -0.14991569 91.0108899001 108.566682864 -0.107404127129 4.56331753455 2.43573313301 0 0.718
708 13.3511071205 96.812614 105.41142 -0.16008539 93.1389786188 107.417738233 -0.122127560847 4.18579858155 2.17482340995 0 0.722
711 13.9900679588 98.833392 105.05687 -0.15857643 95.3646357628 107.092241389 -0.128999163825 4.02181632152 1.69465252137 0 0.64
714 13.7116239071 100.9283 104.72764 -0.15390186 96.9343868848 107.086855932 -0.121651553115 4.63866810448 1.84780647249 0 0.468
717 12.9842860699 103.02648 104.38009 -0.15580909 99.1695075832 106.861448928 -0.121658463612 4.58621612608 1.95668675975 0 0.598
720 12.8609998226 103.56436 104.3046 -0.21764658 99.5722013388 106.976998493 -0.184295394968 4.80406541203 1.91088214408 0 0.588
723 12.7680230141 103.46604 104.39779 -0.32798619 99.513646235 106.814718156 -0.291546712156 4.63281320427 2.08782828812 0 0.57
726 13.857724905 103.43166 104.43448 -0.46455789 99.3999599321 106.858191788 -0.421723786571 4.70414543458 2.4542133457 0 0.56
729 12.8274908066 103.35806 104.51276 -0.60050128 99.5372781874 107.399316177 -0.559994168169 4.78858854174 2.3208865482 0 0.534
732 12.9514300823 103.30537 104.5712 -0.75278089 100.543451419 106.738892219 -0.670951621122 3.51099470296 4.68847174735 0 0.364
735 13.0697450638 103.24477 104.73622 -0.88717849 99.9495521284 107.429190099 -0.816830085855 4.25564904271 4.030666653 0 0.448
738 13.0791368484 103.11543 104.83266 -1.0218313 100.395477044 106.495729336 -0.931886424557 3.18809405454 5.15346175174 0 0.382
741 12.871183157 103.3336 104.43355 -1.1359167 100.094750315 106.442940693 -1.05404285493 3.81153489276 4.69102577475 0 0.342
744 13.9395589828 104.18264 102.5184 -1.1499809 101.385481406 104.64166807 -1.09118867238 3.51174650248 3.36854651088 0 0.516
747 13.4510469437 105.02068 100.61649 -1.1544373 102.650302708 102.817875945 -1.07563976314 3.23493254727 4.51476629835 0 0.606
750 13.5175490379 105.97315 98.645528 -1.1675657 104.210967879 101.163046104 -1.07143711962 3.07297628214 5.50776194635 0 0.632
753 13.4984879494 106.66644 96.709247 -1.154133 104.442142593 98.7031286095 -1.08177562959 2.98714961612 4.14577194123 0 0.608
756 12.9515089989 107.65453 94.805864 -1.1707179 105.137905113 97.2848727471 -1.11274515201 3.53254655846 3.32159378673 0 0.656
759 13.9945049286 108.36584 92.821603 -1.1639211 106.207062976 94.9902477737 -1.12245146326 3.05995725327 2.37603516315 0 0.646
762 13.3149878979 109.18739 90.932737 -1.1605274 107.156106168 92.6730283574 -1.1334471377 2.67483233362 1.55158473776 0 0.646
765 13.1674129963 110.00551 88.971931 -1.1631703 108.032036098 90.2803545048 -1.13150532989 2.36781994843 1.81426914593 0 0.688
768 13.184882164 110.83946 87.051439 -1.1600004 109.067910501 88.370839372 -1.12296343705 2.20889224953 2.12206166306 0 0.664
771 13.4632329941 111.68317 85.129972 -1.1502451 109.876134963 87.225130449 -1.11328010704 2.76677873194 2.11793808658 0 0.678
774 13.2224612236 112.49307 83.177328 -1.1488654 111.066872257 85.8950561636 -1.0901934917 3.06921592173 3.36165272172 0 0.714
777 13.7201941013 113.40329 81.226755 -1.149046 111.576319898 83.5534744988 -1.11910995671 2.95828385736 1.71520893561 0 0.654
780 14.3736112118 114.20236 79.347389 -1.1522317 111.963346276 81.7770634141 -1.12596385724 3.30401274459 1.50503652678 0 0.54
783 13.4516711235 115.10134 77.33273 -1.146946 113.315042073 80.0709333517 -1.13596187975 3.26934517564 0.629343732048 0 0.524
786 13.8679580688 115.87569 75.433999 -1.1405871 113.876329678 78.298293969 -1.12828557402 3.49308278834 0.704825520464 0 0.508
789 13.4569687843 116.74641 73.521868 -1.1514597 114.424770242 76.1062480377 -1.14459748015 3.47405114323 0.393176235396 0 0.56
792 14.2222430706 117.66191 71.592443 -1.1472421 115.538524598 74.674769263 -1.13205366372 3.74292676347 0.870233296418 0 0.492
795 14.1335940361 118.47567 69.543126 -1.1411103 116.575031186 71.9482717528 -1.12112676605 3.06547777567 1.14497215505 0 0.642
798 12.9485239983 119.32773 67.660396 -1.1493947 117.390467567 70.1301296101 -1.12894746376 3.13888034787 1.17154033904 0 0.654
801 13.0991852283 120.23613 65.736718 -1.1477983 118.581631701 68.2519000241 -1.10919516743 3.01056560063 2.21179657229 0 0.664
804 13.2409660816 121.05504 63.851108 -1.1435448 119.676827844 66.1939342089 -1.11630842746 2.71814337232 1.56052919567 0 0.724
807 12.7499091625 121.9387 61.889647 -1.1416966 120.161961668 64.0389292968 -1.14276960255 2.78858628893 -0.0614785175877 0 0.716
810 12.7807509899 122.75206 59.947854 -1.134592 121.541377928 62.3376120295 -1.11978478537 2.67893533321 0.848390904885 0 0.72
813 14.2544698715 123.61313 58.017737 -1.1345099 122.315178162 60.8063200841 -1.0932817082 3.07585347342 2.36220138698 0 0.65
816 13.403512001 124.50226 56.14403 -1.1250591 123.047800887 59.4597427026 -1.12418780547 3.62069082339 0.0499214991492 0 0.678
819 12.7137711048 125.37031 54.195354 -1.1346431 123.918222441 57.7820364189 -1.11180663815 3.86947658658 1.3084328828 0 0.55
822 12.8151268959 126.19009 52.293812 -1.120627 124.794125412 55.7289470758 -1.11255126992 3.70794688723 0.462705249932 0 0.588
825 12.8115828037 127.09539 50.434417 -1.1252352 125.806246772 53.7825979307 -1.11484523002 3.58778564119 0.595301428841 0 0.676
828 12.7506678104 127.94916 48.435924 -1.125081 126.970673548 51.4362422166 -1.11292130514 3.15584301529 0.696699195714 0 0.738
831 12.9118139744 128.83417 46.49897 -1.1135569 127.302734755 49.8031429408 -1.12509401262 3.64181997518 -0.661027860954 0 0.69
834 13.1963961124 129.69028 44.561049 -1.1141866 128.040187074 47.1430906465 -1.12843096488 3.06426919957 -0.816141989715 0 0.63
837 12.8963749409 130.6504 42.689185 -1.1179531 128.824259035 45.3763043445 -1.12694961175 3.24890769265 -0.515462153512 0 0.63
840 12.9204089642 131.56218 40.752166 -1.1133477 129.970286339 43.2826433937 -1.11385184672 2.98955536297 -0.028885479301 0 0.544
843 13.0929620266 131.80181 39.159633 -1.0655485 131.511067712 42.2433814778 -1.11121809708 3.0974240511 -2.61667516493 0 0.536
846 13.0918090343 89.526265 39.287264 -0.26055386 132.547632298 40.8585428843 -1.10797782313 43.0500518174 -48.5538165455 0 0.58
849 12.9224219322 49.129117 22.860079 0.57174269 133.574795229 40.1771711907 -1.08074465831 86.202982857 -94.6805507568 0 0.336
852 12.889330864 45.693587 19.436118 1.0035584 134.651602157 39.5698669391 -1.07247786514 91.2079837903 -118.948116109 0 0.086
855 13.0260839462 46.841947 21.209275 1.0214136 36.0367357586 99.235848218 0.248848031647 78.7711794892 -44.2647464638 0 0.022
858 13.0286560059 48.00008 22.972907 1.0079248 35.9680821548 91.8381527113 -2.44566224181 69.9084475512 162.124038323 0 0.02
861 12.9703559875 49.170996 24.731115 1.014741 36.5256934635 87.182963483 -1.024142803 63.7192047595 -116.819436829 0 0.018
864 12.9406540394 50.349541 26.532036 1.0144485 62.2155706512 103.831811817 -2.10289449329 78.2052300109 -178.61059681 0 0.012
867 13.1195750237 51.518278 28.351001 1.0069992 60.2218333704 103.270107043 -2.91954035952 75.4229694879 135.025855148 0 0.02
870 13.0760169029 52.642563 30.101924 1.0170679 57.7744436466 103.025086633 -2.80314830636 73.1035146037 141.117734548 0 0.02
873 13.1395449638 53.80357 31.912095 1.0183648 55.8223859905 103.79135942 -2.95131391983 71.9076092747 132.554163331 0 0.028
876 13.0411930084 54.946688 33.671099 1.0064723 36.4219308384 102.807632256 1.62566562259 71.5753229725 35.477164087 0 0.026
879 13.2929699421 56.161659 35.476636 1.0152563 35.768010792 103.883114822 1.67394931937 71.3817009612 37.7403300045 0 0.032
882 13.5932149887 57.333476 37.252395 1.017552 52.9253421383 106.568470905 0.49565176603 69.45610141 -29.9026807334 0 0.016
885 13.794178009 58.434052 39.044555 1.0099164 36.346788547 108.20435884 1.61549318806 72.6011409972 34.6969941267 0 0.02
888 13.401196003 59.558673 40.733157 1.0155176 125.442999507 48.1223924383 -0.91945639603 66.2974002477 -110.86584344 0 0.006
891 13.5520648956 60.829575 42.673596 1.0256616 88.4501123956 69.2397168274 2.20568506382 38.3230069519 67.6103642032 0 0.01
894 13.1803381443 61.938983 44.298725 1.0235902 35.3857926733 113.632786765 1.53236240653 74.2447576425 29.1505001677 0 0.02
897 13.0526008606 63.08776 46.123861 1.0214801 34.2859080331 116.712695348 1.62167892281 76.2386398839 34.3888594157 0 0.02
900 12.8876760006 64.233274 47.872937 1.026201 62.3675164486 48.6909896055 0.992302854593 2.03721901279 -1.94222066515 0 0.028
903 13.0360329151 65.367062 49.701179 1.0288308 63.1915310162 50.9317308057 1.01167355627 2.49943849851 -0.983037653663 0 0.044
906 12.8262169361 66.47055 51.411163 1.0247772 63.7466898986 52.372499109 1.03930791856 2.88852574274 0.832548846688 0 0.046
909 12.896545887 67.601685 53.206336 1.0345375 65.1322576479 54.9364330155 1.04932805367 3.01517945247 0.847436301685 0 0.098
912 13.0655720234 68.713633 54.989386 1.0321621 66.9788455459 55.3636199862 0.97913399935 1.7746939419 -3.03828636285 0 0.164
915 13.0486690998 69.889939 56.860516 1.0335194 67.1176526278 58.5609935087 1.03364655047 3.25226005835 0.0072851852889 0 0.098
918 13.9221069813 70.97178 58.665246 1.0279054 68.3341791097 60.0746777811 1.03508090141 2.99055787473 0.411125946612 0 0.216
921 13.5461969376 72.083269 60.388926 1.0348295 69.23087181 62.1429143576 1.01906219491 3.34852876475 -0.903400036195 0 0.266
924 12.986590147 73.21006 62.180545 1.0389104 69.9594991788 63.7413332942 1.05253084123 3.60585714519 0.78039379787 0 0.358
927 13.0599899292 74.211219 63.966291 1.0279221 71.3051155269 65.1607900781 1.02819201608 3.14201614316 0.0154650520669 0 0.482
930 13.6656839848 75.394113 65.876292 1.0355825 72.7222850057 66.9033945449 1.02268273505 2.86244728664 -0.739102088234 0 0.496
933 13.5182080269 76.475569 67.55587 1.0353462 73.4673136308 68.6856117413 1.03110244087 3.21339645366 -0.243149487169 0 0.516
936 16.0213599205 77.652303 69.425792 1.0395167 74.6456570466 70.5552532108 1.01504123018 3.21179116942 -1.40234112238 0 0.636
939 14.2574989796 78.72098 71.209083 1.0347632 76.0132013238 72.4680167555 0.99600893116 2.98613120275 -2.22045604265 0 0.62
942 14.1804749966 79.923618 73.070281 1.0406815 77.5961980145 74.0807728569 1.00284434255 2.53731700458 -2.16790943077 0 0.65
945 13.5155899525 80.886825 74.813727 1.0240856 78.0631973829 76.1421749828 1.00488873934 3.12052030329 -1.09989909563 0 0.672
948 14.8977770805 82.003807 76.66259 1.0354781 80.0899527239 78.4800228768 0.983377010267 2.639299235 -2.98517254972 0 0.674
951 14.0680289268 83.149971 78.458347 1.0359732 81.0722201236 79.1948315653 0.993919971277 2.20441788674 -2.40947252071 0 0.622
954 12.9495608807 84.209192 80.07724 1.046865 82.5846536757 80.7975086495 0.984433425905 1.77705140457 -3.57706570401 0 0.644
957 12.9914669991 84.421821 80.346791 1.1291589 81.7380981929 81.0854548592 1.09418830115 2.7835215829 -2.00366772093 0 0.602
960 13.8450140953 84.549549 80.462185 1.2384433 81.8083766331 80.9416892687 1.22479413173 2.78279540908 -0.782039735584 0 0.666
963 15.9287891388 84.477315 80.645515 1.377415 82.0515812598 80.7692086836 1.32936629499 2.42888540397 -2.75298800826 0 0.596
966 14.9328410625 84.491575 80.745704 1.5042297 81.9132500974 81.257147846 1.4783779973 2.62856122454 -1.48119345773 0 0.578
969 13.8034741879 84.58151 81.604236 1.6242617 81.160837282 81.6086305484 1.60620882769 3.42067554083 -1.03435339172 0 0.604
972 14.2168319225 84.52138 83.606555 1.6450761 81.4587469371 83.5462501386 1.62305469767 3.06322672261 -1.26173341238 0 0.636
975 13.5163171291 84.450105 85.633891 1.6510189 81.3928316583 86.7859876271 1.63613707375 3.2671466028 -0.85266583563 0 0.684
978 12.9097981453 84.288283 87.799076 1.6553182 81.3034180341 88.50362032 1.62787518436 3.06688792807 -1.57236897318 0 0.64
981 14.064469099 84.219899 89.940013 1.6574582 81.2843436979 90.2706005038 1.63309641263 2.95411120807 -1.39582759792 0 0.656
984 13.6540470123 84.085061 91.960688 1.6559816 80.8183206623 92.7595124016 1.622378589 3.36299165312 -1.92531070928 0 0.646
987 13.4810779095 83.972707 94.061302 1.6546883 80.5659630883 95.0308866934 1.65531541747 3.54203311075 0.0359311840873 0 0.586
990 13.2209019661 83.850194 96.236204 1.650278 80.0731442634 96.4299837736 1.65271522226 3.78201736025 0.139642549374 0 0.396
993 13.3896131516 83.742141 98.372522 1.653672 80.252680906 98.9133546652 1.65031005615 3.53112329423 -0.192625193568 0 0.6
996 13.3071420193 83.558608 100.37046 1.6603574 79.702684045 101.016079635 1.64209440907 3.90960026861 -1.0463923013 0 0.648
999 12.881868124 83.448658 102.54165 1.6520527 79.392816516 102.570161913 1.65457678628 4.05594169988 0.144619490689 0 0.556
1002 12.8790841103 83.308795 104.69204 1.6576029 79.5810775858 105.292963759 1.65029799025 3.77584248662 -0.418540498422 0 0.668
1005 12.8760528564 83.194681 106.76107 1.661421 78.7180584585 107.781066584 1.66447306424 4.59135518233 0.174870399572 0 0.61
1008 12.8910830021 83.066158 108.84686 1.6653468 78.4611749031 109.445457802 1.67467662837 4.64372572947 0.534559789168 0 0.616
1011 13.2141859531 82.920912 111.09751 1.6564676 78.1416394805 111.692470356 1.66780207716 4.81616275068 0.649417704098 0 0.76
1014 13.1991591454 82.798446 113.12029 1.6519674 78.3260186127 113.634521961 1.66315967589 4.5018930734 0.641270171623 0 0.746
1017 14.0546169281 82.725101 115.25424 1.6521864 78.1601311294 116.357708788 1.64980362822 4.69644474946 -0.136522766715 0 0.746
1020 13.2349419594 82.605874 115.888 1.7134215 78.5937647349 117.216612419 1.70109471212 4.22637335258 -0.706272920212 0 0.698
1023 14.3119330406 82.650086 115.98425 1.8265292 78.6794545382 117.098800926 1.83148956244 4.1240923817 0.284207832946 0 0.658
1026 13.4443178177 82.697137 116.16336 1.9516157 78.092103332 117.22747391 1.94522717935 4.72638059167 -0.366035270368 0 0.622
1029 20700.8303261 82.611261 116.28116 2.0730733 78.3409812427 117.216477994 2.08246804403 4.37151106086 0.538279182683 0 0.676
1032 12.3679728508 82.517518 116.45008 2.1971216 78.5446163379 116.658515777 2.21651147329 3.97836563052 1.11095790464 0 0.674
1035 12.4389970303 82.418538 116.4581 2.3123831 78.6979185495 116.849776091 2.37497084315 3.74117885907 3.58601353159 0 0.578
1038 12.3735141754 82.414024 116.83182 2.4679277 78.7579849521 116.484186801 2.49495671317 3.67252915049 1.54864837892 0 0.566
1041 12.4019889832 82.282962 116.94587 2.5874118 78.5320099123 116.83113705 2.58950636059 3.75270638525 0.120009481518 0 0.506
1044 12.3725879192 82.208722 116.96752 2.707272 78.6759136439 116.695099617 2.76668227035 3.54329616967 3.40395775075 0 0.472
1047 12.4040911198 82.043289 117.20312 2.8493508 78.6236325925 117.886777065 2.90064188148 3.48732518249 2.93876249563 0 0.468
1050 12.374945879 81.832352 117.28824 2.9891727 78.1002492552 117.393304863 3.00372367118 3.73358132673 0.833709236411 0 0.458
1053 12.396048069 81.142386 117.29523 3.0875315 77.6474971362 117.473624583 3.11696029689 3.49943892613 1.68614585812 0 0.436
1056 12.3445689678 79.131234 117.37152 3.1037602 75.7562919936 116.977382602 -3.122800415 3.39787843148 3.24435587814 0 0.572
1059 12.4225618839 77.094643 117.50841 3.1079346 74.270089805 116.906351863 -3.13191759302 2.88800532396 2.48280455431 0 0.594
1062 12.4015100002 74.899205 117.59033 3.115912 71.7690625979 117.200207832 -3.11594788138 3.15435996094 2.94073028001 0 0.608
1065 12.5704300404 72.824078 117.69503 3.116944 69.8658173028 116.927222655 -3.11895934653 3.05627787867 2.70905679227 0 0.692
1068 12.9612910748 70.711208 117.83017 3.1174699 67.9837478304 117.045922323 -3.11540337393 2.83797170449 2.882667164 0 0.676
1071 12.6647269726 68.550781 117.88294 3.1169773 65.7633240308 117.178584465 -3.14075948032 2.87507096857 1.45809318408 0 0.712
1074 12.3349528313 66.454241 117.99143 3.11617 63.6639582438 117.157315539 -3.12577600727 2.91228858353 2.36283783483 0 0.668
1077 12.4116129875 64.352032 118.06903 3.1139299 60.9119401582 117.407214815 3.13566524362 3.5031744488 1.24534345547 0 0.666
1080 12.6020011902 62.204954 118.16997 3.1178991 59.5576181088 117.092137426 3.12197655651 2.85834049395 0.233621049388 0 0.664
1083 12.3907680511 60.134729 118.2293 3.1166836 56.8888391552 116.963257736 3.13197927544 3.48405853855 0.87637764739 0 0.754
1086 12.3763599396 58.034017 118.36643 3.1239361 54.5620307662 117.685280549 -3.12681961026 3.53817085265 1.85807903456 0 0.7
1089 12.4876320362 55.858025 118.47896 3.1251128 52.5890260695 117.094835917 -3.13880328495 3.54995119469 1.10404510853 0 0.764
1092 12.4811048508 53.766425 118.55 3.1243401 50.0758773068 117.082660975 -3.14068111546 3.97155210078 1.04072579439 0 0.732
1095 12.5325500965 51.628528 118.603 3.1187628 47.7081886148 117.012479234 -3.1358707574 4.230699375 1.63589475987 0 0.724
1098 12.3829181194 49.494235 118.64783 3.1200968 46.9846558204 117.485418477 -3.14057833654 2.76571658139 1.28973777396 0 0.716
1101 12.4487080574 47.379245 118.80828 3.1260538 44.640644381 117.54555063 3.13903014733 3.01569541117 0.743489935773 0 0.6
1104 12.4177441597 45.313934 118.87713 3.1250737 42.6878906852 117.735843215 3.12746332816 2.86332656493 0.136915608044 0 0.562
1107 12.460889101 43.229975 118.9845 3.131291 40.7267103617 117.587419625 3.13833054892 2.86673462712 0.403336442587 0 0.512
1110 12.4490060806 41.038059 119.03542 3.1300111 38.8969811418 117.050244726 -3.13338892156 2.91978342741 1.13361336257 0 0.632
1113 12.3796339035 38.877743 119.09254 3.1262084 36.1020736118 117.966811088 3.10812622044 2.995263951 -1.03603257311 0 0.574
1116 12.3940091133 36.866989 119.17866 3.1252668 34.0255422897 118.473465884 3.10398359474 2.92764720357 -1.21943783579 0 0.594
1119 12.4621729851 34.67231 119.25843 3.1314701 31.8051049559 118.800588528 3.0787561462 2.90352950367 -3.02028707403 0 0.618
1122 12.3517720699 32.567479 119.34722 3.1353596 29.9453040805 118.334503626 3.09417083914 2.81094214855 -2.35994216063 0 0.51
1125 12.4886670113 30.502201 119.36971 3.1349527 27.1834896023 117.874155479 3.12116322794 3.64012756192 -0.79007855094 0 0.526
1128 12.3872990608 29.15421 119.31018 -3.13185 26.3168224265 117.819241456 -3.11776975196 3.2052559935 0.806738787112 0 0.512
1131 12.4649999142 28.938717 119.39146 -3.028318 26.3054100597 117.914005356 -3.01425342903 3.01946645389 0.805840557157 0 0.52
1134 12.4493229389 28.80706 119.32785 -2.9089456 26.3863516689 117.741208412 -2.88646476842 2.8943497289 1.28805676968 0 0.434
1137 12.4192049503 28.607415 119.34948 -2.7753086 26.4368936849 117.508151652 -2.78972948666 2.84634025831 -0.826255942575 0 0.454
1140 12.4300639629 28.309413 119.3977 -2.6319404 26.4621339631 117.650969577 -2.63427864154 2.54234281952 -0.133971371544 0 0.432
1143 12.5759620667 28.176965 119.31562 -2.5155106 26.0799195506 118.212761213 -2.50872070624 2.36936639663 0.389032255612 0 0.418
1146 12.4052569866 28.13257 119.1422 -2.3876282 25.8326991706 117.968448514 -2.38164224549 2.58207249773 0.34296992959 0 0.424
1149 12.5360109806 28.071656 119.10664 -2.2643471 25.8854572195 117.989128255 -2.24268765949 2.45525917326 1.24099452811 0 0.386
1152 12.4470691681 27.847582 119.05477 -2.1225081 25.4789229905 118.441075846 -2.13410188078 2.44686861482 -0.664274707478 0 0.334
1155 12.5911049843 27.651134 118.95518 -2.0012288 25.2280931112 118.547034303 -1.9967941225 2.45717521936 0.254088304246 0 0.27
1158 12.4426119328 27.585975 118.8068 -1.8653126 26.0373026367 118.701809769 -1.89444902648 1.55222712174 -1.66939426765 0 0.254
1161 12.5818660259 27.545652 118.66047 -1.7395281 25.2772721042 118.899089186 -1.7790730437 2.28089597911 -2.26575837508 0 0.16
1164 12.3982410431 27.426878 118.54472 -1.6078392 25.6590024834 117.51699838 -1.63281369102 2.04489500225 -1.43093293079 0 0.274
1167 12.4631140232 27.408113 118.27266 -1.4907581 25.6055715019 117.494622702 -1.49097328555 1.96328752092 -0.0123292236744 0 0.21
1170 12.5252242088 27.619078 117.43976 -1.368489 26.1047101718 116.880130749 -1.35074481259 1.61446425094 1.01666704924 0 0.216
1173 12.3884279728 28.00462 115.50954 -1.3464267 27.159025337 115.938920689 -1.34075056712 0.948366020993 0.325218458254 0 0.154
1176 12.5966551304 28.352772 113.43776 -1.3439724 25.8545253054 113.426221581 -1.36863661 2.4982733402 -1.41315513787 0 0.208
1179 12.5171298981 28.777386 111.37552 -1.3470791 26.9660702569 111.008952056 -1.38140704084 1.84803592458 -1.96684612954 0 0.326
1182 12.6119549274 29.292879 109.18718 -1.3487141 26.4821247144 109.734179772 -1.39289806679 2.86348535955 -2.53155481893 0 0.186
1185 12.5993919373 29.664866 107.14961 -1.3582731 27.0785056498 107.538224798 -1.4267847211 2.61539314875 -3.92542673657 0 0.398
1188 12.5653710365 30.155372 105.1583 -1.3627181 26.8729897595 105.094993936 -1.42357630853 3.28299266375 -3.48691849757 0 0.444
1191 12.4495539665 30.584999 103.08809 -1.3538609 27.5780715703 103.71955621 -1.41506399221 3.0725172321 -3.50667887702 0 0.538
1194 12.3900539875 30.932942 101.04272 -1.3388863 28.5727759095 101.431935671 -1.37557594465 2.39204364788 -2.1021617901 0 0.56
1197 12.7454447746 31.46397 98.886394 -1.3633561 28.8655917979 98.9082269109 -1.38637031077 2.59846992613 -1.31861714608 0 0.634
1200 12.5404410362 31.761459 96.890841 -1.3338862 29.9261602928 97.2085647097 -1.37058587607 1.86259756801 -2.10273654832 0 0.532
1203 12.6229729652 32.148779 94.808879 -1.340085 30.3955266305 94.8153804144 -1.34003487257 1.75326442377 0.00287209006082 0 0.446
1206 12.4788639545 32.63242 92.742465 -1.3409888 31.3212009314 92.9531783857 -1.34168384113 1.32804200869 -0.0398229230995 0 0.556
1209 12.5861170292 33.223163 90.635151 -1.3443959 31.2840812731 90.6907429041 -1.33435219179 1.93987845069 0.575462091151 0 0.472
1212 12.758825779 33.480467 88.544154 -1.3400822 31.7059938515 88.8608139234 -1.34747008355 1.80250616134 -0.423294547124 0 0.524
1215 12.4808189869 33.996344 86.523674 -1.3537744 32.1789399142 86.5033734276 -1.33818652453 1.8175174619 0.893119476205 0 0.652
1218 12.4238607883 34.391099 84.502242 -1.3500462 32.4014333513 84.5221606988 -1.35490746907 1.98976535008 -0.278530200971 0 0.684
1221 12.4002230167 34.871654 82.311763 -1.3462417 33.4428995217 82.813779611 -1.3365621947 1.51438437555 0.554594801645 0 0.652
1224 12.4695379734 35.319079 80.358924 -1.358939 33.9879045623 80.6863957808 -1.33695499268 1.37086219245 1.25959083607 0 0.736
1227 12.3997421265 35.776446 78.250756 -1.3606991 34.7872030683 78.1798849607 -1.34392204918 0.991778343218 0.961254204748 0 0.694
1230 12.4494729042 36.167733 76.160289 -1.3496683 34.1075562971 77.0670087837 -1.33754715625 2.25088178571 0.694490379599 0 0.588
1233 12.8612780571 36.593873 74.026216 -1.3452321 35.1553191783 74.8907459204 -1.36350031055 1.67834712775 -1.04669136365 0 0.732
1236 12.7934219837 37.096668 72.068535 -1.358637 34.9435190134 72.166810157 -1.37008977825 2.1553905829 -0.656195857673 0 0.74
1239 12.3378109932 37.456761 70.030489 -1.3570922 35.4174721082 69.9137181033 -1.37742163281 2.0426293414 -1.16479070001 0 0.734
1242 12.4267070293 37.942935 67.912468 -1.3598503 35.8062566709 68.1225026978 -1.37951508549 2.14697667812 -1.12670921353 0 0.732
1245 12.6094260216 38.381728 65.750541 -1.3597279 37.2947647417 65.6015513337 -1.36192654142 1.09712672267 -0.125972873942 0 0.694
1248 12.3901031017 38.78715 63.709446 -1.3638712 37.6876766969 63.419662728 -1.36212875038 1.13702061942 0.0998350090125 0 0.726
1251 12.5625219345 39.284372 61.704874 -1.358189 37.8327160618 61.6724136304 -1.35964514267 1.45201881481 -0.0834308290783 0 0.726
1254 12.8118131161 39.616785 59.610797 -1.3616912 38.3885755408 59.5135237425 -1.35480821161 1.23205542181 0.39436618523 0 0.78
1257 12.2781898975 40.0981 57.483375 -1.3627524 39.0021070809 58.0681267716 -1.34793739338 1.24222989545 0.848837352684 0 0.718
1260 12.3368608952 40.478176 55.366289 -1.371191 39.8628819014 56.2431526049 -1.34499572041 1.07120334641 1.50087896375 0 0.624
1263 12.5862309933 40.927924 53.368372 -1.3697355 40.1387777945 53.9430070906 -1.33260755666 0.976195278141 2.12727445565 0 0.734
1266 12.5633349419 41.311773 51.24524 -1.3687118 40.9177437586 51.6131616837 -1.34915003677 0.539096845109 1.12080647311 0 0.736
1269 12.4659540653 41.752813 49.127024 -1.3690442 40.8039938013 50.2453211021 -1.33862437361 1.46657638065 1.74292766549 0 0.696
1272 12.3438489437 42.124468 46.999249 -1.3746445 41.3381654679 47.8543459102 -1.35378422985 1.16166363368 1.19520543911 0 0.758
1275 12.4112291336 42.489069 45.000812 -1.3756167 41.789523149 45.9135969285 -1.3541891827 1.1500177057 1.22770630659 0 0.746
1278 12.4012579918 42.919623 42.847052 -1.3693623 41.6093871666 43.977330778 -1.36687706576 1.73038956747 0.142393433311 0 0.658
1281 12.404820919 43.26925 40.76156 -1.3849404 42.8758393328 41.8383871409 -1.34103255781 1.14644173181 2.51573404507 0 0.69
1284 12.5268149376 43.723057 38.666685 -1.382086 43.3731989621 39.0128908815 -1.33674015315 0.49219829243 2.59812564307 0 0.678
1287 12.4720079899 44.069109 36.638541 -1.3748634 44.2047933931 36.8135072547 -1.3395759328 0.2214123863 2.02182294043 0 0.618
1290 12.4966609478 44.48264 34.512889 -1.372972 43.6834107333 35.448632566 -1.35942216872 1.2306028775 0.776348145398 0 0.704
1293 12.293227911 44.660959 33.544964 -1.3339999 44.1599213701 33.8817434808 -1.31381522449 0.603704501649 1.15649671768 0 0.678
1296 12.4722819328 44.654294 33.324157 -1.2074321 44.171180918 33.7252629469 -1.19774536179 0.627920560729 0.555009216747 0 0.686
1299 12.3545861244 44.699557 33.107025 -1.0711259 44.1875727175 32.9049376886 -1.10045602599 0.550424551588 -1.68049243209 0 0.638
1302 12.3302130699 44.829945 32.953901 -0.95914547 44.1797237587 33.1309970635 -0.985999446995 0.673907024989 -1.53861954493 0 0.596
1305 12.4750010967 44.914184 32.826307 -0.82117543 44.0451110524 33.2156594168 -0.8866238494 0.952304096742 -3.74991820743 0 0.572
1308 12.3738319874 44.932468 32.690373 -0.70238554 44.051150546 33.487339033 -0.766781089535 1.18822359533 -3.68959320776 0 0.552
1311 12.4328670502 45.019913 32.619075 -0.56167342 43.5450154967 32.8271015515 -0.70295833626 1.48949578428 -8.09502941054 0 0.5
1314 13.0030751228 45.164806 32.47066 -0.44585332 44.3257250763 33.1225835744 -0.669061827588 1.06257288857 -12.7889054362 0 0.486
1317 12.7068710327 45.307079 32.373178 -0.30795343 43.4628534362 32.9110436395 -0.523735307769 1.92105892058 -12.3633908916 0 0.462
1320 12.4477858543 45.468859 32.25314 -0.19105128 42.9799559424 32.8667977852 -0.429776139006 2.56343798586 -13.6779268859 0 0.432
1323 12.5539979935 46.833289 32.057508 -0.10389315 45.3070473821 32.3429003678 -0.382192383261 1.5526951664 -15.9453715076 0 0.36
1326 12.3039240837 48.863767 31.868312 -0.084237935 46.5842797817 30.5079259746 -0.488746677107 2.65456439295 -23.1766436989 0 0.398
1329 12.4149780273 51.033972 31.691587 -0.08198003 48.6741190038 29.7897336795 -0.569528353916 3.03083358442 -27.934461269 0 0.328
1332 12.3880209923 53.111195 31.42619 -0.084122232 51.1628611619 33.4197970005 -0.0392210873732 2.78755692624 2.57264608242 0 0.282
1335 12.403345108 55.206155 31.249451 -0.082409142 53.9638816722 32.7989121318 -0.0150867021265 1.98596898767 3.85729167127 0 0.344
1338 12.3684761524 57.287235 31.07162 -0.080297126 56.4318093526 33.1736237097 -0.0420229158361 2.26939917905 2.19295070659 0 0.41
1341 12.3965060711 59.516372 30.847745 -0.092608556 58.671489686 33.0863895275 -0.028296387169 2.39277149872 3.68481584535 0 0.544
1344 12.4496181011 61.567611 30.670937 -0.091677002 60.6315409517 33.0103506504 -0.0191839754893 2.51973874902 4.15354446319 0 0.612
1347 12.2929010391 63.68279 30.502969 -0.089332225 63.0787626383 32.2815546304 -0.0817908805528 1.87835457211 0.43208720868 0 0.528
1350 12.345772028 65.773678 30.270465 -0.081918863 64.999080265 31.8295004196 -0.074570203057 1.740859871 0.421047199808 0 0.556
1353 12.5183038712 67.870787 30.052005 -0.080757136 67.5979365043 31.6495691103 -0.0813123956662 1.62069691165 -0.0318140354085 0 0.646
1356 12.4616770744 69.978421 29.855203 -0.080851998 69.3095972101 31.7100090166 -0.0933295836181 1.97170753942 -0.714912994431 0 0.66
1359 12.4396209717 72.04312 29.748383 -0.089661546 70.8477576581 30.8935217681 -0.140806211081 1.6553651943 -2.93037345374 0 0.586
1362 12.3612241745 74.192216 29.503442 -0.097083695 72.6395367078 30.9445981984 -0.113456403761 2.11842964779 -0.938087111208 0 0.568
1365 12.3294579983 76.337484 29.313327 -0.092202589 75.0453366225 30.6558743255 -0.0855265002695 1.86335132665 0.382511707912 0 0.684
1368 12.2759258747 78.469083 29.072242 -0.088851811 77.0044892057 30.4865431741 -0.0920022166217 2.03599675666 -0.180504945877 0 0.65
1371 12.3179671764 80.508884 28.860474 -0.08148585 78.970734921 29.9254128274 -0.084356571227 1.87082797057 -0.164480210465 0 0.664
1374 12.3363380432 82.648681 28.706332 -0.092016755 81.4066910432 30.5682216527 -0.0921402268877 2.23811798876 -0.007074418056 0 0.694
1377 12.3029949665 84.803463 28.469695 -0.089914919 83.5137455384 30.4978242463 -0.0727566106992 2.40347235694 0.983098649222 0 0.768
1380 12.4439718723 86.909059 28.274418 -0.095059786 84.7865636649 30.1980777038 -0.0571183472215 2.86451620759 2.17388431066 0 0.714
1383 12.4609220028 88.999768 28.069648 -0.093100738 87.3854325056 30.2794583363 -0.0573149190854 2.73666600281 2.05037639022 0 0.774
1386 12.3545780182 91.148907 27.8824 -0.087682683 89.6258192015 30.1539565188 -0.0580744852862 2.73491598773 1.69642476799 0 0.796
1389 12.4710118771 93.191686 27.680334 -0.085944106 91.0939640287 30.0652934936 -0.0664281684453 3.17623507548 1.11818085512 0 0.732
1392 12.4233951569 94.597595 27.536443 -0.026113958 93.4787522626 30.1206947553 -0.0556964190706 2.81605507866 -1.69495016695 0 0.782
1395 12.383644104 66.734672 23.138609 0.64678418 94.7409708232 30.6152732702 -0.0171475525832 28.9871226993 -38.0404861618 0 0.658
1398 12.4180397987 41.954155 8.6979942 1.5862633 98.0457234294 31.2183406701 0.0304940773038 60.4436105308 -89.1390103568 0 0.64
1401 12.3633229733 40.498777 7.6026468 1.6671323 99.361568087 31.8796563686 -0.0117442907495 63.6726108162 -96.1925429733 0 0.506
1404 12.6970369816 40.36551 9.5759073 1.6613912 102.256317117 31.0363778827 -0.0175167391994 65.5059066289 -96.1943391071 0 0.554
1407 12.519026041 40.15753 11.693798 1.6450717 102.898588509 30.5552781534 -0.0247362768223 65.5148521816 -95.6729496692 0 0.476
1410 12.4444260597 40.017928 13.779826 1.6578436 103.148782471 30.8798685611 -0.0236819411549 65.4057814097 -96.3443166516 0 0.296
1413 12.3832921982 39.937066 15.922073 1.6651068 106.188196801 32.0251390055 0.0403775901816 68.1800635607 -93.0901265742 0 0.166
1416 12.4241769314 39.75755 17.953862 1.6630734 106.50322712 29.6448932507 -0.035194779552 67.7618301545 -97.3035991697 0 0.15
1419 12.3916990757 39.645384 20.177858 1.663423 108.168538936 29.5141782193 -0.0589497565851 69.1562696917 -98.6846897006 0 0.09
1422 12.3690679073 39.526919 22.292671 1.6684735 111.107247556 32.7856323786 0.0568848792298 72.3453224103 -92.3372262814 0 0.106
1425 12.3486719131 39.303781 24.413998 1.6572417 112.736253975 32.5156802167 0.0763382460934 73.8780437071 -90.5790957265 0 0.106
1428 12.2898409367 39.21094 26.55624 1.6661167 116.361139083 33.8713310707 0.0852611944611 77.4962178174 -90.5763484874 0 0.09
1431 12.329075098 39.049874 28.673026 1.6660737 117.849681322 34.4007565619 0.110946639422 79.0076991907 -89.1022171777 0 0.07
1434 12.4181940556 38.816051 30.701859 1.6598041 120.786779902 34.871592736 0.120257360797 82.0767145795 -88.2095305194 0 0.11
1437 12.3347959518 38.695572 32.853799 1.6647394 122.732901811 35.1370976235 0.105929685836 84.0683427598 -89.3132176856 0 0.236
1440 12.314125061 38.58982 35.008607 1.6723781 124.29741592 35.6285953606 0.109803245771 85.7098383145 -89.5289443206 0 0.158
1443 12.3962349892 38.393816 37.160762 1.6689022 126.585921479 35.4970345998 0.0993671989346 88.2077970347 -89.9277313591 0 0.302
1446 12.3707120419 38.314928 39.264936 1.6781402 128.847773835 37.4498373792 0.144436857695 90.5510395186 -87.8747285392 0 0.298
1449 12.2869508266 38.042909 41.445131 1.6601298 130.57691351 37.6701396125 0.14698337935 92.610974245 -86.6969036886 0 0.208
1452 12.3392109871 37.893052 43.482766 1.6655679 135.625969627 27.8025120406 -0.0595899271337 98.9827942228 -98.8442624887 0 0.118
1455 12.3463981152 37.737395 45.529248 1.6663309 137.883656537 27.3188902232 -0.0765471581219 101.788461184 -99.8595569363 0 0.25
1458 12.3763720989 37.667375 47.706088 1.6735516 140.925286317 26.6271301751 -0.0835382757359 105.387469428 -100.673834105 0 0.214
1461 12.287787199 37.411337 49.793915 1.6717816 142.098964964 25.2958370538 -0.124839707031 107.515837307 -102.938818276 0 0.122
1464 12.3053679466 37.208006 51.943854 1.66906 138.683283622 37.6010261669 0.0534217964553 102.483894728 -92.5692502832 0 0.022
1467 12.2696139812 37.03196 53.963531 1.6741645 27.4489084564 117.38792498 1.61952314807 64.1442797805 -3.1307188524 0 0.028
1470 12.3779318333 36.983983 56.143126 1.6856298 26.8665271031 118.289466894 1.71331073192 62.9645185822 1.58600057212 0 0.034
1473 12.326018095 36.720012 58.206076 1.6746777 33.6533899149 58.1189388623 1.73797916447 3.06785982304 3.62690675107 0 0.064
1476 12.463337183 36.536888 60.398002 1.6787317 32.8944271563 59.8838873724 1.68963324997 3.67856423729 0.624612803556 0 0.124
1479 12.469383955 36.401835 62.417273 1.6766351 33.3136566131 62.2004974144 1.70616390472 3.09577735046 1.69187588479 0 0.136
1482 12.4913930893 36.239068 64.615141 1.6886647 33.3555094314 63.6796695415 1.67805501599 3.0315040604 -0.607890115589 0 0.154
1485 12.3106439114 35.99676 66.655908 1.678851 33.7470595717 65.843652228 1.68387783756 2.39184269058 0.28801657637 0 0.168
1488 12.4153401852 35.830181 68.859683 1.6854848 33.1152426696 68.7642925319 1.6568928613 2.71661360511 -1.63819741569 0 0.356
1491 12.353260994 35.575227 70.898859 1.683738 32.8209295281 70.6533753487 1.6855617508 2.7652155046 0.104493223488 0 0.48
1494 12.3121070862 35.463169 73.006353 1.6935188 32.4542328111 72.3720153789 1.68235646279 3.07507417896 -0.639554811408 0 0.572
1497 12.3413300514 35.205801 75.07321 1.6913976 31.7518184668 74.75001296 1.70681919358 3.46907072085 0.88359222539 0 0.548
1500 12.560546875 34.978045 77.287591 1.6912075 31.4156530393 76.1603077803 1.72708687398 3.73649621156 2.05573670047 0 0.464
1503 12.43354702 34.814043 79.320098 1.7000185 30.9935479415 78.2499582654 1.71086853345 3.96754099458 0.621661124245 0 0.644
1506 12.5762159824 34.580736 81.372215 1.6970036 30.7695772061 80.7102535908 1.69639286459 3.86821977907 -0.0349925612653 0 0.674
1509 12.4871940613 34.345965 83.441951 1.6955247 30.7692169254 83.1883735406 1.70520495726 3.5857256333 0.554637885558 0 0.7
1512 12.2557790279 34.142398 85.698773 1.7034669 30.2007703553 84.8588191379 1.71349100479 4.03013039241 0.574338898084 0 0.666
1515 12.3262500763 33.910208 87.748137 1.7016389 30.379933895 87.2113056265 1.67417470759 3.57085748527 -1.57358231299 0 0.71
1518 12.4639019966 33.670818 89.737713 1.6967853 30.4015533345 89.6107774807 1.68791865225 3.27172799592 -0.508021494655 0 0.716
1521 12.4220581055 33.472926 91.900649 1.7056804 29.9398441761 91.5674042895 1.67731233764 3.54876305369 -1.62537024598 0 0.752
1524 12.4342720509 33.217902 94.036516 1.7078464 29.6735035033 93.5805739617 1.69395300727 3.57360376169 -0.796032766347 0 0.742
1527 12.3086669445 33.034075 96.178482 1.7177188 28.6926606797 95.8678426729 1.71933887061 4.35251365211 0.0928232086551 0 0.71
1530 12.3833110332 32.713254 98.174723 1.7080491 27.9726313309 97.0885821466 1.7178501729 4.86345610078 0.561560111765 0 0.518
1533 12.5818338394 32.45653 100.24821 1.7068362 27.8288158898 99.4752098589 1.7209170068 4.69182982475 0.806770801799 0 0.672
1536 12.3509202003 32.217075 102.39435 1.7082962 27.7399053323 102.016837135 1.69611645334 4.49305733289 -0.697848079074 0 0.728
1539 12.4453089237 31.955228 104.48204 1.7110577 27.7932590001 103.724219189 1.69295613977 4.23039931191 -1.03714300383 0 0.742
1542 12.531427145 31.741377 106.6002 1.7198575 27.8318988096 105.623244593 1.68727085402 4.02969745617 -1.86707728317 0 0.74
1545 12.2945170403 31.439656 108.68741 1.7105287 27.4591861602 107.864490985 1.68539962552 4.06464461548 -1.43978991093 0 0.758
1548 12.3052201271 31.216018 110.75498 1.7177022 27.4479604355 110.256634264 1.69825728141 3.80086914826 -1.11411176814 0 0.708
1551 12.296489954 30.916985 112.90957 1.719675 26.7261481495 112.30205996 1.70306097245 4.23464071163 -0.951913659418 0 0.722
1554 12.3973538876 30.668641 114.94646 1.716506 27.0962926509 114.175947354 1.68552691845 3.65449893478 -1.77497062596 0 0.724
1557 12.4142289162 30.419865 117.12266 1.716223 27.0608461612 115.788474539 1.6960286965 3.61428532407 -1.15704836049 0 0.624
1560 12.3970019817 30.132888 119.21343 1.725557 26.164696393 117.895563814 1.69851578948 4.18130552756 -1.54934723596 0 0.414
1563 12.3508939743 29.88258 121.34383 1.72867 25.8181863736 120.15007818 1.71290468513 4.2360758915 -0.903286004874 0 0.62
1566 12.2764790058 29.981486 120.5055 1.7055843 25.8753908357 119.780256277 1.71442215924 4.16965177883 0.506372034473 0 0.63
1569 12.3598880768 30.170653 118.4575 1.6900862 26.4695860915 117.703037325 1.70540988092 3.77718283759 0.877982243238 0 0.532
1572 12.5663211346 30.502618 115.6086 1.6745202 26.9333711054 114.80187444 1.67899053306 3.6592799187 0.256131217149 0 0.548
1575 12.4057648182 30.699806 113.48782 1.6738205 27.3764310055 112.522389574 1.69891510302 3.46076252595 1.43781484133 0 0.594
1578 12.5963869095 30.8492 111.36091 1.6697397 28.0324765598 111.130774328 1.70162394871 2.82610922761 1.82683288376 0 0.614
1581 12.2546060085 30.973164 109.37107 1.6787837 27.5554980999 108.768301625 1.6763863405 3.47041350824 -0.137358581531 0 0.53
1584 12.3104190826 31.204408 107.09871 1.665475 27.9723206896 107.309745832 1.68797795509 3.23896966707 1.28932435338 0 0.502
1587 12.4913239479 31.322843 104.96751 1.6587885 27.7883308826 105.215368009 1.67268530494 3.54319199318 0.796228271819 0 0.59
1590 12.4041230679 31.457099 102.91722 1.6541397 28.1162154294 102.866620398 1.68996495894 3.34126672866 2.0526361375 0 0.71
1593 12.3682589531 31.546684 101.34427 1.631357 28.7290090168 101.819437394 1.67632720488 2.85745977448 2.57660294338 0 0.636
1596 12.331332922 31.536552 101.09899 1.5279681 28.4328956383 102.079206303 1.56873832988 3.25476678313 2.33596210199 0 0.594
1599 12.4033379555 31.522716 100.84711 1.3818466 27.9534086726 101.906392359 1.43562817419 3.723175246 3.08145721655 0 0.574
1602 12.3672480583 31.33472 100.81397 1.2437751 28.1733545823 101.794163456 1.31713341629 3.30983542128 4.2031219156 0 0.592
1605 12.363587141 31.335612 100.76499 1.1262837 28.1697924035 101.806376335 1.19509282138 3.33270148935 3.94247224694 0 0.502
1608 12.4298660755 30.238332 99.003137 0.9296569 27.4287690088 100.970161132 1.00475467832 3.42969796591 4.30278574877 0 0.444
1611 12.7740728855 28.772289 97.32743 0.78863198 26.0712041203 98.9157076278 0.832447369353 3.13344624177 2.51043688763 0 0.548
1614 12.5589690208 27.005154 95.945316 0.6582802 24.7275416775 97.3235033808 0.730506572532 2.66212665896 4.13826631563 0 0.504
1617 12.4733150005 26.209553 95.323497 0.64585939 24.2275234096 95.6031787488 0.717863571884 2.0016651013 4.12553572923 0 0.488
1620 12.2947950363 26.225548 95.299359 0.74214735 23.53767593 95.2252203551 0.79576496856 2.68889434591 3.07206325104 0 0.482
1623 12.2667970657 26.287241 95.304851 0.87876564 24.6331742369 94.8202515666 0.968244044543 1.72359318512 5.12673493785 0 0.456
1626 12.3667609692 26.503119 95.525486 1.0159202 24.0620663172 94.9710415782 1.09168040244 2.50322728032 4.3407398549 0 0.376
1629 12.3839819431 26.584147 95.637624 1.1414331 23.0697411288 95.0361316039 1.17891123289 3.56550721917 2.14733883837 0 0.388
1632 12.4006240368 26.62792 95.717086 1.2595284 24.4068711013 95.8129889526 1.30009981621 2.22311843736 2.32457091783 0 0.286
1635 12.3705370426 26.756174 95.797181 1.3910555 23.9997446724 95.9567012826 1.46881587543 2.76104135399 4.45534132544 0 0.312
1638 12.425465107 26.381693 93.77201 1.3952992 23.8894690861 94.1720905895 1.49778791055 2.52413242822 5.87217056216 0 0.434
1641 12.3003628254 26.011804 91.856332 1.39866 23.4391000492 92.298151443 1.48921404956 2.61036588211 5.18836485744 0 0.384
1644 12.4639148712 25.609249 89.727224 1.3968171 23.4535441013 90.086575281 1.51241788925 2.18545120131 6.6234373324 0 0.514
1647 12.5668501854 25.2462 87.568251 1.3940659 23.2449350435 87.6828180154 1.49195980468 2.00454160025 5.60890757801 0 0.584
1650 12.4675848484 24.820481 85.505592 1.4017015 22.4227100435 85.1532807995 1.46824831037 2.42351578118 3.81285137435 0 0.528
1653 12.2600879669 24.493958 83.448062 1.398475 20.7975191934 83.9267992261 1.41984400078 3.72731125378 1.22435355697 0 0.466
1656 12.4231390953 24.080092 81.345956 1.3962744 21.3193825937 81.7480007469 1.4671629728 2.78983089173 4.06161603699 0 0.562
1659 12.3026349545 23.622432 79.208855 1.3888608 20.1134365454 78.9617391647 1.4250281322 3.51768607697 2.07223549154 0 0.644
1662 12.3625090122 23.236261 77.182266 1.3737053 19.8837683077 77.5836586983 1.42972067673 3.37643648693 3.20944467464 0 0.634
1665 12.3634419441 22.741503 75.111069 1.3685019 19.6619511026 75.2118513387 1.42595789302 3.08120057263 3.29198590752 0 0.69
1668 12.3479511738 22.23837 73.007777 1.3690406 18.815312749 73.0371969241 1.39878462001 3.42318367545 1.70420681256 0 0.69
1671 12.3780338764 21.796618 70.8705 1.3677106 18.422663299 71.5505623801 1.40500574041 3.44180986769 2.136854142 0 0.55
1674 12.3544490337 21.306705 68.900927 1.3588762 19.6585209519 69.202939866 1.459476892 1.67562598087 5.76399506767 0 0.674
1677 12.39260602 20.800373 66.796896 1.3509317 19.5540871348 66.9232308734 1.46361923025 1.25267272587 6.4565198871 0 0.678
1680 12.344397068 20.180988 64.758154 1.3339286 20.2143238277 65.565071786 1.48051999869 0.807606086387 8.3990684579 0 0.598
1683 12.4803678989 19.716632 62.635567 1.3210663 18.2637112876 63.5418289535 1.43920437391 1.71239286523 6.76881303483 0 0.542
1686 12.4533469677 19.127208 60.642471 1.320188 17.1144762474 60.736609996 1.40342043651 2.01493207296 4.76886733059 0 0.604
1689 12.3890180588 18.573484 58.538556 1.3117791 17.1013212263 58.5405784639 1.41785331759 1.47216416295 6.07760498314 0 0.502
1692 12.379873991 18.03732 56.562177 1.3046299 16.8505295891 56.4675446904 1.411993843 1.19055732895 6.15150080569 0 0.566
1695 12.3975930214 17.470308 54.449011 1.30616 16.3583047423 54.308534389 1.41070445359 1.12084116778 5.98995596243 0 0.672
1698 12.339122057 16.865167 52.414515 1.2995721 15.5059369166 52.4523011797 1.39635974658 1.35975520402 5.54552365808 0 0.512
1701 12.3202078342 16.322269 50.452679 1.2871313 14.9905188086 50.7214456477 1.38240333472 1.35860004537 5.45868549511 0 0.358
1704 12.6170811653 15.679585 48.421133 1.2791916 14.945796834 48.681415428 1.40098712382 0.778583338402 6.97836947836 0 0.532
1707 12.358038187 15.049517 46.343459 1.2810584 13.9724545975 46.3215479687 1.39072356718 1.07728525108 6.28335123879 0 0.614
1710 12.3275308609 14.370513 44.264129 1.2685694 13.5618933894 44.6485433418 1.3819857259 0.895343543509 6.49827680216 0 0.59
1713 12.5541419983 13.728985 42.398373 1.2622613 13.0042599354 42.5883631636 1.37084789739 0.749214709933 6.22155374237 0 0.674
1716 12.3587770462 13.116178 40.310007 1.2578142 12.756283649 40.5723213365 1.36872742683 0.445345657932 6.35485978925 0 0.66
1719 12.2767748833 12.482531 38.460523 1.239848 12.7217773619 39.1973383845 1.36892715887 0.774684279238 7.3956910263 0 0.598
1722 12.2931759357 12.331027 38.238303 1.1567887 11.1038777951 38.43145304 1.24638918278 1.24225686118 5.13372950537 0 0.382
1725 12.3137378693 12.263795 38.100898 1.043782 11.0404954826 37.5427000607 1.1328203722 1.34463625143 5.10152294188 0 0.418
1728 12.8552010059 12.231882 38.075858 0.90529637 10.9795282901 37.7214612199 0.994455368947 1.30153251687 5.10843434527 0 0.452
1731 12.490721941 12.170047 37.918491 0.7605547 11.4689779592 37.7130221479 0.921588022272 0.730558176409 9.22652972718 0 0.354
1734 12.8712291718 11.9457 37.868652 0.60051086 11.1150445022 37.6568229713 0.74283930547 0.857239810919 8.15481923011 0 0.448
1737 12.2646720409 11.861848 37.85602 0.47073445 11.4666980419 37.6576817625 0.637111735178 0.442132950413 9.53271624756 0 0.466
1740 12.3182499409 11.68598 37.868337 0.32347919 11.5781923744 37.593624964 0.47526926161 0.295101465486 8.69693047525 0 0.522
1743 12.3010311127 11.634663 37.834152 0.18688423 12.2262145519 37.3848538877 0.211796731943 0.74283378512 1.42738121843 0 0.49
1746 12.324395895 11.546787 37.799316 0.059161186 10.7369754812 37.3384791272 0.0423402288375 0.931753894149 -0.963769852782 0 0.404
1749 12.4015300274 11.461332 37.784444 -0.088384018 12.4722398214 37.6954929882 -0.0677289669911 1.01481372969 1.18344724844 0 0.448
1752 12.2967998981 11.353119 37.809133 -0.22428348 12.2852030335 38.0037512017 -0.148594310609 0.952185323356 4.33666996094 0 0.488
1755 12.4557418823 11.259101 37.929753 -0.36642208 12.5268356995 36.8177665704 -0.192601835277 1.68631701881 9.95916641655 0 0.4
1758 12.518682003 11.22919 38.083377 -0.50941267 12.8094309082 38.2166608519 -0.331716929982 1.58585179423 10.1812159405 0 0.388
1761 12.2997810841 11.185129 38.110347 -0.64618684 12.4191913927 36.9500175262 -0.36549676214 1.69389328966 16.0823568126 0 0.374
1764 12.3873410225 11.588805 37.741111 -0.76036767 11.3765647623 37.5086997653 -0.6766080443 0.31473941683 4.79907304623 0 0.36
1767 12.3538739681 13.063467 36.224873 -0.77289998 13.6170062641 36.2184376376 -0.764624228212 0.553576671059 0.474165649768 0 0.358
1770 12.4242880344 14.493375 34.807156 -0.77803694 14.6297141978 35.0427613318 -0.750905990873 0.272209935927 1.55448887915 0 0.338
1773 12.2720360756 15.892318 33.28564 -0.77023756 15.8549688134 33.6844017217 -0.703772680335 0.400507019203 3.80815709065 0 0.44
1776 12.4487838745 17.405154 31.857105 -0.77891679 17.1375839535 32.0121855771 -0.730590106114 0.309263181066 2.76891502451 0 0.544
1779 12.4715108871 19.008966 30.381332 -0.78385491 18.576948297 30.7272967451 -0.753573847776 0.553471680024 1.7349770646 0 0.524
1782 12.4290249348 20.517371 28.856906 -0.78454873 20.1164292805 29.1336521304 -0.748249545843 0.487178286777 2.07979005195 0 0.65
1785 12.3206670284 22.037399 27.308602 -0.78653789 21.9358896149 27.7082741013 -0.789042505211 0.412361423826 -0.143503880913 0 0.604
1788 12.2599239349 23.470866 25.802264 -0.78746834 23.5353525336 25.8561440004 -0.770722691219 0.0840331331416 0.959455000333 0 0.6
1791 12.5210950375 25.030138 24.239515 -0.79252133 24.9298044094 24.5823760036 -0.770712595382 0.357240111446 1.24954845012 0 0.67
1794 12.3844249249 26.508975 22.80392 -0.79210599 26.6278890245 23.1903016051 -0.785155579948 0.404266360216 0.398229161848 0 0.636
1797 12.47458601 27.961008 21.312251 -0.79564812 27.9172594017 21.4204172698 -0.766580810476 0.116678540364 1.6654341575 0 0.7
1800 12.5133030415 29.36401 19.750057 -0.78815021 29.1412302199 20.0829380921 -0.789880587682 0.400550436167 -0.0991433381385 0 0.794
1803 12.4385020733 31.016391 18.179875 -0.79578372 30.7468013278 19.0709237235 -0.769922762865 0.930938461488 1.48172369803 0 0.674
1806 12.2702069283 32.405165 16.663972 -0.79079715 32.1476170567 17.1743488432 -0.78563455123 0.571677763417 0.295795120828 0 0.738
1809 12.3896141052 33.875627 15.226881 -0.79213801 33.3297194672 15.250129951 -0.796731905222 0.546402368289 -0.26321080772 0 0.696
1812 12.4325430393 34.400964 14.714584 -0.72873329 33.7098540273 14.9269831514 -0.753186797016 0.723012028888 -1.40108274629 0 0.722
1815 12.4163630009 34.541831 14.529671 -0.59347242 33.8722478355 14.9633244929 -0.657756350903 0.797744925405 -3.68319793123 0 0.58
1818 12.3439700603 34.648846 14.435796 -0.47955783 34.0538783437 15.1616815464 -0.505799122057 0.93856078043 -1.50351528385 0 0.668
1821 12.3848419189 34.668797 14.324629 -0.34405458 33.9618207505 14.820345437 -0.364363020019 0.863452490424 -1.16358790158 0 0.652
1824 12.3785090446 34.864126 14.20779 -0.22615765 34.7220395542 15.1412976785 -0.260575767237 0.944259044888 -1.97201285646 0 0.598
1827 12.2945170403 35.017605 14.088235 -0.094353638 34.8790530372 15.1456760297 -0.119098444019 1.0664793377 -1.41777294976 0 0.568
1830 12.3579311371 36.599142 14.0692 -0.022879679 36.0434528852 14.8435777309 -0.0239390512059 0.953127096709 -0.0606975563333 0 0.596
1833 12.3076870441 38.63985 14.009333 -0.014813302 39.2684123205 15.0327859702 -0.0585365101417 1.2010606034 -2.50515529329 0 0.602
1836 12.4627108574 40.768535 13.925491 -0.0089087199 40.5515641338 14.6666991988 -0.0276484943159 0.772312081198 -1.07370998306 0 0.648
1839 12.3094780445 42.905865 13.952369 -0.011506708 42.1821471232 14.8148829349 -0.00877395339178 1.12592089114 0.156575305496 0 0.634
1842 12.3665378094 45.04117 13.838962 -0.010052037 44.970798587 14.8621820372 -0.00453819417753 1.02563706068 0.315919922626 0 0.64
1845 12.4636349678 47.095509 13.764363 -0.008210261 46.1734482759 14.8254902529 -0.00816478696451 1.4057691936 0.00260547031111 0 0.63
1848 12.5643639565 49.256947 13.750747 -0.012245698 48.2144914022 15.1584863161 -0.00958377501041 1.75169736414 0.152516952692 0 0.728
1851 12.4980220795 51.347189 13.680192 -0.017629817 50.8928540947 14.8962550203 -0.0051375839183 1.29816388624 0.715752232275 0 0.758
1854 12.5197460651 53.510554 13.649042 -0.0075411209 52.3425683827 14.8409555358 0.0096057809491 1.668786469 0.982445107679 0 0.724
1857 12.4276061058 55.608657 13.581194 -0.0077936973 54.6507817505 14.999352457 0.00894000506863 1.71134403401 0.95877052135 0 0.732
1860 12.5414590836 57.666716 13.591636 -0.01411162 57.0070806675 15.1020867612 0.00697532790955 1.64820516739 1.20819311803 0 0.738
1863 12.4157009125 59.905766 13.533857 -0.012519778 58.7549389317 14.8315664191 0.0171088410481 1.73448916905 1.69759482426 0 0.754
1866 12.4804470539 62.027534 13.447994 -0.021676244 60.8069595258 14.9984104702 -0.000663669677989 1.97321901427 1.20393182536 0 0.704
1869 12.3796348572 64.181261 13.371995 -0.025327169 63.0661270397 15.163447018 -0.00701250202521 2.11017157648 1.04935312084 0 0.776
1872 12.3454668522 66.241252 13.310079 -0.024907545 65.2573152529 14.9508546198 0.00268076660332 1.91318482033 1.58069381876 0 0.79
1875 12.4700629711 68.444119 13.24669 -0.026304862 66.9923116374 14.9796557668 0.0114287958301 2.2607332808 2.16197933926 0 0.744
1878 12.4016180038 70.49734 13.123327 -0.017605166 69.1816187116 15.0030287977 -0.00209638872314 2.29442832907 0.888587483372 0 0.816
1881 12.3809947968 72.634932 13.039101 -0.019360635 71.7763111545 14.9076443921 0.00208663554206 2.05637646466 1.22883808414 0 0.806
1884 12.5020880699 74.720419 12.994859 -0.019347658 73.7364052976 14.8022627731 0.00719175804487 2.05790946487 1.52059653011 0 0.756
1887 12.4333589077 76.914825 12.90632 -0.036038761 76.078133648 14.694827929 0.0170772013648 1.97454122031 3.04332046828 0 0.79
1890 12.2986929417 79.004774 12.78569 -0.032634565 78.1062648549 14.9217805421 -0.00155053073317 2.31736951909 1.78098397373 0 0.742
1893 12.4009370804 81.177999 12.691712 -0.029848436 80.9269427029 14.8640573082 0.0054461751583 2.18680438141 2.02223225893 0 0.766
1896 12.2692029476 83.222919 12.597068 -0.02122413 82.0315250589 14.5949045624 -0.00944026886859 2.3261062858 0.675165509198 0 0.686
1899 12.4210338593 85.390174 12.538762 -0.021700441 84.3721770875 14.5881257907 -0.00865959954089 2.2882765699 0.747185176906 0 0.748
1902 12.2969009876 87.449986 12.512039 -0.030894579 86.8871510417 14.8936630222 0.00571460019561 2.44722622036 2.09755145935 0 0.748
1905 12.4604279995 89.572355 12.414566 -0.034322832 88.1912185898 14.9106320303 0.00380788103229 2.85269756741 2.18472892657 0 0.664
1908 13.1015148163 91.713838 12.339838 -0.030338307 90.5684022501 15.108316027 -0.00105742906806 2.99607971242 1.67767072594 0 0.742
1911 12.3463349342 93.866625 12.234111 -0.027880568 92.6458482629 15.1282293186 -0.00180560133883 3.14105343539 1.49398554063 0 0.78
1914 12.3149440289 96.027017 12.118277 -0.016096141 94.9787760913 14.8842064181 -0.00849645062748 2.95790036152 0.435430183952 0 0.716
1917 12.2697629929 98.003729 12.063433 -0.023465033 97.2753580041 14.9509959658 0.0113075175736 2.97801010557 1.99232039077 0 0.778
1920 12.3268108368 100.1865 11.996018 -0.023536261 99.1457857265 14.8228846143 0.00878021481049 3.01235141609 1.85159767268 0 0.806
1923 12.389467001 102.26857 11.921444 -0.023061579 101.413849508 14.9449751814 0.0100366301441 3.14201972059 1.8963876934 0 0.722
1926 12.3494141102 104.50291 11.810699 -0.022632517 104.296610628 15.3945334312 0.0198107949503 3.58976721541 2.43182264331 0 0.77
1929 12.6325359344 106.528 11.779433 -0.025937223 105.709453295 14.9878511864 0.00932267490268 3.31118799921 2.02024333589 0 0.72
1932 12.2779481411 108.61821 11.737233 -0.017267816 108.163333586 15.0021513974 0.010182653565 3.29645335083 1.57279605173 0 0.764
1935 12.2819950581 110.65428 11.638117 -0.015586443 109.514958842 15.2245905428 0.00193284192071 3.76308984394 1.00378108604 0 0.668
1938 12.3731689453 112.94226 11.558687 -0.011710616 111.437928989 14.915331408 0.00596741770781 3.67832481866 1.01287672155 0 0.744
1941 12.32908988 114.89636 11.528856 -0.01668203 113.950027237 14.9907739934 -0.00265322913633 3.58893046632 0.803791081118 0 0.8
1944 12.2935318947 117.03777 11.494892 -0.018548407 116.395644655 14.8978877855 0.00451832847698 3.46304855212 1.32162658998 0 0.712
1947 12.3231420517 119.07747 11.406331 -0.016261061 118.165381533 15.4782879713 -0.000751077447186 4.17285740806 0.888656597894 0 0.708
1950 12.7830598354 121.291 11.334615 -0.012126455 120.129511622 15.0277614518 -0.000550300080293 3.87148369074 0.663264819889 0 0.726
1953 12.7827060223 123.43737 11.229443 0.0013807468 122.746271591 14.813762341 0.00558731913384 3.65033726516 0.241018840946 0 0.788
1956 12.8847558498 125.58554 11.258252 -0.0049853053 124.415412195 14.9528335554 0.0141551034357 3.87545248329 1.09666463871 0 0.69
1959 13.0696280003 127.50849 11.183265 -0.012828209 126.483788388 14.9930176589 0.000453815022284 3.94515255915 0.761003919868 0 0.738
1962 12.4244139194 130.28779 11.390648 -0.01314096 128.972409224 14.9908992144 0.00141038079148 3.83301909634 0.833730413608 0 0.748
1965 12.4325690269 132.78769 11.256475 0.0084755214 131.269972409 14.8783924406 0.00627220232135 3.927053938 -0.126240884128 0 0.764
1968 12.32208395 125.9239 10.596074 0.27888777 132.649512239 14.7333890266 -0.00914579301059 7.89627985922 -16.5031075186 0 0.778
1971 12.2478089333 93.936275 13.265891 0.84250578 133.167616935 14.2596414397 -0.00227492156139 39.2439260264 -48.4023688136 0 0.454
1974 12.4124979973 59.212281 6.4432491 1.3602712 133.463577726 15.2319719753 0.0259201323867 74.7696242823 -76.452684563 0 0.068
1977 12.4138879776 41.747696 3.5851691 1.5088422 139.336852592 13.0886439991 -0.0559643348079 98.0508007083 -89.656810199 0 0.044
1980 13.0430490971 40.889782 2.6549702 1.6071612 79.3814706987 134.799189884 2.87088303987 137.636132228 72.4059279032 0 0.014
1983 12.8645119667 40.408125 3.8011614 1.6070032 37.0010397582 86.4855253576 -0.414633017669 82.754530226 -115.831222983 0 0.016
1986 12.4199419022 40.388712 5.5337894 1.5172855 34.9684563104 92.5408007846 3.00407675058 87.1756801053 85.1868636752 0 0.04
1989 12.3392357826 40.44034 7.6724587 1.5542124 36.0794578064 92.9056366492 -2.30049692035 85.3446654268 139.141424694 0 0.024
1992 12.5390479565 40.554207 9.7439313 1.5604739 34.1208720274 89.2274614609 -2.15366489815 79.7434597049 147.19552234 0 0.034
1995 12.3936729431 40.580821 11.876658 1.5652859 110.8429857 51.9509772793 0.20423033717 80.8870994292 -77.9827394329 0 0.012
1998 12.5313429832 40.665042 14.024391 1.567666 31.4077077254 93.4877215296 -2.7651717423 80.0007446011 111.746684051 0 0.014
2001 12.5115492344 40.771617 16.174621 1.5548315 31.856960806 83.3304312912 -2.17550629749 67.7449182664 146.267388046 0 0.022
2004 12.4490950108 40.847233 18.25792 1.5551713 57.0692555545 79.4869906141 -0.266502339812 63.341559059 -104.374211211 0 0.022
2007 12.3865230083 40.88758 20.352438 1.5597309 131.850915373 43.7098234501 0.293661220556 93.9143004939 -72.5404492016 0 0.02
2010 12.4951050282 40.971014 22.508388 1.5678505 133.81203397 43.2931111335 0.319822766682 95.1391596814 -71.5067218344 0 0.03
2013 12.4253611565 41.044823 24.54743 1.5705547 136.184020696 43.6395518769 0.289031673514 97.0359523886 -73.4258607665 0 0.042
2016 12.3676202297 41.105608 26.696222 1.5717508 138.656190149 45.649191374 0.202864336395 99.3747006317 -78.4314169972 0 0.02
2019 12.5590090752 41.160404 28.869777 1.5672714 140.155200187 44.7001565245 0.421887582783 100.252534073 -65.6256586491 0 0.03
2022 12.3846540451 41.204205 31.003136 1.5608691 52.7928183273 84.1044373241 -2.9406925394 54.3511192264 102.079516844 0 0.014
2025 12.4303119183 41.244227 33.116661 1.5660557 85.2212022444 103.884630344 -1.44530019705 83.3191444787 -172.537983513 0 0.006
2028 12.3865840435 41.277887 35.228156 1.5643441 38.7279117732 35.0011879153 1.62840364716 2.56005628232 3.67034168962 0 0.02
2031 12.4844679832 41.31792 37.33529 1.5797774 38.6859718927 37.1104115176 1.59296355498 2.64153765285 0.755511028083 0 0.018
2034 12.3953149319 41.419072 39.474789 1.5713492 38.6275686693 39.1724594318 1.57246258258 2.80782727623 0.0637921230706 0 0.032
2037 12.5786869526 41.429937 41.518923 1.5745722 38.267537816 41.7593665284 1.55107617919 3.17152671265 -1.34622282756 0 0.058
2040 12.5112979412 41.494048 43.684079 1.5737379 38.6960632509 42.9780441034 1.5935976193 2.88568950708 1.13787809814 0 0.06
2043 12.4164609909 41.508319 45.798644 1.5762653 38.5330726255 45.0898458171 1.58226761349 3.05851039773 0.343907230542 0 0.104
2046 12.2761518955 41.512588 47.943477 1.5772604 38.8523684791 47.9548278471 1.57923165866 2.66024373721 0.112944801757 0 0.198
2049 12.2368218899 41.583607 50.107906 1.5744728 39.2450364881 49.9531341191 1.5885884997 2.34368649234 0.808770017683 0 0.292
2052 12.4713280201 41.632502 52.265699 1.5728612 38.7351462367 51.9433576851 1.57540146639 2.91523143896 0.145546542704 0 0.446
2055 12.5198609829 41.660201 54.305408 1.5732479 39.0212798197 54.215325975 1.58219565122 2.64045824946 0.512668380766 0 0.53
2058 12.4909591675 41.689009 56.508616 1.5685378 39.3057441359 56.8652798451 1.59221929479 2.40980507737 1.35684970407 0 0.608
2061 12.4707779884 41.794127 58.57462 1.5657057 39.0551777382 58.0661393986 1.58370940188 2.78574865709 1.03153613323 0 0.634
2064 12.3340899944 41.856016 60.76704 1.5641567 38.9401557901 60.2264238342 1.58439856823 2.96555333828 1.15977361932 0 0.694
2067 12.3368220329 41.858156 62.785084 1.5639758 39.2668373883 62.9147031829 1.588095364 2.59455839791 1.38194922095 0 0.774
2070 12.3767700195 41.958088 65.023529 1.5767642 38.9759686571 64.5106611644 1.57959901302 3.02589973267 0.162422821938 0 0.684
2073 12.5336089134 41.99726 67.044355 1.5737097 38.8639590049 66.6257937642 1.58792379258 3.161134074 0.814407514417 0 0.756
2076 12.471050024 42.044947 69.102812 1.5759217 39.1636132921 69.1167539326 1.5852359732 2.88136743819 0.53366854338 0 0.78
2079 12.4597790241 42.097902 71.261122 1.5727544 38.8648802042 71.1182399105 1.59212106836 3.23617756366 1.10962836032 0 0.768
2082 12.4076290131 42.114798 73.459441 1.5684742 38.494740637 72.9681181185 1.59458164278 3.65324697838 1.49584628517 0 0.74
2085 12.3121409416 42.172982 75.545483 1.5804547 38.9140326614 75.2081396321 1.57369500419 3.27636251649 -0.387302040906 0 0.706
2088 12.4571278095 42.213453 77.648417 1.5799022 39.0593938411 77.6318537059 1.57746198937 3.154102649 -0.139813770018 0 0.782
2091 12.4243559837 42.308345 79.80823 1.5843424 39.1116878647 79.6744685495 1.58032031153 3.19945447948 -0.230448693974 0 0.766
2094 12.4807548523 42.259747 81.948131 1.5870316 38.9230782523 82.2981281712 1.58869600357 3.354974866 0.0953632997899 0 0.758
2097 12.6273171902 42.325886 84.065588 1.5841531 38.0053346891 84.6288249727 1.6000044356 4.35710907803 0.908214629804 0 0.718
2100 12.339443922 42.338042 86.100283 1.5789413 38.2134006972 86.4900971554 1.60385500515 4.14302075207 1.4274501572 0 0.662
