3 5.41169309616 58.425211 99.52669 -0.076600623 42.0007610288 84.0766173864 -0.217207348108 22.5492195125 -8.05617191987 0
6 5.42143297195 58.436309 99.5178 -0.082073852 66.9936690277 112.240115252 -0.96595837707 15.3325052103 -50.6428528635 0
9 5.4332678318 59.138497 99.506199 -0.079127672 110.811445875 36.2892148381 0.442312098421 81.6485194722 29.8762981154 0
12 5.46825313568 60.588187 99.398001 -0.084356487 91.9091048162 34.856309235 1.54560455306 71.7400158122 93.3898883663 0
15 5.43518900871 62.026729 99.268445 -0.080345137 33.294735921 97.9723119073 -2.90809474334 28.7612132443 -162.018117963 0
18 5.43068790436 63.612811 99.142137 -0.077882356 23.6112742805 91.5656894014 -0.376702753623 40.7127191199 -17.1211476162 0
21 5.46565198898 65.109709 99.045111 -0.075303117 35.273678401 88.223972326 3.06232565736 31.7377655815 179.77288645 0
24 5.44844889641 66.576646 98.887554 -0.079079542 29.3577188155 81.5858309297 2.01541571719 41.0438565679 120.005738562 0
27 5.48927402496 68.114632 98.811042 -0.080004433 63.5701852858 12.9137173826 -1.62692665554 86.0174538822 -88.6321145865 0
30 5.47692203522 69.601579 98.673025 -0.074381156 103.110596667 58.0407247806 0.0160924110159 52.6672392114 5.18375354751 0
33 5.47891616821 71.154315 98.514904 -0.080273853 68.3593737118 98.8838940353 -0.0284387471677 2.81919322688 2.96993279481 0
36 5.45840716362 72.642873 98.438251 -0.077397051 35.6364228212 71.1122871399 -1.48806474434 46.0020179527 -80.8253051239 0
39 5.45071196556 74.179887 98.27586 -0.078945335 37.1336890134 70.9953942399 0.62765246886 46.0070059594 40.4850719744 0
42 5.47122192383 75.689674 98.17429 -0.079512997 35.3861715686 67.0572885783 -1.57802560451 50.9179740928 -85.8584479574 0
45 5.47016215324 77.259307 98.055637 -0.072379503 74.3817871044 99.625374519 -0.155126184166 3.27783413679 -4.74103559951 0
48 5.50165200233 78.667542 97.976243 -0.066300397 76.2402502421 100.284273375 -0.117161181465 3.34944017532 -2.91410829257 0
51 5.49232316017 80.25432 97.827625 -0.077582567 76.9743145568 99.8998390938 -0.086948083919 3.87975604363 -0.536604592418 0
54 5.46757602692 81.813353 97.68277 -0.074716444 78.1341022871 99.8546350966 -0.0488472863106 4.27245641359 1.48219355516 0
57 5.46826601028 82.622729 97.654646 -0.085105116 79.9216108643 99.6570014031 0.00375045028412 3.36236023398 5.09104893433 0
60 5.45028805733 81.436592 97.754867 -0.094486992 78.0600550108 98.9804137861 -0.00675400529999 3.592070011 5.02672986199 0
63 5.51816606522 79.890684 97.897701 -0.093381766 76.9614709312 99.6893728852 -0.111258587573 3.43371189044 -1.02426642724 0
66 5.49450206757 78.411812 98.037468 -0.097953665 76.3053843134 99.3420327798 -0.0264875131327 2.47768578793 4.09470888004 0
69 5.48022389412 76.931086 98.162597 -0.096433306 74.8172500064 99.4550122314 -0.0432950309086 2.47762784497 3.04459889334 0
72 5.42112398148 75.443161 98.337547 -0.10164342 73.0263117722 98.9452983238 0.00437182129612 2.49209186458 6.07422589033 0
75 5.41667103767 73.912871 98.553041 -0.10292365 71.955186478 99.7088048427 -0.057165873223 2.27339366314 2.62172748922 0
78 5.47882294655 72.413468 98.668417 -0.11145399 69.8672623582 98.9444631814 0.0294661302469 2.5611256636 8.07412813862 0
81 5.42815995216 70.926618 98.82512 -0.11572496 69.0939247142 99.7650527212 -0.0464822883673 2.05966943954 3.96731284677 0
84 5.5063021183 69.460294 99.048845 -0.12091472 66.7995257655 99.4053286099 -0.0166435849848 2.68454244927 5.97429596141 0
87 5.50769591331 67.984026 99.205817 -0.12024712 66.0178030511 99.4317500611 -0.0164456587716 1.97916104272 5.94738563568 0
90 5.48387289047 66.409271 99.378533 -0.12589377 63.7569807963 99.338651839 -0.0185669307898 2.65259002326 6.14937491522 0
93 5.46890497208 64.97003 99.579245 -0.12534264 62.7519756164 99.3987381563 -0.0127347137915 2.22538715043 6.45195891147 0
96 5.49261808395 63.450289 99.830398 -0.13542326 60.8798803395 99.3871757405 -0.00061296722569 2.608341744 7.72406081089 0
99 5.45245909691 62.015499 100.01094 -0.13023941 59.7682498612 98.272466988 0.02447546452 2.8411999411 8.86450933789 0
102 5.43722009659 60.420275 100.24313 -0.1356293 57.7577390068 98.3812053979 0.0216701724252 3.24897847623 9.0125958896 0
105 5.41267299652 58.989222 100.44438 -0.14088208 55.9834417507 98.9417368762 -0.00344836077198 3.36045402651 7.87437207455 0
108 5.49086499214 58.528509 100.58832 -0.24160345 55.8581130874 99.0102624553 -0.0861972059039 3.1018188123 8.90412189669 0
111 5.51421904564 58.390768 100.67023 -0.3827913 56.5619482248 99.2950632634 -0.238565979362 2.28815762652 8.26350217147 0
114 5.55342411995 58.26024 100.80046 -0.53685502 56.0352141985 101.302175758 -0.412766946111 2.2808898524 7.10972292176 0
117 5.7324860096 58.2435 100.85046 -0.70040996 57.0364588395 100.983202598 -0.532567020777 1.21431831099 9.61669203855 0
120 5.59252715111 58.129433 100.95873 -0.85888639 57.1206524714 101.320801186 -0.676879246406 1.07178995088 10.4282411692 0
123 5.64750003815 58.21235 101.09089 -1.0276822 57.879609837 101.319542087 -0.937572770589 0.403729851198 5.16288999959 0
126 5.53912210464 58.152327 101.12822 -1.1869287 56.1781958331 101.265728084 -1.09660162002 1.97891443398 5.17536045839 0
129 5.52006983757 58.049715 101.26081 -1.3398137 55.6436033513 101.529044815 -1.30152838311 2.42101697274 2.19358707491 0
132 5.525578022 58.024835 101.49733 -1.4943786 55.9469157892 101.797832411 -1.4371415463 2.09953564996 3.27944160868 0
135 5.50937199593 58.064001 101.65215 -1.6522241 56.6682809898 101.982799145 -1.62305198752 1.43435114387 1.67143892463 0
138 5.53185105324 58.104403 101.68885 -1.8037565 56.3168683316 102.275191222 -1.78555655932 1.88124326426 1.04277978816 0
141 5.50205516815 58.177183 101.78616 -1.9584038 56.750167191 102.461179038 -1.93828307663 1.57861484244 1.15283252979 0
144 5.47215008736 58.164815 101.89412 -2.1101089 56.0834429765 102.007784785 -2.00035268592 2.0844733588 6.2885678423 0
147 5.57907891273 58.333441 101.96561 -2.2758326 55.255062885 102.370315017 -2.14148226299 3.10486681993 7.6977072867 0
150 5.50534677505 58.547547 101.97367 -2.4518694 55.4879171108 102.217683989 -2.29353124025 3.06934486264 9.07210828936 0
153 5.82395100594 58.609003 102.09152 -2.5989269 55.2678493808 102.28008233 -2.44248393203 3.3464702687 8.96352179908 0
156 5.8813560009 58.561869 102.14088 -2.6173282 54.9403847957 102.790576536 -2.48176997353 3.67930067142 7.76691425524 0
159 5.6904489994 58.51155 102.01626 -2.5045701 54.5260744833 102.858070839 -2.33045219065 4.0734089634 9.97622134319 0
162 5.6886370182 58.437648 101.90068 -2.3721379 54.5918704222 102.757647978 -2.1707883851 3.94010143191 11.5364774109 0
165 5.59795188904 58.147744 101.95537 -2.2082701 54.8366873949 102.31499869 -2.09737045986 3.33052978321 6.35408132939 0
168 5.48985314369 58.037351 101.82492 -2.0566813 55.1913555271 101.960468079 -1.96303015181 2.84922156278 5.36581553775 0
171 5.51979017258 57.944091 101.71587 -1.9011295 55.1669752213 103.020241385 -1.73781136982 3.06818460324 9.35743957726 0
174 5.5735669136 57.908577 101.57431 -1.7585036 54.8684701719 101.443804389 -1.66204740205 3.04290670919 5.52653305019 0
177 5.59148001671 57.841285 101.40683 -1.6171883 55.2649822454 102.414891538 -1.48922114443 2.76650030695 7.33197793057 0
180 5.51756882668 57.86028 101.30305 -1.4556073 54.7554678624 102.159075675 -1.32338263033 3.22065806411 7.57591551945 0
183 5.50796818733 57.788579 101.03213 -1.3093986 54.2379061735 101.80701084 -1.11769822369 3.63424240205 10.9836224934 0
186 5.57039213181 57.852229 100.87925 -1.1701135 53.3290689914 101.373601292 -1.06294523028 4.55009446753 6.14028955243 0
189 5.61528897285 57.956865 100.8248 -1.0236231 53.4962457536 100.932010973 -0.906213534215 4.46190746808 6.72707259392 0
192 5.53878712654 57.906072 100.67156 -0.85835482 53.8238365834 102.380492092 -0.712511330324 4.42550504349 8.35621642788 0
195 5.54425907135 57.990597 100.53155 -0.72265365 54.010115947 101.939240962 -0.607956656952 4.22206386227 6.57165362447 0
198 5.49519395828 58.042848 100.37669 -0.56279892 55.1659764425 102.087200872 -0.310775632093 3.34697436521 14.4398707361 0
201 5.47834277153 58.157277 100.32166 -0.41301063 53.5771510603 102.563586644 -0.0457348009982 5.09939101274 21.043354919 0
204 5.48851680756 58.686264 100.08548 -0.29965148 54.4217562094 101.843737711 0.10465534025 4.6127537192 23.1650744287 0
207 5.53804898262 59.980629 99.666017 -0.30408986 56.3383998244 101.777740484 -0.0693530836003 4.21013176032 13.4494265842 0
210 5.57704210281 61.363687 99.173884 -0.32636207 56.4887157363 102.692160798 -0.00650991593987 6.01195612516 18.3261784958 0
213 5.50345182419 62.885593 98.69498 -0.37512441 59.8936934034 100.388432235 -0.188507560048 3.43791269077 10.6923578883 0
216 5.57521486282 64.287236 98.118834 -0.4012694 61.1830438223 99.4113186752 -0.251532700226 3.36251776378 8.57928093526 0
219 5.47216796875 66.572969 97.068508 -0.44319642 63.4987604245 98.5319055215 -0.32770720601 3.40474531671 6.61704454093 0
222 5.5148601532 67.896132 96.441291 -0.47211549 64.7855572792 97.5268646541 -0.369026013107 3.29456298353 5.90659193817 0
225 5.70078396797 69.150612 95.708615 -0.49267498 65.9516421731 97.1857421806 -0.431624282067 3.52353695327 3.49794732788 0
228 5.47180509567 70.465141 94.973778 -0.52461339 67.4488330667 96.4278233757 -0.466425146793 3.34848644957 3.33394075303 0
231 5.54136013985 71.675984 94.192345 -0.54871183 68.8007853587 95.7176548108 -0.51095264597 3.25474073403 2.1634418828 0
234 5.57337403297 72.999296 93.402727 -0.58180979 70.3979685613 94.9407052523 -0.49983460393 3.02196650347 4.69683218658 0
237 5.53966093063 74.284244 92.44261 -0.63095882 71.573743553 94.2570386194 -0.561640383056 3.26174246197 3.97165387934 0
240 5.5155081749 75.447368 91.599491 -0.66374929 73.6244793411 93.2342575154 -0.59286047496 2.44854745162 4.06162991649 0
243 5.53752708435 76.572595 90.665594 -0.69142624 73.9738250177 92.3842547081 -0.620825617178 3.11567008045 4.04511771869 0
246 5.61962103844 77.783785 89.658033 -0.71509647 75.0173202059 91.5177973849 -0.646865676955 3.33347431737 3.90933647433 0
249 5.62200093269 78.874801 88.696028 -0.74032963 76.8703606214 90.5213768792 -0.695104397859 2.71102928094 2.59121492919 0
252 5.61577916145 80.03236 87.613917 -0.7252394 77.7365172592 88.9205673202 -0.684235720691 2.64163376524 2.34933776894 0
255 5.5753121376 81.079285 86.604124 -0.70281223 78.9532817718 88.5855595711 -0.646075390229 2.90619625085 3.25078146178 0
258 5.73952698708 82.380517 85.593177 -0.66953842 80.8638742509 87.1297790834 -0.600117400318 2.15901625538 3.97753143724 0
261 5.67688298225 83.553536 84.670161 -0.64546431 81.5235523251 87.2304588316 -0.565450852059 3.26740856136 4.58443344427 0
264 5.51732301712 84.753159 83.736184 -0.60820056 83.415575881 86.0418744279 -0.557128504467 2.6655837915 2.92621323311 0
267 5.51508998871 85.938286 82.919631 -0.58097683 84.0359538645 84.0677940769 -0.518274579702 2.22196894782 3.59257430806 0
270 5.44689106941 87.249998 82.030848 -0.55954063 85.3526945753 83.7054868366 -0.521759739144 2.53064725281 2.16468559229 0
273 5.42649698257 88.578333 81.141585 -0.52544337 85.9394056693 83.2080534515 -0.498940779027 3.35175018726 1.51848660893 0
276 5.55370402336 89.874585 80.458812 -0.49549775 87.5284499567 82.3085564222 -0.435307604595 2.98762515531 3.44864129997 0
279 5.55055594444 91.229191 79.664539 -0.46697991 88.8145103732 80.8115614252 -0.437320406717 2.6732644787 1.69936436056 0
282 5.55016994476 92.640842 79.007823 -0.44436504 90.1563449826 81.1028284124 -0.404628580255 3.24988816847 2.27673143616 0
285 5.59929013252 93.942666 78.269838 -0.40450827 91.0654879643 80.468959865 -0.369975856603 3.6213658233 1.97856154403 0
288 5.53032612801 95.385584 77.620959 -0.38607018 93.1466507253 80.0208468082 -0.299027636367 3.28211573539 4.98717038827 0
291 5.49522089958 96.747733 77.074345 -0.36376533 94.8636475013 78.939791826 -0.253903627587 2.65135249014 6.29461187838 0
294 5.48367500305 98.250871 76.540386 -0.33417824 95.9055756936 79.048721281 -0.23749508058 3.43397087296 5.53953698473 0
297 5.53908109665 99.752933 76.027378 -0.30758365 96.6757214543 78.8869471361 -0.198929462267 4.20075785317 6.22542638353 0
300 5.50779414177 100.00981 75.897783 -0.33361957 98.4462347086 78.8880701936 -0.175087963732 3.37440145691 9.08319195857 0
303 5.70642709732 98.714105 76.429985 -0.36219797 96.3791819961 79.3416207086 -0.211950316336 3.73222292123 8.60855643672 0
306 5.57615995407 97.284888 77.028291 -0.39087517 95.5049172476 79.4950733864 -0.241028492888 3.04192557791 8.5855821726 0
309 5.50431489944 95.817851 77.649213 -0.42317241 94.2347883274 78.6252581482 -0.251314298998 1.85977190983 9.8467444355 0
312 5.61002898216 94.571565 78.35291 -0.46228827 92.9917779732 80.1923818129 -0.333858238032 2.4247440278 7.35849879447 0
315 5.59432601929 93.13187 79.138887 -0.4938927 91.2407729464 79.9867914114 -0.327245223326 2.07248400642 9.5481970799 0
318 5.64758396149 91.836662 79.862922 -0.52529077 90.1573075487 80.7535168038 -0.379066518892 1.90089202159 8.37803245092 0
321 5.58415102959 90.529269 80.702102 -0.55721841 88.068557365 81.2739723892 -0.392881187173 2.52628927337 9.41582928492 0
324 5.53772211075 89.308886 81.573217 -0.59808232 87.5700387717 81.6805438518 -0.402473145294 1.74215634676 11.2075801447 0
327 5.46814489365 88.100372 82.484783 -0.6409076 86.0076187624 83.4028594482 -0.505552198061 2.28527470525 7.75529326541 0
330 5.46372699738 86.96204 83.432583 -0.67310863 84.5856165886 83.1483730698 -0.472470837623 2.3933582086 11.495698714 0
333 5.55913686752 85.711036 84.448892 -0.70015711 83.6883253642 83.88488953 -0.529180943008 2.09987073464 9.79621276598 0
336 5.59704494476 84.630521 85.38864 -0.74348817 82.2499802718 85.8098241754 -0.607571360161 2.41751324052 7.78745956865 0
339 5.588793993 83.531548 86.470864 -0.76732045 80.5317038392 86.6072781331 -0.610277105155 3.0029441894 8.99792086026 0
342 5.61574578285 82.436303 87.632765 -0.79615086 79.3479822993 87.2621244771 -0.632253401938 3.11048214075 9.39063261988 0
345 5.55127000809 81.390428 88.717115 -0.83255466 78.3229793479 88.4378804647 -0.684428475048 3.08013200353 8.48700523312 0
348 5.52792096138 80.091493 90.270385 -0.85191671 76.5723500853 88.802436676 -0.658645378843 3.81303542284 11.0736315761 0
351 5.48284888268 79.121061 91.3195 -0.83027867 77.1712326383 91.9727467429 -0.697424532071 2.05634674777 7.61198139416 0
354 5.51939296722 78.091476 92.534394 -0.81038411 75.6361189593 91.595759993 -0.656811646203 2.62865212544 8.799054025 0
357 5.45494794846 77.093441 93.512556 -0.78090008 74.8048082455 94.0687263577 -0.640839747398 2.35524210043 8.0248659353 0
360 5.45294594765 76.051262 94.597058 -0.76703211 73.2274878374 93.1253610485 -0.550514835917 3.18427267022 12.4055259966 0
363 5.41753697395 75.027276 95.58972 -0.75132884 72.1804103421 94.4909983426 -0.574272776002 3.05152967457 10.1445652043 0
366 5.51765203476 73.852657 96.593273 -0.72312741 70.4084167339 95.1766038046 -0.539671869682 3.72421033512 10.5112281885 0
369 5.5082988739 72.811015 97.559971 -0.70587276 69.2984059059 96.1443436224 -0.48440711252 3.78713922636 12.6890469078 0
372 5.51313710213 71.630899 98.505259 -0.68120937 69.020209674 98.6945737808 -0.541703594215 2.61754443001 7.99309217017 0
375 5.47359490395 70.538887 99.423882 -0.66641532 67.3589267288 99.3617922174 -0.512759842844 3.18056637529 8.80381034012 0
378 5.47557902336 69.331788 100.31013 -0.63648641 66.2734554788 99.3786319268 -0.466857655747 3.19704339519 9.71901170278 0
381 5.51737785339 68.205766 101.18772 -0.63190253 65.8329658205 101.654100881 -0.488669985441 2.41820011947 8.20662029214 0
384 5.41002416611 66.997353 102.01418 -0.604237 64.0378539268 102.477088832 -0.442078021991 2.99548315826 9.29102505004 0
387 5.39956283569 65.749881 102.79371 -0.58263231 63.4804290729 103.502276004 -0.423609787023 2.37749402339 9.11131941413 0
390 5.45932984352 64.390622 103.72927 -0.540005 61.9455541797 104.322128108 -0.42084547816 2.51591680753 6.82733769021 0
393 5.51698493958 63.066948 104.49561 -0.5165186 60.8466815155 104.83460534 -0.389305529945 2.24599668356 7.28877201303 0
396 5.60104107857 62.072466 105.11862 -0.50368551 59.4877389157 105.557096434 -0.352599755731 2.62165514203 8.65657606419 0
399 5.64071321487 62.084059 105.11634 -0.50537083 58.9906135392 105.30030012 -0.333730537994 3.09891047699 9.83426432635 0
402 5.48272800446 62.06969 105.12384 -0.50501376 58.6928046214 105.363211337 -0.333008904606 3.38535869552 9.85515226984 0
405 5.49747109413 62.088061 105.11683 -0.50531554 59.2718303359 106.570246759 -0.341681039149 3.16916005103 9.37556628148 0
408 5.45623278618 62.080145 105.11527 -0.50526072 59.0968486362 106.028309298 -0.321484109351 3.11988749054 10.5296241634 0
411 5.50488901138 62.084425 105.11388 -0.50526675 58.75137622 105.960396495 -0.311331184309 3.43886672398 11.1116894116 0
414 5.58343696594 62.090561 105.10315 -0.50372534 57.7064050176 104.871837728 -0.294092664142 4.39025387028 12.0110675747 0
