3 2.74431419373 58.425211 99.52669 -0.076600623 72.6582633 49.2069659915 -3.0586707316 52.2939231849 -170.860031435 0
6 2.7388510704 58.436309 99.5178 -0.082073852 112.710167524 86.3800416822 -2.74184658408 55.8413145678 -152.393752012 0
9 2.74699091911 59.138497 99.506199 -0.079127672 28.8592772804 107.997413316 3.00644379706 31.4472871228 176.790222563 0
12 2.75005698204 60.588187 99.398001 -0.084356487 97.6554675764 124.211126201 -2.2458255677 44.6057672454 -123.843055872 0
15 2.72267699242 62.026729 99.268445 -0.080345137 81.4420523752 85.6455682769 -0.764938923562 23.7178741032 -39.2243346509 0
18 2.74922299385 63.612811 99.142137 -0.077882356 72.8417814914 134.274151966 -0.983913164894 36.3239916849 -51.9117414584 0
21 2.72610592842 65.109709 99.045111 -0.075303117 18.0592024674 137.533421953 0.165364824367 60.7873362224 13.7892573044 0
24 2.75942897797 66.576646 98.887554 -0.079079542 123.921216681 58.4720504923 2.58469373215 70.1556320646 152.622966188 0
27 2.75747990608 68.114632 98.811042 -0.080004433 36.1580036739 73.864679168 -1.84004794972 40.5406846577 -100.843065267 0
30 2.76668787003 69.601579 98.673025 -0.074381156 74.8667005468 115.998603601 -2.22999204752 18.1079313774 -123.507406356 0
33 2.74942517281 71.154315 98.514904 -0.080273853 43.8349742047 92.6789396788 1.05322846759 27.9357273227 64.9448990383 0
36 2.73985695839 72.642873 98.438251 -0.077397051 93.6216448325 11.816967414 0.407280542701 89.1255049786 27.7699805436 0
39 2.76870107651 74.179887 98.27586 -0.078945335 96.216017498 11.8771922369 0.19922335973 89.1645716558 15.9378922007 0
42 2.75171613693 75.689674 98.17429 -0.079512997 35.170143852 67.4412178594 -1.78670468086 50.8562095188 -97.814878305 0
45 2.74221611023 77.259307 98.055637 -0.072379503 36.8642173852 64.9079502161 -1.55203948519 52.2544964966 -84.7782720936 0
48 2.74249982834 78.667542 97.976243 -0.066300397 34.7631811614 65.4824304657 -1.7674665768 54.6208820293 -97.4696423531 0
51 2.74961709976 80.25432 97.827625 -0.077582567 66.917877704 25.6133165751 -0.192107585432 73.4354616953 -6.5618002048 0
54 2.76810598373 81.813353 97.68277 -0.074716444 104.048375934 12.6952605177 0.143456614779 87.8480108647 12.5003954715 0
57 2.73982095718 82.622729 97.654646 -0.085105116 81.0109933571 99.4252624778 -0.111801227887 2.39432130132 -1.52957454055 0
60 2.73355698586 81.436592 97.754867 -0.094486992 78.6317083928 99.1690329109 -0.0299939669699 3.14121589098 3.69517814226 0
63 2.72514009476 79.890684 97.897701 -0.093381766 77.047695429 99.697597698 -0.174427407284 3.36484949715 -4.64357319352 0
66 2.73070812225 78.411812 98.037468 -0.097953665 75.0527246057 99.908811091 -0.0579183011541 3.84517790055 2.29385737964 0
69 2.73812913895 76.931086 98.162597 -0.096433306 62.7105709778 23.1892870688 0.225062100115 76.3100271887 18.4203299032 0
72 2.73736381531 75.443161 98.337547 -0.10164342 72.8126145728 99.7636580162 -0.10463142199 2.99225118204 -0.171199903228 0
75 2.72175908089 73.912871 98.553041 -0.10292365 42.5083881461 91.1703610033 -1.62547216568 32.2605875219 -87.2356040523 0
78 2.74528694153 72.413468 98.668417 -0.11145399 69.3482418948 98.3533737505 0.064048108246 3.08137361012 10.0555295252 0
81 2.72515892982 70.926618 98.82512 -0.11572496 70.0978136661 99.9484468443 -0.0696662919048 1.39598704253 2.63896729185 0
84 2.73573184013 69.460294 99.048845 -0.12091472 66.4371489465 98.848948784 0.0372813358732 3.02974660848 9.06396633715 0
87 2.72853803635 67.984026 99.205817 -0.12024712 66.4545559517 99.3407268844 -0.0539697374241 1.53540851423 3.79741429878 0
90 2.72810196877 66.409271 99.378533 -0.12589377 63.1498508093 99.2126146125 -0.0412986516737 3.26364043527 4.84694324751 0
93 2.72732710838 64.97003 99.579245 -0.12534264 63.0819474338 98.411700458 0.0105305749873 2.21991351959 7.78496176765 0
96 2.7394900322 63.450289 99.830398 -0.13542326 60.3761288104 98.3660058798 0.03062516867 3.40512924177 9.51387415757 0
99 2.7207159996 62.015499 100.01094 -0.13023941 59.9728291533 97.9471483383 0.00525797567005 2.90374518947 7.76342833395 0
102 2.73594117165 60.420275 100.24313 -0.1356293 57.824578525 97.3531948037 0.0551166138526 3.88450326665 10.9289358231 0
105 2.72775912285 58.989222 100.44438 -0.14088208 56.3115416948 98.8321070884 0.0259918753943 3.12560326304 9.56117335475 0
108 2.73256993294 58.528509 100.58832 -0.24160345 56.6375108401 98.0743491486 -0.0648307603886 3.14577867668 10.1283290479 0
111 2.72934985161 58.390768 100.67023 -0.3827913 55.4986088948 99.8275375128 -0.227864617391 3.01242674893 8.87664504747 0
114 2.73229813576 58.26024 100.80046 -0.53685502 56.4558518044 100.680292125 -0.426734860852 1.80838521296 6.30942035846 0
117 2.73594808578 58.2435 100.85046 -0.70040996 56.3137826564 101.844798787 -0.548521981282 2.17083363001 8.70254013933 0
120 2.76070690155 58.129433 100.95873 -0.85888639 57.5890736597 101.420001665 -0.438778243516 0.710464471844 24.0704237326 0
123 2.72543001175 58.21235 101.09089 -1.0276822 57.9268763259 102.080003128 -1.06212567644 1.02948530759 -1.97346583203 0
126 2.73070001602 58.152327 101.12822 -1.1869287 57.0166552428 101.896960762 -1.17499898338 1.37139078987 0.683522413111 0
129 2.73514699936 58.049715 101.26081 -1.3398137 55.1828852081 101.69366237 -1.27156410657 2.89932306413 3.91041365694 0
132 2.73169183731 58.024835 101.49733 -1.4943786 54.4763612902 102.937668918 -1.39551303257 3.82965296944 5.66457975272 0
135 2.74200510979 58.064001 101.65215 -1.6522241 55.89557963 103.444393535 -1.68306129252 2.81321668648 -1.76684098331 0
138 2.74676299095 58.104403 101.68885 -1.8037565 54.4814133542 102.384913204 -1.68206730615 3.68924896938 6.97227721994 0
141 2.72876501083 58.177183 101.78616 -1.9584038 57.2998233726 102.102579876 -2.07627430392 0.93267435578 -6.75348240358 0
144 2.72117400169 58.164815 101.89412 -2.1101089 55.725031099 103.278430265 -2.05806268008 2.80514890742 2.98202874114 0
147 2.7208571434 58.333441 101.96561 -2.2758326 56.6238593341 101.812798294 -2.21924293621 1.71639764906 3.24234889943 0
150 2.71632814407 58.547547 101.97367 -2.4518694 56.700970324 101.497900738 -2.35250482752 1.906882747 5.69317063645 0
153 2.74629306793 58.609003 102.09152 -2.5989269 56.0232280046 101.261627878 -2.542434791 2.71568651748 3.23675942146 0
156 2.72622489929 58.561869 102.14088 -2.6173282 54.9202932557 102.754974367 -2.52599762618 3.69299144241 5.23285642057 0
159 2.73947811127 58.51155 102.01626 -2.5045701 54.2265242188 102.399014906 -2.37087049884 4.30208638496 7.66042286906 0
162 2.73985600471 58.437648 101.90068 -2.3721379 54.5926786125 101.475193639 -2.28115328165 3.86844002601 5.21303463199 0
165 2.72825717926 58.147744 101.95537 -2.2082701 54.9477690981 102.027319679 -2.15026985482 3.20078367419 3.32316925967 0
168 2.74136209488 58.037351 101.82492 -2.0566813 53.2077713838 101.327805996 -1.85687322442 4.8550964566 11.4481594436 0
171 2.75109291077 57.944091 101.71587 -1.9011295 53.3063684587 100.997092769 -1.68875154362 4.69309184631 12.1683605622 0
174 2.74662804604 57.908577 101.57431 -1.7585036 54.3194554689 102.688031924 -1.53348044765 3.75794756347 12.8928769227 0
177 2.75149583817 57.841285 101.40683 -1.6171883 53.8300550238 102.028965539 -1.36628757415 4.05918939581 14.3755526678 0
180 2.74715304375 57.86028 101.30305 -1.4556073 52.2925454927 100.611686837 -1.16856722295 5.61049468117 16.4461849658 0
183 2.74175000191 57.788579 101.03213 -1.3093986 53.0423915743 100.877608488 -1.07811871221 4.74870213607 13.2513614568 0
186 2.78492689133 57.852229 100.87925 -1.1701135 51.187407665 99.5593941085 -0.833757036616 6.7942522033 19.2718057639 0
189 2.74359297752 57.956865 100.8248 -1.0236231 52.7810900377 100.461770133 -0.858778461673 5.18849083502 9.44490205151 0
192 2.71156787872 57.906072 100.67156 -0.85835482 51.8666929922 102.992075451 -0.585791750923 6.46984472458 15.6167135093 0
195 2.71841287613 57.990597 100.53155 -0.72265365 54.2047721054 101.157140965 -0.43206727166 3.83716486322 16.6493730628 0
198 2.7315890789 58.042848 100.37669 -0.56279892 54.2082329618 102.07522342 -0.111264186015 4.19395854432 25.8710345609 0
201 2.75161600113 58.157277 100.32166 -0.41301063 53.7326047558 102.397209259 0.0433749567932 4.88729262421 26.1489679539 0
204 2.7467520237 58.686264 100.08548 -0.29965148 53.6674048496 103.052494111 0.0687314967904 5.83027614323 21.1067898146 0
207 2.73040699959 59.980629 99.666017 -0.30408986 56.1541022991 100.996480593 0.0764962767265 4.05122697017 21.8059793756 0
210 2.75539278984 61.363687 99.173884 -0.32636207 56.3699280578 102.762501126 0.0134465847838 6.14945536212 19.4696017611 0
213 2.74554491043 62.885593 98.69498 -0.37512441 59.6858058811 100.491746162 -0.136783732705 3.66974198643 13.6559148953 0
216 2.74010586739 64.287236 98.118834 -0.4012694 61.3297915431 99.8360976625 -0.264569006391 3.41986435436 7.83235561156 0
219 2.77138805389 66.572969 97.068508 -0.44319642 63.4761535384 98.8584291358 -0.35822671104 3.57688183695 4.86840570984 0
222 2.71816205978 67.896132 96.441291 -0.47211549 65.0219252302 98.0956977797 -0.403547917065 3.31634231473 3.92863254063 0
225 2.72482395172 69.150612 95.708615 -0.49267498 65.6679419965 97.9652914879 -0.452016594597 4.14988904964 2.32955388542 0
228 2.73269104958 70.465141 94.973778 -0.52461339 67.0968802232 96.1309672693 -0.449758996668 3.5614979525 4.28884081595 0
231 2.74234819412 71.675984 94.192345 -0.54871183 69.1167672003 95.814368141 -0.46100328902 3.02994219379 5.02532922543 0
234 2.71650195122 72.999296 93.402727 -0.58180979 69.6247403425 94.7181394435 -0.466764935558 3.62186910062 6.59158461421 0
237 2.72696495056 74.284244 92.44261 -0.63095882 71.9839128205 94.5982760171 -0.551054841561 3.15252589401 4.57816073088 0
240 2.73034596443 75.447368 91.599491 -0.66374929 73.4450984584 92.8637440575 -0.571957604635 2.36799896762 5.25927616583 0
243 2.73855614662 76.572595 90.665594 -0.69142624 74.115287172 91.5738954018 -0.594752856653 2.61980403809 5.53897685704 0
246 2.73095083237 77.783785 89.658033 -0.71509647 75.1918691045 91.2327783562 -0.606309603248 3.03279589591 6.23302833136 0
249 2.73553299904 78.874801 88.696028 -0.74032963 76.825309919 90.7004550869 -0.660730630611 2.86673012992 4.56068671846 0
252 2.77172398567 80.03236 87.613917 -0.7252394 78.4142503118 90.0264642711 -0.662887050758 2.90493774431 3.57252645428 0
255 2.69964194298 81.079285 86.604124 -0.70281223 79.5234849822 88.2611299348 -0.635058597964 2.27292374784 3.88199716236 0
258 2.72196316719 82.380517 85.593177 -0.66953842 80.2911169357 87.8127222316 -0.595920750094 3.04827388266 4.21798178321 0
261 2.78000998497 83.553536 84.670161 -0.64546431 81.1855029836 87.0266125565 -0.540177324851 3.34072511665 6.03249988667 0
264 2.73563504219 84.753159 83.736184 -0.60820056 83.1336338075 85.6026554733 -0.529024988011 2.47114904639 4.53642611552 0
267 2.72768998146 85.938286 82.919631 -0.58097683 84.9319299366 85.1390977854 -0.535017709967 2.43696231769 2.633263608 0
270 2.73614907265 87.249998 82.030848 -0.55954063 85.3693583509 83.6033601166 -0.516207410761 2.45144852005 2.48281057512 0
273 2.80916881561 88.578333 81.141585 -0.52544337 85.7334760005 83.3180643284 -0.491978272761 3.58193713153 1.91740883278 0
276 2.8161149025 89.874585 80.458812 -0.49549775 87.805122511 82.657943209 -0.413480505055 3.01974387447 4.69924198267 0
279 2.8318901062 91.229191 79.664539 -0.46697991 89.1360088101 81.4117779788 -0.395062762672 2.72658316019 4.12054901653 0
282 2.78508806229 92.640842 79.007823 -0.44436504 90.0072663733 80.7345797928 -0.384052350237 3.14919189681 3.45566257452 0
285 2.81580996513 93.942666 78.269838 -0.40450827 90.7450561504 80.2634383668 -0.34213868447 3.76817610694 3.57351402088 0
288 2.73846697807 95.385584 77.620959 -0.38607018 92.7674692168 80.321082158 -0.320264744619 3.76100918458 3.77037371636 0
291 2.81615185738 96.747733 77.074345 -0.36376533 94.6830629202 79.2359644541 -0.275603285239 2.98922418075 5.05131307807 0
294 2.72573781013 98.250871 76.540386 -0.33417824 95.4999798619 78.9580386523 -0.248825543364 3.66230069776 4.89034928729 0
297 2.72557401657 99.752933 76.027378 -0.30758365 96.4382113539 78.8762824678 -0.194060007125 4.37077067094 6.50442561167 0
300 2.73292708397 100.00981 75.897783 -0.33361957 98.3984321939 78.9486450475 -0.167588756672 3.45026052159 9.5128648728 0
303 2.72111988068 98.714105 76.429985 -0.36219797 96.2828615474 78.6222453426 -0.182719841 3.27367532527 10.2833393066 0
306 2.72095894814 97.284888 77.028291 -0.39087517 95.4102819099 79.3116503283 -0.268229246065 2.95429819339 7.02709381593 0
309 2.74007511139 95.817851 77.649213 -0.42317241 93.9783591279 78.0795334477 -0.264697086251 1.88915484677 9.07996720778 0
312 2.73230218887 94.571565 78.35291 -0.46228827 93.5529791615 79.7159704974 -0.298247532914 1.70160248885 9.39884190325 0
315 2.71053600311 93.13187 79.138887 -0.4938927 90.963976898 80.0915061974 -0.324440135672 2.36796195852 9.70891676368 0
318 2.75394201279 91.836662 79.862922 -0.52529077 90.2171746935 81.0184723147 -0.374953442207 1.98948125546 8.61369438583 0
321 2.72531795502 90.529269 80.702102 -0.55721841 88.1863544753 80.6111509981 -0.364633927383 2.34467920086 11.0342780536 0
324 2.70661902428 89.308886 81.573217 -0.59808232 87.4883435653 82.0135422327 -0.395698052116 1.87303525515 11.5957643896 0
327 2.73782706261 88.100372 82.484783 -0.6409076 85.9535128992 81.915452202 -0.418507314432 2.22106766129 12.7425977256 0
330 2.73849892616 86.96204 83.432583 -0.67310863 84.4531919245 82.1490054582 -0.419677630368 2.8181359037 14.5205266767 0
333 2.72236180305 85.711036 84.448892 -0.70015711 83.9277001104 84.042114695 -0.532268960956 1.82914041859 9.61928237051 0
336 2.7363319397 84.630521 85.38864 -0.74348817 82.0437804601 86.2728722535 -0.602729462883 2.73369590463 8.0648798475 0
339 2.74011301994 83.531548 86.470864 -0.76732045 80.7180820571 86.4911548535 -0.585350463457 2.81353911126 10.4261122269 0
342 2.72165608406 82.436303 87.632765 -0.79615086 79.1022100109 87.1961059091 -0.616178794605 3.36256557131 10.3116397774 0
345 2.75358319283 81.390428 88.717115 -0.83255466 77.8504049914 88.1183081603 -0.66612647963 3.59031092421 9.53563232724 0
348 2.72506380081 80.091493 90.270385 -0.85191671 76.5598681059 88.7528836366 -0.67111575773 3.84385025471 10.359131497 0
351 2.71829986572 79.121061 91.3195 -0.83027867 77.2699419168 90.5626321998 -0.658381430755 1.99987267776 9.84898631869 0
354 2.69756507874 78.091476 92.534394 -0.81038411 75.189115388 91.2897131948 -0.632661535415 3.15799420978 10.1827534479 0
357 2.71977996826 77.093441 93.512556 -0.78090008 75.0667231717 93.1882341582 -0.691793648959 2.05250330393 5.10542242614 0
360 2.71870803833 76.051262 94.597058 -0.76703211 73.63099876 92.8018770591 -0.581729245607 3.01336170439 10.6170720614 0
363 2.72932291031 75.027276 95.58972 -0.75132884 72.1906022098 93.3758553451 -0.549748155254 3.59832112273 11.5497224673 0
366 2.73057603836 73.852657 96.593273 -0.72312741 70.4019309551 94.4306766007 -0.528506056596 4.07238669866 11.1509821532 0
369 2.73517894745 72.811015 97.559971 -0.70587276 69.183959884 95.2657278434 -0.492468698565 4.29174562111 12.2271520512 0
372 2.7454199791 71.630899 98.505259 -0.68120937 69.1161895512 100.067177435 -0.632160561572 2.96029606792 2.81028971306 0
375 2.74219417572 70.538887 99.423882 -0.66641532 67.2432842247 100.100132046 -0.527252635703 3.36426987293 7.97343447594 0
378 2.71277999878 69.331788 100.31013 -0.63648641 66.3823426778 99.4552670586 -0.474392060675 3.07083349552 9.28732209926 0
381 2.73378801346 68.205766 101.18772 -0.63190253 66.0850512177 102.54357838 -0.544652381608 2.51709815759 4.99906526474 0
384 2.73541307449 66.997353 102.01418 -0.604237 64.4030908747 102.706330605 -0.46725892806 2.68500808847 7.84826540802 0
387 2.73081803322 65.749881 102.79371 -0.58263231 63.6878691231 104.713539695 -0.426836769091 2.81738159288 8.92642696102 0
390 2.73676204681 64.390622 103.72927 -0.540005 61.9938141401 103.649147191 -0.413033193448 2.39814669733 7.27494863258 0
393 2.73073792458 63.066948 104.49561 -0.5165186 60.3918461485 105.033206328 -0.378547630773 2.72858566446 7.90515423202 0
396 2.72948598862 62.072466 105.11862 -0.50368551 59.3289310188 105.979459105 -0.39216373904 2.87541791023 6.38972679986 0
399 2.74090695381 62.084059 105.11634 -0.50537083 59.2351746625 105.606639226 -0.358323091912 2.89076725112 8.4252147794 0
402 2.73349285126 62.06969 105.12384 -0.50501376 59.0314272069 106.15849012 -0.367321306747 3.20960148149 7.88919644219 0
405 2.74638605118 62.088061 105.11683 -0.50531554 59.5229515653 106.994449076 -0.419279215354 3.17887398391 4.92951828705 0
408 2.74865007401 62.080145 105.11527 -0.50526072 58.9014978152 106.013360533 -0.367747021461 3.30308409384 7.87895455152 0
411 2.75870800018 62.084425 105.11388 -0.50526675 59.123530737 107.416951817 -0.405601479317 3.75113777798 5.71039937417 0
414 2.73424601555 62.090561 105.10315 -0.50372534 57.9241626865 106.004071816 -0.308311645666 4.26269105437 11.1963799444 0
