3 5.3007349968 31.520043 41.394881 -0.0070850614 60.7852249104 113.637541225 1.77465026592 77.9451911838 102.085914465 0
6 5.36309194565 31.529937 41.402987 -0.0081764059 127.451096057 71.3265248087 -0.362222064159 100.480281 -20.2853219732 0
9 5.37556505203 31.522543 41.401068 -0.0068718684 10.001866334 69.8010761372 2.0289572582 35.6328498209 116.644416764 0
12 5.3520591259 31.528168 41.375423 -0.0049451513 126.525936854 114.144575662 -1.35477826912 119.665891826 -77.3397406978 0
15 5.38932204247 31.523843 41.397689 -0.0081913964 13.9023706879 128.794743927 2.53107884462 89.155827047 145.489467854 0
18 5.39971995354 31.52518 41.394772 -0.0077822512 45.0576048857 41.0260462696 -2.44158561632 13.5374473943 -139.446660986 0
21 5.36345386505 31.646202 41.400982 -0.0069641742 13.8508902728 73.6959608202 0.475727518443 36.8732799797 27.6561967945 0
24 5.4185090065 32.968315 41.348607 -0.0066445448 5.22789858619 90.4489865 -1.23209495463 56.3948399222 -70.2131364859 0
27 5.41332793236 34.520488 41.363888 -0.010157874 12.6889158549 144.323010309 -1.61353896377 105.248270337 -91.866969395 0
30 5.4234931469 35.981317 41.339656 -0.012968194 57.0367533848 4.56403809281 2.90587751537 42.3766147045 167.237540197 0
33 5.43167710304 37.47125 41.3168 -0.01805047 96.8665438538 27.9604061681 -2.97713817991 60.8785199243 -169.543236987 0
36 5.40371894836 39.051821 41.275587 -0.019803098 65.804384521 49.0845023414 1.61943916576 27.8689578878 93.9216633131 0
39 5.43030595779 40.609584 41.247017 -0.013659721 83.728821338 110.874428379 0.096875398907 81.8977719111 6.33319585864 0
42 5.37190818787 42.081473 41.279186 -0.014178183 84.2903269701 110.100307836 0.0284982126404 80.733723835 2.44517735503 0
45 5.33804106712 43.552295 41.213208 -0.0092852628 42.0752846323 42.2456440702 0.109200671212 1.80207765238 6.78874395056 0
48 5.33589315414 45.079977 41.189892 -0.010404952 115.868712357 69.42252531 -1.78808193451 76.2110663689 -101.853388436 0
51 5.33350396156 46.640834 41.096545 -0.012029947 43.3024200636 43.5906931552 0.0770552586295 4.16722721133 5.10420629963 0
54 5.43393301964 48.21014 41.103056 -0.013219293 64.9643831447 56.8839740008 1.74708253377 23.016125571 100.857865343 0
57 5.38762497902 49.69993 40.993437 -0.019411138 47.3894363599 41.7056275953 0.084175392792 2.41776680116 5.93507102878 0
60 5.39874792099 51.221815 41.026894 -0.026800957 49.5699537741 41.9830158539 0.0499573423927 1.90861586207 4.3979265978 0
63 5.35127496719 52.707826 40.957156 -0.02058299 50.7118097663 40.9147041135 0.0895440340959 1.99646762259 6.30981369103 0
66 5.38605594635 54.31159 40.951842 -0.027308534 52.2359017921 41.8589308615 0.124132446819 2.26523547096 8.67692904626 0
69 5.38314199448 55.778879 40.909196 -0.015002614 54.3122368068 42.3785802147 0.0493994399455 2.07608508818 3.68996588305 0
72 5.40958595276 57.331901 40.836464 -0.018380323 55.5708204352 41.6783760081 0.0972125769899 1.95197863332 6.6229853111 0
75 5.39973688126 58.848313 40.76075 -0.022921269 56.8018856117 41.6959800963 0.00337800923441 2.25000453086 1.50683764707 0
78 5.33166193962 60.388876 40.75568 -0.012358794 58.2544266627 41.3345243411 0.0581748943165 2.21154578179 4.04128265403 0
81 5.38144612312 61.86858 40.735896 -0.015077049 59.8599690958 41.2824551529 0.0647735266759 2.08164470366 4.57510097792 0
84 5.33854103088 63.333062 40.668539 -0.013920495 61.9240160811 42.3237674341 0.0311359524283 2.17375057688 2.58154427749 0
87 5.39224696159 64.876385 40.58717 -0.032109511 63.0387306713 41.3054306132 0.0472844027102 1.97303617306 4.54893617462 0
90 5.43238306046 66.44697 40.579857 -0.020157695 64.5972427694 41.8798790945 0.0374322861094 2.26087334314 3.2996628598 0
93 5.40098190308 67.930314 40.55804 -0.02084507 65.9645250198 41.8702831708 0.0396144768244 2.36353727579 3.46407686431 0
96 5.38726615906 69.414343 40.447992 -0.021831497 68.1217263332 41.1667238669 0.0241296085036 1.4789974117 2.63337736711 0
99 5.37910699844 70.999462 40.351868 -0.031419309 69.557138719 41.6961176411 0.0343948262878 1.97162459522 3.77087218429 0
102 5.36294198036 72.481812 40.325422 -0.028226015 71.5267842514 42.1802320993 0.0395354936111 2.08624027982 3.88244845685 0
105 5.41806983948 74.028193 40.279112 -0.026102315 72.5147693742 41.9978952552 0.0536141937229 2.29012378476 4.56741950734 0
108 5.39977693558 75.500101 40.224463 -0.026983514 74.2887938316 41.9527853102 0.0123066614403 2.11053620301 2.25116122906 0
111 5.3955039978 77.104162 40.159206 -0.035689283 75.6051173766 41.8300776923 0.0235669549701 2.24475989699 3.39513234551 0
114 5.39070796967 78.584191 40.097894 -0.03659834 77.0523401306 42.0014534488 0.0120320358845 2.44337996661 2.78631529432 0
117 5.27495598793 80.1084 40.071744 -0.024096447 78.8725462217 41.7725671138 0.0288363740827 2.10241143108 3.03282724576 0
120 5.29924297333 80.881063 40.047709 -0.06972902 78.9876770275 41.7307759254 0.00752423902164 2.53330312362 4.42628569557 0
123 5.31501102448 80.819811 40.085383 -0.20196514 78.751433878 41.8044997446 -0.160574025868 2.68952529274 2.37153614913 0
126 5.3243868351 80.673305 40.189426 -0.34415967 78.9313516338 41.9875321761 -0.334415234863 2.50351499911 0.55831500708 0
129 5.39836502075 80.559381 40.228255 -0.49611957 79.4890368006 41.9849774698 -0.462686021956 2.05711218486 1.91560119704 0
132 5.36271500587 80.474435 40.358509 -0.64523249 79.1606811506 42.165333669 -0.621005645319 2.23395715303 1.38809595116 0
135 5.36779093742 80.446897 40.445937 -0.81868337 78.7829582146 42.0910824759 -0.755406368557 2.33991365622 3.62550512295 0
138 5.43043398857 80.377523 40.602704 -0.97166139 78.8467046663 42.4625375387 -0.882536067708 2.40881414027 5.10650481505 0
141 5.44237112999 80.303277 40.677658 -1.1291983 79.6844649753 43.045790274 -1.02862027308 2.44764760312 5.76269645445 0
144 5.40042090416 80.24067 40.836497 -1.2914427 80.295649604 43.1901983585 -1.16910600566 2.35434339934 7.00937626532 0
147 5.31075596809 80.334643 40.99259 -1.4510482 79.5743378639 43.2911509481 -1.34983324359 2.4210424061 5.799189826 0
150 5.31228804588 80.305505 41.173119 -1.6076845 79.4719706724 43.1995905096 -1.49666854451 2.19120201132 6.36074570841 0
153 5.28770208359 80.260339 41.240273 -1.7630876 79.0932647926 42.361112498 -1.65274078507 1.61812959488 6.32240677813 0
156 5.35106396675 80.351916 41.337649 -1.9138236 78.9307753656 41.5639068441 -1.73417288165 1.43903902477 10.2932279481 0
159 5.35550308228 80.458888 41.424429 -2.0695544 78.5019412078 41.5998880148 -1.9003234185 1.96479683767 9.69622100273 0
162 5.33218097687 80.580246 41.530351 -2.2462491 78.3382457989 41.8843582821 -2.08447578649 2.26977665362 9.26892810192 0
165 5.34180402756 80.700832 41.575869 -2.3973477 78.9155085807 42.6933120595 -2.23748458932 2.10619531443 9.15948154165 0
168 5.37397503853 80.863789 41.557834 -2.56541 79.0224246629 42.7518620454 -2.25766894095 2.1946128577 17.6322638667 0
171 5.35664701462 80.910142 41.637692 -2.7112414 79.2835930941 43.3537746076 -2.43598446392 2.3644451483 15.7710607192 0
174 5.42796897888 81.000304 41.730578 -2.863125 78.8885331119 43.0588447443 -2.54285916211 2.49476829139 18.3498808333 0
177 5.42687392235 81.313486 41.614906 -3.0334876 78.6332125897 43.1360948358 -2.73466311279 3.08186323971 17.1213819323 0
180 5.39027094841 81.419836 41.643078 3.1037871 78.1531942788 43.7196841928 -2.85022249365 3.8708192175 18.8603791037 0
183 5.38819408417 81.472606 41.653948 2.9566422 79.5593670643 42.1533441014 3.0555154801 1.97734157175 5.66502165641 0
186 5.37742996216 81.600227 41.551467 2.7956666 79.6710757119 43.2677531111 2.89323616231 2.5821043177 5.59032412955 0
189 5.35404086113 81.705618 41.391179 2.6371497 78.6856697721 43.5908970702 2.94356305732 3.73615402356 17.5561921608 0
192 5.39820814133 81.817002 41.340993 2.4823985 79.3276343713 43.9112553306 2.7391659615 3.57815589921 14.7116918603 0
195 5.3818590641 81.903012 41.262396 2.332631 79.1510227999 44.0676259071 2.60105025448 3.9297276482 15.3792904218 0
198 5.3658349514 81.909487 41.089487 2.1583794 79.5025664748 43.3140996479 2.36506804931 3.27752465255 11.8423872787 0
201 5.31528091431 81.924053 40.998223 1.9975831 80.192245998 43.9722363153 2.25424078823 3.44149832074 14.705402315 0
204 5.38212800026 81.960862 40.844259 1.8446809 80.5228258974 43.5933624707 2.03976246991 3.10250184937 11.1773506164 0
207 5.33996701241 81.927588 40.703608 1.6857979 81.0586178875 44.257004681 1.88579252903 3.65810566131 11.4588481689 0
210 5.35379290581 81.924928 40.686406 1.5459903 79.4462532827 43.6446011454 1.67120492749 3.85937130536 7.17426968854 0
213 5.26835179329 81.81851 40.588718 1.3660151 81.0156587417 44.2370737785 1.62468992458 3.73564854205 14.820975715 0
216 5.31718707085 81.824065 40.431016 1.2110526 80.627519711 44.6326568736 1.47693596678 4.36869621959 15.2339947593 0
219 5.3465590477 82.277545 41.390368 1.1504821 81.3801490137 46.2364259018 1.40853110994 4.92844770125 14.7851191769 0
222 5.36557817459 82.927041 42.739254 1.1137092 81.9072847732 48.263902157 1.3751573668 5.61797472588 14.9798765192 0
225 5.25780391693 83.677797 44.09726 1.084748 81.6202396791 47.0047464896 1.27643215252 3.56188430694 10.9826929387 0
228 5.35600590706 84.372874 45.412874 1.0478677 81.5931470583 47.0437146945 1.19415832081 3.22281293918 8.38183515482 0
231 5.35540103912 85.159381 46.677356 1.0274995 82.6074824056 48.6324035711 1.12727200347 3.21471576371 5.71654336048 0
234 5.37906694412 85.928298 47.908079 0.99952116 83.4032379287 49.9968727178 1.09770771977 3.27703945041 5.62567547972 0
237 5.3414747715 86.76373 49.194484 0.95689161 85.0749154854 51.7740910752 1.03050526543 3.08325592954 4.21775177093 0
240 5.41635107994 87.649962 50.387631 0.93226665 85.7361406693 51.9556398697 0.996822064155 2.47413902224 3.69875277579 0
243 5.34845209122 88.570925 51.559268 0.90792052 86.4271227408 52.4210759403 0.960958587434 2.31054128996 3.03885741752 0
246 5.35801196098 89.47196 52.652014 0.8832857 87.1952054039 53.5194228739 0.90806979874 2.43639275274 1.42002425682 0
249 5.34271788597 90.492516 53.754021 0.83763364 89.1674201295 56.4939038479 0.941334803672 3.04349093743 5.94163900902 0
252 5.34896016121 91.498687 54.898001 0.81217592 89.0593186946 57.7408409788 0.881322951108 3.74596541287 3.96183304834 0
255 5.37318396568 92.568948 55.94073 0.78340538 90.5021280456 59.1772832155 0.878527564532 3.84018507898 5.45009971175 0
258 5.37959909439 93.547241 56.960456 0.75288469 90.5007867088 59.7410551725 0.837784967491 4.12463519672 4.86442757973 0
261 5.30313110352 94.620679 57.928363 0.72990952 90.698456147 60.6660605845 0.802700573991 4.78318096799 4.17062018002 0
264 5.23833203316 95.770396 58.899507 0.6896339 93.1278073046 61.536345969 0.77566338675 3.73312131622 4.92912650448 0
267 5.31791496277 96.962501 59.840194 0.66858365 94.0377104081 62.5469284658 0.742318404467 3.98507358458 4.22469023437 0
270 5.22178292274 98.232224 60.772339 0.64204005 95.3683250044 63.3304439556 0.68303047315 3.8400284401 2.34857824694 0
273 5.24231910706 99.416545 61.686454 0.60185601 97.5810394026 63.7972310929 0.644491029807 2.79722375471 2.44280669441 0
276 5.31782984734 100.66015 62.48684 0.57932353 99.1625363078 64.908619248 0.589740570594 2.84743068348 0.596852461041 0
279 5.2755689621 101.84252 63.245661 0.55317695 100.572416374 65.4164176241 0.57163724887 2.51502436199 1.05769721382 0
282 5.3153398037 103.2489 64.041483 0.52149049 100.710332344 65.8751538142 0.533687416932 3.13156101647 0.698832436211 0
285 5.32110095024 104.5021 64.838724 0.48902664 101.734677478 66.5704781052 0.536597728106 3.26459793765 2.72562257529 0
288 5.28865480423 105.89753 65.50297 0.45749312 103.378654328 67.6881725936 0.515535906003 3.33464316317 3.32560666917 0
291 5.28805279732 107.23441 66.106065 0.425495 104.59670682 68.6056159315 0.503937945494 3.63390051109 4.49444970937 0
294 5.33638596535 108.62185 66.694881 0.38650919 105.50370123 68.7520225184 0.470541434997 3.73559673661 4.81469298131 0
297 5.35117483139 110.08086 67.251857 0.35533208 106.771615719 69.2786838963 0.456381662636 3.88060884116 5.78971460661 0
300 5.30324888229 111.50781 67.766864 0.33459052 108.732480178 69.5133111833 0.360257892969 3.27910557702 1.47063214234 0
303 5.24401903152 112.87691 68.182524 0.30685182 109.30783695 69.9534153154 0.312307433733 3.98426134802 0.312583641528 0
306 5.21369385719 114.36462 68.651393 0.28808498 111.266558904 70.8082748847 0.343044404845 3.77493337931 3.14894308807 0
309 5.24931097031 115.83449 69.001579 0.25083859 112.606506427 71.0628747894 0.270659124602 3.82998933116 1.13563298041 0
312 5.26470994949 117.19736 69.329841 0.23044123 114.574833988 72.1551494236 0.279179866377 3.85486839859 2.7925181636 0
315 5.278840065 117.78731 69.484411 0.20147117 115.266973949 72.7637610115 0.248992932963 4.13596788017 2.72279645278 0
318 5.32856011391 116.42938 69.228806 0.13415298 114.193428319 72.1539163041 0.227570494616 3.68181344046 5.35242932009 0
321 5.2508919239 114.80773 69.128985 0.0979988 113.303686336 71.6282596646 0.189867356398 2.91693695372 5.26368055156 0
324 5.30303812027 113.35769 69.056433 0.067460522 111.566662063 71.2635665113 0.155232809332 2.8423967715 5.02898162233 0
327 5.31986904144 111.81488 68.96352 0.032275621 110.550899648 70.9452994067 0.124418837472 2.35055226449 5.2794174146 0
330 5.26826786995 110.29576 68.94659 -0.0039959963 108.718864583 71.2204716421 0.0795011010065 2.76715320817 4.78403127726 0
333 5.24439406395 108.74459 69.016615 -0.039899491 107.861723384 71.6454538404 0.0445224885684 2.77312947952 4.83702312741 0
336 5.28027796745 107.27384 69.125159 -0.081381225 106.415836296 71.368083863 0.00772859773707 2.40143338393 5.10561675599 0
339 5.28230500221 105.77123 69.311189 -0.11875782 104.349871572 71.86753421 -0.0350883429354 2.92492061688 4.79390790987 0
342 5.30219006538 104.23308 69.487176 -0.13593074 102.229896522 72.0376302523 -0.0716350624633 3.24307892907 3.68387096379 0
345 5.31793498993 102.67844 69.809947 -0.17996689 101.693944906 72.1371120336 -0.0730259335362 2.52684144398 6.12726546247 0
348 5.34332299232 101.19539 70.111952 -0.20894349 99.9345915203 73.4085433751 -0.197131894355 3.52946561125 0.676754579748 0
351 5.29648089409 99.695937 70.47501 -0.24032587 98.2584092519 72.9839718675 -0.161731991101 2.89160434348 4.50309755646 0
354 5.32092499733 98.200311 70.897104 -0.28344925 97.1747891356 73.6416757778 -0.223697493174 2.92990944194 3.4235234846 0
357 5.31953883171 96.614615 71.415819 -0.3144709 95.5082548777 73.6854407146 -0.222592550531 2.52491889922 5.2642416532 0
360 5.22008085251 95.216051 71.909445 -0.34657274 93.9184721805 74.2654554062 -0.27549330227 2.68970181009 4.07255179208 0
363 5.24518918991 93.790761 72.497598 -0.38120404 92.5515443668 75.0627768643 -0.321360061203 2.84882440135 3.42880741432 0
366 5.29249405861 92.417114 73.016357 -0.35870282 90.6722252481 74.7370957739 -0.269986231953 2.45062822241 5.08308606788 0
369 5.2533698082 91.055309 73.519772 -0.33819517 89.9815766073 75.0015803791 -0.26716540438 1.82993369373 4.06970578985 0
372 5.28472399712 89.614615 74.074076 -0.31837694 88.0388103525 75.9150137944 -0.246642755567 2.42326479157 4.11006601481 0
375 5.31299185753 88.314109 74.556366 -0.29979055 86.5107124224 76.004720503 -0.185800968673 2.31300021233 6.53112191849 0
378 5.30801606178 86.88131 74.994533 -0.2764152 84.6465201669 75.899388344 -0.149249482504 2.41102650166 7.28605891129 0
381 5.30631780624 85.443672 75.387112 -0.25727157 83.6224565258 75.8634367055 -0.0993448353103 1.88247470866 9.04853537 0
384 5.31490206718 84.055287 75.832526 -0.23267107 81.8645533416 76.2297186744 -0.0887633371103 2.22644918712 8.24530573388 0
387 5.23803400993 82.664555 76.128737 -0.22389476 80.9414265309 75.9752154495 -0.0426421378262 1.72995392642 10.3850102762 0
390 5.31762194633 81.173968 76.455415 -0.20673661 79.0746601395 77.1796303631 -0.0542913293571 2.22071641264 8.73447118752 0
393 5.30117511749 79.819657 76.754609 -0.1833313 76.8393667792 77.8630920768 -0.0353563619596 3.179758565 8.47833942342 0
396 5.27792310715 78.325485 77.027059 -0.15611548 76.1205989747 78.1789695971 -0.0217154026259 2.48765359489 7.70055719977 0
399 5.27242612839 76.892215 77.264525 -0.13798763 74.1843542482 78.0526923603 0.0323998847491 2.8202336143 9.76248547685 0
402 5.30398511887 75.420868 77.548324 -0.12557438 72.2886650668 77.5205231728 0.0826614792351 3.13232630817 11.9310358774 0
405 5.3805668354 73.926916 77.691819 -0.097717287 71.4367439704 77.4229637838 0.101818645726 2.50464366013 11.4325668064 0
408 5.30990290642 72.448195 77.857208 -0.08052134 69.7556620859 76.785577298 0.139086977331 2.89795201048 12.582629729 0
411 5.32973003387 71.010734 77.97039 -0.05919809 69.2528617651 78.3321859358 0.0966280419827 1.79471755256 8.92817970046 0
414 5.34399390221 70.665666 77.98114 -0.052809071 69.7768727816 78.876728802 0.115453014322 1.2617577768 9.64070734104 0
417 5.36028885841 70.65903 77.973391 -0.052747867 69.38036247 79.0787001984 0.118203472817 1.6901772322 9.7947902736 0
420 5.26997613907 70.662549 77.975477 -0.051931253 69.6837835625 79.5455978929 0.110128790411 1.85020577237 9.28535651515 0
423 5.27972698212 70.657477 77.975804 -0.053730261 70.5796610091 79.5342341575 0.122181653272 1.56037171351 10.0790102539 0
426 5.25195813179 70.657208 77.964864 -0.053397677 69.9310674989 79.5622955648 0.135238970778 1.75472722428 10.8080837792 0
