3 5.44774794579 58.425211 99.52669 -0.076600623 37.2734254563 53.6007218221 0.653368678764 50.5627588722 41.8241601652 0
6 5.47961592674 58.436309 99.5178 -0.082073852 66.1525691197 36.8680185838 1.01050220722 63.123179433 62.5999969905 0
9 5.46883296967 59.138497 99.506199 -0.079127672 71.9275632215 129.970270653 0.517509196081 33.039671253 34.1847744429 0
12 5.49187493324 60.588187 99.398001 -0.084356487 35.091434574 91.9136050404 -0.680336247222 26.5725528912 -34.1471249359 0
15 5.63953495026 62.026729 99.268445 -0.080345137 72.4896161642 133.90267222 -0.33893349363 36.180128564 -14.8160214661 0
18 5.4748210907 63.612811 99.142137 -0.077882356 72.9249684794 31.691241756 1.49561322824 68.090671506 90.1546560596 0
21 5.48492789268 65.109709 99.045111 -0.075303117 32.4273867496 80.8209980505 3.04855045298 37.4199476279 178.983625377 0
24 5.45599603653 66.576646 98.887554 -0.079079542 82.7495964796 80.185499449 -1.12279012522 24.7251121665 -59.8002114518 0
27 5.47977900505 68.114632 98.811042 -0.080004433 79.4622033424 116.898153629 -2.79352024649 21.352072088 -155.473003755 0
30 5.4951479435 69.601579 98.673025 -0.074381156 64.565188783 11.0866152042 -1.62968804325 87.7310914519 -89.1125204873 0
33 5.51179790497 71.154315 98.514904 -0.080273853 47.0192691784 105.233937017 -1.10224351179 25.0528609442 -58.5545482391 0
36 5.49414181709 72.642873 98.438251 -0.077397051 94.2839815707 11.8740565588 -0.262037735719 89.2283438119 -10.5791319608 0
39 5.57412695885 74.179887 98.27586 -0.078945335 72.0002844909 97.9060128401 -0.0946501502306 2.21075869771 -0.899819630744 0
42 5.53998398781 75.689674 98.17429 -0.079512997 72.0794907755 99.4477670475 0.0752011703161 3.82820672181 8.86446881809 0
45 5.52323698997 77.259307 98.055637 -0.072379503 74.6982071386 99.8627940202 0.00903377771206 3.13449341932 4.66463738111 0
48 5.68577480316 78.667542 97.976243 -0.066300397 75.633990625 98.7276044501 0.0403383873855 3.12521646822 6.1099522777 0
51 5.65210604668 80.25432 97.827625 -0.077582567 77.8665174288 99.2243127671 0.0200560942765 2.76628592845 5.59428320845 0
54 5.47121906281 81.813353 97.68277 -0.074716444 78.8317742197 98.6962130641 0.0574443998777 3.14910763029 7.57225857108 0
57 5.44790005684 82.622729 97.654646 -0.085105116 80.4665925917 98.9638398579 0.0136459508583 2.5224814704 5.6580193534 0
60 5.48601794243 81.436592 97.754867 -0.094486992 79.2248310471 98.5515599827 -0.00940079728884 2.3508735018 4.87507985178 0
63 5.47832798958 79.890684 97.897701 -0.093381766 77.695821111 98.336630296 0.0362277904096 2.23832125225 7.42608056683 0
66 5.51239395142 78.411812 98.037468 -0.097953665 75.7539723445 98.4989332737 0.0672167630945 2.69760297916 9.46356843018 0
69 5.48575997353 76.931086 98.162597 -0.096433306 74.9580733747 99.0745867491 0.00826686556258 2.17359244617 5.99887794483 0
72 5.461632967 75.443161 98.337547 -0.10164342 72.8975652508 98.330541912 0.0338276553351 2.54560538765 7.7619208628 0
75 5.53941488266 73.912871 98.553041 -0.10292365 71.701855133 99.3564831739 0.00278799799686 2.35246902019 6.05683127559 0
78 5.5144610405 72.413468 98.668417 -0.11145399 70.096027839 98.4010988786 0.0278896349311 2.33280686681 7.98380161061 0
81 5.66480612755 70.926618 98.82512 -0.11572496 68.8384958297 97.792036022 0.054764548117 2.32970313639 9.76832926637 0
84 5.67652106285 69.460294 99.048845 -0.12091472 66.8328076089 98.9253758793 0.0208517375167 2.6303857814 8.12261969223 0
87 5.48093605042 67.984026 99.205817 -0.12024712 65.56999302 98.544407262 0.0397294794587 2.50300181184 9.16598396984 0
90 5.43716311455 66.409271 99.378533 -0.12589377 63.749022341 99.4860732803 -0.0125391909475 2.6624214241 6.49473896819 0
93 5.48882102966 64.97003 99.579245 -0.12534264 62.7927453897 98.9698913773 0.0124785848384 2.2609467291 7.89657451057 0
96 5.45298719406 63.450289 99.830398 -0.13542326 60.9829019412 98.5240761376 0.0340192430738 2.7918588263 9.70834029626 0
99 5.45797109604 62.015499 100.01094 -0.13023941 60.371412013 97.661176292 0.0479940121343 2.86782347862 10.2120228565 0
102 5.48070120811 60.420275 100.24313 -0.1356293 57.6909011831 98.4727928749 0.0186757952982 3.25324068719 8.84103071795 0
105 5.67323899269 58.989222 100.44438 -0.14088208 56.0274406726 99.8643096827 -0.00874532917619 3.01805072925 7.57087814078 0
108 5.53794598579 58.528509 100.58832 -0.24160345 56.1703049443 98.8681295763 -0.0941870257012 2.91893498765 8.44633894323 0
111 5.45063018799 58.390768 100.67023 -0.3827913 56.2100146601 99.6150784489 -0.229194259612 2.42260808326 8.80046215994 0
114 5.5122179985 58.26024 100.80046 -0.53685502 56.433282971 100.363887159 -0.387351435127 1.87839501474 8.56592443532 0
117 5.63887190819 58.2435 100.85046 -0.70040996 55.7506193846 101.813651478 -0.525110929004 2.67248790175 10.0438946288 0
120 5.44935297966 58.129433 100.95873 -0.85888639 55.5056728341 101.118158308 -0.598077578933 2.62859939771 14.943244134 0
123 5.57192993164 58.21235 101.09089 -1.0276822 57.6164024672 101.064491232 -0.880099694892 0.59653194112 8.45585467264 0
126 5.50527381897 58.152327 101.12822 -1.1869287 57.0733908907 100.624715715 -1.08190400976 1.19063835539 6.0174714952 0
129 5.50876808167 58.049715 101.26081 -1.3398137 55.7941168024 101.765055863 -1.28203344998 2.31127391695 3.31056446539 0
132 5.47283983231 58.024835 101.49733 -1.4943786 56.858135187 102.020345212 -1.52341676243 1.27856691875 -1.6637641521 0
135 5.69735693932 58.064001 101.65215 -1.6522241 56.315693812 102.224638065 -1.60169596383 1.83965230625 2.89504894918 0
138 5.5194709301 58.104403 101.68885 -1.8037565 56.3122339429 102.094194383 -1.69487450066 1.83743680124 6.23847902728 0
141 5.47810697556 58.177183 101.78616 -1.9584038 56.4297072189 102.11192601 -1.91674041547 1.77758124967 2.38713609384 0
144 5.56902289391 58.164815 101.89412 -2.1101089 56.7972092301 101.477342979 -1.98027871919 1.42970228612 7.4387214137 0
147 5.48493313789 58.333441 101.96561 -2.2758326 55.8998725261 101.440907901 -2.17409088976 2.48949147627 5.82937059719 0
150 5.51514911652 58.547547 101.97367 -2.4518694 55.9027088561 101.878337289 -2.35403384994 2.64655571135 5.60556410463 0
153 5.58269500732 58.609003 102.09152 -2.5989269 54.9172480512 102.007754254 -2.41959058712 3.69270514694 10.2752138417 0
156 5.44461393356 58.561869 102.14088 -2.6173282 54.9502342032 102.472349956 -2.49959741519 3.62681378588 6.74547708837 0
159 5.66650700569 58.51155 102.01626 -2.5045701 54.5584820125 102.465469232 -2.3115905478 3.97850919921 11.0569138736 0
162 5.45380401611 58.437648 101.90068 -2.3721379 54.6149487797 102.158256642 -2.21322066892 3.83136725663 9.105286633 0
165 5.47773694992 58.147744 101.95537 -2.2082701 54.8721373415 101.878788337 -2.15273364162 3.27650175224 3.1820046745 0
168 5.46692800522 58.037351 101.82492 -2.0566813 55.7156921108 102.492741003 -1.94054027195 2.415799017 6.65439073544 0
171 5.47650909424 57.944091 101.71587 -1.9011295 54.0411922762 103.452139943 -1.66255151836 4.27168020388 13.6695114325 0
174 5.47338914871 57.908577 101.57431 -1.7585036 54.2718154041 102.083881337 -1.60689572282 3.67228782271 8.68649150325 0
177 5.46199512482 57.841285 101.40683 -1.6171883 55.1345817053 102.415576145 -1.48036148208 2.88856564934 7.83959919078 0
180 5.50924110413 57.86028 101.30305 -1.4556073 54.737934952 101.798878991 -1.3665125284 3.16146880226 5.10475438932 0
183 5.4697329998 57.788579 101.03213 -1.3093986 53.8275968564 101.93712957 -1.14341460737 4.06305350251 9.51018224417 0
186 5.49027204514 57.852229 100.87925 -1.1701135 53.7130209462 101.387571385 -1.01116200299 4.17030381899 9.1072499262 0
189 5.46877217293 57.956865 100.8248 -1.0236231 52.9571654581 100.884208127 -0.906122020215 5.00005248317 6.73231595989 0
192 5.45633292198 57.906072 100.67156 -0.85835482 53.8002426936 102.654608604 -0.689121751627 4.55963990475 9.69634057182 0
195 5.51418805122 57.990597 100.53155 -0.72265365 54.9221128296 102.502476264 -0.649070847154 3.64693644624 4.2159840478 0
198 5.4157230854 58.042848 100.37669 -0.56279892 53.5804555581 101.717158103 -0.129571568386 4.65937775249 24.8220988171 0
201 5.42514681816 58.157277 100.32166 -0.41301063 53.8520681915 101.569045364 -0.012454316193 4.48227544129 22.9501862385 0
204 5.5285320282 58.686264 100.08548 -0.29965148 54.0457422439 101.891323998 0.114380975991 4.9795094852 23.7223123097 0
207 5.61260008812 59.980629 99.666017 -0.30408986 55.0306746656 103.329137689 -0.0106801150906 6.15796241392 16.8111400513 0
210 5.45737791061 61.363687 99.173884 -0.32636207 56.1631174562 102.485035543 0.0423966927849 6.16519651907 21.128320766 0
213 5.42335796356 62.885593 98.69498 -0.37512441 59.7718240445 100.764423392 -0.202284754491 3.73873682691 9.90298279315 0
216 5.46794009209 64.287236 98.118834 -0.4012694 61.0396938688 99.8389640019 -0.224849129346 3.67496627433 10.108136929 0
219 5.72637915611 66.572969 97.068508 -0.44319642 63.4069632827 98.3651227583 -0.32569700312 3.42122814693 6.7322206825 0
222 5.52426815033 67.896132 96.441291 -0.47211549 64.841096012 98.0383815239 -0.407352715592 3.44730953492 3.71063364314 0
225 5.48168087006 69.150612 95.708615 -0.49267498 66.2475225923 97.386457012 -0.410511037617 3.35307052211 4.70764712669 0
228 5.48676586151 70.465141 94.973778 -0.52461339 67.3875039632 96.2968712442 -0.461780904198 3.34998887505 3.60003625278 0
231 5.46432113647 71.675984 94.192345 -0.54871183 68.8313919377 95.3915107883 -0.481192735282 3.08702163725 3.86855916389 0
234 5.46436810493 72.999296 93.402727 -0.58180979 70.4387454415 94.7725999016 -0.495355317164 2.90395780431 4.95347641353 0
237 5.48490786552 74.284244 92.44261 -0.63095882 71.6936749745 93.9848350648 -0.563997803638 3.01488076486 3.83658362943 0
240 5.4757668972 75.447368 91.599491 -0.66374929 73.2273507512 93.5547264598 -0.564383546184 2.95828029234 5.69323774885 0
243 5.40193510056 76.572595 90.665594 -0.69142624 74.0201256717 92.2275356982 -0.61903007488 2.99245075825 4.1479947143 0
246 5.44525504112 77.783785 89.658033 -0.71509647 75.3312444356 91.6632331956 -0.653386724621 3.16793040396 3.53570796506 0
249 5.46859002113 78.874801 88.696028 -0.74032963 76.9361261994 91.148884085 -0.664356701034 3.12649371595 4.35292818701 0
252 5.45076107979 80.03236 87.613917 -0.7252394 77.7240465735 89.2121978677 -0.657104343572 2.80763469971 3.90385117024 0
255 5.47720885277 81.079285 86.604124 -0.70281223 79.2116846672 87.4828704355 -0.637713122017 2.06400734033 3.72990413749 0
258 5.48362612724 82.380517 85.593177 -0.66953842 80.4217623988 87.2875478651 -0.619419500618 2.58990583151 2.87160255433 0
261 5.45063710213 83.553536 84.670161 -0.64546431 81.7186489295 86.790712492 -0.58245353935 2.80420205969 3.61025122211 0
264 5.47895884514 84.753159 83.736184 -0.60820056 82.4209265533 85.4154107411 -0.556243073629 2.87386684339 2.97694468315 0
267 5.46687602997 85.938286 82.919631 -0.58097683 84.6829674534 84.9765956036 -0.528322874753 2.40975684128 3.01684941032 0
270 5.4508471489 87.249998 82.030848 -0.55954063 84.9493224688 84.2250055424 -0.507266408808 3.17921927848 2.99509225164 0
273 5.50071597099 88.578333 81.141585 -0.52544337 85.8615752742 82.4079922106 -0.481314690065 2.99742552266 2.52838711575 0
276 5.44095206261 89.874585 80.458812 -0.49549775 87.9076906058 81.943490204 -0.446629688965 2.46433417529 2.79993365032 0
279 5.44763088226 91.229191 79.664539 -0.46697991 88.6869471758 81.7533162634 -0.405694225839 3.29028784724 3.51141104698 0
282 5.46022105217 92.640842 79.007823 -0.44436504 90.1811812971 80.6674041824 -0.380369773559 2.9671771896 3.66665867587 0
285 5.44218993187 93.942666 78.269838 -0.40450827 91.4581389948 80.6444016721 -0.364490295096 3.4367756797 2.29286106665 0
288 5.44362711906 95.385584 77.620959 -0.38607018 93.2270485088 79.8697997002 -0.305659242726 3.11713970839 4.60720733251 0
291 5.39025092125 96.747733 77.074345 -0.36376533 94.4869803871 79.3219321521 -0.266744969477 3.18789121257 5.55885718478 0
294 5.4807779789 98.250871 76.540386 -0.33417824 96.1528954381 79.0839176141 -0.261773239015 3.29712822466 4.14850097208 0
297 5.46048212051 99.752933 76.027378 -0.30758365 96.8761096408 79.0967021244 -0.209378356909 4.20676398445 5.62674881998 0
300 5.42470192909 100.00981 75.897783 -0.33361957 98.4164303747 78.8622890616 -0.1875817483 3.36558387501 8.36735083267 0
303 5.47842502594 98.714105 76.429985 -0.36219797 96.9049610305 79.5697705147 -0.231109585768 3.62370735301 7.51081115967 0
306 5.45016598701 97.284888 77.028291 -0.39087517 95.6405295567 79.8528403963 -0.262415578385 3.26833198775 7.36019243754 0
309 5.41694998741 95.817851 77.649213 -0.42317241 93.9881623534 78.5215777122 -0.283142471859 2.0270127613 8.02312446096 0
312 5.44742488861 94.571565 78.35291 -0.46228827 93.3469166782 80.1797028017 -0.301234774713 2.1993034016 9.22768555579 0
315 5.4443089962 93.13187 79.138887 -0.4938927 91.1367421589 79.9204070992 -0.323624383079 2.14273394706 9.75565594434 0
318 5.46133589745 91.836662 79.862922 -0.52529077 90.2372784245 80.9300557192 -0.386008827223 1.92270699702 7.9802674835 0
321 5.46427702904 90.529269 80.702102 -0.55721841 88.0894944623 81.191999982 -0.395768862308 2.48847339299 9.25037768706 0
324 5.4492020607 89.308886 81.573217 -0.59808232 87.6262809229 81.5267208651 -0.395324411272 1.68324737819 11.617172433 0
327 5.68688797951 88.100372 82.484783 -0.6409076 86.2183551949 82.3967876809 -0.463188609576 1.88407283056 10.1825480906 0
330 5.47576117516 86.96204 83.432583 -0.67310863 84.1611431421 83.8662465541 -0.496130742609 2.83427015064 10.1400860147 0
333 5.42601490021 85.711036 84.448892 -0.70015711 84.5692779742 84.6371461254 -0.573938486203 1.1571737144 7.23179443951 0
336 5.46950101852 84.630521 85.38864 -0.74348817 82.0429661683 86.2464733593 -0.589379776395 2.72604440155 8.82976054112 0
339 5.48639416695 83.531548 86.470864 -0.76732045 81.383670155 87.3338882363 -0.62771317754 2.3147764621 7.99890750131 0
342 5.45165491104 82.436303 87.632765 -0.79615086 79.5054665657 87.4554406782 -0.644503631253 2.93619585851 8.68874618206 0
345 5.47598290443 81.390428 88.717115 -0.83255466 78.4412179416 88.732800261 -0.693735003678 2.94925176885 7.95378042068 0
348 5.47835588455 80.091493 90.270385 -0.85191671 78.0916189565 90.6577259489 -0.729887852761 2.03703932233 6.9917384986 0
351 5.47507095337 79.121061 91.3195 -0.83027867 76.8267793065 90.6388873782 -0.659653399566 2.39310719152 9.77610787417 0
354 5.48723602295 78.091476 92.534394 -0.81038411 75.3508861465 91.1888007157 -0.608849203104 3.05310563717 11.5470995897 0
357 5.49942398071 77.093441 93.512556 -0.78090008 74.5192648758 92.9619020527 -0.625099108543 2.632413814 8.92673810853 0
360 5.50413703918 76.051262 94.597058 -0.76703211 73.5526198344 93.8746454156 -0.585397886097 2.60097916446 10.4068744448 0
363 5.46845698357 75.027276 95.58972 -0.75132884 71.8464382086 93.4733384084 -0.531883361633 3.82057588549 12.5732997436 0
366 5.46846103668 73.852657 96.593273 -0.72312741 70.7125200152 95.1256345905 -0.5331785668 3.4661827396 10.8832670387 0
369 5.4556479454 72.811015 97.559971 -0.70587276 69.2750724745 96.261520498 -0.51106261059 3.76681075312 11.1617993675 0
372 5.39058995247 71.630899 98.505259 -0.68120937 68.9771119094 98.3783986713 -0.54408208294 2.65681754455 7.85681480464 0
375 5.4201259613 70.538887 99.423882 -0.66641532 67.3132697022 99.6978010653 -0.535224847524 3.2372269933 7.51666038519 0
378 5.46805500984 69.331788 100.31013 -0.63648641 66.8401535656 100.388269877 -0.522433491861 2.49285940138 6.53475085053 0
381 5.44148802757 68.205766 101.18772 -0.63190253 65.4723623364 101.073383185 -0.465335252616 2.7357939424 9.54360199909 0
384 5.45044398308 66.997353 102.01418 -0.604237 64.287023713 102.315725984 -0.437442428238 2.72705240587 9.55662500765 0
387 5.47439002991 65.749881 102.79371 -0.58263231 63.5551746808 102.895433177 -0.421852690366 2.19706245524 9.21199363676 0
390 5.50047016144 64.390622 103.72927 -0.540005 62.0429013515 104.022210696 -0.404011430529 2.36592613884 7.79185757161 0
393 5.48023700714 63.066948 104.49561 -0.5165186 61.1650664965 104.483773509 -0.374593069854 1.90191833576 8.13173388251 0
396 5.48370909691 62.072466 105.11862 -0.50368551 59.2922562053 105.612625913 -0.364685929341 2.82375784106 7.96408932584 0
399 5.40086507797 62.084059 105.11634 -0.50537083 59.1653680906 105.606059222 -0.367979625219 2.95949008126 7.87193617614 0
402 5.46848797798 62.06969 105.12384 -0.50501376 58.7762228624 106.063742677 -0.367212555979 3.42495880696 7.89542740224 0
405 5.4544069767 62.088061 105.11683 -0.50531554 59.1327247423 105.829813765 -0.333750124832 3.04012470895 9.82997419952 0
408 5.4179110527 62.080145 105.11527 -0.50526072 58.3184898496 105.805874279 -0.310127748122 3.82452398873 11.1802957325 0
411 5.46241998672 62.084425 105.11388 -0.50526675 57.5779013061 104.955504662 -0.269579430971 4.50930577265 13.5038886651 0
414 5.46013712883 62.090561 105.10315 -0.50372534 59.1572557307 107.092848649 -0.345542070876 3.54445771832 9.06323371037 0
