3 5.38271808624 58.425211 99.52669 -0.076600623 116.412012078 66.103562156 -2.68163927599 66.9296240403 -149.257720285 0
6 5.4631459713 58.436309 99.5178 -0.082073852 135.354715811 112.747538514 -2.09623030939 78.0478525491 -115.402664288 0
9 5.41088414192 59.138497 99.506199 -0.079127672 35.3963146725 56.4533195505 -0.477502463122 49.1654517986 -22.8251941957 0
12 5.45059704781 60.588187 99.398001 -0.084356487 64.5295481592 101.18072995 1.1584363036 4.32578897985 71.2067817106 0
15 5.43607401848 62.026729 99.268445 -0.080345137 41.4108551992 80.2163244818 -1.96604574058 28.0712940352 -108.04268601 0
18 5.4722840786 63.612811 99.142137 -0.077882356 116.124142963 140.530050321 2.55694912682 66.8610451131 150.964723694 0
21 5.48759102821 65.109709 99.045111 -0.075303117 24.7197815887 15.2779353523 1.14308625138 92.9961609545 69.8085686119 0
24 5.46964120865 66.576646 98.887554 -0.079079542 85.3455592987 48.1055601822 -2.05579843234 54.1394773019 -113.2576497 0
27 5.46978616714 68.114632 98.811042 -0.080004433 83.6686468941 41.4984250698 2.90219447696 59.385717464 170.867411209 0
30 5.4452650547 69.601579 98.673025 -0.074381156 74.9617762798 26.9324984589 -1.57781983355 71.9404952949 -86.1406909805 0
33 5.42690205574 71.154315 98.514904 -0.080273853 131.851009077 115.857202047 -2.98054420518 63.1256205782 -166.173250627 0
36 5.42426800728 72.642873 98.438251 -0.077397051 69.9972116695 99.3297629486 1.30214170539 2.79183048022 79.0417484157 0
39 5.47798109055 74.179887 98.27586 -0.078945335 72.094197018 98.8807034541 0.0472954514651 2.17162112372 7.23306426686 0
42 5.45384192467 75.689674 98.17429 -0.079512997 96.415450232 11.1087867335 0.108624541569 89.4983779711 10.779486928 0
45 5.43375301361 77.259307 98.055637 -0.072379503 73.8374763 99.492643586 -0.0191067622716 3.71132230718 3.05230320683 0
48 5.52635908127 78.667542 97.976243 -0.066300397 76.0113512133 99.0588055824 -0.00589837792113 2.8683255115 3.46078076729 0
51 5.45628595352 80.25432 97.827625 -0.077582567 78.1341373646 98.5286654867 0.057242531054 2.2330768396 7.72490909093 0
54 5.43830800056 81.813353 97.68277 -0.074716444 78.1952869085 98.6010889799 0.0090258533505 3.73278876865 4.79808020491 0
57 5.43116688728 82.622729 97.654646 -0.085105116 80.4345475259 98.966624315 0.0469459899379 2.55135753329 7.56597105027 0
60 5.4614841938 81.436592 97.754867 -0.094486992 79.0268479668 99.7319536948 -0.0599480904267 3.11700787686 1.97893328917 0
63 5.54846906662 79.890684 97.897701 -0.093381766 78.159484072 99.479230336 -0.0251100491418 2.34484290116 3.91168123609 0
66 5.45507693291 78.411812 98.037468 -0.097953665 76.1873386905 98.7097622922 0.0220462750529 2.3238461911 6.87549010685 0
69 5.48538303375 76.931086 98.162597 -0.096433306 74.7903301938 99.5911864562 -0.00703598037958 2.57365562111 5.12208945781 0
72 5.45126509666 75.443161 98.337547 -0.10164342 72.6629749296 99.2057425246 -0.0356882425898 2.91259301223 3.77895330264 0
75 5.43136501312 73.912871 98.553041 -0.10292365 71.6354611601 98.9430183431 0.0155761111089 2.31055792115 6.78953618485 0
78 5.38553094864 72.413468 98.668417 -0.11145399 69.9838378772 99.4983061414 -0.0301262413718 2.56745370373 4.6597367537 0
81 5.42528796196 70.926618 98.82512 -0.11572496 68.5942281034 98.5524563402 0.00388018588413 2.3482734298 6.85287006721 0
84 5.44512605667 69.460294 99.048845 -0.12091472 66.9076334039 98.7167558377 0.00950803162634 2.57417158145 7.47267322067 0
87 5.41877889633 67.984026 99.205817 -0.12024712 65.7690629356 99.3160574679 -0.00259662141354 2.21770474537 6.74087702661 0
90 5.42871117592 66.409271 99.378533 -0.12589377 63.8042314981 99.2536072917 -0.0206788249207 2.60803321285 6.02837229475 0
93 5.5046620369 64.97003 99.579245 -0.12534264 62.9310088833 99.069947501 0.00310337264662 2.10166387816 7.35941441994 0
96 5.43674898148 63.450289 99.830398 -0.13542326 60.9762346347 98.9541492165 0.000917244255288 2.62464415364 7.81173547051 0
99 5.46051311493 62.015499 100.01094 -0.13023941 59.7692625459 98.8955841059 0.0257066028515 2.50790689186 8.93504836829 0
102 5.3879699707 60.420275 100.24313 -0.1356293 57.9130423383 99.2950003838 -0.0172169920294 2.68051588114 6.78452548912 0
105 5.42942690849 58.989222 100.44438 -0.14088208 56.1921359471 98.8494644682 0.00909776408492 3.21985185081 8.5932120781 0
108 5.40050506592 58.528509 100.58832 -0.24160345 55.8869233368 98.9044524298 -0.104120893343 3.13263224941 7.87717025313 0
111 5.42035198212 58.390768 100.67023 -0.3827913 56.4406794755 99.3466162234 -0.224902026564 2.35686204159 9.04638899828 0
114 5.4380531311 58.26024 100.80046 -0.53685502 56.0253007425 100.976956715 -0.418705012511 2.24189753892 6.76949677858 0
117 5.46425509453 58.2435 100.85046 -0.70040996 56.2561718589 101.520724155 -0.537707726626 2.09731427739 9.32215128968 0
120 5.44910597801 58.129433 100.95873 -0.85888639 57.2853257246 100.856700679 -0.648043617608 0.850251183222 12.0804009989 0
123 5.45523118973 58.21235 101.09089 -1.0276822 56.2579043682 102.247897823 -0.954189614762 2.27123861164 4.21081495966 0
126 5.4159090519 58.152327 101.12822 -1.1869287 56.6261486734 101.590805786 -1.18411181449 1.59474320633 0.16139565086 0
129 5.50447177887 58.049715 101.26081 -1.3398137 56.5928470653 101.26985733 -1.33332262122 1.45689602698 0.371911418633 0
132 5.42052912712 58.024835 101.49733 -1.4943786 57.2946648518 102.010092014 -1.56995455636 0.892229414864 -4.33018333218 0
135 5.49551916122 58.064001 101.65215 -1.6522241 56.4366206378 101.023151929 -1.61466035583 1.74470783141 2.15224400379 0
138 5.49310994148 58.104403 101.68885 -1.8037565 55.6955404489 102.190984241 -1.74273674865 2.46064170205 3.49617421905 0
141 5.41254806519 58.177183 101.78616 -1.9584038 57.2675787047 101.519355876 -1.91576352514 0.947926376186 2.44310778656 0
144 5.43416404724 58.164815 101.89412 -2.1101089 58.4356533872 102.589297662 -2.23446243868 0.746073330299 -7.12493293382 0
147 5.42594695091 58.333441 101.96561 -2.2758326 55.3055642367 102.465469461 -2.12957536273 3.06885926267 8.37992241853 0
150 5.44746494293 58.547547 101.97367 -2.4518694 55.4201097082 101.589019056 -2.32175643476 3.15100307243 7.45492376816 0
153 5.43948698044 58.609003 102.09152 -2.5989269 54.7405778467 102.329088474 -2.39536764825 3.87571308879 11.6630860062 0
156 5.50528001785 58.561869 102.14088 -2.6173282 54.2644825129 102.360919067 -2.44990919748 4.30301612952 9.59240225474 0
159 5.45230793953 58.51155 102.01626 -2.5045701 54.2615494244 102.450177981 -2.34407110087 4.27209429989 9.1959152663 0
162 5.42388391495 58.437648 101.90068 -2.3721379 55.1627841954 102.137236394 -2.24555618815 3.28339639189 7.25259785237 0
165 5.43751692772 58.147744 101.95537 -2.2082701 54.2124829766 102.752781868 -2.0370139964 4.01523909738 9.81225195193 0
168 5.46447491646 58.037351 101.82492 -2.0566813 54.5764780121 102.426673508 -1.90125431658 3.51279790527 8.90531017241 0
171 6.05485486984 57.944091 101.71587 -1.9011295 54.839852579 101.940526328 -1.78345476457 3.11235708743 6.74226569545 0
174 5.50176596642 57.908577 101.57431 -1.7585036 55.3717316822 101.696221847 -1.68468980112 2.5397729554 4.22921914537 0
177 5.46747493744 57.841285 101.40683 -1.6171883 54.7620458859 102.553751963 -1.44393753284 3.28590071536 9.92653775585 0
180 5.43771696091 57.86028 101.30305 -1.4556073 53.7881252342 101.820987693 -1.29903879194 4.10496088783 8.97071471659 0
183 5.44046807289 57.788579 101.03213 -1.3093986 54.3100519886 102.818349932 -1.16197673424 3.91033653475 8.44665071591 0
186 5.46196103096 57.852229 100.87925 -1.1701135 53.7959584492 101.306006438 -1.01247942528 4.07865809294 9.03176718898 0
189 5.41775798798 57.956865 100.8248 -1.0236231 52.8196007636 101.484641249 -0.8924269978 5.17946660463 7.51698294462 0
192 5.46888899803 57.906072 100.67156 -0.85835482 54.2367367544 101.507386893 -0.723032499747 3.76332668528 7.75339782444 0
195 5.54055809975 57.990597 100.53155 -0.72265365 53.4499549691 101.604246207 -0.574743303428 4.66563041883 8.47463860491 0
198 5.47248196602 58.042848 100.37669 -0.56279892 54.6446654348 102.439403801 -0.224463044583 3.97522741119 19.3852177193 0
201 5.45280885696 58.157277 100.32166 -0.41301063 53.7033804019 101.445039416 0.00343611096261 4.59338396167 23.8606406491 0
204 5.46363806725 58.686264 100.08548 -0.29965148 55.9391081977 102.464155411 -0.00750044774735 3.63386319424 16.7390211285 0
207 5.44035005569 59.980629 99.666017 -0.30408986 56.6390316034 101.565466125 -0.0257505623609 3.84371957098 15.9476670274 0
210 5.46713399887 61.363687 99.173884 -0.32636207 56.4381182072 102.381186243 0.0569003018465 5.87775600141 21.959316353 0
213 5.39058184624 62.885593 98.69498 -0.37512441 59.824914888 101.109222894 -0.200039277459 3.89824566421 10.0316391501 0
216 5.44345402718 64.287236 98.118834 -0.4012694 60.7628107395 100.640842968 -0.261994576172 4.33383232865 7.97985959775 0
219 5.48116898537 66.572969 97.068508 -0.44319642 63.4136187635 99.0400904612 -0.352573043109 3.72406113247 5.19233702105 0
222 5.41217494011 67.896132 96.441291 -0.47211549 65.4815538958 97.6884092863 -0.372270523521 2.71762606729 5.72069518487 0
225 5.39096999168 69.150612 95.708615 -0.49267498 66.5457313304 97.4877401464 -0.453351190103 3.15447136448 2.25308719553 0
228 5.43907618523 70.465141 94.973778 -0.52461339 67.3987284833 96.5201769709 -0.472327288894 3.43427364951 2.99577292057 0
231 5.42234396935 71.675984 94.192345 -0.54871183 69.1795821262 95.5619113823 -0.491689415198 2.84740836394 3.26714370581 0
234 5.44724297523 72.999296 93.402727 -0.58180979 69.9634936214 95.0249683489 -0.491993078682 3.44205797101 5.14611848827 0
237 5.43400907516 74.284244 92.44261 -0.63095882 71.6480739182 94.2965684337 -0.560662345378 3.22281780031 4.02769131051 0
240 5.40733504295 75.447368 91.599491 -0.66374929 73.2300512285 92.9222568468 -0.585081700438 2.58189913645 4.50732086637 0
243 5.44613814354 76.572595 90.665594 -0.69142624 73.8921608221 91.7241266976 -0.614996996812 2.88187766117 4.37907306606 0
246 5.41842484474 77.783785 89.658033 -0.71509647 75.4110510506 91.9246326422 -0.65392006135 3.28136257257 3.50515002141 0
249 5.44653296471 78.874801 88.696028 -0.74032963 76.2685525187 89.6277925422 -0.665079320522 2.76779990399 4.31152514013 0
252 5.42057800293 80.03236 87.613917 -0.7252394 78.3166360164 89.0218358083 -0.683348493792 2.21944681368 2.40017212571 0
255 5.38621497154 81.079285 86.604124 -0.70281223 79.0901587221 89.0742510522 -0.624076571173 3.17145881315 4.51122094794 0
258 5.38046789169 82.380517 85.593177 -0.66953842 80.3700757655 88.5736041009 -0.598409154603 3.59511052146 4.07540670714 0
261 5.4202709198 83.553536 84.670161 -0.64546431 81.5338839273 87.2784878374 -0.577972576774 3.29884273424 3.8669914659 0
264 5.42414689064 84.753159 83.736184 -0.60820056 83.4796686126 85.9748470509 -0.555536803175 2.5755368416 3.01741099938 0
267 5.38230109215 85.938286 82.919631 -0.58097683 84.1764739815 84.2571259075 -0.548924471127 2.21198422599 1.83646488684 0
270 5.38240599632 87.249998 82.030848 -0.55954063 84.7418076567 83.7797412862 -0.508646951363 3.05771917036 2.91599298982 0
273 5.38459396362 88.578333 81.141585 -0.52544337 85.978385359 83.0702663493 -0.508369533593 3.23721168339 0.978258766194 0
276 5.39565396309 89.874585 80.458812 -0.49549775 87.881263506 82.2314661942 -0.439006675073 2.6675144743 3.23670017345 0
279 5.40644598007 91.229191 79.664539 -0.46697991 88.6203591778 80.7338520058 -0.421915487747 2.81947402563 2.5820012013 0
282 5.35635304451 92.640842 79.007823 -0.44436504 90.1638826408 80.8432028991 -0.395651067287 3.08284722962 2.79110503979 0
285 5.40376114845 93.942666 78.269838 -0.40450827 90.849351475 80.5660644509 -0.34554770463 3.85243438157 3.37819155338 0
288 5.39786505699 95.385584 77.620959 -0.38607018 93.3302153169 80.1783772142 -0.310178518423 3.28099502373 4.3482719086 0
291 5.40838813782 96.747733 77.074345 -0.36376533 94.7336802336 78.8806640148 -0.289617161503 2.70540143586 4.24837711352 0
294 5.36373710632 98.250871 76.540386 -0.33417824 96.1545175622 79.0970281489 -0.222391110494 3.30622395095 6.40493072455 0
297 5.39111804962 99.752933 76.027378 -0.30758365 97.0289076047 78.73987714 -0.194221417256 3.84421200489 6.49517749239 0
300 5.38352108002 100.00981 75.897783 -0.33361957 98.1006787192 79.1205851291 -0.17518092044 3.74582912192 9.07786593152 0
303 5.41181302071 98.714105 76.429985 -0.36219797 96.8472131912 79.3076196609 -0.226184271684 3.43017000556 7.7930108695 0
306 5.43428111076 97.284888 77.028291 -0.39087517 95.4709052486 79.6474400635 -0.270371614448 3.18598104817 6.90434514946 0
309 5.42913007736 95.817851 77.649213 -0.42317241 94.168814228 79.1921798756 -0.28722843035 2.25833324706 7.78901628416 0
312 5.39962410927 94.571565 78.35291 -0.46228827 93.4076296025 79.6961364536 -0.295780977078 1.77735840935 9.54016514256 0
315 5.38808679581 93.13187 79.138887 -0.4938927 91.0584254607 79.7330854369 -0.311103599574 2.15690612687 10.4730439954 0
318 5.37380003929 91.836662 79.862922 -0.52529077 90.0210914887 80.762636055 -0.38271043991 2.02627284986 8.16925115574 0
321 5.36339497566 90.529269 80.702102 -0.55721841 88.3796979161 81.1907286879 -0.387608714093 2.20440737729 9.71791973995 0
324 5.37631702423 89.308886 81.573217 -0.59808232 87.5041313695 81.5617858488 -0.407431697851 1.80479083209 10.9234760107 0
327 5.41691803932 88.100372 82.484783 -0.6409076 85.8419733998 82.7471373436 -0.461424507817 2.27358616263 10.283623676 0
330 5.42183303833 86.96204 83.432583 -0.67310863 84.176539415 82.4630609099 -0.453815965626 2.94940444699 12.5645441468 0
333 5.42355298996 85.711036 84.448892 -0.70015711 84.0534066006 84.22063794 -0.540108536741 1.67327079145 9.1701077648 0
336 5.41604304314 84.630521 85.38864 -0.74348817 82.6669057265 86.1330643385 -0.596062622134 2.09998869946 8.4468616851 0
339 5.35911488533 83.531548 86.470864 -0.76732045 80.2022056466 86.5052753087 -0.591928535623 3.32952018231 10.0492164545 0
342 5.43864107132 82.436303 87.632765 -0.79615086 79.5941485667 87.3674250507 -0.637929375291 2.85451346315 9.0654233021 0
345 5.41150093079 81.390428 88.717115 -0.83255466 78.2804584158 87.9250504445 -0.665009238709 3.20924867762 9.5996455167 0
348 5.4135658741 80.091493 90.270385 -0.85191671 77.2370767948 89.2077317754 -0.672617783103 3.04580428593 10.2730717824 0
351 5.37620592117 79.121061 91.3195 -0.83027867 76.5065843057 90.8942710229 -0.649819405293 2.64883145328 10.3395542418 0
354 5.42051410675 78.091476 92.534394 -0.81038411 75.5675346187 91.6569933387 -0.646476713434 2.67209880371 9.39120205423 0
357 5.36725783348 77.093441 93.512556 -0.78090008 74.3277714066 92.1968800564 -0.577557545681 3.06266738134 11.650669012 0
360 5.38881087303 76.051262 94.597058 -0.76703211 73.2133477105 93.8982033122 -0.589181565435 2.92269659545 10.1900855877 0
363 5.43353509903 75.027276 95.58972 -0.75132884 71.9458270914 93.8704731852 -0.545074299893 3.52861686597 11.8175146535 0
366 5.41025304794 73.852657 96.593273 -0.72312741 70.2594600231 95.2024185514 -0.525076846005 3.85299112529 11.3474614471 0
369 5.41573810577 72.811015 97.559971 -0.70587276 69.5440219832 95.9531740548 -0.522306105307 3.6407471479 10.5175945733 0
372 5.40283298492 71.630899 98.505259 -0.68120937 68.8789628079 98.8466549197 -0.542921432141 2.77303155035 7.92331519692 0
375 5.36153888702 70.538887 99.423882 -0.66641532 67.0377381283 99.5884913818 -0.505358669572 3.50501635809 9.22786633204 0
378 5.39702415466 69.331788 100.31013 -0.63648641 66.5427361158 99.8022118247 -0.471491539274 2.83492350614 9.45350973391 0
381 5.41704797745 68.205766 101.18772 -0.63190253 65.5904435717 101.484673237 -0.484253077373 2.63212701609 8.45969048294 0
384 5.40976881981 66.997353 102.01418 -0.604237 64.2972184213 101.49881567 -0.432554639886 2.74887743198 9.83667465137 0
387 5.43221092224 65.749881 102.79371 -0.58263231 63.5707857245 103.636454944 -0.422157175112 2.33638080381 9.1945479459 0
390 5.4597120285 64.390622 103.72927 -0.540005 62.3714202738 104.087862745 -0.424171770624 2.05079603276 6.63675517059 0
393 5.38814806938 63.066948 104.49561 -0.5165186 60.9416025392 104.869620652 -0.38568133182 2.15800308055 7.49642326975 0
396 5.35785293579 62.072466 105.11862 -0.50368551 59.1306462185 105.058625555 -0.329336377897 2.94243147075 9.98946943129 0
399 5.36142587662 62.084059 105.11634 -0.50537083 58.9810177036 105.689054778 -0.348903897103 3.15545044386 8.96489488834 0
402 5.38144302368 62.06969 105.12384 -0.50501376 59.03403177 105.700812003 -0.326788210191 3.09000284492 10.2115718055 0
405 5.3762691021 62.088061 105.11683 -0.50531554 58.5214144231 105.360883314 -0.324884283207 3.57498668871 10.3379495065 0
408 5.39188909531 62.080145 105.11527 -0.50526072 57.7799863531 105.569429768 -0.335845913751 4.32407510147 9.70675338507 0
411 5.40882897377 62.084425 105.11388 -0.50526675 58.7213283305 106.259094672 -0.316661329237 3.55273638949 10.806294603 0
414 5.44226813316 62.090561 105.10315 -0.50372534 58.2644296227 106.617165087 -0.315990333334 4.1147931903 10.7564235488 0
