3 1.35776185989 58.425211 99.52669 -0.076600623 113.984340259 56.8882455775 2.94863059521 70.0346613241 173.332980855 0
6 1.36223196983 58.436309 99.5178 -0.082073852 133.813076793 112.165492607 -2.8273595437 76.4304994825 -157.293283692 0
9 1.37052893639 59.138497 99.506199 -0.079127672 109.522401274 36.3198602519 -0.0187774751115 80.8149195029 3.45781157449 0
12 1.34976696968 60.588187 99.398001 -0.084356487 70.5732521182 101.924217192 3.10498777944 10.2996744445 -177.264034119 0
15 1.35127496719 62.026729 99.268445 -0.080345137 22.8139766781 37.8448049101 2.82233045424 72.8732015665 166.311060674 0
18 1.37283205986 63.612811 99.142137 -0.077882356 7.47308593296 75.1717022848 -1.77980232172 61.043021477 -97.5128311045 0
21 1.35628008842 65.109709 99.045111 -0.075303117 10.4625714539 51.7316025802 1.4598816836 72.2833156473 87.9596098471 0
24 1.3529279232 66.576646 98.887554 -0.079079542 54.8869377592 126.316103105 2.11845976044 29.8156768288 125.909727344 0
27 1.36299991608 68.114632 98.811042 -0.080004433 131.33820884 62.8555219999 -1.55561270084 72.7325242714 -84.5461259618 0
30 1.35561084747 69.601579 98.673025 -0.074381156 92.7577453531 67.9903089492 -1.11427059129 38.440045583 -59.5812758024 0
33 1.37043786049 71.154315 98.514904 -0.080273853 130.685951103 77.7850883854 2.71323532117 63.0376153782 160.056285711 0
36 1.37425804138 72.642873 98.438251 -0.077397051 38.5459969977 72.0683763217 -1.63296137732 43.1041441588 -89.127270659 0
39 1.3779489994 74.179887 98.27586 -0.078945335 44.7539315858 91.6571824242 -2.42630529662 30.1611297019 -134.493818799 0
42 1.36670207977 75.689674 98.17429 -0.079512997 106.580754134 50.8400012159 -1.5674212496 56.5225063719 -85.2508631765 0
45 1.35163903236 77.259307 98.055637 -0.072379503 134.309849455 125.866860861 0.0337754262835 63.4683272745 6.08222942245 0
48 1.36732292175 78.667542 97.976243 -0.066300397 96.1863532033 72.4265982004 2.16003286588 30.9789137215 127.559499752 0
51 1.3592710495 80.25432 97.827625 -0.077582567 20.62190775 99.1478425883 -1.91065019941 59.6470247811 -105.027038899 0
54 1.35775303841 81.813353 97.68277 -0.074716444 73.6601068344 91.9796950739 -1.58444633754 9.94989882611 -86.5011511046 0
57 1.36469006538 82.622729 97.654646 -0.085105116 71.9224513511 9.12112538456 -3.0239446589 89.1778011297 -168.383102474 0
60 1.36669516563 81.436592 97.754867 -0.094486992 75.7394263529 118.337409997 1.75191956517 21.3564691046 105.791302991 0
63 1.36464500427 79.890684 97.897701 -0.093381766 133.702836361 110.518055807 -1.24819282541 55.2722452698 -66.1657998392 0
66 1.39789700508 78.411812 98.037468 -0.097953665 64.5308001206 24.2414058886 -0.199486534905 75.0902208942 -5.81740492741 0
69 1.37746310234 76.931086 98.162597 -0.096433306 78.1977869378 101.073887576 -1.67705371453 3.17492426468 -90.5628784207 0
72 1.36683106422 75.443161 98.337547 -0.10164342 54.3217613813 86.9420117617 -1.69422647659 23.9994113516 -91.2482876664 0
75 1.35678601265 73.912871 98.553041 -0.10292365 30.2973631877 43.2068663185 0.0371951720209 70.4663861256 8.02821713214 0
78 1.35702109337 72.413468 98.668417 -0.11145399 25.3108311762 42.1211557041 -0.0824552000904 73.595184325 1.6615082728 0
81 1.36668300629 70.926618 98.82512 -0.11572496 56.9891981685 23.6438216715 0.275035148144 76.4622736382 22.3889049987 0
84 1.37071299553 69.460294 99.048845 -0.12091472 54.4496741281 92.6916739824 -1.56429219965 16.3012984847 -82.6994378282 0
87 1.36960601807 67.984026 99.205817 -0.12024712 54.1428334368 32.1736519485 -0.179467333834 68.4462545583 -3.39306831458 0
90 1.38081002235 66.409271 99.378533 -0.12589377 50.9027968564 23.1035592658 -0.0722035414057 77.835225692 3.07622349954 0
93 1.37350702286 64.97003 99.579245 -0.12534264 51.9669061969 22.0126213689 0.230035389377 78.6489817491 20.361661215 0
96 1.40199279785 63.450289 99.830398 -0.13542326 59.7054308088 99.509060897 -0.159887046911 3.75861948141 -1.40167174089 0
99 1.53272604942 62.015499 100.01094 -0.13023941 60.1828132748 98.7290450018 0.119214588646 2.23651330283 14.2926613051 0
102 1.36779212952 60.420275 100.24313 -0.1356293 57.1798959148 96.9626965045 0.0962407901369 4.61099778077 13.2851775602 0
105 1.36566495895 58.989222 100.44438 -0.14088208 55.7943806556 100.37457481 -0.0206633915704 3.19560385222 6.88802346562 0
108 1.36043000221 58.528509 100.58832 -0.24160345 55.8481683027 99.6027739874 -0.0474296179173 2.85578836692 11.1253410702 0
111 1.35881090164 58.390768 100.67023 -0.3827913 54.8860836108 99.1187052052 -0.210799189673 3.83275903971 9.85442203127 0
114 1.39232492447 58.26024 100.80046 -0.53685502 58.7496230282 100.431894054 -0.341993155325 0.612647210781 11.1647624339 0
117 1.36239004135 58.2435 100.85046 -0.70040996 57.1040607713 100.490152087 -0.358842431625 1.19504960059 19.5703777946 0
120 1.35821008682 58.129433 100.95873 -0.85888639 55.0925643094 101.432584533 -0.5111731552 3.07361506414 19.9225008349 0
123 1.35878705978 58.21235 101.09089 -1.0276822 55.1410719388 105.306369702 -1.04834958535 5.21565125838 -1.18415395389 0
126 1.37566995621 58.152327 101.12822 -1.1869287 57.670599435 102.872165589 -1.23069269794 1.80925610821 -2.5074923764 0
129 1.37805986404 58.049715 101.26081 -1.3398137 54.4357629569 101.758633489 -1.25001872397 3.64807861699 5.14487314783 0
132 1.35401511192 58.024835 101.49733 -1.4943786 56.3833856977 104.632091467 -1.65894758188 3.5385145564 -9.42910810043 0
135 1.35562086105 58.064001 101.65215 -1.6522241 55.4698485176 102.285959101 -1.60675854127 2.67045709151 2.60498462851 0
138 1.36109304428 58.104403 101.68885 -1.8037565 55.922638366 102.538630198 -1.89682824784 2.34141480817 -5.33261834309 0
141 1.36480593681 58.177183 101.78616 -1.9584038 54.2785723141 101.036843617 -1.73218747836 3.96996729475 12.9612404868 0
144 1.36259889603 58.164815 101.89412 -2.1101089 55.5109956809 101.853491708 -1.93945323861 2.65413029761 9.77784914782 0
147 1.35698986053 58.333441 101.96561 -2.2758326 55.2691497953 100.725378817 -2.33365521183 3.30576072553 -3.31299161809 0
150 1.37094497681 58.547547 101.97367 -2.4518694 56.2976851088 99.9735128873 -2.44419717696 3.01039980818 0.439585999742 0
153 1.37596106529 58.609003 102.09152 -2.5989269 54.5460534049 100.646062815 -2.39099776833 4.31241300033 11.9134616825 0
156 1.36756300926 58.561869 102.14088 -2.6173282 55.1970008597 100.512665929 -2.7082952688 3.73810361873 -5.21202911693 0
159 1.36649298668 58.51155 102.01626 -2.5045701 53.2347780282 102.486317876 -2.4359147015 5.29766711383 3.93366457472 0
162 1.38308000565 58.437648 101.90068 -2.3721379 50.8786722658 99.7901819416 -2.02861313763 7.84807722977 19.6825190418 0
165 1.36379814148 58.147744 101.95537 -2.2082701 50.7674198655 99.8402746043 -1.8312983632 7.67742227983 21.5988895144 0
168 1.35439395905 58.037351 101.82492 -2.0566813 53.8919018199 98.7768953413 -1.8674018748 5.14540603108 10.8449122129 0
171 1.35406208038 57.944091 101.71587 -1.9011295 53.4631058912 100.688179982 -1.74444999454 4.59732251631 8.97707439923 0
174 1.35757613182 57.908577 101.57431 -1.7585036 51.9797680343 102.5760773 -1.47224452201 6.01284570532 16.4014370163 0
177 1.37246894836 57.841285 101.40683 -1.6171883 53.0663406048 100.024179393 -1.40682345462 4.97109813611 12.0530177979 0
180 1.36164879799 57.86028 101.30305 -1.4556073 53.3958688775 102.660587779 -1.17110975036 4.66624854583 16.300508876 0
183 1.36742997169 57.788579 101.03213 -1.3093986 52.1639376173 100.319678648 -1.11974153602 5.66958354844 10.866549321 0
186 1.37167692184 57.852229 100.87925 -1.1701135 50.4180728721 102.103832304 -0.881621135865 7.53433999464 16.5293948867 0
189 1.35830211639 57.956865 100.8248 -1.0236231 50.8264352479 101.05919824 -0.813232609007 7.13428139232 12.0544871836 0
192 1.36653494835 57.906072 100.67156 -0.85835482 54.074518784 101.879931818 -0.704938752498 4.01758167291 8.79009317734 0
195 1.39522695541 57.990597 100.53155 -0.72265365 50.0815261077 101.810636868 -0.233944284619 8.01183284873 28.0009840449 0
198 1.3768658638 58.042848 100.37669 -0.56279892 52.7416925634 103.629077973 -0.120448725081 6.21934695065 25.3447992356 0
201 1.36891508102 58.157277 100.32166 -0.41301063 51.5770540316 101.386097314 0.231241183571 6.66576035496 36.9129098613 0
204 1.3664419651 58.686264 100.08548 -0.29965148 52.4237390351 101.699590588 0.375868241298 6.46719196614 38.7044290082 0
207 1.37317895889 59.980629 99.666017 -0.30408986 54.9017244855 104.57496355 0.161788912973 7.06349964974 26.6928874561 0
210 1.37755513191 61.363687 99.173884 -0.32636207 55.6217863318 103.815099504 0.0229769181225 7.38310941509 20.0156496388 0
213 1.36745285988 62.885593 98.69498 -0.37512441 60.6182218056 99.3096942905 -0.149890272687 2.34922238032 12.9049654703 0
216 1.37181305885 64.287236 98.118834 -0.4012694 60.4519003591 101.346092189 -0.384347974023 5.01248390463 0.969526291816 0
219 1.37069487572 66.572969 97.068508 -0.44319642 63.1180082291 99.7695343486 -0.359757692033 4.38546431573 4.78068696043 0
222 1.37351799011 67.896132 96.441291 -0.47211549 64.7140343485 98.1744367278 -0.393220103814 3.62347065358 4.52037265149 0
225 1.37410902977 69.150612 95.708615 -0.49267498 65.3927400005 98.1068017795 -0.422076687563 4.45790329574 4.04498419748 0
228 1.37386488914 70.465141 94.973778 -0.52461339 66.4927604103 95.9132725704 -0.457941003675 4.08196736843 3.82004634646 0
231 1.43828701973 71.675984 94.192345 -0.54871183 67.8800831298 94.8790881316 -0.446874396012 3.85752246202 5.83485516397 0
234 1.36014294624 72.999296 93.402727 -0.58180979 69.471643676 95.8293120991 -0.378535495292 4.28166394782 11.6467591703 0
237 1.36878705025 74.284244 92.44261 -0.63095882 71.8763750402 92.934788623 -0.488322931282 2.45765594107 8.17243443067 0
240 1.3607749939 75.447368 91.599491 -0.66374929 72.976734107 90.8377220441 -0.472178060531 2.58540592082 10.9762229247 0
243 1.36335897446 76.572595 90.665594 -0.69142624 73.5280214099 91.9605861585 -0.557361722711 3.30853941128 7.68133102315 0
246 1.37032389641 77.783785 89.658033 -0.71509647 75.000941343 90.8367037853 -0.593567567284 3.02216538914 6.96309321448 0
249 1.34886312485 78.874801 88.696028 -0.74032963 76.8944829285 91.6790427422 -0.597018595441 3.58050787128 8.21111743789 0
252 1.36672210693 80.03236 87.613917 -0.7252394 77.8772021582 89.02401666 -0.604889841277 2.57547789235 6.8955217811 0
255 1.36871290207 81.079285 86.604124 -0.70281223 79.1974726337 86.9292218583 -0.626408514433 1.90968751356 4.3776104411 0
258 1.35893893242 82.380517 85.593177 -0.66953842 79.6192361045 87.3145693799 -0.600159009188 3.25389980015 3.97514742461 0
261 1.37036895752 83.553536 84.670161 -0.64546431 81.0153431639 86.0595672847 -0.548581585428 2.89359166046 5.55097122569 0
264 1.35668492317 84.753159 83.736184 -0.60820056 81.0158875045 85.3568794642 -0.522228242245 4.07355520628 4.92585096229 0
267 1.36575293541 85.938286 82.919631 -0.58097683 83.9946227716 83.9823111041 -0.490728080322 2.2152010629 5.17087246288 0
270 1.36649489403 87.249998 82.030848 -0.55954063 85.4446813043 83.6513582769 -0.472080462807 2.4259476353 5.01109845567 0
273 1.36069107056 88.578333 81.141585 -0.52544337 84.5256063149 82.3518656083 -0.383938519615 4.22958304502 8.10763070766 0
276 1.36362099648 89.874585 80.458812 -0.49549775 87.8065349913 81.9882623928 -0.37798825066 2.57216821815 6.7327983649 0
279 1.36646795273 91.229191 79.664539 -0.46697991 87.3402660046 80.5043922056 -0.37537462228 3.97857902107 5.24859636741 0
282 1.37075209618 92.640842 79.007823 -0.44436504 89.7659162161 81.1123201622 -0.360833980345 3.56287897194 4.78597717647 0
285 1.36700391769 93.942666 78.269838 -0.40450827 90.8448735332 81.0866519351 -0.333794258047 4.18697491185 4.05161443735 0
288 1.35082888603 95.385584 77.620959 -0.38607018 92.8342251232 80.2473575445 -0.270499588608 3.66161186265 6.62170712259 0
291 1.35704398155 96.747733 77.074345 -0.36376533 95.4825234479 79.4710327467 -0.272463491787 2.71014157677 5.2312099914 0
294 1.36256313324 98.250871 76.540386 -0.33417824 95.3514213538 78.6166883117 -0.249051811091 3.56620800574 4.87738510153 0
297 1.35873889923 99.752933 76.027378 -0.30758365 96.6023131419 78.9024337789 -0.203048857722 4.26524925676 5.98940240981 0
300 1.36300492287 100.00981 75.897783 -0.33361957 98.2016323207 79.5166956011 -0.143613910245 4.04549563519 10.8865223875 0
303 1.35606193542 98.714105 76.429985 -0.36219797 96.1037823399 79.9201643858 -0.227987081251 4.35834103013 7.68971749003 0
306 1.36115193367 97.284888 77.028291 -0.39087517 95.6028511214 78.8929973817 -0.243215062415 2.51125027644 8.46030096708 0
309 1.36913108826 95.817851 77.649213 -0.42317241 93.7000713996 78.0807283181 -0.315073179165 2.16129496037 6.19362969548 0
312 1.3621981144 94.571565 78.35291 -0.46228827 93.2967892997 78.4857609374 -0.298713909299 1.28167954566 9.3721205047 0
315 1.38041806221 93.13187 79.138887 -0.4938927 90.1886330379 80.5032320139 -0.359033145656 3.24408402054 7.72688329091 0
318 1.35779809952 91.836662 79.862922 -0.52529077 90.2597522 81.0497077574 -0.386054615924 1.97360202452 7.97764398417 0
321 1.36620378494 90.529269 80.702102 -0.55721841 88.2334774577 80.6892398243 -0.33869349761 2.29582757218 12.5205551984 0
324 1.35955405235 89.308886 81.573217 -0.59808232 88.4781810791 84.5083415991 -0.536955675765 3.05041424694 3.50229873048 0
327 1.40578079224 88.100372 82.484783 -0.6409076 85.9951488218 84.4700663944 -0.549324334437 2.89366805038 5.24733459076 0
330 1.3660569191 86.96204 83.432583 -0.67310863 84.1481310956 84.1755437656 -0.496824701527 2.91033915917 10.1003250975 0
333 1.36354589462 85.711036 84.448892 -0.70015711 84.1101298766 83.7605324882 -0.536947511919 1.74262423762 9.35122114606 0
336 1.36182594299 84.630521 85.38864 -0.74348817 80.8566374414 85.7891069664 -0.531381595264 3.79507192359 12.1528115394 0
339 1.36672496796 83.531548 86.470864 -0.76732045 80.7178809818 86.7144764333 -0.614882254998 2.8241935321 8.73406521023 0
342 1.35348582268 82.436303 87.632765 -0.79615086 79.1261596677 87.9819098127 -0.659667993294 3.32850581798 7.81989223811 0
345 1.36575102806 81.390428 88.717115 -0.83255466 78.217281102 88.7894167598 -0.66260154584 3.1739705072 9.73759615646 0
348 1.37030696869 80.091493 90.270385 -0.85191671 77.4400180825 88.8041112127 -0.709400486479 3.02989736745 8.16557811989 0
351 1.37399697304 79.121061 91.3195 -0.83027867 77.7591420407 91.8005552693 -0.698674009032 1.44438132909 7.54039163771 0
354 1.36284708977 78.091476 92.534394 -0.81038411 75.5082475972 91.7447605531 -0.681049288045 2.7012200876 7.41033944212 0
357 1.37127494812 77.093441 93.512556 -0.78090008 74.9653862335 93.8935448498 -0.686533341287 2.1618902823 5.40681585466 0
360 1.36454105377 76.051262 94.597058 -0.76703211 73.6756013556 93.89088576 -0.641198899413 2.47839519243 7.20971188923 0
363 1.36226916313 75.027276 95.58972 -0.75132884 72.1775864569 93.740983606 -0.560638190408 3.39684511661 10.9257694142 0
366 1.36488986015 73.852657 96.593273 -0.72312741 71.0758509311 94.8008733625 -0.575122796412 3.30504892625 8.48003970707 0
369 1.37542009354 72.811015 97.559971 -0.70587276 70.1900941955 96.0031643956 -0.563105132443 3.04842134011 8.17998251013 0
372 1.36628103256 71.630899 98.505259 -0.68120937 69.085442437 98.7815768983 -0.619716977961 2.56041025913 3.52325453598 0
375 1.36945700645 70.538887 99.423882 -0.66641532 67.2596736059 99.6345734932 -0.565502505481 3.28597495261 5.78187837073 0
378 1.37679409981 69.331788 100.31013 -0.63648641 65.3260637825 98.3784807101 -0.44584271865 4.4471446441 10.9230789051 0
381 1.36769390106 68.205766 101.18772 -0.63190253 66.1452546171 101.817615552 -0.554032732729 2.1546404725 4.46161073517 0
384 1.37129497528 66.997353 102.01418 -0.604237 64.7920884155 102.407987174 -0.501678247654 2.24015088284 5.87618366155 0
387 1.36702394485 65.749881 102.79371 -0.58263231 63.2588762152 104.916028977 -0.446213797432 3.27251320507 7.81620501758 0
390 1.37060213089 64.390622 103.72927 -0.540005 62.3150042367 104.337797235 -0.445632066493 2.16298277747 5.40717079024 0
393 1.37385702133 63.066948 104.49561 -0.5165186 61.0703582348 105.093706201 -0.419921228952 2.08424800728 5.53462167309 0
396 1.5111219883 62.072466 105.11862 -0.50368551 61.28423585 105.912510304 -0.454960723162 1.11873526114 2.79172464351 0
399 1.36686301231 62.084059 105.11634 -0.50537083 58.8717603993 107.131483833 -0.411142049555 3.7920531338 5.39891142819 0
402 1.38005399704 62.06969 105.12384 -0.50501376 59.5561334191 107.734035355 -0.43607647718 3.62368410277 3.94981535666 0
405 1.36985993385 62.088061 105.11683 -0.50531554 58.7076969946 106.461406222 -0.341140367974 3.63795904679 9.4065444579 0
408 1.37236309052 62.080145 105.11527 -0.50526072 58.2649099291 105.808179486 -0.297351338327 3.87764647723 11.912330091 0
411 1.36387109756 62.084425 105.11388 -0.50526675 57.2247924249 106.177508397 -0.343541473152 4.97466924858 9.266175804 0
414 1.35422492027 62.090561 105.10315 -0.50372534 58.2056703517 107.26611517 -0.319341654947 4.4464360646 10.5644069646 0
