3 11.1251769066 58.425211 99.52669 -0.076600623 83.9333527346 98.9879026591 -2.934814037 25.5138312794 -163.76356557 0
6 10.9676761627 58.436309 99.5178 -0.082073852 69.4199107821 10.4023313774 1.46847421231 89.7897892632 88.8398600173 0
9 10.8638718128 59.138497 99.506199 -0.079127672 59.2578956394 111.774459928 1.16754342109 12.268841927 71.4289920747 0
12 11.1921758652 60.588187 99.398001 -0.084356487 87.0898633682 125.769212272 -0.527176871284 37.3868912087 -25.3717391018 0
15 11.127245903 62.026729 99.268445 -0.080345137 81.8388150576 46.4538624366 0.446975753103 56.4083228372 30.213261452 0
18 11.1627109051 63.612811 99.142137 -0.077882356 79.4050818153 82.4867333216 -1.47096070749 22.9520868157 -79.8175100712 0
21 10.9747889042 65.109709 99.045111 -0.075303117 21.1782345054 122.818232385 1.43184723516 49.9513338326 86.3533542703 0
24 11.0728960037 66.576646 98.887554 -0.079079542 71.863009734 102.698104421 -0.0564774758534 6.51658929497 1.29500299848 0
27 11.1307730675 68.114632 98.811042 -0.080004433 36.7792466637 74.7308038579 -1.98061639878 39.5191629865 -108.897044132 0
30 11.0075218678 69.601579 98.673025 -0.074381156 36.7779963638 74.6412789309 -1.70073210924 40.6806145013 -93.1830456278 0
33 11.1265060902 71.154315 98.514904 -0.080273853 88.0350252034 35.7136191861 -0.818477871905 65.0304524915 -42.2959747029 0
36 11.2493610382 72.642873 98.438251 -0.077397051 37.1636236722 70.6263901912 -1.95692439682 45.080780101 -107.688984395 0
39 11.0870370865 74.179887 98.27586 -0.078945335 95.7425066345 11.2442696541 0.181183775747 89.6629482208 14.9043001743 0
42 11.2308731079 75.689674 98.17429 -0.079512997 96.9268490518 11.3584238911 0.107188683214 89.3756802067 10.6972183043 0
45 11.0806062222 77.259307 98.055637 -0.072379503 73.9541989955 98.8350607898 0.0318944148212 3.39576800825 5.97445540445 0
48 11.0038380623 78.667542 97.976243 -0.066300397 76.2953309644 98.752380426 0.0135745288039 2.49595162243 4.57649613748 0
51 11.0646049976 80.25432 97.827625 -0.077582567 77.3349963807 98.8738080668 0.0164330643639 3.10112066895 5.38669888541 0
54 11.0239980221 81.813353 97.68277 -0.074716444 78.5921792787 98.7826629458 0.033143738968 3.40378093228 6.17993326158 0
57 11.0465431213 82.622729 97.654646 -0.085105116 80.2880002836 99.2815384572 0.0086614255447 2.8456523411 5.37242709005 0
60 10.9207179546 81.436592 97.754867 -0.094486992 78.9612075376 99.323826659 -0.00635425188747 2.9307273241 5.04963404537 0
63 11.330714941 79.890684 97.897701 -0.093381766 77.0421329958 98.8733804395 0.0113118041023 3.01101198809 5.99849970902 0
66 10.9989888668 78.411812 98.037468 -0.097953665 76.349732666 98.8489635672 0.0259467942757 2.21600907834 7.09897339623 0
69 10.9574298859 76.931086 98.162597 -0.096433306 74.9713194263 98.7856764274 0.0150897342749 2.05643210346 6.38979952622 0
72 11.0118777752 75.443161 98.337547 -0.10164342 73.125102237 98.9235709032 0.0117580425419 2.39098733666 6.49742519426 0
75 10.9932179451 73.912871 98.553041 -0.10292365 71.8290767195 98.7604826614 0.0231982394191 2.09409423056 7.22625196793 0
78 10.9583880901 72.413468 98.668417 -0.11145399 70.0124493776 98.9864827222 0.00497996031754 2.42199426687 6.67117394523 0
81 11.0150828362 70.926618 98.82512 -0.11572496 68.6409958743 99.3978025162 -0.00823820313119 2.35627540115 6.15853752213 0
84 10.8734579086 69.460294 99.048845 -0.12091472 66.7864622383 99.0930027482 -0.00342349720476 2.67419636468 6.731751196 0
87 11.090708971 67.984026 99.205817 -0.12024712 65.8377347294 99.1178134501 -0.00808054463154 2.14809470071 6.42667137105 0
90 10.9508371353 66.409271 99.378533 -0.12589377 63.8597045447 99.5358278803 -0.0207778140937 2.55441398159 6.02270063292 0
93 11.1113090515 64.97003 99.579245 -0.12534264 62.6515128823 98.9004711481 0.00725874915682 2.41583434178 7.59749995626 0
96 11.1009640694 63.450289 99.830398 -0.13542326 61.0253599389 99.3958058609 -0.00265641371719 2.46356475029 7.60697995127 0
99 11.0392861366 62.015499 100.01094 -0.13023941 59.9051773631 98.7491047661 0.004774348606 2.45879758591 7.73571854432 0
102 11.0412712097 60.420275 100.24313 -0.1356293 57.9786764075 98.6389372136 0.0190809603899 2.92144453703 8.86424496771 0
105 11.0848088264 58.989222 100.44438 -0.14088208 56.4459376695 98.5635469978 0.020868353382 3.16319900861 9.2676171672 0
108 11.0828988552 58.528509 100.58832 -0.24160345 56.2612846418 99.427029878 -0.106603583715 2.54733214127 7.73492257298 0
111 11.0036790371 58.390768 100.67023 -0.3827913 56.1732180361 99.1535173815 -0.21341560958 2.68662334718 9.70451221321 0
114 11.0208630562 58.26024 100.80046 -0.53685502 56.2043673145 100.451106895 -0.406390873067 2.08534411816 7.47504499703 0
117 10.9178550243 58.2435 100.85046 -0.70040996 56.3018026622 101.794846093 -0.572419430649 2.15917892817 7.33331714945 0
120 10.8640568256 58.129433 100.95873 -0.85888639 56.3283762928 101.45960183 -0.688676266513 1.86940574854 9.75232170621 0
123 11.0402290821 58.21235 101.09089 -1.0276822 56.4195993402 101.363188324 -0.853190016732 1.81331224719 9.99766565929 0
126 11.0474300385 58.152327 101.12822 -1.1869287 56.2009606204 100.887203089 -1.05052493723 1.96619426776 7.81535991621 0
129 11.1186490059 58.049715 101.26081 -1.3398137 56.4062430067 100.843995647 -1.22604612897 1.69550417213 6.51840166547 0
132 11.0391440392 58.024835 101.49733 -1.4943786 55.805650506 101.857329334 -1.42706197756 2.24819468439 3.85695835661 0
135 11.3030660152 58.064001 101.65215 -1.6522241 55.6418867931 101.399254748 -1.56740948564 2.43528093647 4.85951944395 0
138 11.9178490639 58.104403 101.68885 -1.8037565 56.0858532733 101.406498836 -1.66836703417 2.03820145691 7.75724498283 0
141 11.0611410141 58.177183 101.78616 -1.9584038 57.1217075944 102.427088494 -1.90678331245 1.23483507672 2.95763607299 0
144 11.0452530384 58.164815 101.89412 -2.1101089 57.1000304146 100.946515994 -2.05440872396 1.42538400625 3.19138500515 0
147 11.0159761906 58.333441 101.96561 -2.2758326 55.774328302 102.529441253 -2.16080486258 2.62048916867 6.59060388134 0
150 11.007930994 58.547547 101.97367 -2.4518694 55.9117649508 102.166550556 -2.32820573021 2.64282990745 7.08540635833 0
153 11.0614218712 58.609003 102.09152 -2.5989269 54.9017089852 102.258022105 -2.41682136946 3.71103110517 10.4338783259 0
156 11.0639948845 58.561869 102.14088 -2.6173282 54.9368402017 102.554873478 -2.47672602314 3.6485921105 8.05591132426 0
159 10.885504961 58.51155 102.01626 -2.5045701 54.7695342111 102.688080852 -2.33652951311 3.80184500229 9.62801641594 0
162 11.0131862164 58.437648 101.90068 -2.3721379 55.0207814064 102.415186022 -2.22910386684 3.45538619622 8.19524642684 0
165 11.0669131279 58.147744 101.95537 -2.2082701 54.8794373906 102.455164273 -2.10005306634 3.30630041116 6.20037929997 0
168 10.9696040154 58.037351 101.82492 -2.0566813 55.327259559 102.349560282 -1.97040154206 2.76040631857 4.94346598763 0
171 10.9489719868 57.944091 101.71587 -1.9011295 54.847028518 101.968864253 -1.80856528749 3.10737865567 5.30353871101 0
174 10.9064390659 57.908577 101.57431 -1.7585036 55.399997122 102.741266222 -1.60975101907 2.76672366307 8.52289507925 0
177 10.9970180988 57.841285 101.40683 -1.6171883 54.5540123356 102.562958961 -1.50073013499 3.48465145229 6.67256134479 0
180 11.0225980282 57.86028 101.30305 -1.4556073 54.5352100113 102.347245285 -1.27867145709 3.48517348545 10.1376770435 0
183 10.9348449707 57.788579 101.03213 -1.3093986 54.8628954661 102.023616671 -1.23788829942 3.08912122782 4.09723841468 0
186 11.0026960373 57.852229 100.87925 -1.1701135 54.2070931051 102.793690139 -1.09766071538 4.11729240374 4.1512387726 0
189 10.9691829681 57.956865 100.8248 -1.0236231 53.9596012309 102.025950253 -0.935508868366 4.17383271938 5.04857358766 0
192 10.9273190498 57.906072 100.67156 -0.85835482 54.173438254 101.899697418 -0.728166728122 3.92948803258 7.45922820747 0
195 10.9756438732 57.990597 100.53155 -0.72265365 54.9993370947 101.743628566 -0.556336176952 3.22750217214 9.52928926493 0
198 10.939152956 58.042848 100.37669 -0.56279892 55.007758722 101.730760226 -0.286537407844 3.32344295923 15.8286186885 0
201 10.9429359436 58.157277 100.32166 -0.41301063 55.4657279889 101.784991188 -0.173769878017 3.06362110031 13.7074853762 0
204 10.9780290127 58.686264 100.08548 -0.29965148 54.49158791 102.43606831 0.0154026255991 4.80838568599 18.0512705691 0
207 11.0047490597 59.980629 99.666017 -0.30408986 56.4140858327 101.676012053 -0.0365561333558 4.09393579304 15.3285534141 0
210 11.0622549057 61.363687 99.173884 -0.32636207 57.2552877967 102.070515855 -0.0650765070904 5.02686981295 14.9705600024 0
213 10.9680449963 62.885593 98.69498 -0.37512441 59.9770520761 100.404482903 -0.217812535716 3.3737235337 9.01330646377 0
216 10.9150180817 64.287236 98.118834 -0.4012694 61.1215392224 100.026028116 -0.252608561879 3.69581188445 8.51763860322 0
219 10.9052472115 66.572969 97.068508 -0.44319642 63.2394140308 98.6496144356 -0.36318660362 3.68951030537 4.58422479821 0
222 10.8903388977 67.896132 96.441291 -0.47211549 65.3989830702 98.1647316765 -0.405204513776 3.03413917658 3.83371654074 0
225 10.9727840424 69.150612 95.708615 -0.49267498 66.5338708113 97.8449250371 -0.448659415074 3.37804011568 2.52190610314 0
228 10.9307088852 70.465141 94.973778 -0.52461339 67.7182243461 96.8569148427 -0.51255841187 3.33042872191 0.690699368962 0
231 10.9964079857 71.675984 94.192345 -0.54871183 68.9175512508 95.9627920895 -0.507003998501 3.27771782319 2.38968271751 0
234 11.0137491226 72.999296 93.402727 -0.58180979 70.1302247543 95.2559163348 -0.534037059065 3.41553517383 2.73717585837 0
237 10.9772880077 74.284244 92.44261 -0.63095882 71.730271308 93.7945683737 -0.584744211296 2.8897349283 2.64790203059 0
240 11.0156788826 75.447368 91.599491 -0.66374929 73.2194931366 92.7993219136 -0.573192925564 2.53041906177 5.18849749021 0
243 11.0716099739 76.572595 90.665594 -0.69142624 73.9359547306 92.3843493392 -0.606914578203 3.14737856417 4.84216154058 0
246 11.0821299553 77.783785 89.658033 -0.71509647 75.1715669913 91.3315352335 -0.660017725708 3.10230440972 3.15577958879 0
249 11.0440099239 78.874801 88.696028 -0.74032963 76.7978434441 90.2492569861 -0.692437584428 2.59350592295 2.74401208353 0
252 10.9616510868 80.03236 87.613917 -0.7252394 77.7878810514 88.9133489329 -0.691338517873 2.59349360881 1.94237746763 0
255 11.0507049561 81.079285 86.604124 -0.70281223 79.1168509523 88.3017087589 -0.652417525861 2.59479120653 2.887403857 0
258 10.9705960751 82.380517 85.593177 -0.66953842 80.1636237744 88.3272511961 -0.586582300294 3.51991154489 4.75303554392 0
261 11.0699698925 83.553536 84.670161 -0.64546431 81.2792328064 86.8231134607 -0.573634147804 3.13171826868 4.11556513556 0
264 11.012622118 84.753159 83.736184 -0.60820056 82.5179237342 85.4851175077 -0.583562830611 2.83814113604 1.41163791075 0
267 10.9800481796 85.938286 82.919631 -0.58097683 83.7981723963 84.3696444704 -0.552479838311 2.58507742654 1.63275735263 0
270 10.9116208553 87.249998 82.030848 -0.55954063 85.1801279343 83.5941137559 -0.523397229427 2.59387006463 2.07086431006 0
273 10.9482929707 88.578333 81.141585 -0.52544337 85.9682913338 83.0564733651 -0.507893510805 3.23714611195 1.00553286294 0
276 10.9384381771 89.874585 80.458812 -0.49549775 87.8126997859 82.3035519272 -0.447115993775 2.76666514688 2.77207043713 0
279 10.9653911591 91.229191 79.664539 -0.46697991 88.9736102562 81.0266738118 -0.449701432639 2.63496788162 0.98998382917 0
282 10.9469430447 92.640842 79.007823 -0.44436504 90.0327215394 80.8419261262 -0.396318967033 3.18845207184 2.75283720317 0
285 10.9389071465 93.942666 78.269838 -0.40450827 91.1360195771 80.4191276597 -0.374944834579 3.53506862512 1.69386007756 0
288 10.8718619347 95.385584 77.620959 -0.38607018 93.2676040264 80.0689185974 -0.317245400971 3.23702724104 3.9433693643 0
291 10.872027874 96.747733 77.074345 -0.36376533 94.8570877926 79.3998667197 -0.286099139085 2.99709702362 4.44994495031 0
294 10.9686079025 98.250871 76.540386 -0.33417824 95.9615603534 79.2256810019 -0.246042584984 3.52870407989 5.04980105703 0
297 10.9629580975 99.752933 76.027378 -0.30758365 96.8829662425 79.0683172739 -0.214831565925 4.18138982353 5.31430295857 0
300 11.0762281418 100.00981 75.897783 -0.33361957 98.1368845767 78.6916503188 -0.193646104325 3.36356124309 8.01988882699 0
303 10.9496638775 98.714105 76.429985 -0.36219797 96.6480885622 79.4023904519 -0.229799827856 3.61989200002 7.58585476025 0
306 10.9510228634 97.284888 77.028291 -0.39087517 95.3883468122 79.6345102669 -0.271698303371 3.22323553967 6.82833147346 0
309 10.9398539066 95.817851 77.649213 -0.42317241 94.4862179371 79.4024473651 -0.300780922879 2.20160790178 7.01251566034 0
312 10.8762309551 94.571565 78.35291 -0.46228827 93.3916786857 80.242883429 -0.326121398383 2.22803305116 7.80178705318 0
315 11.0047380924 93.13187 79.138887 -0.4938927 91.1578214481 80.5125991334 -0.352950476512 2.40498497099 8.07539456107 0
318 10.9562740326 91.836662 79.862922 -0.52529077 89.9854485211 81.0358123147 -0.390335757948 2.19149789755 7.7323526147 0
321 10.9809510708 90.529269 80.702102 -0.55721841 88.1733215425 80.9738337046 -0.37768535911 2.37156626339 10.2864860991 0
324 10.9582819939 89.308886 81.573217 -0.59808232 87.2937250241 81.3528312423 -0.413443987464 2.02717627278 10.5789971906 0
327 10.9480490685 88.100372 82.484783 -0.6409076 85.7504955053 82.225025213 -0.429677462473 2.36418985032 12.1025953863 0
330 10.9376070499 86.96204 83.432583 -0.67310863 84.7686394928 83.6539068723 -0.504001109083 2.20453850984 9.68914723244 0
333 11.0091209412 85.711036 84.448892 -0.70015711 83.8936791605 84.3020273598 -0.538226565881 1.82328141122 9.27793675229 0
336 10.9597270489 84.630521 85.38864 -0.74348817 81.895276807 85.9894423905 -0.596777622674 2.80045073293 8.40589517183 0
339 10.960944891 83.531548 86.470864 -0.76732045 80.732954163 87.1622329896 -0.631673289412 2.88272762229 7.77200980463 0
342 10.945084095 82.436303 87.632765 -0.79615086 79.822954309 87.7142458633 -0.662846409231 2.61461861685 7.63778241936 0
345 10.9733810425 81.390428 88.717115 -0.83255466 78.2006098134 88.5412264465 -0.676230675141 3.19466380807 8.95670456907 0
348 10.9554140568 80.091493 90.270385 -0.85191671 77.1339019565 89.4405662905 -0.692756587528 3.0717981495 9.11920328441 0
351 10.9726412296 79.121061 91.3195 -0.83027867 77.3147939616 91.8553768609 -0.699332809265 1.88408190484 7.5026451648 0
354 10.9145469666 78.091476 92.534394 -0.81038411 75.4621242915 91.8136025444 -0.63596711398 2.72635851082 9.99335774729 0
357 10.97311306 77.093441 93.512556 -0.78090008 74.469623163 93.2067455354 -0.642317935318 2.64157908877 7.94017200616 0
360 10.9432840347 76.051262 94.597058 -0.76703211 73.6331035036 94.360397497 -0.614569129998 2.42971165105 8.73548528612 0
363 11.0113198757 75.027276 95.58972 -0.75132884 71.863241584 94.2378973332 -0.559744361318 3.4407177025 10.9769820487 0
366 10.9626979828 73.852657 96.593273 -0.72312741 70.3965718856 94.7718058014 -0.50458622237 3.90669516007 12.521487701 0
369 10.9770889282 72.811015 97.559971 -0.70587276 69.3944803835 95.9187335376 -0.499285315746 3.79029935416 11.8365886562 0
372 10.9600090981 71.630899 98.505259 -0.68120937 68.7216454572 98.2842235019 -0.52790730995 2.91763823457 8.78356103155 0
375 10.9891791344 70.538887 99.423882 -0.66641532 67.5526795323 99.5870738266 -0.519571952851 2.99066323955 8.41350518713 0
378 10.9584450722 69.331788 100.31013 -0.63648641 66.2716747626 99.8077481858 -0.46916099468 3.10107731489 9.5870401031 0
381 10.9818911552 68.205766 101.18772 -0.63190253 65.4724047186 101.261276748 -0.465963121309 2.73435083519 9.50762777287 0
384 11.15152812 66.997353 102.01418 -0.604237 64.0585298449 102.221712861 -0.441162866592 2.94614178635 9.34345959205 0
387 10.9784550667 65.749881 102.79371 -0.58263231 63.1702792048 103.065634423 -0.414814395981 2.59389442992 9.61525819996 0
390 10.9620659351 64.390622 103.72927 -0.540005 62.0275272619 104.277029688 -0.4108087771 2.42574883646 7.4023983012 0
393 11.0031909943 63.066948 104.49561 -0.5165186 60.7963926066 104.716624783 -0.379874727165 2.28128677037 7.82911720979 0
396 10.9348201752 62.072466 105.11862 -0.50368551 59.0714872563 105.004951137 -0.313129868257 3.0031307049 10.9180340343 0
399 10.9808621407 62.084059 105.11634 -0.50537083 58.7824639467 105.158017685 -0.328661751277 3.30185810198 10.1246844125 0
402 10.9261569977 62.06969 105.12384 -0.50501376 59.0159088426 105.371353543 -0.315974283153 3.06379540948 10.8311641847 0
405 11.0176119804 62.088061 105.11683 -0.50531554 58.5787022779 105.091682833 -0.304494254575 3.50944882003 11.5062120913 0
408 10.9317810535 62.080145 105.11527 -0.50526072 58.6975560359 105.844246031 -0.335236511503 3.46024770116 9.74166956194 0
411 10.9486758709 62.084425 105.11388 -0.50526675 58.8911777816 105.986120483 -0.334226464334 3.31023129976 9.79988649537 0
414 10.9947550297 62.090561 105.10315 -0.50372534 58.5546227445 106.302507869 -0.336017315985 3.73380752647 9.60896196656 0
