3 3.10100197792 72.513547 45.80148 1.6808269 55.5417958271 100.681176894 1.36724979453 57.4440725319 -17.9666446955 0 0.004
6 3.10850691795 72.505015 45.806851 1.6805552 8.56843570562 141.503328266 -0.116043434266 115.089973208 -102.937519222 0 0.004
9 3.11610388756 72.51553 45.801787 1.6811119 84.8391255149 43.9623797324 -1.27663011658 12.4601133827 -169.466134439 0 0.004
12 3.07838392258 72.511327 45.798497 1.6805172 124.534125637 60.7479484516 -2.75097693449 54.1281597387 106.094089157 0 0.004
15 3.0997030735 72.518426 45.80176 1.6806948 134.447426191 82.8338845822 -0.684325522774 72.1566304353 -135.505682958 0 0.004
18 3.13758611679 72.509508 45.806599 1.6825332 72.6563143538 2.02489603019 0.598105056908 43.7819491005 -62.1331557844 0 0.006
21 3.1136841774 72.510969 45.800989 1.6811293 28.9191578213 88.7918334952 1.48510349505 61.2246577145 -11.2314512993 0 0.004
24 3.08810114861 72.522343 45.818169 1.6838228 36.5297670676 80.5477804549 -3.13729469738 50.0161117447 83.7703148633 0 0.004
27 3.10128712654 72.508499 45.799812 1.6808804 29.6579822818 88.7102815505 0.27290281077 60.6421897696 -80.6711735119 0 0.01
30 3.0916929245 72.523901 45.815543 1.6832165 26.6135328909 72.6874828482 2.00655957691 53.1964571294 18.5261936419 0 0.004
33 3.11334109306 72.511009 45.802779 1.6808191 61.1874315214 110.338647707 -1.4751323877 65.5217655191 179.177299407 0 0.012
36 3.10030603409 72.527172 45.853315 1.6851825 67.0367765075 103.439980695 -0.318480781574 57.8478046995 -114.8014496 0 0.008
39 3.10543203354 72.188088 49.017093 1.6798669 43.5968185532 94.2322371702 3.01115300089 53.4964480215 76.2770749056 0 0.014
42 3.10138106346 71.804616 53.279503 1.6643548 40.1652385714 88.3541479922 0.107258195374 47.2364364172 -89.2150637392 0 0.01
45 3.09725308418 71.568933 57.324136 1.642571 57.396420067 108.549649906 2.46577379916 53.1499143722 47.1660460754 0 0.008
48 3.11030292511 71.37336 61.652431 1.6431927 38.331186589 96.0650542719 1.61244977718 47.7075870714 -1.76143972756 0 0.006
51 3.09562706947 71.165072 65.844712 1.6344026 46.648957834 116.530227249 -2.85454245685 56.3032975047 102.802393776 0 0.004
54 3.10812401772 70.960331 70.343426 1.6128178 67.7865983482 117.387387881 -1.7897419816 47.1508953085 165.047684974 0 0.006
57 3.14789605141 70.885213 74.631613 1.6236159 96.1893768017 74.0708395907 2.55431063773 25.3103767755 53.324880487 0 0.008
60 3.17301917076 70.832043 79.069602 1.6124517 55.1262821963 128.144138171 1.83669026945 51.5265079625 12.8479236337 0 0.008
63 3.14989900589 70.841819 83.283634 1.5826474 26.401767681 110.984293515 -2.0979867639 52.3664463068 149.115196477 0 0.01
66 3.29021000862 70.897044 87.066595 1.5142468 66.9669672007 85.5594894825 1.5137018972 4.20914132443 -0.0312206304754 0 0.018
69 3.20201802254 70.898205 87.488163 1.2381173 57.9124148907 89.8652455328 -2.32149732658 13.2015630184 156.049105204 0 0.006
72 3.16616296768 70.648486 87.373684 0.94938085 47.8506094252 70.3359142625 -2.26987145425 28.4610044437 175.550429779 0 0.02
75 3.15899610519 70.490448 87.162959 0.64684814 119.898050746 103.954093936 -0.114074770577 52.1828843734 -43.5976713109 0 0.01
78 3.14529299736 73.090524 88.460194 0.4660111 76.3075524404 60.4752349935 -1.23323679784 28.169259887 -97.3597328928 0 0.004
81 3.11366820335 76.750616 90.291223 0.4640309 58.725010538 99.87262931 1.97174155883 20.4138629159 86.385457478 0 0.01
84 3.15406513214 80.704264 92.172539 0.45240664 43.7707786894 108.591882219 3.0882952606 40.4187724817 151.025293227 0 0.01
87 3.14616298676 84.637734 93.972859 0.42386385 103.890072226 90.2255009075 0.431440584595 19.6136488155 0.434114914773 0 0.012
90 3.10844707489 88.678811 95.730817 0.41656148 54.3652220072 105.788116429 -2.39639646565 35.7571204291 -161.170618234 0 0.008
93 3.09504795074 92.647535 97.41769 0.40779386 94.2152226839 91.4530399757 -1.17254999683 6.16722746352 -90.5470331756 0 0.016
96 3.10561299324 96.759828 99.128022 0.39320766 21.0479210505 69.6164267571 -3.08073158743 81.2602430941 160.957942838 0 0.014
99 3.08925199509 100.07577 100.58602 0.32958371 16.5824695066 67.2590788656 -2.92928460782 89.8989223109 173.2805994 0 0.014
102 3.09460878372 100.12714 100.52966 0.1390585 14.2257770962 71.5835746008 -3.06012312013 90.6472283563 176.700395271 0 0.014
105 3.10184788704 100.08551 100.52401 -0.14356162 14.1809751107 69.3089114815 3.06579029503 91.4000628559 -176.117680297 0 0.008
108 3.07890605927 99.772178 100.71077 -0.40700642 18.5880212783 54.925438699 0.759616561271 93.2049562253 66.8425731098 0 0.006
111 3.09864497185 99.760338 100.7618 -0.66729138 13.7059701856 70.2672663485 2.24968659103 91.2977042567 167.130526673 0 0.018
114 3.30061817169 99.638101 100.95548 -0.8821311 17.4059203938 55.5399272955 0.804804249544 93.9398954369 96.6542758403 0 0.008
117 3.10142278671 99.549051 101.11221 -1.1251977 14.8719491722 69.0055695133 1.83633005459 90.5596374623 169.683041249 0 0.012
120 3.06685400009 100.80276 98.46873 -1.1938854 15.1205142497 68.3444405544 1.66719083994 90.8235655071 163.927593414 0 0.016
123 3.10078120232 102.35582 94.496879 -1.1822805 82.0481142797 43.9707831177 -2.91832732013 54.4544697589 -99.4681558306 0 0.004
126 3.09295010567 103.84912 90.431736 -1.1842505 120.432061767 91.9139912257 -0.11405800033 16.6490551745 61.3175134976 0 0.008
129 3.22701096535 105.46668 86.336829 -1.1831903 121.380642726 60.8218754837 0.0865357492434 30.0710336136 72.7499437595 0 0.008
132 3.14149188995 106.96067 82.891423 -1.1821311 32.4528248334 93.2662243089 0.576669865764 75.2266940226 100.771872342 0 0.016
135 3.11078882217 108.13488 79.987125 -1.1809983 106.419131011 80.4197647891 -1.17411963237 1.76945522161 0.394118623766 0 0.02
138 3.12320208549 109.11096 77.465416 -1.174964 106.648316162 78.9136084603 -1.17603474154 2.85689973135 -0.0613489713478 0 0.04
141 3.10071492195 110.00241 75.115832 -1.1797573 107.537448489 77.5999114408 -1.2078760594 3.4995265281 -1.61108623886 0 0.032
144 3.08036518097 110.9669 72.896666 -1.1819268 108.627010722 75.8560885807 -1.36928318191 3.77269980827 -10.7347299481 0 0.04
147 3.12823796272 111.79529 70.750926 -1.1680053 73.8840309664 135.771320983 2.4874020276 75.2656317669 -150.560587727 0 0.016
150 3.09118390083 112.62755 68.634671 -1.166408 112.839614053 71.9576389737 -1.0965069106 3.32972781424 4.0050374061 0 0.028
153 3.09350013733 113.50263 66.493746 -1.1746568 111.970484693 70.1973300904 -1.07285305614 4.0079925594 5.83292486172 0 0.07
156 3.09396195412 114.39844 64.423702 -1.1690506 113.115867293 67.7529149507 -1.13957083697 3.56772359075 1.68906600241 0 0.108
159 3.08622598648 114.9392 62.935672 -1.1627449 114.101038521 66.2835960878 -1.1094737811 3.45124765312 3.05221028287 0 0.16
162 3.14532399178 115.58582 61.52951 -1.1720902 114.036574065 64.8227558764 -1.08975007932 3.63945481744 4.71774139959 0 0.16
165 3.13833522797 116.16312 60.165609 -1.1710096 114.133576122 63.1244538443 -1.12375487611 3.58800935984 2.70749624114 0 0.176
168 3.14463591576 116.71267 58.758483 -1.1690165 115.211100953 64.5547907455 -1.15895436337 5.98764503644 0.576517962021 0 0.108
171 3.19009399414 117.29804 57.404001 -1.1730259 115.385092299 60.7077402549 -1.17842033528 3.81759898008 -0.309078374625 0 0.198
174 3.15474796295 117.3062 57.346669 -1.1782941 114.042850167 62.4944052284 -1.17383487292 6.09496845018 0.255494891757 0 0.176
177 3.17875099182 117.30973 57.394113 -1.1925087 114.968507302 63.2979945149 -1.23240850599 6.35115270359 -2.28609048639 0 0.138
180 3.16309189796 117.3509 57.478875 -1.2542253 114.18874565 60.3770521268 -1.22139129354 4.28936484739 1.88124999491 0 0.164
183 3.15858793259 117.31554 57.561663 -1.3141336 114.961662233 61.690885064 -1.33796478913 4.75302171214 -1.36542655774 0 0.214
186 3.14041805267 117.31761 57.625945 -1.389572 114.140987175 61.4864026638 -1.34087711057 4.99940655918 2.7900116481 0 0.146
189 3.15671014786 117.34247 57.653648 -1.4539696 115.871915003 61.8719144409 -1.46840730888 4.467247896 -0.82721978464 0 0.146
192 3.15139913559 117.36058 57.739095 -1.5147103 114.996458419 60.1709742258 -1.48434290371 3.39162312444 1.73992364198 0 0.122
195 3.1737780571 117.34118 57.80351 -1.5718326 114.678269742 60.6025131391 -1.478625953 3.86335470994 5.34034749551 0 0.116
198 3.18213701248 117.32521 57.826191 -1.6475747 114.758978983 59.8999227781 -1.59379662965 3.29937950542 3.08125646158 0 0.08
201 3.13710403442 117.28663 57.948056 -1.7072698 115.932758265 60.9753949637 -1.59274564959 3.31628555391 6.56175047058 0 0.074
204 3.12246704102 117.37131 58.006137 -1.7818651 115.274884807 59.6158453329 -1.6742851373 2.6431344098 6.16387782316 0 0.078
207 3.09454298019 117.40314 57.989067 -1.8555926 118.319977387 60.6589134885 -1.89284419389 2.82288346665 -2.13435911011 0 0.07
210 3.08865404129 117.02719 57.008887 -1.8977403 117.246518923 62.4701029153 -1.6740285013 5.46561839591 12.817741893 0 0.054
213 3.10526704788 116.38504 55.250118 -1.9095407 116.022677643 56.4975862209 -1.68668025118 1.29903173162 12.7689631379 0 0.088
216 3.11995697021 115.67443 53.450651 -1.9075572 115.84458003 55.3739465969 -1.75818889333 1.93080734037 8.55817356504 0 0.088
219 3.13550400734 115.02136 51.574537 -1.9165104 113.329330207 53.0088652339 -1.84080430653 2.21816642785 4.337639639 0 0.074
222 3.12304496765 114.35753 49.684701 -1.9233127 114.90008311 50.966160075 -1.8321368754 1.3915822785 5.22398994313 0 0.114
225 3.10344219208 113.59486 47.870819 -1.9110101 112.53529534 50.8225469473 -1.85246554693 3.13614016631 3.3543558046 0 0.126
228 3.08823299408 112.87829 45.986656 -1.9118326 115.764817324 45.1426657626 -1.75193601555 3.00738416478 9.1613994478 0 0.088
231 3.0889480114 112.17059 44.128463 -1.9122248 114.212209013 43.5073965692 -1.76633297324 2.13399430783 8.35898593853 0 0.13
234 3.11984086037 111.43202 42.277019 -1.9027456 110.72450929 43.5565219098 -1.85728274211 1.46208724121 2.60482988158 0 0.13
237 3.09913396835 110.82393 40.37458 -1.9174412 112.916049547 39.9541343068 -1.80887411678 2.13394910435 6.22043566282 0 0.1
240 3.08692097664 110.14399 38.567468 -1.912432 112.145663242 38.3809098472 -1.7944676745 2.01034815709 6.75885798431 0 0.146
243 3.08600497246 109.42625 36.696167 -1.9074722 110.107315134 36.3674679301 -1.87719646609 0.756235938851 1.7346717748 0 0.194
246 3.08954119682 108.96452 35.308972 -1.917648 109.315268462 36.2646949861 -1.87698969397 1.01805250833 2.32954933789 0 0.194
249 3.08708691597 108.91335 35.330429 -1.9171391 109.650748495 35.8197718437 -1.89382468539 0.884993196915 1.3358175591 0 0.172
252 3.15515398979 108.9585 35.348205 -1.9450374 109.329288198 37.4086890073 -1.94197322238 2.09358024253 0.175564445266 0 0.184
255 3.10554099083 108.97674 35.368834 -2.0165302 109.85390384 36.6627699057 -2.00808162215 1.56322951921 0.484067853683 0 0.19
258 3.08328700066 108.99865 35.397074 -2.0803106 109.902679182 37.9940836446 -2.06220941411 2.74985960657 1.03712155561 0 0.164
261 3.09942603111 109.05048 35.474836 -2.159245 109.219281892 38.201111294 -2.20703258182 2.73149612073 -2.73802675133 0 0.168
264 3.08447289467 109.09365 35.518169 -2.2238592 110.175306729 38.1947935133 -2.23702814729 2.88691878373 -0.754525100186 0 0.198
267 3.1123290062 109.14301 35.568827 -2.2920109 110.822509837 37.3900808911 -2.26803102497 2.47743525438 1.37394563229 0 0.178
270 3.08444404602 109.24021 35.586114 -2.3597618 107.488526554 38.3246641339 -2.31965830215 3.25085400045 2.29776117072 0 0.158
273 3.10974311829 109.32691 35.57971 -2.4292889 108.566060287 38.3472561614 -2.32316670433 2.87022717583 6.08035392438 0 0.182
276 3.13648986816 109.34422 35.612178 -2.4970016 109.419507916 37.8165967515 -2.48841556608 2.20570403774 0.491943506184 0 0.136
279 3.10998010635 109.45255 35.562283 -2.5751384 110.532587982 36.9786464369 -2.45504962181 1.78117024101 6.88058015732 0 0.17
282 3.10780501366 109.51035 35.610832 -2.6455993 109.037342231 36.4960264099 -2.57415514972 1.00364609937 4.09344828205 0 0.166
285 3.15747523308 109.52669 35.619453 -2.7060079 108.746574147 36.6716519525 -2.59275898361 1.30984860959 6.48868494332 0 0.162
288 3.11633992195 109.56751 35.667144 -2.7779359 110.902431979 35.0675352301 -2.71203187529 1.46340266741 3.77602246899 0 0.126
291 3.11624979973 109.58407 35.725569 -2.8421247 108.450916498 36.172669095 -2.60449270013 1.21816885299 13.6153106696 0 0.11
294 3.12622499466 109.62066 35.728072 -2.9074408 108.888798087 36.4560374477 -2.77981650007 1.03225750327 7.31233374939 0 0.116
297 3.14021515846 108.40689 35.538158 -2.9474042 109.351313879 36.0594430626 -2.98866570663 1.07873749302 -2.36411018601 0 0.084
300 3.14197206497 106.63579 35.154474 -2.9731605 106.104598331 37.1964849954 -2.89928698324 2.10997002215 4.23264072816 0 0.158
303 3.13333415985 104.74277 34.838538 -2.9724974 106.454309846 34.3098738723 -2.88412864416 1.79132755346 5.06315675022 0 0.12
306 3.13330507278 102.71686 34.507066 -2.970186 102.756666368 36.4669049602 -2.89399871215 1.96024317286 4.36521004659 0 0.114
309 3.13737297058 100.87602 34.149296 -2.9774562 106.498243695 33.8894357031 -2.89426363289 5.62822588854 4.76658298227 0 0.092
312 3.1216981411 98.917573 33.856952 -2.9648121 98.2729927817 35.3859023626 -2.81528226197 1.65926877542 8.5674286303 0 0.138
315 3.13856506348 96.872255 33.519705 -2.9713846 96.0049741626 34.363646412 -2.87522882458 1.2101293972 5.50932010732 0 0.186
318 3.12471914291 94.700759 33.157106 -2.9752463 93.4358066783 34.3843000467 -2.89092828938 1.76241584324 4.83106614546 0 0.126
321 3.12556600571 92.656194 32.878926 -2.9695623 92.3708840455 34.1172296111 -2.92025723556 1.27074686835 2.82497210114 0 0.124
324 3.1408700943 90.628889 32.525228 -2.9736018 91.1764146516 33.897783062 -2.85500449978 1.47773195722 6.79512476449 0 0.202
327 3.14302587509 88.510396 32.191288 -2.9695852 86.2264074135 33.9984423597 -2.93509684195 2.91245785252 1.97603735872 0 0.152
330 3.11874508858 87.334812 32.006658 -2.9896435 85.923943512 33.2822765375 -2.98043002951 1.90203904891 0.527892973621 0 0.178
333 3.14000082016 87.328365 31.983283 -3.0015998 85.8659016806 33.2589521099 -3.07623991176 1.94065211681 -4.2765633861 0 0.16
336 3.07564711571 87.328448 32.00285 -3.0442403 87.432623313 33.2534404758 -3.10802777708 1.25492192344 -3.65475322245 0 0.162
339 3.07322907448 87.480424 31.977098 -3.121648 86.1594732528 34.5375858083 -2.95496328222 2.88114711409 9.55033083806 0 0.122
342 3.13288116455 87.509332 32.088761 3.0972389 86.8740773009 34.3570350429 -3.08850462855 2.35554997113 5.58300266361 0 0.126
345 3.13387703896 87.537767 32.004513 3.0032565 86.0320458554 33.4996670684 3.08438546372 2.12195236834 4.6483472173 0 0.066
348 3.13127589226 87.588829 31.971963 2.902116 86.9159100347 34.3805903661 3.01063754824 2.5008609963 6.21782670031 0 0.06
351 3.14466786385 87.696053 31.883789 2.7788249 84.9529379076 32.5700034573 2.70054887902 2.82764401781 -4.48488563945 0 0.034
354 3.12325501442 87.777704 31.698119 2.6376296 85.712305847 33.1155163013 2.74050147183 2.50497198393 5.89412408644 0 0.028
357 3.12963104248 87.896098 31.65995 2.4917922 46.4761286892 100.807891095 -0.121742000232 80.6042903037 -149.744479286 0 0.01
360 3.08950400352 87.958395 31.594625 2.366513 84.9013980792 34.2762900413 2.7244498634 4.06651663805 20.5082716047 0 0.01
363 3.09907889366 87.964094 31.460561 2.2184109 84.2637207549 33.5987477158 2.36198826326 4.27371086819 8.22637694838 0 0.022
366 3.11980605125 87.708527 31.831987 2.1125682 38.0350855681 108.261172813 0.589882684933 91.1530099765 -87.2434535391 0 0.008
369 3.16230010986 86.721318 33.612273 2.0920166 84.1215685236 38.4231931697 2.30456816452 5.46842301029 12.178307576 0 0.022
372 3.11552190781 85.724716 35.405361 2.0873093 83.7419517805 37.1088028238 2.27142534011 2.61401377139 10.5490720387 0 0.034
375 3.1119427681 84.755772 37.248267 2.0862059 82.3331414674 40.781210566 2.26732347573 4.28378675219 10.3772726853 0 0.022
378 3.08735609055 83.690185 39.149374 2.0868314 80.3309132984 41.0293538159 2.04184638986 3.84954938575 -2.57745122253 0 0.054
381 3.07950282097 82.666747 40.97523 2.090975 80.2301475844 40.6070744012 2.09094577371 2.46425551777 -0.00167454317745 0 0.038
384 3.09680294991 81.635815 42.877142 2.0910396 80.0640289508 43.2629650432 2.05851775962 1.61844703498 -1.86336419563 0 0.06
387 3.33134698868 80.624097 44.699122 2.0805048 79.3074964749 45.875257371 2.15746717615 1.76542667749 4.4096193349 0 0.074
390 3.13537502289 79.602515 46.546403 2.0762437 77.5800116846 47.3531727966 2.06779410752 2.17747495175 -0.484125987674 0 0.08
393 3.12817406654 78.599692 48.40129 2.0808805 78.0626934303 48.2856283255 2.07865976088 0.54931328658 -0.127238979018 0 0.104
396 3.12542700768 77.532669 50.298142 2.0919608 76.1282387093 51.1890740929 2.11964254008 1.66318502747 1.58604687628 0 0.148
399 3.09436702728 76.53881 52.074716 2.0854653 76.200630004 53.3574711334 2.08075149766 1.3265845024 -0.270080979284 0 0.202
402 3.10629796982 75.533974 53.92833 2.0838411 75.8814518033 54.7008465642 2.01875389748 0.847067096358 -3.72922200457 0 0.2
405 3.1005859375 74.451304 55.860797 2.0823704 72.1177111661 57.0211746748 2.10583593791 2.60617187891 1.34447628615 0 0.15
408 3.09192895889 73.464188 57.689364 2.0801622 71.8609511866 56.7355030456 2.12885460462 1.86553450792 2.78986927923 0 0.122
411 3.11120510101 72.461178 59.521835 2.0808323 69.2408566663 59.5328690732 2.09590824188 3.22034023717 0.863787841958 0 0.136
414 3.12180781364 71.469371 61.42577 2.0898858 70.0605928169 62.9575293229 2.11949840892 2.08109168284 1.6966775113 0 0.168
417 3.14319992065 70.386885 63.322712 2.0827703 68.5566430004 62.8456162022 2.16421460253 1.89140322973 4.66641480009 0 0.196
420 3.14895105362 69.38246 65.186025 2.0922796 67.2852727907 65.6242723154 2.11577789549 2.1424880164 1.34635315751 0 0.164
423 3.13498497009 68.400253 67.014087 2.0893798 66.6551435851 67.4735890406 2.14219733636 1.80459108808 3.02622191754 0 0.214
426 3.17374706268 67.30799 68.901204 2.089526 64.0908348224 68.5784702265 2.11102403847 3.2333024179 1.23174687224 0 0.22
429 3.17568898201 66.315197 70.741557 2.0869248 63.8968009766 70.5058223742 2.10952109601 2.42985804927 1.29467239386 0 0.238
432 3.15455102921 65.281228 72.464006 2.0745737 62.7659905744 72.7242412365 2.09911526317 2.52866401193 1.40612799241 0 0.302
435 3.10017299652 64.283593 74.421326 2.0918621 61.0872729722 73.3637383086 2.06137698282 3.36674225995 -1.74666855234 0 0.312
438 3.09869503975 63.28447 76.191493 2.091939 60.3949192361 76.2332812111 2.12932496942 2.88985291523 2.14205826099 0 0.37
441 3.08977603912 62.204887 78.125252 2.0893553 59.4765938237 78.3566805621 2.13235036681 2.73809109334 2.46343586826 0 0.388
444 3.18641710281 61.273659 79.948227 2.0960183 57.1987282808 80.3188844201 2.13403196244 4.09175357141 2.17802242149 0 0.46
447 3.07785391808 60.19879 81.787566 2.089809 58.3089454134 81.7852669036 2.12011997706 1.88984598506 1.73669105867 0 0.45
450 3.17421793938 59.161438 83.629466 2.0974137 56.8709074222 83.7353715261 2.10054137971 2.2929776075 0.179202847257 0 0.45
453 3.10545611382 58.11891 85.485673 2.0964985 56.6611259807 86.2046005243 2.07910037135 1.62542026327 -0.996839343221 0 0.488
456 3.08629608154 57.036783 87.336936 2.0992423 55.3359359679 87.8548106886 2.10072197067 1.77794117445 0.0847788847125 0 0.518
459 3.09311413765 56.357629 88.602308 2.124456 54.4485415604 88.2107135696 2.091801298 1.94883581912 -1.87097660574 0 0.434
462 3.06368207932 56.200217 88.720884 2.2094598 54.6504292254 88.4594463793 2.18096316396 1.57168437535 -1.63273697536 0 0.402
465 3.13808107376 56.199637 89.07416 2.3631742 54.0850549917 88.0509883201 2.36339507561 2.34911416413 0.0126552402165 0 0.35
468 3.08106803894 56.109511 89.161307 2.4869631 53.3893728204 88.4081992447 2.50436307011 2.82246753873 0.996944851069 0 0.292
471 3.10115098953 56.023191 89.233423 2.608836 52.2684625753 87.2777148732 2.51293334495 4.23353042043 -5.49481737834 0 0.266
474 3.11011910439 54.873312 89.789936 2.6823278 51.1696784736 89.1941517013 2.6708610703 3.75124782287 -0.656995216617 0 0.276
477 3.10314702988 52.997249 90.667048 2.6986067 49.1984706793 89.5937476025 2.66901346348 3.94749166853 -1.69556755497 0 0.34
480 3.07832717896 51.122563 91.609157 2.7018871 47.8839506162 90.7429737769 2.7073116603 3.35244441392 0.31080441095 0 0.342
483 3.11458897591 49.137432 92.566213 2.7007601 46.5492008855 90.9719172576 2.64189196722 3.0398551308 -3.37289555602 0 0.146
486 3.1112639904 47.308569 93.452781 2.7003868 44.8546287744 92.5381235282 2.68521000118 2.61885870588 -0.869566518924 0 0.288
489 3.14371681213 45.360782 94.336008 2.7008969 42.2419829593 93.4605448335 2.70954210299 3.23934302173 0.495333644499 0 0.328
492 3.11276984215 43.468079 95.251019 2.7064338 41.43890339 94.2744178139 2.70393743614 2.2519554909 -0.143031113166 0 0.272
495 3.13394999504 41.590918 96.131677 2.7064065 38.9327990701 94.2939579535 2.71271349196 3.23153331086 0.361364020987 0 0.272
498 3.17119383812 39.606214 97.06058 2.704478 35.6778820463 96.4183472398 2.74787112198 3.98048424899 2.48624274924 0 0.324
501 3.0789949894 37.718719 97.944153 2.696243 34.0851362867 96.7026183562 2.75027858897 3.839834841 3.09601119153 0 0.354
504 3.0780069828 35.769603 98.891663 2.7044976 32.6010679794 97.0650848256 2.74170664683 3.65732169821 2.13192134286 0 0.378
507 3.08687806129 33.862509 99.822852 2.7013631 30.3877640715 97.5734936792 2.75442474668 4.13925901263 3.04020840904 0 0.34
510 3.07542586327 31.979521 100.73965 2.7066945 27.5790929237 98.4607893294 2.79108361728 4.95549928979 4.83514025699 0 0.352
513 3.0731780529 30.015598 101.64307 2.7044148 27.7352355321 100.603582137 2.76455218023 2.50611013354 3.44561807814 0 0.282
516 3.07558202744 28.083667 102.5122 2.7038251 26.1780395595 100.774837026 2.69429230618 2.57872954122 -0.54618885299 0 0.228
519 3.07679891586 26.231599 103.44351 2.6987262 22.8909396861 102.982748389 2.67956868792 3.37228496929 -1.09764458843 0 0.334
522 3.08711194992 24.326425 104.3449 2.7056645 21.6756740609 104.077109991 2.66990578356 2.6642432378 -2.04882353301 0 0.312
525 3.13755607605 23.072168 104.95788 2.6888385 20.0234607993 104.56616912 2.69044068797 3.07376853536 0.0917986088746 0 0.394
528 3.07159399986 23.059574 104.94595 2.6093304 19.2978675424 104.536696538 2.63644413436 3.78390325843 1.55350254568 0 0.37
531 3.10864400864 23.148655 105.02795 2.4881616 18.0164785478 104.175244052 2.43899894145 5.20253232282 -2.8168128446 0 0.356
534 3.06864190102 23.15609 104.97342 2.3614352 17.6851836737 104.104205748 2.31568844143 5.53952610306 -2.6210961924 0 0.338
537 3.08578515053 23.189116 104.80794 2.2179164 18.7502842758 105.536298995 2.19068364214 4.49819229259 -1.56032208991 0 0.302
540 3.09577417374 23.170444 104.45908 2.0515088 19.10404059 102.835606071 2.0698507575 4.37850480087 1.0509167525 0 0.264
543 3.11067605019 23.203193 104.36781 1.9241471 18.4940528345 103.523623105 1.92143274612 4.78420867141 -0.155521021588 0 0.222
546 3.13163208961 23.268475 104.40083 1.8086424 20.1138471258 103.801182667 1.8474319579 3.21111412886 2.22247795666 0 0.256
549 3.11076498032 23.269141 104.3114 1.6661585 18.6159513371 104.13656962 1.62950847055 4.65647288197 -2.09989200638 0 0.32
552 3.15397715569 23.273746 104.22596 1.531085 19.2349530538 105.48955746 1.47591530181 4.23184676023 -3.16099086315 0 0.29
555 3.15789198875 23.201513 103.9692 1.3630267 19.9737077336 105.479951091 1.4123696385 3.56385966302 2.8271421248 0 0.236
558 3.14307308197 23.573375 105.47089 1.3112874 19.2356846946 105.58265249 1.30551755182 4.33912987129 -0.33058794917 0 0.246
561 3.1315510273 24.091257 107.45193 1.3021436 20.3371944516 107.318574142 1.37241564234 3.75643040696 4.02629144389 0 0.148
564 3.15012812614 24.69734 109.54228 1.2971878 20.6546507513 108.431941374 1.28756075204 4.1923964777 -0.551589217059 0 0.19
567 3.09026408195 25.24514 111.62222 1.291934 20.4407388812 111.733765476 1.3167761459 4.80569583965 1.42335011436 0 0.254
570 3.10222506523 25.838263 113.71051 1.2925571 22.5311277656 113.683100651 1.33032281073 3.30724881603 2.16381583534 0 0.282
573 3.08218216896 26.485855 115.66064 1.2984976 22.4685020756 116.152710097 1.29248452941 4.0473766195 -0.344523566795 0 0.308
576 3.15167593956 26.666562 116.70228 1.2516028 22.9800272157 116.319588158 1.30418313871 3.706344798 3.01263149362 0 0.324
579 3.10223221779 26.671044 116.66524 1.1445574 23.5775776966 115.548629245 1.15439214841 3.28882248656 0.563489576402 0 0.294
582 3.13896083832 26.68282 116.71548 1.0360889 23.3446937827 115.527447108 1.01967677377 3.54323422796 -0.940345566078 0 0.27
585 3.13100385666 26.598988 116.54426 0.86252405 22.3245676876 115.981277783 0.827652699368 4.3113359859 -1.99798121714 0 0.278
588 3.09912896156 26.490987 116.49462 0.72378221 21.8656846091 116.28930429 0.722474822825 4.62985709804 -0.0749077673008 0 0.258
591 3.08274388313 26.414554 116.44154 0.58967497 20.9870569062 116.192717674 0.564330332964 5.43319770057 -1.45214073544 0 0.26
594 3.07844614983 26.30131 116.37003 0.43724496 21.4757581428 117.020305522 0.510325100617 4.86916922898 4.1871836236 0 0.21
597 3.06763982773 26.176025 116.35464 0.31453037 22.7025481112 116.129494959 0.404323621038 3.48076600568 5.14477431326 0 0.186
600 3.10841488838 26.088883 116.46581 0.14702743 21.7391467129 116.068217274 0.234472194961 4.3678697031 5.01021597277 0 0.21
603 3.10399699211 25.977812 116.45377 0.019989929 21.2298510983 116.143431253 0.0886014602779 4.75809235534 3.93115116815 0 0.184
606 3.09495091438 25.890585 116.45549 -0.11586106 23.5891261844 115.727371044 0.025421204946 2.41389102791 8.09487750146 0 0.184
609 3.10650897026 27.617035 116.21759 -0.13548047 24.3179026531 116.292351406 -0.10551214308 3.2999793197 1.71705865157 0 0.192
612 3.11299300194 29.732468 115.90829 -0.14344069 26.6570204018 115.537550384 -0.0904765799822 3.0977129938 3.03461996969 0 0.24
615 3.13906788826 31.744289 115.6014 -0.14068963 27.5195872302 114.880677461 -0.0843035404036 4.28573751194 3.23068495712 0 0.238
618 3.18300819397 33.87565 115.27561 -0.13567301 30.3396761856 114.252123534 -0.0352124676287 3.68111876498 5.75596508547 0 0.262
621 3.14928293228 35.936054 114.9269 -0.14240112 33.2631264315 114.106437836 -0.0898304961576 2.79601501242 3.01207487254 0 0.292
624 3.12937712669 38.113735 114.67885 -0.14674677 34.9798602189 113.344440071 -0.0839195845406 3.40614459487 3.59973256551 0 0.286
627 3.13135004044 40.163768 114.30534 -0.14012204 36.4034191549 115.440082076 -0.0560631450919 3.92783184673 4.81621990877 0 0.374
630 3.17432618141 42.346763 113.98058 -0.16006212 39.03108703 114.623380746 -0.0844947787327 3.3774102412 4.32968972364 0 0.396
633 3.18185997009 44.341947 113.67079 -0.15507802 40.7332393174 113.669122003 -0.0565309092497 3.6087080681 5.6463335292 0 0.41
636 3.14515209198 46.544067 113.30502 -0.15009707 43.0512217672 114.714126547 -0.064078737344 3.76637081042 4.92848742194 0 0.42
639 3.11002111435 48.557097 112.97025 -0.14631805 44.977493911 113.693108196 -0.0993810287261 3.65186010761 2.68929322191 0 0.406
642 3.10756993294 50.586062 112.64729 -0.14866611 47.6819524957 114.463626898 -0.0722340206129 3.42533673392 4.37923614125 0 0.402
645 3.13273978233 52.747394 112.3225 -0.14488479 49.8965242155 113.689233217 -0.0452952802123 3.16155313314 5.70605859461 0 0.474
648 3.13664102554 54.919709 111.95097 -0.14565598 51.2660471622 113.730042489 -0.067570324351 4.06378441173 4.4739785092 0 0.442
651 3.12329983711 56.9199 111.70562 -0.14317608 54.0271737433 113.885123247 -0.0976448015177 3.62189171561 2.60875009287 0 0.41
654 3.13353204727 58.963864 111.32719 -0.14485493 57.0933318823 113.888913348 -0.0166151460389 3.17195789891 7.34759838664 0 0.326
657 3.13394403458 61.070196 111.0267 -0.15209978 57.8778347354 112.5126921 -0.158789337121 3.52127007817 -0.383283389838 0 0.366
660 3.14716410637 63.25691 110.67843 -0.1447313 60.1198941018 112.632612594 -0.168370856488 3.69590291507 -1.35444681631 0 0.448
663 3.1425280571 65.338645 110.4192 -0.14848438 61.2438997601 111.798731355 -0.128182108201 4.32088478671 1.16323448862 0 0.404
666 3.10791397095 67.412523 110.08404 -0.1445869 62.8120331872 111.58064496 -0.101517972664 4.83780248916 2.46766776453 0 0.488
669 3.10267281532 69.507235 109.73429 -0.15139682 65.8293283251 111.680713176 -0.0961259749073 4.16119702601 3.16678615393 0 0.552
672 3.16550397873 71.647859 109.39116 -0.14906575 68.2058101457 111.709940792 -0.100672890307 4.15023429186 2.77270661898 0 0.558
675 3.15103507042 73.702975 109.06139 -0.1559357 69.2256189399 111.320822909 -0.0845459409134 5.01515247609 4.09033189612 0 0.504
678 3.15919399261 75.754203 108.72815 -0.15045699 72.0767854239 109.539027191 -0.132354058757 3.76575647746 1.03722155703 0 0.504
681 3.18401885033 77.860742 108.43703 -0.15243836 74.5744784722 109.40758998 -0.164788523646 3.42658936093 -0.707612253199 0 0.546
684 3.14020419121 79.97813 108.08555 -0.15170568 75.8914598301 108.850904943 -0.155348410706 4.15772068149 -0.208713095341 0 0.532
687 3.14962291718 82.120618 107.73965 -0.14888428 78.0012099948 109.484387668 -0.164596564956 4.47365978165 -0.900247614474 0 0.476
690 3.15954899788 84.192494 107.42985 -0.14593359 81.0448787523 108.631084821 -0.170572339306 3.36904242226 -1.4116963477 0 0.538
693 3.17820191383 86.28045 107.15458 -0.15823172 82.694379868 108.273923418 -0.13509246666 3.75670449713 1.32578155745 0 0.476
696 3.20017194748 88.385341 106.75858 -0.15035877 84.5267101959 108.650088287 -0.104879387561 4.29730558419 2.60577666861 0 0.446
699 3.0813229084 90.512184 106.42958 -0.15443508 87.3550431438 108.714543349 -0.10700725925 3.89725491771 2.71741396051 0 0.522
702 3.0955760479 92.541412 106.11165 -0.15857271 89.3091926587 108.311947554 -0.0915946088778 3.91005769714 3.8375625141 0 0.484
705 3.04961395264 94.624435 105.7799 -0.14991569 91.0480899822 108.028825173 -0.123704750936 4.22467846334 1.50177618542 0 0.532
708 3.04965591431 96.812614 105.41142 -0.16008539 92.710975383 107.135518824 -0.125126035804 4.44926466965 2.00302344991 0 0.442
711 3.03837108612 98.833392 105.05687 -0.15857643 94.2559919741 106.514294576 -0.132847572625 4.80381904244 1.47415493929 0 0.408
714 3.05161094666 100.9283 104.72764 -0.15390186 95.7080871385 106.43529655 -0.166144401334 5.49242325512 -0.701445948946 0 0.28
717 3.05382084846 103.02648 104.38009 -0.15580909 98.8116941936 106.095209379 -0.122156441703 4.55039051925 1.92815471684 0 0.378
720 3.05834197998 103.56436 104.3046 -0.21764658 98.9007379948 105.555260214 -0.21748360591 4.82840772715 0.00933772752715 0 0.336
723 3.0859401226 103.46604 104.39779 -0.32798619 99.0301886439 106.530464523 -0.304055879259 4.92189779211 1.37110580787 0 0.356
726 3.08130288124 103.43166 104.43448 -0.46455789 98.0203986535 106.2419053 -0.48051076447 5.70513238909 -0.914032378212 0 0.306
729 3.07625102997 103.35806 104.51276 -0.60050128 97.6037727146 105.477759949 -0.598166147872 5.83464198247 0.133793215548 0 0.268
732 3.07445883751 103.30537 104.5712 -0.75278089 99.8693515383 105.658785602 -0.62665222762 3.60403458785 7.22664003002 0 0.164
735 3.07280087471 103.24477 104.73622 -0.88717849 99.9406575418 106.901148672 -0.807705902045 3.95019939913 4.55344387678 0 0.19
738 3.08591914177 103.11543 104.83266 -1.0218313 99.6924391364 106.894956855 -0.971558300932 3.99624007895 2.88043067006 0 0.168
741 3.09722495079 103.3336 104.43355 -1.1359167 100.206263628 106.795096241 -1.05382247592 3.91881786161 4.70365256203 0 0.176
744 3.08688402176 104.18264 102.5184 -1.1499809 102.69266433 105.639647704 -1.07047430983 3.45864348099 4.55539206027 0 0.156
747 3.08257293701 105.02068 100.61649 -1.1544373 103.65046023 103.025655185 -1.11579590763 2.77156618296 2.21398869739 0 0.222
750 3.07735300064 105.97315 98.645528 -1.1675657 105.060180762 100.933889473 -1.04465519253 2.46375953743 7.04225333557 0 0.25
753 3.08378386497 106.66644 96.709247 -1.154133 104.510232946 98.7480533423 -1.10063459382 2.96748381007 3.06523288489 0 0.28
756 3.104418993 107.65453 94.805864 -1.1707179 105.340110923 96.716933396 -1.1037730684 3.00145329813 3.83565631099 0 0.272
759 3.16420507431 108.36584 92.821603 -1.1639211 106.039517447 95.7220983308 -1.10598919647 3.71815139352 3.31925357147 0 0.316
762 3.15515995026 109.18739 90.932737 -1.1605274 106.725292231 91.844225029 -1.06839847825 2.62540203646 5.27859838723 0 0.274
765 3.09499001503 110.00551 88.971931 -1.1631703 108.029393126 89.1189862635 -1.12313158962 1.9815809721 2.29404912189 0 0.29
768 3.1129720211 110.83946 87.051439 -1.1600004 109.145185232 88.3393334189 -1.09750348051 2.12820088874 3.58080971928 0 0.356
771 3.07044410706 111.68317 85.129972 -1.1502451 111.139841161 86.6200259691 -1.0808924321 1.58602240138 3.97361516841 0 0.392
774 3.10326886177 112.49307 83.177328 -1.1488654 111.180277018 86.1390888701 -1.08627082064 3.23966863495 3.58640521761 0 0.436
777 3.09680914879 113.40329 81.226755 -1.149046 111.316531646 83.3659291783 -1.12760922819 2.98841539839 1.22823655109 0 0.384
780 3.10080909729 114.20236 79.347389 -1.1522317 111.471084616 82.3360293713 -1.13525232425 4.04868330354 0.972846569234 0 0.288
783 3.11274194717 115.10134 77.33273 -1.146946 113.394991868 79.5085707403 -1.12777961789 2.76512330205 1.09815280363 0 0.234
786 3.10024595261 115.87569 75.433999 -1.1405871 113.639369246 77.9372098119 -1.10877109288 3.35666424964 1.82292292875 0 0.228
789 3.10481905937 116.74641 73.521868 -1.1514597 114.178141309 75.7540777453 -1.13715079351 3.40275835378 0.819839951545 0 0.262
792 3.09847092628 117.66191 71.592443 -1.1472421 115.588151957 73.3184879252 -1.10521024106 2.69809256759 2.40824812225 0 0.164
795 3.10815095901 118.47567 69.543126 -1.1411103 116.302691634 70.9882335627 -1.08644950357 2.60963040436 3.13183294011 0 0.26
798 3.10742807388 119.32773 67.660396 -1.1493947 117.803503623 70.6287476644 -1.13648010207 3.33682148956 0.739951955411 0 0.218
801 3.09998393059 120.23613 65.736718 -1.1477983 119.034539152 68.4451933573 -1.11472019202 2.96304899154 1.89523598138 0 0.222
804 3.09075403214 121.05504 63.851108 -1.1435448 120.003420412 67.0950695806 -1.1488788272 3.4101598927 -0.305617246452 0 0.252
807 3.10370707512 121.9387 61.889647 -1.1416966 120.352752989 64.658924535 -1.1445789256 3.19125774367 -0.165145092256 0 0.296
810 3.09994983673 122.75206 59.947854 -1.134592 121.558271539 62.2308511999 -1.0984375638 2.57627776162 2.07149660487 0 0.3
813 3.1000020504 123.61313 58.017737 -1.1345099 123.110934943 61.654197133 -1.09185854296 3.67097291932 2.44374274883 0 0.284
816 3.09075808525 124.50226 56.14403 -1.1250591 123.195086392 58.948344429 -1.13267739982 3.09400747547 -0.436496427004 0 0.348
819 3.10754990578 125.37031 54.195354 -1.1346431 122.855993659 58.5304532335 -1.08056951412 5.01147403718 3.09818825381 0 0.302
822 3.08160090446 126.19009 52.293812 -1.120627 124.422909267 56.4903777142 -1.09651448396 4.55347027389 1.38154540232 0 0.252
825 3.09179019928 127.09539 50.434417 -1.1252352 125.991324988 53.5374730438 -1.14107483931 3.29361751899 -0.907544481339 0 0.368
828 3.10973215103 127.94916 48.435924 -1.125081 126.945363339 51.63015873 -1.10288149176 3.34824480087 1.2719381293 0 0.418
831 3.11471796036 128.83417 46.49897 -1.1135569 127.374927028 49.5650673043 -1.13532106633 3.39563583595 -1.24699487527 0 0.41
834 3.12238812447 129.69028 44.561049 -1.1141866 127.305782887 47.8191007542 -1.11265591617 4.03741597004 0.0877017233983 0 0.382
837 3.07629680634 130.6504 42.689185 -1.1179531 129.225391671 45.4063566036 -1.14651949102 3.06817050729 -1.63673364119 0 0.31
840 3.08200502396 131.56218 40.752166 -1.1133477 130.788452963 42.6460882858 -1.15151447774 2.04587271181 -2.18679528218 0 0.248
843 3.0789680481 131.80181 39.159633 -1.0655485 131.2017246 42.7841402261 -1.05460409902 3.67384745452 0.627067985639 0 0.238
846 3.08884692192 89.526265 39.287264 -0.26055386 132.947851513 41.0809363516 -1.08097633992 43.4586175089 -47.0067455172 0 0.322
849 3.08223390579 49.129117 22.860079 0.57174269 133.199170933 39.5662501755 -1.06996070497 85.7138852443 -94.062675744 0 0.176
852 3.08104610443 45.693587 19.436118 1.0035584 134.372995303 38.9136049305 -0.971363650645 90.7932263672 -113.154698369 0 0.09
855 3.08033204079 46.841947 21.209275 1.0214136 132.26481007 40.3237254538 -0.859525022913 87.5352943173 -107.769844616 0 0.024
858 3.12703895569 48.00008 22.972907 1.0079248 134.402611232 38.8580468535 -1.0122854159 87.8506407004 -115.7495191 0 0.014
861 3.26602888107 49.170996 24.731115 1.014741 66.587509994 105.555111015 0.118544156796 82.6792192239 -51.3482967285 0 0.02
864 3.29741692543 50.349541 26.532036 1.0144485 38.8012127499 99.5943738371 0.706996135503 73.9693794457 -17.615722887 0 0.014
867 3.189193964 51.518278 28.351001 1.0069992 59.019202077 108.436434917 3.07418179354 80.4359408954 118.440838093 0 0.006
870 3.14085507393 52.642563 30.101924 1.0170679 57.6458597777 104.329193254 -3.09631787522 74.3957020231 124.320355571 0 0.03
873 3.10765981674 53.80357 31.912095 1.0183648 58.5422435526 98.0276818614 -2.47015062493 66.2851857738 160.122789385 0 0.034
876 3.10082697868 54.946688 33.671099 1.0064723 23.6854749558 74.211853994 -2.84748310459 51.1939083923 139.184620885 0 0.012
879 3.11308598518 56.161659 35.476636 1.0152563 23.6000310689 73.3380842916 -2.80879350454 49.9374496772 140.898085552 0 0.016
882 3.12890815735 57.333476 37.252395 1.017552 19.9057902094 71.5008207677 -2.76931202519 50.7324977821 143.028673767 0 0.024
885 3.13765788078 58.434052 39.044555 1.0099164 87.241430648 54.3648094706 -2.95317490638 32.6278295572 132.931594319 0 0.012
888 3.24494409561 59.558673 40.733157 1.0155176 12.9149796594 72.3231877734 -2.74979267626 56.3343960003 144.263612613 0 0.008
891 3.14191794395 60.829575 42.673596 1.0256616 41.4848595358 92.9819708956 -0.650130545688 53.8994489863 -96.0158172891 0 0.006
894 3.12026906013 61.938983 44.298725 1.0235902 90.4610121661 72.378620901 2.15208783074 40.0248260654 64.6581514319 0 0.01
897 3.47682309151 63.08776 46.123861 1.0214801 57.1219583156 71.4118807107 -1.4511076151 25.9822002653 -141.668840551 0 0.006
900 3.40761613846 64.233274 47.872937 1.026201 133.974704543 35.0698430311 -1.12432265286 70.906885063 -123.215929052 0 0.012
903 4.0658929348 65.367062 49.701179 1.0288308 75.9606227673 100.687447763 -3.11083500611 52.0751680951 122.814620715 0 0.004
906 3.30058097839 66.47055 51.411163 1.0247772 88.9209348388 116.761219514 2.43876158249 69.0988398293 81.0153374138 0 0.006
909 3.11906599998 67.601685 53.206336 1.0345375 135.990665089 35.3636838382 0.120975853512 70.678234512 -52.3432266688 0 0.006
912 3.12921190262 68.713633 54.989386 1.0321621 101.320055331 31.7554437725 1.51765725943 40.0374181069 27.8168236096 0 0.006
915 3.1436958313 69.889939 56.860516 1.0335194 131.052941963 108.149454795 0.494086726684 79.8214768975 -30.9072155125 0 0.008
918 3.14328384399 70.97178 58.665246 1.0279054 34.8172850088 123.700475651 -2.95272323466 74.4091970381 131.926779425 0 0.004
921 3.13001084328 72.083269 60.388926 1.0348295 66.8090276162 64.152950944 1.00752645762 6.47962236197 -1.56434909626 0 0.01
924 3.11454391479 73.21006 62.180545 1.0389104 90.4831658414 142.046269216 2.40343785629 81.7122640124 78.1816642752 0 0.004
927 3.10701489449 74.211219 63.966291 1.0279221 45.9259094171 54.5496125766 1.00265145462 29.8116180495 -1.44790132586 0 0.006
930 3.09600806236 75.394113 65.876292 1.0355825 73.6043091442 66.4133791395 1.00528264114 1.86865203765 -1.73605403258 0 0.012
933 3.15896296501 76.475569 67.55587 1.0353462 72.0973757727 68.823676933 1.17227256881 4.55805993321 7.84530303693 0 0.014
936 3.11000990868 77.652303 69.425792 1.0395167 75.6256781111 70.2346459071 1.09207162243 2.18207540738 3.01117524776 0 0.016
939 3.1615960598 78.72098 71.209083 1.0347632 77.4079158559 73.1800712845 0.92921334885 2.36831844649 -6.04756099911 0 0.026
942 3.17651700974 79.923618 73.070281 1.0406815 77.7552796197 73.7898176271 1.09538010733 2.28460593745 3.13399934545 0 0.042
945 3.45430803299 80.886825 74.813727 1.0240856 79.015905717 75.9784640523 1.05935118496 2.20384921543 2.02056918016 0 0.078
948 3.18175911903 82.003807 76.66259 1.0354781 80.5180989074 77.4627967105 1.06767972673 1.6875009084 1.8450173052 0 0.1
951 3.30467700958 83.149971 78.458347 1.0359732 80.5977350062 78.7539803129 1.01802548652 2.56930099906 -1.02832823411 0 0.128
954 3.80015206337 84.209192 80.07724 1.046865 81.4100519159 80.6327317 1.04453764062 2.85372672824 -0.133347869976 0 0.148
957 3.18518400192 84.421821 80.346791 1.1291589 80.274002546 80.0475097338 1.01245356357 4.1586015923 -6.68672322388 0 0.176
960 3.29375505447 84.549549 80.462185 1.2384433 81.1847816056 80.1580928818 1.23516193685 3.37848066958 -0.188008259538 0 0.178
963 3.27303409576 84.477315 80.645515 1.377415 82.8446867881 81.3294818618 1.290114898 1.77010890799 -5.00192739556 0 0.132
966 3.33676815033 84.491575 80.745704 1.5042297 82.1990002459 79.7451868213 1.4379904309 2.50138634126 -3.79523055756 0 0.142
969 3.28335404396 84.58151 81.604236 1.6242617 80.6954476627 80.7845270145 1.57926863993 3.97157441198 -2.57791244933 0 0.148
972 3.22919988632 84.52138 83.606555 1.6450761 80.6665861227 82.1316988919 1.63611816581 4.12730376588 -0.513251822401 0 0.206
975 3.23570489883 84.450105 85.633891 1.6510189 80.5148256113 86.7718502108 1.59056094107 4.09650766298 -3.46398588485 0 0.192
978 3.20790696144 84.288283 87.799076 1.6553182 80.9470336585 87.942238589 1.63722101592 3.34431498055 -1.0368922687 0 0.196
981 3.29356598854 84.219899 89.940013 1.6574582 81.1655424843 90.3266502493 1.58258914667 3.07873059675 -4.28968077214 0 0.256
984 3.24608492851 84.085061 91.960688 1.6559816 79.8141953409 92.491734404 1.61857657545 4.3037546121 -2.14315003938 0 0.208
987 3.358273983 83.972707 94.061302 1.6546883 80.000300157 95.0572031096 1.65108870486 4.09534310484 -0.206241609576 0 0.16
990 3.31297898293 83.850194 96.236204 1.650278 79.2768220172 95.8793881111 1.65785258327 4.58727030721 0.43399165306 0 0.118
993 3.24676203728 83.742141 98.372522 1.653672 79.8031835979 98.8721813331 1.65123277926 3.97052198896 -0.139757053445 0 0.184
996 3.26473903656 83.558608 100.37046 1.6603574 80.5867762284 100.83080955 1.65016611053 3.00727547574 -0.583917874687 0 0.19
999 3.29743504524 83.448658 102.54165 1.6520527 80.0725600812 103.071693105 1.63768160461 3.41745268448 -0.823403113108 0 0.158
1002 3.26742911339 83.308795 104.69204 1.6576029 80.3684485456 105.051615764 1.65793315893 2.96225117128 0.0189224426171 0 0.28
1005 3.17368602753 83.194681 106.76107 1.661421 78.3777955225 107.61442164 1.65273797599 4.8918907107 -0.497500629268 0 0.194
1008 3.22096085548 83.066158 108.84686 1.6653468 78.7442611925 109.563403438 1.66619599258 4.38089334637 0.0486551505679 0 0.188
1011 3.15666985512 82.920912 111.09751 1.6564676 78.6016383117 111.51734443 1.67825852515 4.33962972418 1.24852804292 0 0.296
1014 3.19581198692 82.798446 113.12029 1.6519674 78.7891750664 112.960215223 1.65135178456 4.01246524633 -0.0352721665918 0 0.344
1017 3.26018214226 82.725101 115.25424 1.6521864 78.1533918851 116.492713823 1.65369938618 4.73649043502 0.0866877228007 0 0.334
1020 3.27824497223 82.605874 115.888 1.7134215 79.1902265603 117.324976702 1.7198580199 3.70561053994 0.368785425097 0 0.392
1023 3.16337680817 82.650086 115.98425 1.8265292 78.3431997607 117.73442889 1.80221715233 4.64891333815 -1.39297772285 0 0.29
1026 3.1768348217 82.697137 116.16336 1.9516157 77.6473138755 116.849491929 1.95946640376 5.09622317139 0.449812191854 0 0.226
1029 3.20709300041 82.611261 116.28116 2.0730733 78.8343640772 117.032547049 2.12261788863 3.85091325049 2.83869582643 0 0.312
1032 3.31111097336 82.517518 116.45008 2.1971216 78.0148821745 116.090239941 2.18252806996 4.51699172517 -0.836147679477 0 0.264
1035 3.24324798584 82.418538 116.4581 2.3123831 77.9062612059 115.143469978 2.36134199568 4.6998823347 2.80513809188 0 0.246
1038 3.34056687355 82.414024 116.83182 2.4679277 78.5236317858 115.590788975 2.50262532785 4.08354130441 1.98802763504 0 0.234
1041 3.21613097191 82.282962 116.94587 2.5874118 78.1853297152 117.236434865 2.59133012372 4.10792140657 0.224503411788 0 0.14
1044 3.20061612129 82.208722 116.96752 2.707272 79.2075792646 116.131423099 2.82187590736 3.11543187159 6.56632020765 0 0.174
1047 3.2985470295 82.043289 117.20312 2.8493508 78.2514111622 116.477520249 2.9295506721 3.86067773009 4.59511418888 0 0.17
1050 3.36603593826 81.832352 117.28824 2.9891727 77.9219884704 114.268660714 3.03292279671 4.94052649018 2.50669589481 0 0.162
1053 3.35726690292 81.142386 117.29523 3.0875315 77.3226669982 117.103120306 -3.08500451636 3.8245469519 6.33973736996 0 0.17
1056 3.30952787399 79.131234 117.37152 3.1037602 74.6611472852 114.780150947 -3.10477040009 5.16690127709 4.27739963723 0 0.222
1059 3.37091398239 77.094643 117.50841 3.1079346 73.9187970855 115.677925137 -3.09221915909 3.66560664927 4.75735727207 0 0.24
1062 3.2088830471 74.899205 117.59033 3.115912 71.4285812648 116.321433531 3.11122286246 3.69531153771 -0.268667790866 0 0.3
1065 3.26239204407 72.824078 117.69503 3.116944 69.6724723846 115.738898995 -3.12435782925 3.70932156397 2.39974651689 0 0.362
1068 3.2826821804 70.711208 117.83017 3.1174699 68.4334495409 116.331759348 -3.13364315663 2.72642954809 1.83760459575 0 0.358
1071 3.22147393227 68.550781 117.88294 3.1169773 66.284056401 117.418874807 -3.11909996589 2.31374089103 2.6990919473 0 0.364
1074 3.2733540535 66.454241 117.99143 3.11617 63.4153907899 117.286560224 3.13329891013 3.11952752838 0.981414258013 0 0.356
1077 3.16747498512 64.352032 118.06903 3.1139299 61.2009726809 116.991341849 3.07029463623 3.33025323108 -2.50011645212 0 0.398
1080 3.25885796547 62.204954 118.16997 3.1178991 59.3347820011 117.503435425 3.09713595614 2.94654978634 -1.18964051278 0 0.422
1083 3.17283511162 60.134729 118.2293 3.1166836 57.1833227858 118.046066397 3.1094539255 2.95708863481 -0.41422983604 0 0.484
1086 3.17039012909 58.034017 118.36643 3.1239361 54.2977114658 116.722723953 3.13395687302 4.08188052414 0.57414800135 0 0.482
1089 3.19287800789 55.858025 118.47896 3.1251128 52.2230657713 116.540344621 3.11231848003 4.11960655664 -0.733060535855 0 0.496
1092 3.27384495735 53.766425 118.55 3.1243401 50.6823882859 116.045915001 -3.12481744576 3.97262182129 1.94964711546 0 0.484
1095 3.16637396812 51.628528 118.603 3.1187628 49.1300484635 116.745080643 -3.13316720174 3.11356135834 1.79079708913 0 0.502
1098 3.14006280899 49.494235 118.64783 3.1200968 47.2340100081 117.403687622 3.12753655377 2.58002078858 0.426266491693 0 0.504
1101 3.12691283226 47.379245 118.80828 3.1260538 45.9277626571 117.26115263 3.10258579385 2.12141558657 -1.34461770619 0 0.47
1104 3.22393202782 45.313934 118.87713 3.1250737 44.0761299099 117.760466441 3.08399595605 1.66706222712 -2.35358136027 0 0.354
1107 3.17121815681 43.229975 118.9845 3.131291 41.6033651995 117.791115586 -3.13743523659 2.01743049488 0.828443720284 0 0.332
1110 3.16097187996 41.038059 119.03542 3.1300111 38.972207534 116.641142885 -3.12296146674 3.16232591318 1.73106251497 0 0.406
1113 3.17254900932 38.877743 119.09254 3.1262084 35.8626838578 118.576698859 3.11169107469 3.05886804459 -0.831781470104 0 0.316
1116 3.13146018982 36.866989 119.17866 3.1252668 33.6645462348 118.160814382 3.08791916099 3.3603049513 -2.13986209017 0 0.342
1119 3.11232590675 34.67231 119.25843 3.1314701 31.5907725978 119.154726772 3.09561586112 3.08328187496 -2.0542965656 0 0.39
1122 3.22028112411 32.567479 119.34722 3.1353596 30.9169837992 118.844586606 3.07532842526 1.7253332249 -3.43953295199 0 0.25
1125 3.2302968502 30.502201 119.36971 3.1349527 27.9087708356 117.704200178 3.12169243288 3.08217504135 -0.759757341332 0 0.27
1128 3.42556619644 29.15421 119.31018 -3.13185 26.417253826 117.143762358 -3.13570238125 3.49060087899 -0.220725186598 0 0.202
1131 3.15859985352 28.938717 119.39146 -3.028318 26.820257223 117.924895638 -2.97341247835 2.57656415689 3.14585466248 0 0.188
1134 4.03327894211 28.80706 119.32785 -2.9089456 26.5901017052 117.28305539 -2.88145271274 3.01597232688 1.57522640683 0 0.166
1137 3.17753601074 28.607415 119.34948 -2.7753086 26.655539463 115.49447656 -2.74729487865 4.32098017014 1.605068002 0 0.144
1140 3.10181808472 28.309413 119.3977 -2.6319404 27.7002108755 116.650216888 -2.65574767729 2.81421226571 -1.36405651019 0 0.12
1143 3.11592292786 28.176965 119.31562 -2.5155106 25.5872719729 117.355868074 -2.42412941337 3.24763569157 5.2357563206 0 0.108
1146 3.12272405624 28.13257 119.1422 -2.3876282 26.7403507381 116.95827447 -2.40999239788 2.58994308731 -1.28137415074 0 0.11
1149 3.20822310448 28.071656 119.10664 -2.2643471 24.2873089399 117.771286596 -2.20558490205 4.01303518371 3.36682593756 0 0.05
1152 3.19478297234 27.847582 119.05477 -2.1225081 25.7793394906 118.261658655 -2.1460280791 2.21509654052 -1.34759553664 0 0.068
1155 3.17297697067 27.651134 118.95518 -2.0012288 24.2129685679 119.206491693 -1.86168534589 3.44733797377 7.99525097904 0 0.028
1158 3.13111591339 27.585975 118.8068 -1.8653126 23.0446328931 120.176055699 -1.79490515125 4.74327411195 4.0340496597 0 0.026
1161 3.17921996117 27.545652 118.66047 -1.7395281 23.7490233307 118.35691525 -1.9286970077 3.80874450953 -10.8385800263 0 0.022
1164 3.11911988258 27.426878 118.54472 -1.6078392 25.8723971443 118.517320327 -1.59629967876 1.55472231371 0.661165864778 0 0.03
1167 3.12761902809 27.408113 118.27266 -1.4907581 32.5780347164 135.465744691 1.3511237855 17.9535581918 162.827837914 0 0.024
1170 3.12982106209 27.619078 117.43976 -1.368489 48.5055238768 98.8798588854 0.261267866494 27.9412517749 93.3781900826 0 0.018
1173 3.10446596146 28.00462 115.50954 -1.3464267 58.6057431452 92.3519302027 -1.75803266284 38.3758208938 -23.5832844932 0 0.022
1176 3.12433505058 28.352772 113.43776 -1.3439724 57.1223644021 90.918214532 -1.48209818496 36.5351799649 -7.91402451989 0 0.014
1179 3.13431286812 28.777386 111.37552 -1.3470791 37.3649315004 136.004649519 -1.89048518366 26.0833272148 -31.1348751552 0 0.012
1182 3.13066291809 29.292879 109.18718 -1.3487141 82.5861222136 61.4945545069 -1.55258757668 71.5175244164 -11.6810897686 0 0.006
1185 3.09954404831 29.664866 107.14961 -1.3582731 27.9032169708 107.398725929 -1.44077908346 1.7791756654 -4.72724463668 0 0.034
1188 3.14264297485 30.155372 105.1583 -1.3627181 25.8967814673 105.301633951 -1.40252995351 4.26100198859 -2.28105118095 0 0.044
1191 3.12027597427 30.584999 103.08809 -1.3538609 26.8334688152 103.716554147 -1.45337900881 3.80380676574 -5.70196762016 0 0.08
1194 3.15070009232 30.932942 101.04272 -1.3388863 28.5847325552 102.393881708 -1.34843391045 2.70919278731 -0.547037783422 0 0.048
1197 3.15191912651 31.46397 98.886394 -1.3633561 29.0894912736 98.0124642995 -1.35752869841 2.53019808388 0.333885516636 0 0.096
1200 3.24789595604 31.761459 96.890841 -1.3338862 30.5170679172 96.2966257418 -1.20728994016 1.37898547487 7.253431391 0 0.056
1203 3.12078714371 32.148779 94.808879 -1.340085 29.0106406714 93.7272509218 -1.37148362804 3.31931189694 -1.79900886918 0 0.072
1206 3.21597599983 32.63242 92.742465 -1.3409888 31.0843513912 92.6166331595 -1.29437341151 1.55317419162 2.67086502062 0 0.084
1209 3.11137008667 33.223163 90.635151 -1.3443959 31.2393752215 90.4719388138 -1.28409050351 1.99049043404 3.45524470069 0 0.072
1212 3.1553440094 33.480467 88.544154 -1.3400822 31.4667212307 88.4265856049 -1.30022937296 2.01717484393 2.28339879114 0 0.052
1215 3.16102290154 33.996344 86.523674 -1.3537744 32.7263253202 85.2341672158 -1.27990422446 1.80991027223 4.23244929014 0 0.092
1218 3.11823320389 34.391099 84.502242 -1.3500462 32.5958246955 84.3965082836 -1.3397233984 1.79838523328 0.591452964269 0 0.212
1221 3.22089195251 34.871654 82.311763 -1.3462417 31.8463787792 82.8141818742 -1.33984768682 3.06671076022 0.36634996964 0 0.132
1224 3.11540699005 35.319079 80.358924 -1.358939 33.5731740487 80.3046211109 -1.29599712655 1.74674923867 3.60630370332 0 0.228
1227 3.23601794243 35.776446 78.250756 -1.3606991 34.4886172015 77.238263275 -1.29583061832 1.63818330249 3.71669022393 0 0.236
1230 3.13382101059 36.167733 76.160289 -1.3496683 34.9378179111 77.0698445684 -1.32501494994 1.52970012025 1.41253290944 0 0.192
1233 3.13517594337 36.593873 74.026216 -1.3452321 34.8701877779 74.7805355471 -1.3526428707 1.88151235021 -0.424605884244 0 0.336
1236 3.19249105453 37.096668 72.068535 -1.358637 35.0861741763 71.7406126633 -1.38062808671 2.03706123471 -1.25999645517 0 0.398
1239 3.2550508976 37.456761 70.030489 -1.3570922 35.0869705158 69.9443038845 -1.35455744469 2.37135716693 0.14523078154 0 0.422
1242 3.16131997108 37.942935 67.912468 -1.3598503 36.1186816578 67.9232075576 -1.35735488551 1.82428495438 0.142976718212 0 0.414
1245 3.12202787399 38.381728 65.750541 -1.3597279 37.0400799974 65.1651023115 -1.34429513182 1.46381618409 0.884232482756 0 0.392
1248 3.10525417328 38.78715 63.709446 -1.3638712 37.7121316511 63.800573767 -1.36289395024 1.0788738204 0.0559922870543 0 0.42
1251 3.12004089355 39.284372 61.704874 -1.358189 37.9169261711 61.7585242651 -1.3535824419 1.3684978794 0.263936337199 0 0.476
1254 3.12044501305 39.616785 59.610797 -1.3616912 38.5587286489 59.9109164548 -1.34055529137 1.09979767647 1.21099836052 0 0.502
1257 3.14701604843 40.0981 57.483375 -1.3627524 39.1465562911 59.1373716652 -1.35416386213 1.908177245 0.492086971998 0 0.418
1260 3.139564991 40.478176 55.366289 -1.371191 40.2184616205 55.9762410776 -1.33561275357 0.662942754565 2.03848336296 0 0.364
1263 3.14441800117 40.927924 53.368372 -1.3697355 40.293898495 53.9230379334 -1.33782882796 0.842402895644 1.82811764603 0 0.462
1266 3.15787386894 41.311773 51.24524 -1.3687118 40.5058858502 51.809915962 -1.33310496021 0.984028983495 2.04012164175 0 0.514
1269 3.10058999062 41.752813 49.127024 -1.3690442 40.7088420153 50.6438163363 -1.35106917959 1.84134038364 1.02989280625 0 0.508
1272 3.13199901581 42.124468 46.999249 -1.3746445 41.4857367453 47.7165876379 -1.33769566227 0.960495880817 2.11701245975 0 0.55
1275 3.16338610649 42.489069 45.000812 -1.3756167 41.4572651909 45.8384258513 -1.36541624341 1.32899061865 0.584443111526 0 0.544
1278 3.16800189018 42.919623 42.847052 -1.3693623 41.4229593924 44.4605712931 -1.36351515299 2.20078314781 0.335016845983 0 0.456
1281 3.24324703217 43.26925 40.76156 -1.3849404 43.3165131718 42.9030837229 -1.35149407447 2.14204520568 1.91633329335 0 0.38
1284 3.24979996681 43.723057 38.666685 -1.382086 43.1846289657 38.7888850618 -1.37065266811 0.552121004199 0.655081662944 0 0.356
1287 3.20139718056 44.069109 36.638541 -1.3748634 43.9148463809 37.9655429962 -1.33072403019 1.33593834201 2.52899960036 0 0.424
1290 3.27380490303 44.48264 34.512889 -1.372972 44.013102933 35.5320530967 -1.3631919088 1.12212321662 0.56035794885 0 0.382
1293 3.23949980736 44.660959 33.544964 -1.3339999 44.4465201528 33.7411253135 -1.30242845119 0.290625670059 1.80891077003 0 0.438
1296 3.22555398941 44.654294 33.324157 -1.2074321 44.1353037322 33.3488788889 -1.18824681873 0.51957874272 1.09923564543 0 0.434
1299 3.23623895645 44.699557 33.107025 -1.0711259 44.6783122511 33.5638542947 -1.04516826477 0.457323019179 1.48726294482 0 0.416
1302 3.2156431675 44.829945 32.953901 -0.95914547 44.5025777581 34.2483046001 -0.9014029562 1.33515916316 3.30840233923 0 0.37
1305 3.18690013885 44.914184 32.826307 -0.82117543 43.5350768779 32.6354250294 -0.906832983989 1.39225442396 -4.90781632701 0 0.334
1308 3.27370500565 44.932468 32.690373 -0.70238554 44.2872417893 32.7827496366 -0.79150733461 0.651805420342 -5.10630269378 0 0.334
1311 3.28607797623 45.019913 32.619075 -0.56167342 43.3891522475 33.6329000275 -0.668486698342 1.92021400321 -6.11995004495 0 0.314
1314 3.28796195984 45.164806 32.47066 -0.44585332 43.5053306481 32.928330967 -0.641600663962 1.72142997462 -11.2154966599 0 0.368
1317 3.25078010559 45.307079 32.373178 -0.30795343 43.4273895769 33.1258735196 -0.45849573696 2.02479205662 -8.62543882697 0 0.252
1320 3.19783902168 45.468859 32.25314 -0.19105128 43.4437249642 33.3027098603 -0.483652297555 2.28095698224 -16.7648033871 0 0.24
1323 3.35000991821 46.833289 32.057508 -0.10389315 42.7311922558 32.4699608572 -0.0611566098634 4.12278001571 2.44862338082 0 0.2
1326 3.27018213272 48.863767 31.868312 -0.084237935 47.3378701445 32.4718424158 -0.151083635943 1.64091748008 -3.82997654265 0 0.25
1329 3.3220410347 51.033972 31.691587 -0.08198003 48.2604469235 30.3699234671 -0.317963588463 3.07233394085 -13.5208619344 0 0.222
1332 3.10830593109 53.111195 31.42619 -0.084122232 51.3924701952 33.6150391186 -0.00811646989619 2.78299755996 4.35480938722 0 0.16
1335 3.25911998749 55.206155 31.249451 -0.082409142 54.1282945378 33.9959302936 -0.071816222022 2.95041212139 0.606929607459 0 0.194
1338 3.18465399742 57.287235 31.07162 -0.080297126 55.9324902547 32.7287860095 -0.0931916552836 2.14045147295 -0.738802106756 0 0.25
1341 3.17834281921 59.516372 30.847745 -0.092608556 58.5169537339 33.0492241618 0.0045847853517 2.41771532044 5.56876825623 0 0.306
1344 3.17070198059 61.567611 30.670937 -0.091677002 61.3379898091 32.7929819356 0.0233097501854 2.13443214928 6.58825560014 0 0.32
1347 3.14489483833 63.68279 30.502969 -0.089332225 62.8831402526 32.6723709704 -0.0414629964282 2.31208663932 2.74270476571 0 0.282
1350 3.16652607918 65.773678 30.270465 -0.081918863 65.6711205265 32.4848352715 -0.089262846639 2.21674394886 -0.420779267325 0 0.28
1353 3.34320998192 67.870787 30.052005 -0.080757136 67.6385798174 31.9037280732 -0.108746772962 1.86622574081 -1.60368806801 0 0.384
1356 3.16358280182 69.978421 29.855203 -0.080851998 68.8483208606 32.1183866432 -0.089814153849 2.52964948714 -0.513493705485 0 0.382
1359 3.18663215637 72.04312 29.748383 -0.089661546 70.470106363 30.9115995447 -0.0712577087929 1.95638560416 1.05446219881 0 0.352
1362 3.19786119461 74.192216 29.503442 -0.097083695 72.5368580166 30.8259076881 -0.108477552808 2.11875566063 -0.652819964758 0 0.326
1365 3.15776491165 76.337484 29.313327 -0.092202589 75.5295979481 30.8547639156 -0.105044562084 1.7403182576 -0.735790858322 0 0.392
1368 3.18963217735 78.469083 29.072242 -0.088851811 78.1704707486 30.7946196665 -0.118331977133 1.74807153827 -1.68908909877 0 0.382
1371 3.15961289406 80.508884 28.860474 -0.08148585 78.9767070976 30.435028696 -0.0925204791486 2.19699534617 -0.632237678705 0 0.386
1374 3.26212596893 82.648681 28.706332 -0.092016755 81.8281963636 30.6113812702 -0.0725198492977 2.07422461672 1.11709041031 0 0.452
1377 3.15083694458 84.803463 28.469695 -0.089914919 83.5967251738 30.6790957826 -0.0587434021164 2.51747254197 1.78599635845 0 0.476
1380 3.16059398651 86.909059 28.274418 -0.095059786 85.2168799545 30.1137643727 -0.0662404980285 2.49933291115 1.65122356934 0 0.412
1383 3.29866719246 88.999768 28.069648 -0.093100738 87.8338758357 30.3202675904 -0.0691426592337 2.53467810179 1.37269679855 0 0.484
1386 3.28967499733 91.148907 27.8824 -0.087682683 89.8602798274 30.5932174593 -0.0704228556733 3.00151483213 0.988915260945 0 0.556
1389 3.17111897469 93.191686 27.680334 -0.085944106 91.1314407678 30.4321321156 -0.0809924329997 3.43758684051 0.283709964447 0 0.42
1392 3.15968394279 94.597595 27.536443 -0.026113958 93.388634385 30.7931002984 -0.0709277579047 3.47381670897 -2.56764159848 0 0.556
1395 3.21420693398 66.734672 23.138609 0.64678418 95.0296894921 31.5534100709 0.01044432625 29.5197712041 -36.4595879558 0 0.442
1398 3.15593409538 41.954155 8.6979942 1.5862633 98.6372440075 31.0773074674 0.0211110330897 60.9410062417 -89.6766191893 0 0.426
1401 3.12686300278 40.498777 7.6026468 1.6671323 100.469518766 31.1125230834 0.0310693727134 64.4143163494 -93.7395007513 0 0.32
1404 3.12029004097 40.36551 9.5759073 1.6613912 101.324749856 31.2160650332 -0.0139319600561 64.6863613951 -95.9889463917 0 0.358
1407 3.19690322876 40.15753 11.693798 1.6450717 101.744496792 30.2568269657 -0.0132825582793 64.3237166448 -95.016699937 0 0.36
1410 3.10243010521 40.017928 13.779826 1.6578436 102.468659854 30.4463558816 -0.00831275599647 64.6364226069 -95.4637272075 0 0.248
1413 3.22828698158 39.937066 15.922073 1.6651068 104.794913897 32.1406275675 0.0619298430098 66.8549321004 -91.8552734482 0 0.184
1416 3.16474699974 39.75755 17.953862 1.6630734 106.051647401 30.1120122158 0.0225295589606 67.3997623652 -93.9962381977 0 0.166
1419 3.19169902802 39.645384 20.177858 1.663423 107.174527005 30.853476395 -0.0196194024753 68.3677846876 -96.4312264034 0 0.142
1422 3.15540790558 39.526919 22.292671 1.6684735 110.810226303 32.6891191698 0.0648076733769 72.0374627161 -91.8832836149 0 0.138
1425 3.21049213409 39.303781 24.413998 1.6572417 112.859366142 33.3194475189 0.119424568093 74.0927198627 -88.1104313212 0 0.106
1428 3.19468307495 39.21094 26.55624 1.6661167 115.438726023 32.5412406255 0.0930083878776 76.4623802563 -90.1324670016 0 0.094
1431 3.34521007538 39.049874 28.673026 1.6660737 117.936069378 34.6352072405 0.130452487055 79.1111839521 -87.9846144325 0 0.112
1434 3.22699189186 38.816051 30.701859 1.6598041 119.752242218 34.968706115 0.108439487141 81.0485843995 -88.8866448028 0 0.112
1437 3.33165311813 38.695572 32.853799 1.6647394 122.495146048 34.9747763093 0.129219824176 83.8264108465 -87.9787910545 0 0.142
1440 3.1936249733 38.58982 35.008607 1.6723781 124.188885356 34.7399255596 0.112146542086 85.5994870283 -89.3946833316 0 0.134
1443 3.23136806488 38.393816 37.160762 1.6689022 126.124981108 35.0566544929 0.112201461184 87.7563934975 -89.192382299 0 0.254
1446 3.26886892319 38.314928 39.264936 1.6781402 129.484188104 36.9872769617 0.151723523353 91.197706762 -87.4572333503 0 0.176
1449 3.15174984932 38.042909 41.445131 1.6601298 130.301258868 38.1720967656 0.137561419681 92.3163900584 -87.2367422124 0 0.086
1452 3.14916181564 37.893052 43.482766 1.6655679 135.285744711 28.1314326569 -0.0776312501143 98.5951318725 -99.8779541523 0 0.048
1455 3.16405010223 37.737395 45.529248 1.6663309 137.616588914 27.6597196425 0.017808975061 101.465134014 -94.4533487338 0 0.074
1458 3.27054905891 37.667375 47.706088 1.6735516 140.282578924 28.1265969174 -0.1120451667 104.466437421 -102.307158644 0 0.06
1461 3.15799498558 37.411337 49.793915 1.6717816 142.277207784 25.9469345744 -0.171217033569 107.543151018 -105.596043352 0 0.052
1464 3.16324400902 37.208006 51.943854 1.66906 138.839382714 38.9438345983 0.171213347545 102.459441914 -85.8202915435 0 0.018
1467 3.15997195244 37.03196 53.963531 1.6741645 141.449092653 38.1752674449 0.22706552081 105.604009666 -82.9126640453 0 0.036
1470 3.14123106003 36.983983 56.143126 1.6856298 141.089056229 39.8118825386 0.253177077875 105.378251005 -82.0734953298 0 0.012
1473 3.13088178635 36.720012 58.206076 1.6746777 34.0108207473 59.6671583686 1.60845955108 3.07806415329 -3.79402046053 0 0.01
1476 3.13523793221 36.536888 60.398002 1.6787317 134.02942116 54.8800185591 0.203334491219 97.6485645729 -84.5340331685 0 0.008
1479 3.14895987511 36.401835 62.417273 1.6766351 104.677955775 91.2359726559 0.198642595262 74.1090150921 -84.6827326735 0 0.006
1482 3.18840193748 36.239068 64.615141 1.6886647 33.3413982735 63.9085002881 1.77729689216 2.98258796007 5.07825053949 0 0.01
1485 3.22601604462 35.99676 66.655908 1.678851 33.7321271948 65.8298387492 1.69867389799 2.41059165959 1.13576839236 0 0.014
1488 3.21517205238 35.830181 68.859683 1.6854848 34.6954548997 69.0982433038 1.70931698131 1.15953194919 1.36548340575 0 0.01
1491 3.20136404037 35.575227 70.898859 1.683738 34.4303424098 69.4116724995 1.64628035793 1.87682828522 -2.14616480095 0 0.026
1494 3.21222996712 35.463169 73.006353 1.6935188 33.6499395227 71.8472088475 1.63479415939 2.15207256003 -3.36467406022 0 0.03
1497 3.3416659832 35.205801 75.07321 1.6913976 33.833339242 73.4811439388 1.75745153581 2.10198135584 3.7846117421 0 0.024
1500 3.19060206413 34.978045 77.287591 1.6912075 32.0476479356 75.3189930558 1.74310071368 3.5302414678 2.9732621292 0 0.036
1503 3.2110440731 34.814043 79.320098 1.7000185 29.9159154349 78.8211371135 1.72217139093 4.92347596824 1.26926715431 0 0.058
1506 3.20721077919 34.580736 81.372215 1.6970036 30.8414466997 81.2940014561 1.69977381265 3.74010719496 0.158721493088 0 0.054
1509 3.16805195808 34.345965 83.441951 1.6955247 30.7824534183 82.1235484794 1.71923699096 3.79957892392 1.35861419465 0 0.078
1512 3.11426782608 34.142398 85.698773 1.7034669 30.6863364649 85.4655512553 1.67212525364 3.46392172496 -1.79574405956 0 0.102
1515 3.16960191727 33.910208 87.748137 1.7016389 31.4091308208 87.6321107095 1.68275172594 2.50376699322 -1.08215536046 0 0.11
1518 3.16293597221 33.670818 89.737713 1.6967853 30.0517744663 89.6436789061 1.70116935419 3.62026497783 0.251187801977 0 0.186
1521 3.14953184128 33.472926 91.900649 1.7056804 30.2806469205 91.5279226445 1.6904127219 3.21396494341 -0.874773517917 0 0.252
1524 3.14553308487 33.217902 94.036516 1.7078464 28.7630387778 92.9709866704 1.74905217755 4.58051952079 2.36091714536 0 0.228
1527 3.12810397148 33.034075 96.178482 1.7177188 28.5889052426 95.5678047916 1.70562476396 4.48692108523 -0.692937222268 0 0.268
1530 3.11209917068 32.713254 98.174723 1.7080491 27.3172717251 97.0278280214 1.74629192575 5.51651999027 2.1911525121 0 0.18
1533 3.10385298729 32.45653 100.24821 1.7068362 27.6495064217 99.6523636189 1.72947203784 4.84381137039 1.29693797387 0 0.304
1536 3.12481594086 32.217075 102.39435 1.7082962 27.9723502839 101.82303577 1.68959473715 4.28299986747 -1.07151489202 0 0.414
1539 3.17260503769 31.955228 104.48204 1.7110577 27.9904117255 103.605509109 1.68395656793 4.06055100859 -1.5527804875 0 0.324
1542 3.12829399109 31.741377 106.6002 1.7198575 27.9154278202 105.463669571 1.68981414986 3.9911888633 -1.72135716529 0 0.362
1545 3.1809720993 31.439656 108.68741 1.7105287 26.9384617045 108.153761498 1.68165742303 4.53271781711 -1.65420231939 0 0.476
1548 3.14965701103 31.216018 110.75498 1.7177022 26.8602644401 110.604980831 1.67752588312 4.35833555676 -2.3019333938 0 0.464
1551 3.1189661026 30.916985 112.90957 1.719675 26.5796515088 112.975601527 1.68839524678 4.33783609379 -1.7921978439 0 0.452
1554 3.13947105408 30.668641 114.94646 1.716506 27.0265293727 113.70284537 1.65780854012 3.84857823805 -3.36311671942 0 0.48
1557 3.14338707924 30.419865 117.12266 1.716223 26.2939146692 116.715350822 1.67738771964 4.14600613834 -2.22509766074 0 0.31
1560 3.21626114845 30.132888 119.21343 1.725557 25.9580299454 116.597871114 1.68474502554 4.92651885865 -2.33835389008 0 0.282
1563 3.14897012711 29.88258 121.34383 1.72867 25.6711205733 119.287990401 1.70749791581 4.68645569284 -1.2130710674 0 0.328
1566 3.13836407661 29.981486 120.5055 1.7055843 24.8891454597 119.368288681 1.72773224226 5.21777555693 1.26898361658 0 0.264
1569 3.1478509903 30.170653 118.4575 1.6900862 27.2098594477 118.408224547 1.68581208995 2.96120356096 -0.244888466965 0 0.278
1572 3.15745186806 30.502618 115.6086 1.6745202 27.8441928983 114.890471916 1.70954018232 2.75371239708 2.00649718569 0 0.306
1575 3.14428400993 30.699806 113.48782 1.6738205 27.2722327803 111.705009606 1.64671884197 3.863505025 -1.55281062313 0 0.32
1578 3.15217113495 30.8492 111.36091 1.6697397 27.0449272758 111.717017621 1.68110282188 3.82090350547 0.651058925982 0 0.298
1581 3.14189600945 30.973164 109.37107 1.6787837 28.0975966262 109.077737387 1.68804980914 2.89048987947 0.530908946149 0 0.25
1584 3.15023899078 31.204408 107.09871 1.665475 27.6794920545 107.546989716 1.70838277829 3.55330650616 2.45843460427 0 0.246
1587 3.10669493675 31.322843 104.96751 1.6587885 27.526588021 104.934565982 1.63268898208 3.79639792087 -1.49539222434 0 0.304
1590 3.15882992744 31.457099 102.91722 1.6541397 27.6944684831 102.965666041 1.65693475392 3.76294238935 0.16014479323 0 0.392
1593 3.18282198906 31.546684 101.34427 1.631357 27.9424628796 101.450507564 1.64898504852 3.60578650294 1.01001278135 0 0.336
1596 3.13556885719 31.536552 101.09899 1.5279681 29.0744161221 102.050643546 1.58449892024 2.63965102851 3.238977412 0 0.322
1599 3.13173079491 31.522716 100.84711 1.3818466 28.089566412 101.525631273 1.39823049904 3.49955814508 0.938728266721 0 0.284
1602 3.11814808846 31.33472 100.81397 1.2437751 28.9056525025 102.348624238 1.39458562823 2.87324425299 8.64080677375 0 0.28
1605 3.06933283806 31.335612 100.76499 1.1262837 27.688956577 102.697048355 1.21389608657 4.12685658359 5.01981998332 0 0.25
1608 3.10358691216 30.238332 99.003137 0.9296569 27.2874562631 101.349732437 0.969675794818 3.77016946048 2.29291377387 0 0.26
1611 3.09707403183 28.772289 97.32743 0.78863198 25.461112334 99.5219245211 0.83067021921 3.97236668966 2.40861368492 0 0.212
1614 3.09322881699 27.005154 95.945316 0.6582802 25.2909140183 96.2971679187 0.735311171458 1.74997671062 4.41354955634 0 0.224
1617 3.09535717964 26.209553 95.323497 0.64585939 23.6361559475 95.2538197067 0.622393649661 2.57434017081 -1.3444878846 0 0.266
1620 3.18276500702 26.225548 95.299359 0.74214735 23.5746077582 94.7720053783 0.806080716878 2.70288475671 3.66311209219 0 0.248
1623 3.14861011505 26.287241 95.304851 0.87876564 22.9210027896 94.7573571708 0.87224965325 3.41047052207 -0.373338540141 0 0.178
1626 3.14883780479 26.503119 95.525486 1.0159202 24.3918857968 93.5173699415 1.11523090946 2.9137322703 5.69008451233 0 0.194
1629 3.18690609932 26.584147 95.637624 1.1414331 23.5049674016 94.6048731192 1.21976009757 3.24775636106 4.48780638266 0 0.17
1632 3.15826296806 26.62792 95.717086 1.2595284 24.8745906517 96.6887756722 1.23229983917 2.0045809095 -1.560081618 0 0.146
1635 3.17066192627 26.756174 95.797181 1.3910555 23.6968083647 95.8715696678 1.46116253411 3.0602698842 4.01683716885 0 0.114
1638 3.1400411129 26.381693 93.77201 1.3952992 23.6668346431 93.6841979393 1.52962077726 2.71627812571 7.69605947479 0 0.12
1641 3.14999699593 26.011804 91.856332 1.39866 23.2520527388 92.0206270266 1.51408366636 2.76463738658 6.61328893838 0 0.166
1644 3.07853603363 25.609249 89.727224 1.3968171 22.0724479911 90.5578924413 1.36079442259 3.63303887072 -2.06394738251 0 0.186
1647 3.14552807808 25.2462 87.568251 1.3940659 22.0252924627 87.3717615349 1.42203901224 3.22689533045 1.60274127143 0 0.202
1650 3.06677389145 24.820481 85.505592 1.4017015 21.4200659904 85.8666019902 1.40942196903 3.41952488668 0.442350291068 0 0.21
1653 3.07067894936 24.493958 83.448062 1.398475 20.874704401 84.5425259232 1.41039000175 3.78111728108 0.682679312998 0 0.154
1656 3.08732008934 24.080092 81.345956 1.3962744 20.0067074501 81.5179698475 1.40568908015 4.0770148951 0.539421438212 0 0.278
1659 3.07483005524 23.622432 79.208855 1.3888608 20.0909548578 79.1846981221 1.45257709475 3.53155976314 3.65067477523 0 0.324
1662 3.09011507034 23.236261 77.182266 1.3737053 19.0911026357 77.6315185952 1.34636837711 4.16943230657 -1.56629030661 0 0.262
1665 3.08709597588 22.741503 75.111069 1.3685019 19.5445301447 75.2316731519 1.41981620991 3.19924691119 2.94009338643 0 0.32
1668 3.07645893097 22.23837 73.007777 1.3690406 17.8842831615 72.9524465224 1.38226958376 4.35443838615 0.757964936635 0 0.336
1671 3.08296990395 21.796618 70.8705 1.3677106 17.3113910096 70.7268731876 1.43448947694 4.48752602409 3.82614780929 0 0.254
1674 3.0670568943 21.306705 68.900927 1.3588762 20.4075685829 68.8065594445 1.48931982436 0.904074959358 7.47386913997 0 0.364
1677 3.10246396065 20.800373 66.796896 1.3509317 20.2578061275 66.4831531075 1.49680278376 0.626748285749 8.35779745217 0 0.398
1680 3.07920193672 20.180988 64.758154 1.3339286 21.4494696015 65.5674654338 1.52160026977 1.50466958844 10.7527946117 0 0.298
1683 3.15191102028 19.716632 62.635567 1.3210663 17.3530309813 63.5455184527 1.36248848246 2.53271029177 2.37331623309 0 0.312
1686 3.17952489853 19.127208 60.642471 1.320188 17.1809485936 60.787798576 1.41335149166 1.95167768381 5.33787487705 0 0.33
1689 3.15522289276 18.573484 58.538556 1.3117791 17.1499672507 58.4824979926 1.40840854981 1.42462010224 5.53645965098 0 0.272
1692 3.16778302193 18.03732 56.562177 1.3046299 17.0884240014 56.7091254098 1.43008394567 0.960206983528 7.1879873398 0 0.272
1695 3.20075893402 17.470308 54.449011 1.30616 16.706006081 54.1945746674 1.42480885086 0.805540359429 6.79807839823 0 0.326
1698 3.09036397934 16.865167 52.414515 1.2995721 14.4077061922 51.7190368628 1.36198966324 2.55397796806 3.57626294097 0 0.236
1701 3.10186600685 16.322269 50.452679 1.2871313 13.8182967877 51.6651983944 1.2852623026 2.78209994822 -0.107085663218 0 0.116
1704 3.15951704979 15.679585 48.421133 1.2791916 13.2850318974 48.9006196356 1.35990867567 2.4420876305 4.62474777045 0 0.21
1707 3.11752605438 15.049517 46.343459 1.2810584 13.334103615 46.3145827007 1.35878379285 1.71565641146 4.45333697145 0 0.252
1710 3.20002484322 14.370513 44.264129 1.2685694 13.155944052 44.6896956373 1.35125599165 1.28696724596 4.7375927236 0 0.242
1713 3.14987516403 13.728985 42.398373 1.2622613 13.0004918461 42.4264264034 1.37532691173 0.729033105368 6.47818236022 0 0.3
1716 3.1175558567 13.116178 40.310007 1.2578142 13.0883027763 39.8502114939 1.36943988659 0.460639702536 6.39568072669 0 0.346
1719 3.12091588974 12.482531 38.460523 1.239848 13.3675735313 38.7505839026 1.3994725891 0.931362233198 9.14581526198 0 0.384
1722 3.13389492035 12.331027 38.238303 1.1567887 14.9669997152 38.9027655865 1.30314702175 2.71843018749 8.38571413284 0 0.17
1725 3.12399506569 12.263795 38.100898 1.043782 10.7949469637 38.0634923885 1.10709056437 1.46932424385 3.62731354525 0 0.168
1728 3.11917495728 12.231882 38.075858 0.90529637 11.271832678 37.1330158496 1.05310562421 1.34560247517 8.46884643907 0 0.136
1731 3.12061500549 12.170047 37.918491 0.7605547 10.5868461068 37.8575150992 0.902637524071 1.58437468062 8.14074616055 0 0.118
1734 3.14214611053 11.9457 37.868652 0.60051086 11.6484030016 37.1213974773 0.802771694125 0.80422312012 11.5886921562 0 0.134
1737 3.14718198776 11.861848 37.85602 0.47073445 12.6488768131 38.3215828583 0.699600464633 0.91441955781 13.1130567124 0 0.118
1740 3.1211681366 11.68598 37.868337 0.32347919 12.5094910583 37.1607212823 0.528416189347 1.08576722512 11.7420251286 0 0.162
1743 3.14385604858 11.634663 37.834152 0.18688423 11.4329896354 36.6055261446 0.305762884745 1.24506772445 6.81124519109 0 0.202
1746 3.16554999352 11.546787 37.799316 0.059161186 12.8884123927 37.1308783574 0.163116611196 1.49892213816 5.95620712121 0 0.172
1749 3.1716902256 11.461332 37.784444 -0.088384018 13.3057515003 35.7201881284 0.117354172095 2.76821884908 11.7879299771 0 0.196
1752 3.14102888107 11.353119 37.809133 -0.22428348 12.3247214104 37.5895261722 -0.191709350917 0.996111641702 1.86636011778 0 0.22
1755 3.13238811493 11.259101 37.929753 -0.36642208 13.6533231469 38.3787554136 -0.262015420873 2.43596035603 5.98206092103 0 0.17
1758 3.13972306252 11.22919 38.083377 -0.50941267 12.6602218855 37.4807223805 -0.413522321164 1.55275395598 5.49411228434 0 0.208
1761 3.13026499748 11.185129 38.110347 -0.64618684 12.1033499732 39.5358466906 -0.516410989757 1.69563531558 7.43560850165 0 0.15
1764 3.11360096931 11.588805 37.741111 -0.76036767 13.7865075902 37.8308037935 -0.819155269037 2.19953210297 -3.36828131252 0 0.174
1767 3.11504912376 13.063467 36.224873 -0.77289998 12.9620737091 37.2985544238 -0.826195829174 1.07845834373 -3.05362722323 0 0.158
1770 3.1258430481 14.493375 34.807156 -0.77803694 15.2539178289 35.7041024116 -0.771888147064 1.17598395391 0.35229988432 0 0.114
1773 3.15208411217 15.892318 33.28564 -0.77023756 15.7752750534 33.9954895809 -0.682405029091 0.719434137943 5.03243332504 0 0.142
1776 3.1273829937 17.405154 31.857105 -0.77891679 17.3617861657 32.1988403751 -0.738032064915 0.344476175724 2.34252219393 0 0.162
1779 3.11997103691 19.008966 30.381332 -0.78385491 18.511459686 30.6217115875 -0.795821805819 0.552534956824 -0.685652624307 0 0.174
1782 3.11970591545 20.517371 28.856906 -0.78454873 20.1952901515 28.3648517119 -0.768388033181 0.588093100983 0.925939721735 0 0.27
1785 3.09638905525 22.037399 27.308602 -0.78653789 22.5967269021 27.7490793352 -0.751684762427 0.711946616613 1.99693711274 0 0.222
1788 3.13430404663 23.470866 25.802264 -0.78746834 24.1332861547 25.6390749917 -0.780613282387 0.682225119541 0.392765869525 0 0.232
1791 3.12681603432 25.030138 24.239515 -0.79252133 24.5375085104 24.2570215902 -0.750797088894 0.492940457571 2.39062291878 0 0.24
1794 3.10679793358 26.508975 22.80392 -0.79210599 26.415824593 23.4075397863 -0.773535620675 0.61076496689 1.06400378632 0 0.214
1797 3.13059210777 27.961008 21.312251 -0.79564812 27.9446003175 21.5335487396 -0.763758836366 0.221905163501 1.8271213639 0 0.346
1800 3.15565800667 29.36401 19.750057 -0.78815021 28.8412871659 20.0853802357 -0.785212466638 0.621032071366 0.168320295927 0 0.38
1803 3.12028121948 31.016391 18.179875 -0.79578372 30.6513990371 19.6203786499 -0.791491825681 1.48602486469 0.245907430593 0 0.324
1806 3.14472317696 32.405165 16.663972 -0.79079715 32.2660854063 17.4325706902 -0.791097800098 0.781080712799 -0.017225981724 0 0.368
1809 3.10585403442 33.875627 15.226881 -0.79213801 33.1281809001 14.8782536419 -0.823860770475 0.824752512613 -1.81758028972 0 0.4
1812 3.08609986305 34.400964 14.714584 -0.72873329 32.9009028679 14.3362176402 -0.751243486158 1.54704379459 -1.28973923584 0 0.352
1815 3.1079480648 34.541831 14.529671 -0.59347242 33.2718847209 14.8596220927 -0.706651580219 1.31210947536 -6.48468820936 0 0.31
1818 3.09267997742 34.648846 14.435796 -0.47955783 33.6225989273 14.5977417349 -0.494396316692 1.03894632936 -0.850182661841 0 0.294
1821 3.0976228714 34.668797 14.324629 -0.34405458 33.511289199 15.1602136126 -0.407914139757 1.42759446417 -3.65888325563 0 0.324
1824 3.15777301788 34.864126 14.20779 -0.22615765 35.4112608549 14.7778373476 -0.254780340239 0.79013323433 -1.63995934902 0 0.27
1827 3.14437508583 35.017605 14.088235 -0.094353638 34.6553767037 15.647530609 -0.158336562583 1.60081608405 -3.66595153949 0 0.224
1830 3.15411520004 36.599142 14.0692 -0.022879679 37.6288238275 15.1316446287 -0.0893010830878 1.47953818976 -3.80566612356 0 0.294
1833 3.19350194931 38.63985 14.009333 -0.014813302 38.869222406 14.709715476 -0.0189815528884 0.736985287081 -0.238823183854 0 0.38
1836 3.11798501015 40.768535 13.925491 -0.0089087199 41.5504431652 13.2167509078 -0.0977499674308 1.05531649146 -5.09022853019 0 0.338
1839 3.11941885948 42.905865 13.952369 -0.011506708 43.5572711111 14.3895854408 -0.115117109433 0.784530520577 -5.93643871574 0 0.39
1842 3.37307620049 45.04117 13.838962 -0.010052037 44.6463907355 15.1401915462 -0.0177168495885 1.35979741126 -0.439161412079 0 0.346
1845 3.26463103294 47.095509 13.764363 -0.008210261 46.4967983842 16.2450397946 -0.0209377841467 2.55190355634 -0.72923335996 0 0.274
1848 3.26683092117 49.256947 13.750747 -0.012245698 48.4169267709 15.4570501575 -0.0228475121481 1.90186867336 -0.607439205869 0 0.41
1851 3.11648392677 51.347189 13.680192 -0.017629817 51.3352698762 16.0661175909 -0.0377691821367 2.38595536224 -1.15390062441 0 0.39
1854 3.13215208054 53.510554 13.649042 -0.0075411209 52.7996446136 15.8585447109 0.00212089051755 2.32105458469 0.553592475833 0 0.384
1857 3.13636994362 55.608657 13.581194 -0.0077936973 54.8221205333 14.5166756265 -0.00507218375218 1.22219699187 0.155931240178 0 0.402
1860 3.26091599464 57.666716 13.591636 -0.01411162 56.9144637982 15.0578464705 0.00303118879069 1.64792491302 0.982210592706 0 0.462
1863 3.16495990753 59.905766 13.533857 -0.012519778 59.7729376318 15.0800014765 -5.31380185266e-05 1.55183959143 0.714285855647 0 0.5
1866 3.15879797935 62.027534 13.447994 -0.021676244 60.6678778816 15.2872248842 -0.0185616237991 2.28723304579 0.1784545923 0 0.466
1869 3.23210287094 64.181261 13.371995 -0.025327169 63.4511859919 14.918793692 -0.0104270194548 1.71043728648 0.853715683052 0 0.52
1872 3.14178395271 66.241252 13.310079 -0.024907545 65.8681814325 15.1370174481 -0.0190149918569 1.86464091489 0.337618425653 0 0.572
1875 3.24556398392 68.444119 13.24669 -0.026304862 66.6228617682 14.8208425659 0.0149647980659 2.40726695763 2.36457734371 0 0.536
1878 3.22320580482 70.49734 13.123327 -0.017605166 69.0300091876 15.559284749 -0.0409255195965 2.84375629548 -1.33615783783 0 0.574
1881 3.24125790596 72.634932 13.039101 -0.019360635 72.0722867492 14.9968986483 9.5563277709e-05 2.03704229455 1.11475804668 0 0.594
1884 3.30519104004 74.720419 12.994859 -0.019347658 73.786917083 15.2123589913 -0.00316449248484 2.40597839571 0.92722708318 0 0.554
1887 3.16442108154 76.914825 12.90632 -0.036038761 76.5537466882 15.2629518241 -0.00341243074468 2.38413319709 1.86935102463 0 0.56
1890 3.16598987579 79.004774 12.78569 -0.032634565 77.8295357538 14.8254036037 -0.018340551375 2.35406383102 0.818986653016 0 0.578
1893 3.38562297821 81.177999 12.691712 -0.029848436 80.8546263709 15.2525170297 0.0152078925396 2.58114165776 2.58153746567 0 0.578
1896 3.27401304245 83.222919 12.597068 -0.02122413 82.3743305739 14.6588154603 -0.0333293138317 2.22955262486 -0.693575943785 0 0.476
1899 3.13901305199 85.390174 12.538762 -0.021700441 84.0255379086 14.017381589 -0.0282981802168 2.01210028352 -0.378022611448 0 0.594
1902 3.17325401306 87.449986 12.512039 -0.030894579 86.8517126853 14.7382493701 0.00150596704372 2.30519924757 1.85641454222 0 0.562
1905 3.15652084351 89.572355 12.414566 -0.034322832 88.4197781629 15.1107399795 -0.0255846952504 2.93219840613 0.500658356558 0 0.438
1908 3.12740802765 91.713838 12.339838 -0.030338307 90.3348772505 14.9336578216 -0.000678123356832 2.93758983102 1.69940334234 0 0.552
1911 3.14632987976 93.866625 12.234111 -0.027880568 92.4761949556 15.2067326391 0.0123972853508 3.28173355375 2.30775100485 0 0.564
1914 3.14497709274 96.027017 12.118277 -0.016096141 94.4753356314 15.2344861924 -0.00347488819061 3.48115997919 0.723144518146 0 0.53
1917 3.12703204155 98.003729 12.063433 -0.023465033 97.3055918311 14.5319076282 0.0192446308649 2.56529968943 2.44708348388 0 0.526
1920 3.12680888176 100.1865 11.996018 -0.023536261 98.4604738482 15.1689285596 0.00535120931442 3.61199774301 1.65513012983 0 0.524
1923 3.15184903145 102.26857 11.921444 -0.023061579 101.647963462 15.392153334 0.0326518735072 3.52575889077 3.19214569077 0 0.574
1926 3.12986207008 104.50291 11.810699 -0.022632517 104.600616195 15.2510573748 0.00737588084032 3.44174552336 1.7193545462 0 0.598
1929 3.13160610199 106.528 11.779433 -0.025937223 105.097194647 15.3859004953 0.0231458294992 3.87992419406 2.81225175382 0 0.518
1932 3.13394498825 108.61821 11.737233 -0.017267816 107.686481106 14.8444968494 2.63778504225e-05 3.24394934632 0.99088431771 0 0.546
1935 3.12477517128 110.65428 11.638117 -0.015586443 109.018359765 15.8261959761 0.000434185730506 4.49624738264 0.917914411404 0 0.416
1938 3.24666810036 112.94226 11.558687 -0.011710616 111.430417145 15.0600940495 -0.0245716706862 3.81385895704 -0.736884153608 0 0.568
1941 3.13406419754 114.89636 11.528856 -0.01668203 113.858742315 15.2833750935 -0.0147324231803 3.8952617478 0.111704242481 0 0.572
1944 3.23019599915 117.03777 11.494892 -0.018548407 116.810802228 14.4803385898 0.0160768782876 2.99406174124 1.98388271142 0 0.466
1947 3.13684487343 119.07747 11.406331 -0.016261061 118.627086988 15.9459102628 -0.0114662556719 4.56186636588 0.27472210889 0 0.47
1950 3.11365604401 121.291 11.334615 -0.012126455 119.845839833 15.0081302876 -0.0213039302103 3.9475565198 -0.525830596136 0 0.492
1953 3.10172200203 123.43737 11.229443 0.0013807468 122.267935966 15.4760864768 0.00682061355457 4.40471982983 0.31168140615 0 0.538
1956 3.11683511734 125.58554 11.258252 -0.0049853053 124.083219234 15.2040815917 -0.00204734747799 4.22214860599 0.168332583589 0 0.48
1959 3.161206007 127.50849 11.183265 -0.012828209 126.472426634 14.9633812814 0.0100415342515 3.91952884914 1.31033976686 0 0.538
1962 3.12849402428 130.28779 11.390648 -0.01314096 128.755864414 14.7845859878 0.0197497851057 3.72365560517 1.8845008796 0 0.526
1965 3.1615550518 132.78769 11.256475 0.0084755214 131.205362712 14.4065504391 0.0130188089925 3.52515743182 0.260311204167 0 0.55
1968 3.17150497437 125.9239 10.596074 0.27888777 132.782971757 14.1876945095 -0.0108921659963 7.74251917997 -16.6031673202 0 0.514
1971 3.15028715134 93.936275 13.265891 0.84250578 132.908930428 14.041675908 -0.0330377029396 38.9803760028 -50.1649463526 0 0.41
1974 3.09144711494 59.212281 6.4432491 1.3602712 133.420924069 14.6951036012 -0.0416342688851 74.6660284791 -80.3232666434 0 0.184
1977 3.13208580017 41.747696 3.5851691 1.5088422 138.904319664 12.6533205882 0.0170200339781 97.578895737 -85.4751138971 0 0.07
1980 3.12524104118 40.889782 2.6549702 1.6071612 139.868065615 12.9495545708 -0.118291418783 99.5122057573 -98.8611528061 0 0.034
1983 3.23173594475 40.408125 3.8011614 1.6070032 138.728698915 12.4934000483 -0.023466416012 98.704053958 -93.4190276218 0 0.018
1986 3.09930515289 40.388712 5.5337894 1.5172855 114.243787585 63.883185324 -3.00430426581 94.1234518832 100.93198973 0 0.012
1989 3.09776306152 40.44034 7.6724587 1.5542124 35.9939883694 96.0330107752 2.10794853609 88.4723527768 31.7267435616 0 0.018
1992 3.12814807892 40.554207 9.7439313 1.5604739 63.8922133874 111.55267306 2.95979487123 104.449425278 80.1751858358 0 0.008
1995 3.16133093834 40.580821 11.876658 1.5652859 75.2116288919 107.705765914 1.13743389567 101.894606231 -24.5141141045 0 0.008
1998 3.11545705795 40.665042 14.024391 1.567666 107.450901218 62.7537929068 -3.0355954352 82.6734879006 96.2525477675 0 0.01
2001 3.11496114731 40.771617 16.174621 1.5548315 104.18312768 62.7976829208 -2.98246448281 78.7066044854 100.032089783 0 0.012
2004 3.1182808876 40.847233 18.25792 1.5551713 109.934411744 48.0572443489 2.98275437919 75.2398697402 81.7944853419 0 0.006
2007 3.12510180473 40.88758 20.352438 1.5597309 26.4559536058 101.935765719 2.77737977157 82.8499318171 69.7661412697 0 0.008
2010 3.10168600082 40.971014 22.508388 1.5678505 107.874849513 124.397764906 0.228125541397 121.891625358 -76.7605858363 0 0.01
2013 3.12834405899 41.044823 24.54743 1.5705547 63.7077896575 75.8455171871 -0.360976946257 56.0812250826 -110.668611326 0 0.012
2016 3.12017202377 41.105608 26.696222 1.5717508 134.62967095 61.7462257765 0.00347599681182 99.8761889314 -89.8555273394 0 0.006
2019 3.25167679787 41.160404 28.869777 1.5672714 57.1610525283 12.3171700967 -1.46137817833 23.0219362483 -173.528838462 0 0.004
2022 3.17141819 41.204205 31.003136 1.5608691 129.250520564 55.4208311356 1.2338140733 91.3694561659 -18.7388726987 0 0.012
2025 3.1817419529 41.244227 33.116661 1.5660557 60.0963504173 65.6669323323 0.231428919053 37.6154585396 -76.4684817734 0 0.006
2028 3.17161393166 41.277887 35.228156 1.5643441 136.379918782 88.4050424255 2.05635908436 108.959523214 28.190382061 0 0.004
2031 3.22148895264 41.31792 37.33529 1.5797774 81.6247424013 94.4040623445 -2.00157738752 69.8676227519 154.803485736 0 0.004
2034 3.17133498192 41.419072 39.474789 1.5713492 129.010738334 63.218341235 1.48915303769 90.7527205317 -4.70949319266 0 0.006
2037 3.15647315979 41.429937 41.518923 1.5745722 38.5000249685 41.1528504607 1.58941035038 2.95269260445 0.850163392365 0 0.012
2040 3.18667697906 41.494048 43.684079 1.5737379 5.20022352131 16.0027387289 -1.92113423041 45.645353482 159.75857699 0 0.004
2043 3.13717913628 41.508319 45.798644 1.5762653 95.6317110524 67.2323248939 -2.07797068463 58.2129216233 150.627700736 0 0.004
2046 3.11633110046 41.512588 47.943477 1.5772604 40.6578650263 49.1138501943 1.73561565204 1.44924972855 9.07308760549 0 0.018
2049 3.12045502663 41.583607 50.107906 1.5744728 37.9842874724 50.3476151513 1.54415462151 3.6072928269 -1.73710367011 0 0.028
2052 3.11704301834 41.632502 52.265699 1.5728612 39.8155681014 52.5024627962 1.55124584215 1.83229525106 -1.23846877739 0 0.036
2055 3.08964204788 41.660201 54.305408 1.5732479 39.8781795074 54.1671706865 1.54888947153 1.78737521385 -1.39563514674 0 0.026
2058 3.20180082321 41.689009 56.508616 1.5685378 39.0259869844 56.3353181274 1.61668265047 2.66865479379 2.75849673698 0 0.05
2061 3.13622713089 41.794127 58.57462 1.5657057 39.6749925271 58.7074355531 1.65017069234 2.12329246346 4.83948757782 0 0.06
2064 3.11155891418 41.856016 60.76704 1.5641567 38.1357304483 59.5113426185 1.6174770658 3.92648704311 3.05503192233 0 0.062
2067 3.13557505608 41.858156 62.785084 1.5639758 38.7069298301 62.0574243673 1.53876743523 3.23414825188 -1.44433290965 0 0.09
2070 3.19927096367 41.958088 65.023529 1.5767642 39.1395533657 63.4145603407 1.54885667574 3.24544567529 -1.59898335687 0 0.106
2073 3.10377812386 41.99726 67.044355 1.5737097 40.0271162765 66.413345927 1.59512839526 2.06872877425 1.22720084119 0 0.17
2076 3.08562207222 42.044947 69.102812 1.5759217 38.6471238008 69.36014702 1.62105439717 3.40755393292 2.58591306605 0 0.232
2079 3.125467062 42.097902 71.261122 1.5727544 38.8651114338 71.5733052593 1.61643639682 3.24782900295 2.50279405829 0 0.302
2082 3.14946103096 42.114798 73.459441 1.5684742 37.0613675507 73.2223411712 1.60910109252 5.05898958638 2.32774947621 0 0.28
2085 3.17451500893 42.172982 75.545483 1.5804547 38.615793736 74.7549770754 1.59702955211 3.64396596612 0.949669072242 0 0.334
2088 3.30432009697 42.213453 77.648417 1.5799022 38.6327507553 77.8089680424 1.54617141764 3.58429982038 -1.93263146876 0 0.366
2091 3.16596317291 42.308345 79.80823 1.5843424 38.1731352996 80.1105943526 1.59109371724 4.14624932532 0.386821984078 0 0.454
2094 3.14699721336 42.259747 81.948131 1.5870316 38.5984009202 83.5189085916 1.59919311522 3.98406794102 0.69680349452 0 0.434
2097 3.24392104149 42.325886 84.065588 1.5841531 38.0055387323 84.35533515 1.60543248905 4.33005241587 1.21921918326 0 0.448
2100 3.12747883797 42.338042 86.100283 1.5789413 38.3896713096 85.4467148028 1.63838427128 4.00209726233 3.40583137584 0 0.41
