3 1.45419383049 31.520043 41.394881 -0.0070850614 6.47102778793 46.1579276807 1.73637731824 25.4978386687 99.8930360934 0
6 1.42423081398 31.529937 41.402987 -0.0081764059 106.301906032 21.9693820894 -3.03996240958 77.2561476696 -173.708542398 0
9 1.37464690208 31.522543 41.401068 -0.0068718684 136.661980495 122.846438431 2.22927354504 132.994923517 128.121694568 0
12 1.36816215515 31.528168 41.375423 -0.0049451513 132.152448838 58.513063997 -0.488934366351 102.073231716 -27.7305393523 0
15 1.377409935 31.523843 41.397689 -0.0081913964 26.0006802359 127.223727365 2.92828592258 86.0035707884 168.247757013 0
18 1.37003707886 31.52518 41.394772 -0.0077822512 146.369374337 101.795516897 -2.20224171804 129.759157507 -125.733265762 0
21 1.36720490456 31.646202 41.400982 -0.0069641742 25.818573383 69.1188733801 0.00151508560819 28.3238902317 0.485825800404 0
24 1.37395501137 32.968315 41.348607 -0.0066445448 2.84930520815 95.7190254979 1.0785703546 62.1554274258 62.1782336002 0
27 1.36788201332 34.520488 41.363888 -0.010157874 48.362342317 69.500180711 1.54703370998 31.3567839304 89.2205056555 0
30 1.37676501274 35.981317 41.339656 -0.012968194 39.1022871213 68.2247501715 3.09678439572 27.0656376815 178.175698721 0
33 1.36911201477 37.47125 41.3168 -0.01805047 92.2845311561 89.3240564417 -1.9971027437 72.8642056304 -113.391342719 0
36 1.36159992218 39.051821 41.275587 -0.019803098 10.5729434068 89.9063274963 -1.20819120391 56.3559703154 -68.0896228919 0
39 1.37088298798 40.609584 41.247017 -0.013659721 89.6921040125 63.0535576842 1.60547599638 53.708649093 92.7696430645 0
42 1.37432003021 42.081473 41.279186 -0.014178183 64.4944442684 65.1018614136 -2.42595910538 32.7087319372 -138.184867962 0
45 1.35721111298 43.552295 41.213208 -0.0092852628 115.091534754 64.6662699739 0.938742823616 75.2855161403 54.3180082115 0
48 1.39216399193 45.079977 41.189892 -0.010404952 126.97951223 50.6117196141 1.90862464998 82.439703459 109.952296954 0
51 1.37234187126 46.640834 41.096545 -0.012029947 125.821602046 58.3590010857 1.63695980705 81.0406467058 94.4801533674 0
54 1.38265705109 48.21014 41.103056 -0.013219293 110.840587606 72.8228928013 1.72287423715 70.2048503599 99.4708321177 0
57 1.36994481087 49.69993 40.993437 -0.019411138 68.9348443911 12.8976736884 -1.60117090274 34.0492855681 -90.628158723 0
60 1.37811684608 51.221815 41.026894 -0.026800957 120.446652164 139.450603592 2.89905150552 120.329982508 167.638997581 0
63 1.37291693687 52.707826 40.957156 -0.02058299 61.0015489914 13.857949213 -3.06843349403 28.3399514738 -174.628970467 0
66 1.38406896591 54.31159 40.951842 -0.027308534 124.439201986 43.8457216745 0.578003487533 70.1872958766 34.6818241224 0
69 1.37372684479 55.778879 40.909196 -0.015002614 33.2530815056 94.3595220542 -2.71158017394 58.0030077501 -154.502513314 0
72 1.36857509613 57.331901 40.836464 -0.018380323 35.1966934196 98.81123622 0.314965366861 62.0567613446 19.0993011479 0
75 1.37034082413 58.848313 40.76075 -0.022921269 117.763963676 56.6350451833 -1.68418239728 61.0167775466 -95.1832513198 0
78 1.40086603165 60.388876 40.75568 -0.012358794 115.066250357 140.089389051 2.8451582953 113.387834535 163.723669104 0
81 1.41580986977 61.86858 40.735896 -0.015077049 108.42065619 42.3894695668 -2.22590061406 46.5814351773 -126.670859526 0
84 1.39560699463 63.333062 40.668539 -0.013920495 118.292815995 53.5352516658 -1.46064213832 56.4457868582 -82.8910442926 0
87 1.40895700455 64.876385 40.58717 -0.032109511 110.83568155 140.467837177 2.93862462903 109.947281072 170.210528279 0
90 1.40230989456 66.44697 40.579857 -0.020157695 106.412613257 37.9752897757 -1.79469620204 40.0504233606 -101.673567037 0
93 1.37411403656 67.930314 40.55804 -0.02084507 107.734262344 140.056358741 -3.07260373944 107.164685116 -174.852891851 0
96 1.37538099289 69.414343 40.447992 -0.021831497 67.5308521406 41.8095387075 -0.121002198063 2.32407987258 -5.68206262227 0
99 1.37688589096 70.999462 40.351868 -0.031419309 104.809379888 33.9159026004 -2.23575256616 34.4170335476 -126.298992276 0
102 1.38237786293 72.481812 40.325422 -0.028226015 70.3032817501 43.6111401543 -0.117759917341 3.94232645012 -5.12991472747 0
105 1.3684220314 74.028193 40.279112 -0.026102315 103.324567219 30.4281842036 -2.0885875306 30.9082241619 -118.171698162 0
108 1.38104510307 75.500101 40.224463 -0.026983514 73.4593419999 43.3294401045 0.0584818114816 3.7155861067 4.89680244481 0
111 1.38684797287 77.104162 40.159206 -0.035689283 76.284348242 41.9403488116 -0.00692277039809 1.96075605645 1.6481997634 0
114 1.78429985046 78.584191 40.097894 -0.03659834 75.870807973 44.1680845873 -0.0726164779817 4.89171737409 -2.06368729227 0
117 1.47421813011 80.1084 40.071744 -0.024096447 77.7304893985 44.3849115948 -0.0658033345731 4.92522827183 -2.38962863456 0
120 1.43202209473 80.881063 40.047709 -0.06972902 77.6158767854 40.3417601792 0.00641864319593 3.27840008416 4.36293972091 0
123 1.40386795998 80.819811 40.085383 -0.20196514 77.2105346059 41.6004655788 -0.16412240132 3.91437751242 2.16822921157 0
126 1.39619112015 80.673305 40.189426 -0.34415967 76.9566749036 42.3632095607 -0.192745224249 4.30565607568 8.67540869887 0
129 1.36723804474 80.559381 40.228255 -0.49611957 77.8669064941 42.64691397 -0.434718571587 3.61929968058 3.51801806695 0
132 1.36471796036 80.474435 40.358509 -0.64523249 78.9313208763 44.8802257269 -0.712537219594 4.77777389139 -3.856276947 0
135 1.37776517868 80.446897 40.445937 -0.81868337 78.3722812372 42.6776341658 -0.747053655615 3.0470482115 4.10408032197 0
138 1.36983680725 80.377523 40.602704 -0.97166139 78.6625518369 43.2317760405 -0.899789766066 3.13897210632 4.11794071815 0
141 1.36898803711 80.303277 40.677658 -1.1291983 78.4539374279 42.408752458 -0.795620951944 2.53312946286 19.1125741848 0
144 1.36573600769 80.24067 40.836497 -1.2914427 79.9089234186 44.2573423293 -1.01709274693 3.43689373731 15.7190944203 0
147 1.36423015594 80.334643 40.99259 -1.4510482 80.7746659736 45.3378120359 -1.3917011113 4.3674448776 3.400337709 0
150 1.35427212715 80.305505 41.173119 -1.6076845 78.9309577414 44.6095161935 -1.38417907074 3.70110873089 12.8059177951 0
153 1.37366700172 80.260339 41.240273 -1.7630876 76.6486659493 40.0562033067 -1.41359078897 3.80081613124 20.0246922255 0
156 1.36743688583 80.351916 41.337649 -1.9138236 79.5278846425 40.7849923429 -1.70288189307 0.992198094534 12.0860695303 0
159 1.38959693909 80.458888 41.424429 -2.0695544 76.5924359332 38.9467567561 -2.06350882148 4.5922011425 0.346386133797 0
162 1.41957998276 80.580246 41.530351 -2.2462491 73.2671249746 40.6200561268 -2.03308039298 7.36955737399 12.2136672365 0
165 1.42016816139 80.700832 41.575869 -2.3973477 74.8843165461 41.0448285817 -2.0561313809 5.84070680233 19.5502549855 0
168 1.69344091415 80.863789 41.557834 -2.56541 77.329731603 51.7030955608 -2.21265656597 10.743178944 20.2112829785 0
171 1.5194940567 80.910142 41.637692 -2.7112414 83.2551268778 41.1833207653 -2.08430276251 2.38859944239 35.9209379417 0
174 1.40593194962 81.000304 41.730578 -2.863125 77.5028688143 44.0804917094 -2.32836615044 4.21356705415 30.6394251373 0
177 1.38239216805 81.313486 41.614906 -3.0334876 77.9366949935 44.776183601 -2.9456752523 4.62562358733 5.03127691261 0
180 1.36858606339 81.419836 41.643078 3.1037871 77.3898168644 44.0446806278 -2.83116487771 4.69134835788 19.9523000645 0
183 1.37208604813 81.472606 41.653948 2.9566422 78.2909151499 42.0402431554 -2.90199858406 3.20505547737 24.3246093901 0
186 1.37874102592 81.600227 41.551467 2.7956666 77.9720862205 47.2784959275 -2.90947856804 6.77954761415 33.1192603618 0
189 1.36737108231 81.705618 41.391179 2.6371497 77.9796214227 43.4143690331 2.91736323828 4.23985240358 16.055053106 0
192 1.37492895126 81.817002 41.340993 2.4823985 80.6071523114 45.983923625 2.89877431789 4.79797259869 23.8565770566 0
195 1.36496114731 81.903012 41.262396 2.332631 76.7674552236 42.7347055623 2.36245006071 5.34243753833 1.70850632799 0
198 1.37956309319 81.909487 41.089487 2.1583794 78.401356345 46.3606938721 2.63501787379 6.33187196502 27.3093729019 0
201 1.37323403358 81.924053 40.998223 1.9975831 82.1669439677 46.0899489324 2.36273705573 5.09751596297 20.9217805359 0
204 1.36952495575 81.960862 40.844259 1.8446809 81.7890281381 45.9949258477 1.92326352623 5.15353236642 4.50245282604 0
207 1.39520096779 81.927588 40.703608 1.6857979 80.758536223 45.1932586001 1.95936814568 4.63935820655 15.674420478 0
210 1.37413406372 81.924928 40.686406 1.5459903 77.222315209 47.268400587 1.93365965365 8.08932752491 22.2118178108 0
213 1.37284016609 81.81851 40.588718 1.3660151 81.1567880446 46.8534205653 1.88500051895 6.29955349035 29.7356741345 0
216 1.37231898308 81.824065 40.431016 1.2110526 80.6902731523 46.2979732506 1.40961145557 5.97550594796 11.3765844092 0
219 1.36981487274 82.277545 41.390368 1.1504821 81.6174056998 45.9924256565 1.42210992294 4.6491632117 15.563127853 0
222 1.37850403786 82.927041 42.739254 1.1137092 82.3677138957 50.0050827096 1.44705731391 7.28732554829 19.0994400358 0
225 1.37548685074 83.677797 44.09726 1.084748 82.0810773084 47.4188728741 1.35199401812 3.6854614174 15.3120689298 0
228 1.37083816528 84.372874 45.412874 1.0478677 79.6751165052 54.4925094157 1.50327742203 10.2229499051 26.0930550215 0
231 1.37214899063 85.159381 46.677356 1.0274995 82.6686934439 51.3462342847 1.44022766307 5.29168677635 23.6475818302 0
234 1.36029481888 85.928298 47.908079 0.99952116 83.2207202262 52.5413321528 1.2421811368 5.36637793855 13.9033925274 0
237 1.40145802498 86.76373 49.194484 0.95689161 83.3928967707 52.998855769 1.09831701524 5.08288906196 8.10307883633 0
240 1.39636015892 87.649962 50.387631 0.93226665 85.6615242618 51.360043273 0.929328877625 2.21347470445 -0.168321958257 0
243 1.38415884972 88.570925 51.559268 0.90792052 82.0147700932 56.5156209519 1.4881119506 8.21879563839 33.2425202833 0
246 1.39650893211 89.47196 52.652014 0.8832857 81.7793359643 58.434175738 1.37157803065 9.62340162932 27.9770897151 0
249 1.70108604431 90.492516 53.754021 0.83763364 81.882229139 59.5290369387 1.3686612204 10.367634683 30.4256391618 0
252 1.50863695145 91.498687 54.898001 0.81217592 82.112225203 60.5059126881 1.34082766463 10.9340906604 30.2895137996 0
255 1.44694590569 92.568948 55.94073 0.78340538 83.5164778801 60.6640122977 1.39889931389 10.2106126622 35.2652047276 0
258 1.39119195938 93.547241 56.960456 0.75288469 81.2081233397 61.1469906021 1.20897395843 13.0299998699 26.1319901621 0
261 1.38708496094 94.620679 57.928363 0.72990952 82.2599213384 59.5839451376 1.25843494411 12.4711379667 30.2822761668 0
264 1.38315200806 95.770396 58.899507 0.6896339 82.8842644029 63.6169464606 1.23690837565 13.7224860212 31.3565176898 0
267 1.39057707787 96.962501 59.840194 0.66858365 83.921628015 63.5208453592 1.13872226867 13.5503344106 26.9369586357 0
270 1.38391113281 98.232224 60.772339 0.64204005 95.6028298502 63.2458511559 0.789674565235 3.60998282273 8.45883463345 0
273 1.40258216858 99.416545 61.686454 0.60185601 97.0625980524 65.3411171082 0.644888450744 4.34714028607 2.46557723675 0
276 1.3718020916 100.66015 62.48684 0.57932353 99.8488782825 65.3201778249 0.585380538625 2.94719613011 0.347041030663 0
279 1.37668514252 101.84252 63.245661 0.55317695 98.8665280042 64.7767375243 0.557834419342 3.34674822511 0.266853336528 0
282 1.42489409447 103.2489 64.041483 0.52149049 101.033767692 65.2952506958 0.544800741652 2.54533781191 1.33557903903 0
285 1.40090584755 104.5021 64.838724 0.48902664 102.629395852 65.7798035715 0.530383419555 2.09586535491 2.36956892276 0
288 1.40340805054 105.89753 65.50297 0.45749312 104.047159784 68.1895997696 0.522845371669 3.26218476744 3.74440820233 0
291 1.37806081772 107.23441 66.106065 0.425495 104.4480036 69.3508020499 0.604361619245 4.27695910053 10.2483023785 0
294 1.4045779705 108.62185 66.694881 0.38650919 106.354363521 70.5303732872 0.495702496964 4.45561398863 6.2563156401 0
297 1.38092398643 110.08086 67.251857 0.35533208 104.036870449 73.2677750318 0.582064373701 8.52766553382 12.9908035084 0
300 1.37685394287 111.50781 67.766864 0.33459052 107.793072922 72.2043831264 0.505756828288 5.78712774686 9.80710705975 0
303 1.35966682434 112.87691 68.182524 0.30685182 108.00532768 75.8132106969 0.602528283163 9.05315932543 16.9410134406 0
306 1.36466002464 114.36462 68.651393 0.28808498 114.357042344 67.0531536938 0.197743626234 1.59825726992 -5.17617828629 0
309 1.37102007866 115.83449 69.001579 0.25083859 115.436359813 66.6153085263 0.0187289076637 2.41925493067 -13.298905182 0
312 1.37689304352 117.19736 69.329841 0.23044123 112.090481103 72.6999033284 0.310340396551 6.11862175371 4.57788503001 0
315 1.37950706482 117.78731 69.484411 0.20147117 115.885641836 73.1904674981 0.230578771795 4.16547675218 1.66774273458 0
318 1.37386703491 116.42938 69.228806 0.13415298 112.561326549 75.0561271732 0.261772314986 6.99424831968 7.31204927894 0
321 1.3721101284 114.80773 69.128985 0.0979988 110.169120077 75.2698119177 0.325026366554 7.69587274107 13.0077213967 0
324 1.37660193443 113.35769 69.056433 0.067460522 109.963387997 72.023504473 0.251964883166 4.50830336305 10.5713211966 0
327 1.4284889698 111.81488 68.96352 0.032275621 108.965363508 73.0756400246 0.173516497733 5.00292667689 8.0925061315 0
330 1.38147902489 110.29576 68.94659 -0.0039959963 109.443684489 72.9851663138 0.129751931539 4.12748486592 7.66319178382 0
333 1.37102103233 108.74459 69.016615 -0.039899491 108.27688159 71.8584133753 0.00704462635643 2.88002936841 2.68969979749 0
336 1.37491583824 107.27384 69.125159 -0.081381225 103.56007069 73.8365161055 -0.0123100161031 5.99908061833 3.95748875566 0
339 1.37196803093 105.77123 69.311189 -0.11875782 103.643522621 71.9541419273 0.0635565771313 3.39298377017 10.4458455001 0
342 1.35687279701 104.23308 69.487176 -0.13593074 103.842720894 73.4213669768 -0.00486081807046 3.95350969061 7.50975334767 0
345 1.40520405769 102.67844 69.809947 -0.17996689 100.520376047 74.2187135164 -0.0988369713805 4.90861102758 4.64840192914 0
348 1.43992805481 101.19539 70.111952 -0.20894349 99.4503591775 72.7607587967 -0.0545865750326 3.17195681213 8.84399976629 0
351 1.36586284637 99.695937 70.47501 -0.24032587 96.6333741387 71.9120259529 -0.102358216811 3.38294341193 7.90496423703 0
354 1.36132001877 98.200311 70.897104 -0.28344925 97.6731032997 73.3997735993 -0.156095547344 2.55759713063 7.29682966758 0
357 1.36991286278 96.614615 71.415819 -0.3144709 97.1534991967 73.9591893249 -0.227951010305 2.59983245363 4.95722452344 0
360 1.35774183273 95.216051 71.909445 -0.34657274 94.6060517074 74.7720799281 -0.258029194647 2.92690585233 5.07317145188 0
363 1.36976504326 93.790761 72.497598 -0.38120404 92.4543355152 76.1760424307 -0.337209286323 3.91369218333 2.52071370642 0
366 1.3694319725 92.417114 73.016357 -0.35870282 90.9049808166 74.6213438558 -0.227642225328 2.20511441236 7.50921893516 0
369 1.37422513962 91.055309 73.519772 -0.33819517 90.2693303384 74.1840377116 -0.174844747187 1.02908279166 9.35928980889 0
372 1.37105679512 89.614615 74.074076 -0.31837694 87.2860400259 76.097032367 -0.202183339208 3.0845767737 6.65740293182 0
375 1.38317298889 88.314109 74.556366 -0.29979055 87.1986952204 77.3196485112 -0.2175897997 2.97991243776 4.70975606503 0
378 1.43429303169 86.88131 74.994533 -0.2764152 84.0289807715 76.5672740448 -0.164816583021 3.257191493 6.39412975241 0
381 1.39244890213 85.443672 75.387112 -0.25727157 83.6680167696 75.7999474252 -0.0722462417959 1.82301524552 10.6011704091 0
384 1.37030100822 84.055287 75.832526 -0.23267107 81.7498237383 75.703460888 -0.00574525794261 2.30907311585 13.0018912935 0
387 1.36869287491 82.664555 76.128737 -0.22389476 81.0169129997 73.8962875809 0.00564425560258 2.77462692452 13.1516168276 0
390 1.36700415611 81.173968 76.455415 -0.20673661 78.5408065746 77.5349100371 -0.0368542461601 2.84584761136 9.73354246173 0
393 1.36898899078 79.819657 76.754609 -0.1833313 76.7752975869 78.091873567 -0.0801454619465 3.32511665332 5.91211302598 0
396 1.37331008911 78.325485 77.027059 -0.15611548 74.1785604374 78.522311096 -0.0587063938874 4.40826067271 5.58112952048 0
399 1.36670517921 76.892215 77.264525 -0.13798763 73.7214353632 78.4609579171 -0.00420364760837 3.38899619805 7.66525755749 0
402 1.36335301399 75.420868 77.548324 -0.12557438 72.626498731 78.226207972 0.0312769401358 2.87541758546 8.98691865484 0
405 1.36073207855 73.926916 77.691819 -0.097717287 71.8689362825 77.0281625998 0.11809967642 2.16234140115 12.3654011513 0
408 1.37133693695 72.448195 77.857208 -0.08052134 69.9721339139 77.9739489882 0.0607851381758 2.47881160246 8.09626481733 0
411 1.37325882912 71.010734 77.97039 -0.05919809 69.7439235926 79.465765509 0.0207558456238 1.95983584037 4.58102306671 0
414 1.35948514938 70.665666 77.98114 -0.052809071 70.5035862433 79.0883513248 0.1237096969 1.11901151255 10.1137804055 0
417 1.36673402786 70.65903 77.973391 -0.052747867 70.201820615 80.7605534461 0.0620699912663 2.82441408486 6.57857869139 0
420 1.36713719368 70.662549 77.975477 -0.051931253 71.1044052278 80.3221725572 0.0851128630711 2.3879315242 7.85204945797 0
423 1.37518787384 70.657477 77.975804 -0.053730261 70.990091218 82.1887617686 0.0103696578122 4.2260673655 3.67265481507 0
426 1.36572289467 70.657208 77.964864 -0.053397677 70.6565848845 80.7315422718 0.0849940735642 2.76667834194 7.92926322676 0
