3 10.9983110428 58.425211 99.52669 -0.076600623 120.341080998 39.2207002199 0.166204057332 86.4314026322 13.9116834291 0
6 11.0782260895 58.436309 99.5178 -0.082073852 125.813258251 109.862680291 2.20223592783 68.1664861836 130.881309485 0
9 11.0524690151 59.138497 99.506199 -0.079127672 70.6205901486 10.4583228292 1.85003093062 89.7850918227 110.532645941 0
12 11.1036820412 60.588187 99.398001 -0.084356487 44.2699832623 88.6410829218 -2.08693417048 19.5446939031 -114.73924941 0
15 10.9744019508 62.026729 99.268445 -0.080345137 42.8820076418 97.7284694546 2.72257314218 19.2065582696 160.595387717 0
18 11.0474359989 63.612811 99.142137 -0.077882356 57.3839445609 105.308994718 -2.54100622837 8.76521027855 -141.126602305 0
21 11.0793230534 65.109709 99.045111 -0.075303117 136.705946195 128.078653612 -2.89717276958 77.2590951095 -161.681221429 0
24 11.0704729557 66.576646 98.887554 -0.079079542 124.367925327 58.5513182432 -3.1310796856 70.4758389893 -174.866727302 0
27 11.0683681965 68.114632 98.811042 -0.080004433 11.9085363157 96.2391303994 -1.61348501357 56.2649084363 -87.8619652319 0
30 11.1121718884 69.601579 98.673025 -0.074381156 15.0602926494 67.6654144424 -2.01407326494 62.7393323942 -111.136171397 0
33 11.111082077 71.154315 98.514904 -0.080273853 69.3417976123 97.5811237068 -0.0641970551979 2.03891267998 0.921132662144 0
36 11.2004721165 72.642873 98.438251 -0.077397051 69.5503586544 97.5608327818 -0.132384878958 3.21457737622 -3.15057046657 0
39 11.150742054 74.179887 98.27586 -0.078945335 71.3434482041 99.4662086854 -0.0326127998675 3.07608761838 2.65465871723 0
42 11.1573650837 75.689674 98.17429 -0.079512997 73.0487643111 97.8373643409 0.135280382664 2.66231532405 12.3067541221 0
45 11.0668430328 77.259307 98.055637 -0.072379503 75.068255224 98.5118543447 0.0213183687114 2.23804426911 5.36849259842 0
48 11.1569449902 78.667542 97.976243 -0.066300397 75.6995516832 99.4178495516 -0.0264881454868 3.29957511962 2.28107398462 0
51 11.1681969166 80.25432 97.827625 -0.077582567 77.5346896225 99.0122499357 0.0185603355338 2.96643314919 5.50858254532 0
54 11.1572229862 81.813353 97.68277 -0.074716444 78.6988415624 98.9945825061 -0.00540419626233 3.37950196715 3.97129926393 0
57 11.0568540096 82.622729 97.654646 -0.085105116 80.3650672278 99.2007172843 0.00515246945103 2.73630646925 5.17137871539 0
60 11.1678118706 81.436592 97.754867 -0.094486992 78.7530097479 99.0942003608 0.000340423315717 2.99923782904 5.43321067972 0
63 11.1761770248 79.890684 97.897701 -0.093381766 77.1984935777 99.1592515715 -0.0203379429053 2.97311269795 4.18510278283 0
66 11.1580710411 78.411812 98.037468 -0.097953665 76.1313351616 98.6546470612 0.0179687185887 2.36251658278 6.64186333073 0
69 11.1150028706 76.931086 98.162597 -0.096433306 75.201535785 99.0488362252 0.000526375034352 1.94338979893 5.5553805062 0
72 11.1128771305 75.443161 98.337547 -0.10164342 72.9885552351 98.9334025155 0.00381027386279 2.52589256633 6.0420515924 0
75 11.0553300381 73.912871 98.553041 -0.10292365 71.5601838488 99.1544696618 -0.00799327763633 2.42834372908 5.43910968404 0
78 11.0438830853 72.413468 98.668417 -0.11145399 70.0360776919 98.931900473 0.0166799332431 2.39194653321 7.34153301428 0
81 11.1049199104 70.926618 98.82512 -0.11572496 68.7385812404 98.8974252832 0.00339189960361 2.18923112427 6.82489332414 0
84 11.1253149509 69.460294 99.048845 -0.12091472 66.9419986605 98.6580408615 0.00974032375436 2.54843859878 7.48598257922 0
87 11.0940830708 67.984026 99.205817 -0.12024712 65.6657012507 99.2710043243 -0.0193406617885 2.31924104619 5.78151418113 0
90 11.2111768723 66.409271 99.378533 -0.12589377 64.0022353503 98.6653778559 0.00513503538107 2.5104602922 7.50739754298 0
93 11.1472351551 64.97003 99.579245 -0.12534264 62.7125227484 99.1371595166 -0.0035809725808 2.30038661222 6.9764296496 0
96 11.1463489532 63.450289 99.830398 -0.13542326 60.8777087837 99.1787164593 0.00758939716908 2.65383831458 8.19402167274 0
99 11.2151739597 62.015499 100.01094 -0.13023941 59.8462391761 99.100710883 -0.00157647194898 2.35248915602 7.37184333008 0
102 11.243088007 60.420275 100.24313 -0.1356293 57.9205499016 98.9494967754 -0.00682441399569 2.81462475068 7.37997634871 0
105 12.6954319477 58.989222 100.44438 -0.14088208 56.4518820529 98.9256448292 0.00379488864027 2.95713552717 8.28937969583 0
108 11.1209740639 58.528509 100.58832 -0.24160345 56.4045989711 99.1715237472 -0.096037641861 2.5530972235 8.34030644778 0
111 11.0751590729 58.390768 100.67023 -0.3827913 56.2759158348 100.133094809 -0.270890499094 2.18199768429 6.41144361606 0
114 11.1078288555 58.26024 100.80046 -0.53685502 56.3109540752 101.095550551 -0.416139349488 1.97149538416 6.91649844143 0
117 11.1808109283 58.2435 100.85046 -0.70040996 56.549731279 101.534640659 -0.574937645479 1.82673360229 7.18903406778 0
120 11.1307179928 58.129433 100.95873 -0.85888639 56.4149419527 101.634989567 -0.58088729959 1.84304274309 15.928174589 0
123 11.1059470177 58.21235 101.09089 -1.0276822 57.3284578123 100.405930294 -0.837988884059 1.11822859828 10.8686264052 0
126 11.2043950558 58.152327 101.12822 -1.1869287 56.6427305611 100.648895551 -1.07812148213 1.58386657766 6.23419436468 0
129 10.9969651699 58.049715 101.26081 -1.3398137 56.809706903 101.496756581 -1.28590365189 1.26225626159 3.0888182298 0
132 11.1756250858 58.024835 101.49733 -1.4943786 56.1931658572 101.361763201 -1.37439071197 1.83667912433 6.87479957672 0
135 11.1524009705 58.064001 101.65215 -1.6522241 57.0043887181 101.647270132 -1.6479530811 1.0596235185 0.244711357278 0
138 11.0540430546 58.104403 101.68885 -1.8037565 56.7685406981 101.618109568 -1.74437007438 1.33773401635 3.40259154825 0
141 11.1119968891 58.177183 101.78616 -1.9584038 56.6416447508 101.559470306 -1.88001345015 1.55218102436 4.49143620083 0
144 11.1767549515 58.164815 101.89412 -2.1101089 57.2209014194 102.355288587 -2.04692676092 1.05054714963 3.62006990999 0
147 11.0831520557 58.333441 101.96561 -2.2758326 55.9064549648 102.038297406 -2.15195384216 2.42807427278 7.0977299956 0
150 11.2218592167 58.547547 101.97367 -2.4518694 55.0096210288 101.848292767 -2.28463007475 3.54014683707 9.58210750523 0
153 11.1669788361 58.609003 102.09152 -2.5989269 55.4061303533 101.854598647 -2.49278117312 3.21162340864 6.08170216377 0
156 11.2339310646 58.561869 102.14088 -2.6173282 55.1146987183 102.450907574 -2.52116421 3.46108365224 5.50979076796 0
159 11.1387350559 58.51155 102.01626 -2.5045701 54.6170812661 102.280430603 -2.37904728629 3.90341809537 7.1919274583 0
162 11.1926951408 58.437648 101.90068 -2.3721379 54.4477821067 102.772493328 -2.1741910001 4.08400395755 11.3415219318 0
165 11.161096096 58.147744 101.95537 -2.2082701 54.5267264329 102.716753709 -2.06502972944 3.70019909921 8.2070686888 0
168 11.1944890022 58.037351 101.82492 -2.0566813 55.1383415116 102.259442161 -1.94313303462 2.93139310263 6.50583637705 0
171 10.9788939953 57.944091 101.71587 -1.9011295 54.4735626412 102.398537033 -1.73880360833 3.53703284799 9.30058849848 0
174 11.1178939342 57.908577 101.57431 -1.7585036 54.9953637265 102.497967708 -1.61395014152 3.05613401849 8.28230308485 0
177 11.1281831264 57.841285 101.40683 -1.6171883 54.8958742289 102.379650311 -1.47901709184 3.10190650541 7.91662707806 0
180 11.1642818451 57.86028 101.30305 -1.4556073 54.6764973424 101.800139798 -1.3485340669 3.22235477226 6.13484435567 0
183 11.1068129539 57.788579 101.03213 -1.3093986 54.5766258047 101.476202359 -1.22824706144 3.24250575763 4.64964066025 0
186 11.091796875 57.852229 100.87925 -1.1701135 54.181339153 101.72102743 -1.04392456572 3.76616801415 7.23009335575 0
189 11.1425039768 57.956865 100.8248 -1.0236231 53.6330668411 101.24371553 -0.931115351323 4.34404428384 5.30030357144 0
192 11.0798249245 57.906072 100.67156 -0.85835482 55.0074528168 102.061626373 -0.807067123466 3.21469713828 2.93856855234 0
195 11.2517879009 57.990597 100.53155 -0.72265365 54.2338001335 102.005072731 -0.522110484431 4.03544197505 11.4902769973 0
198 11.3388009071 58.042848 100.37669 -0.56279892 54.833754351 102.514746413 -0.262494327972 3.85610778813 17.2061856916 0
201 11.2514619827 58.157277 100.32166 -0.41301063 54.558676142 102.289718613 -0.0816201041591 4.10160734807 18.9872785013 0
204 11.2069501877 58.686264 100.08548 -0.29965148 55.2038725446 102.110358051 -0.00463988424112 4.02829757705 16.9029193444 0
207 11.0743310452 59.980629 99.666017 -0.30408986 55.2641219372 102.293026681 0.0952614459152 5.39876085216 22.881144372 0
210 11.0820918083 61.363687 99.173884 -0.32636207 56.7657550809 101.753458026 -0.0268403371794 5.27211343666 17.1613311631 0
213 11.0951690674 62.885593 98.69498 -0.37512441 60.0132212465 101.020914099 -0.197263042953 3.6960098654 10.1907056702 0
216 11.0722279549 64.287236 98.118834 -0.4012694 61.0153742118 99.5884846818 -0.261583435287 3.58677469153 8.00341623526 0
219 11.1034181118 66.572969 97.068508 -0.44319642 63.4693365658 98.8300117591 -0.377725128312 3.56867339218 3.75122869302 0
222 11.1212639809 67.896132 96.441291 -0.47211549 65.2125328028 98.0911385943 -0.425756849856 3.15019074587 2.65615442423 0
225 11.1321358681 69.150612 95.708615 -0.49267498 66.3679394474 97.5404269284 -0.438838843803 3.33148637636 3.08458338935 0
228 11.2196938992 70.465141 94.973778 -0.52461339 67.5171536072 96.6658086885 -0.498126071491 3.39905832822 1.51761156117 0
231 11.8663377762 71.675984 94.192345 -0.54871183 69.1371145593 96.006606715 -0.529287129573 3.12048131023 1.11295335278 0
234 12.015308857 72.999296 93.402727 -0.58180979 70.3834335174 95.1303219952 -0.531890042552 3.13485581731 2.86019084311 0
237 12.3213200569 74.284244 92.44261 -0.63095882 71.6654196245 94.185503146 -0.567405047272 3.14577774617 3.64136294946 0
240 11.3157699108 75.447368 91.599491 -0.66374929 73.1818034026 93.0452541286 -0.591025493676 2.68756655155 4.16676659953 0
243 11.0637722015 76.572595 90.665594 -0.69142624 74.1021763187 92.4288517827 -0.627638628801 3.03513532958 3.65476090692 0
246 11.71752882 77.783785 89.658033 -0.71509647 75.2504160075 91.8908403814 -0.663199950819 3.37689017507 2.9734515205 0
249 11.2404518127 78.874801 88.696028 -0.74032963 76.6407457759 90.4075900455 -0.692399330861 2.81432893959 2.74620385145 0
252 11.2759339809 80.03236 87.613917 -0.7252394 77.9753161277 89.9406387158 -0.672566032071 3.10565024357 3.01796167509 0
255 11.0744891167 81.079285 86.604124 -0.70281223 78.9953005471 87.857898854 -0.649277424121 2.43206549759 3.06731843393 0
258 11.1615290642 82.380517 85.593177 -0.66953842 80.6536285257 87.6358099921 -0.618509742003 2.674788467 2.92372788338 0
261 11.2515370846 83.553536 84.670161 -0.64546431 81.3668291245 87.070912522 -0.562945083551 3.24735197198 4.72800340423 0
264 11.6389608383 84.753159 83.736184 -0.60820056 82.5383112069 85.4413830746 -0.581239683458 2.79521996106 1.54474443785 0
267 11.2157771587 85.938286 82.919631 -0.58097683 84.2616491207 84.5786491082 -0.552676960694 2.35869716331 1.62146307202 0
270 11.0901288986 87.249998 82.030848 -0.55954063 85.1843094026 83.3655622777 -0.508274208846 2.4593762592 2.93734956287 0
273 11.2014269829 88.578333 81.141585 -0.52544337 86.0769912047 82.8262186399 -0.485299461515 3.01574224325 2.30007652933 0
276 11.1150529385 89.874585 80.458812 -0.49549775 87.8651993561 82.1716656159 -0.455437583559 2.64035947842 2.29527846367 0
279 11.1065440178 91.229191 79.664539 -0.46697991 88.6477665796 81.2873469485 -0.429834359075 3.0491404815 2.1282832957 0
282 11.0782999992 92.640842 79.007823 -0.44436504 90.2003491251 80.6831846734 -0.390601881496 2.96020982515 3.08040207555 0
285 11.141340971 93.942666 78.269838 -0.40450827 91.1914595165 80.2190706171 -0.3461704107 3.37174211802 3.34251312372 0
288 11.0881471634 95.385584 77.620959 -0.38607018 93.0649597142 79.9594646006 -0.307312621965 3.29452660028 4.51247568017 0
291 11.0818128586 96.747733 77.074345 -0.36376533 94.8210544548 79.2236775978 -0.286241396291 2.88647203908 4.44179421278 0
294 11.1856970787 98.250871 76.540386 -0.33417824 95.9332519817 79.0696332848 -0.259638899432 3.43051741605 4.27078962224 0
297 11.1168129444 99.752933 76.027378 -0.30758365 96.8973839197 79.0311452595 -0.212741948089 4.14448770045 5.43402924136 0
300 11.2179250717 100.00981 75.897783 -0.33361957 98.0024116095 78.6862091402 -0.203600052611 3.43583594455 7.44956960071 0
303 11.1555349827 98.714105 76.429985 -0.36219797 96.6327151134 79.1033887462 -0.218996577319 3.38810735521 8.20483542104 0
306 11.1993861198 97.284888 77.028291 -0.39087517 95.6626116628 79.579594592 -0.262960771814 3.02339718405 7.32895515501 0
309 11.1834979057 95.817851 77.649213 -0.42317241 94.6417017284 79.6194319577 -0.304123885917 2.29457836005 6.82097798724 0
312 11.7160971165 94.571565 78.35291 -0.46228827 93.1823957146 79.8230253376 -0.315475269732 2.02262957795 8.411765293 0
315 11.7294168472 93.13187 79.138887 -0.4938927 91.3359451831 80.4643465901 -0.355127097014 2.23208178013 7.95068339271 0
318 11.6750218868 91.836662 79.862922 -0.52529077 89.923713431 80.7172982979 -0.371491799304 2.0950730503 8.81203191432 0
321 11.6501071453 90.529269 80.702102 -0.55721841 88.1361475951 81.6860386001 -0.413776456672 2.58750097418 8.21861853081 0
324 11.4071700573 89.308886 81.573217 -0.59808232 87.4494070004 81.9134873235 -0.418492417542 1.89035606255 10.289743454 0
327 11.3510959148 88.100372 82.484783 -0.6409076 85.9531753967 83.2388463379 -0.487922921422 2.275755868 8.76537641266 0
330 11.3529529572 86.96204 83.432583 -0.67310863 84.3876570942 83.1925936427 -0.486447560215 2.58554486275 10.6948914981 0
333 11.5206589699 85.711036 84.448892 -0.70015711 83.5237199427 83.3217309913 -0.505657742547 2.46065915441 11.143992873 0
336 11.21702981 84.630521 85.38864 -0.74348817 81.9266927739 85.3865362328 -0.570156844326 2.70382904458 9.93115341854 0
339 11.4399340153 83.531548 86.470864 -0.76732045 80.7724863911 86.7043157177 -0.625449637924 2.76892048752 8.12859876807 0
342 11.3345079422 82.436303 87.632765 -0.79615086 79.8872610623 87.8503482775 -0.673124232769 2.55831141239 7.04890650804 0
345 11.197122097 81.390428 88.717115 -0.83255466 78.1104277965 88.4684928548 -0.67194766212 3.28940941596 9.20210313881 0
348 11.6493558884 80.091493 90.270385 -0.85191671 77.8079452013 90.4426195752 -0.730417709337 2.29003390755 6.96137995306 0
351 11.5022339821 79.121061 91.3195 -0.83027867 77.0149419019 90.8800343085 -0.675794894317 2.15148036227 8.85126834989 0
354 11.5664799213 78.091476 92.534394 -0.81038411 75.5258630382 91.8252034154 -0.662348585963 2.6618266576 8.48181074535 0
357 11.4827868938 77.093441 93.512556 -0.78090008 74.5957017176 93.1782801039 -0.62598225909 2.52000831302 8.87613730953 0
360 11.4581530094 76.051262 94.597058 -0.76703211 73.5754820688 94.3730129698 -0.608361301979 2.48589670807 9.09116763151 0
363 11.5830750465 75.027276 95.58972 -0.75132884 72.0627940061 94.5622337316 -0.588191328855 3.13749605953 9.3470908689 0
366 11.3898360729 73.852657 96.593273 -0.72312741 70.3054190196 94.9120234008 -0.52091326585 3.92549328169 11.5860170177 0
369 12.0348730087 72.811015 97.559971 -0.70587276 69.3683799514 96.316931951 -0.517612311663 3.66017515359 10.7865291389 0
372 11.3564369678 71.630899 98.505259 -0.68120937 68.8056246411 98.6422304764 -0.543731738151 2.82859265158 7.87688808239 0
375 11.275534153 70.538887 99.423882 -0.66641532 67.4337326454 99.2341893867 -0.503111399222 3.110943081 9.3566254385 0
378 11.1052589417 69.331788 100.31013 -0.63648641 66.366989061 99.7341353324 -0.479472281863 3.02023221057 8.99624686616 0
381 11.1157569885 68.205766 101.18772 -0.63190253 65.6892103368 101.694892553 -0.495897662922 2.5671533661 7.7925048768 0
384 11.1323778629 66.997353 102.01418 -0.604237 64.1830684554 102.388438592 -0.447640735964 2.8390609348 8.9723050168 0
387 11.104113102 65.749881 102.79371 -0.58263231 63.2738494739 102.707321051 -0.403881002359 2.47753812659 10.2416955103 0
390 11.2576739788 64.390622 103.72927 -0.540005 61.9871009683 103.82209541 -0.390406620878 2.40531285009 8.57135574571 0
393 11.4216470718 63.066948 104.49561 -0.5165186 60.7860927172 104.41666383 -0.373800886185 2.28222113712 8.17712266333 0
396 11.6735389233 62.072466 105.11862 -0.50368551 58.8863268795 105.062034665 -0.323586243998 3.18664155426 10.3189278353 0
399 11.4014680386 62.084059 105.11634 -0.50537083 58.9755824049 105.189278112 -0.321421430992 3.10933219684 10.5395242071 0
402 11.4218399525 62.06969 105.12384 -0.50501376 58.6902764876 105.023758279 -0.326804237262 3.38089515346 10.2106535219 0
405 11.1555719376 62.088061 105.11683 -0.50531554 58.8632142183 105.855303668 -0.351982034649 3.30831983407 8.78536271459 0
408 11.17750597 62.080145 105.11527 -0.50526072 58.8351099907 105.303741294 -0.303275500985 3.2505035979 11.5729005736 0
411 11.1743159294 62.084425 105.11388 -0.50526675 58.6142582631 106.02107881 -0.326713245645 3.58679060762 10.2303622168 0
414 11.0249679089 62.090561 105.10315 -0.50372534 58.8384921864 105.783576662 -0.329833430533 3.32248882775 9.96327250394 0
