3 1.4139881134 31.520043 41.394881 -0.0070850614 109.883525129 72.8292149384 -3.07929081061 84.4331254991 -176.024423226 0
6 1.39547014236 31.529937 41.402987 -0.0081764059 85.1690221332 66.6100041641 2.5782186639 59.2667290159 148.189521653 0
9 1.37627100945 31.522543 41.401068 -0.0068718684 82.5108215661 61.7997841362 -1.59062578076 54.9173212306 -90.7424149656 0
12 1.37677311897 31.528168 41.375423 -0.0049451513 32.9341745299 43.8492984534 -2.16024234591 2.84550770886 -123.489432847 0
15 1.37558102608 31.523843 41.397689 -0.0081913964 42.7947397448 143.475448797 -0.752878091681 102.698111758 -42.6674046991 0
18 1.42683601379 31.52518 41.394772 -0.0077822512 88.5952073151 143.840366906 -2.0459563545 117.269296636 -116.778774032 0
21 1.40008211136 31.646202 41.400982 -0.0069641742 94.5370398623 14.5060449177 -1.17465366486 68.4002567808 -66.9036795964 0
24 1.40540885925 32.968315 41.348607 -0.0066445448 49.1282797766 80.5841259971 -1.15741732176 42.4331287151 -65.9344232986 0
27 1.39527702332 34.520488 41.363888 -0.010157874 15.9126568662 101.836614429 1.19722017147 63.27086234 69.1776662824 0
30 1.43392705917 35.981317 41.339656 -0.012968194 95.2719954097 72.1563520946 -1.02429653131 66.8210543502 -57.94484543 0
33 1.38825583458 37.47125 41.3168 -0.01805047 90.4700952873 137.536543165 1.40713192961 109.850428204 81.6569365341 0
36 1.3756301403 39.051821 41.275587 -0.019803098 135.53932825 137.794017235 -3.05145729935 136.475808957 -173.700990681 0
39 1.38880491257 40.609584 41.247017 -0.013659721 130.26921839 137.804462157 2.99382243568 131.76566417 172.316034539 0
42 1.43068504333 42.081473 41.279186 -0.014178183 64.783231379 22.6645852137 -1.04208483717 29.3576769505 -58.8947130171 0
45 1.40502905846 43.552295 41.213208 -0.0092852628 131.575988141 137.419498142 2.81742491746 130.398699445 161.958563236 0
48 1.39560198784 45.079977 41.189892 -0.010404952 130.848099477 138.440573465 3.06816198825 129.668291724 176.388892625 0
51 1.36690783501 46.640834 41.096545 -0.012029947 127.765561063 138.860954098 3.02140049593 127.0397616 173.802761826 0
54 1.37825703621 48.21014 41.103056 -0.013219293 128.444867416 138.227096133 2.91897724694 125.97892941 168.002486441 0
57 1.39093279839 49.69993 40.993437 -0.019411138 123.674602164 139.859721031 3.00108863087 123.477909927 173.061888776 0
60 1.37447786331 51.221815 41.026894 -0.026800957 120.58774383 138.205344036 2.94288298906 119.395490844 170.150356597 0
63 1.36716103554 52.707826 40.957156 -0.02058299 122.645606867 139.503770772 2.78314280093 120.841749721 160.641654732 0
66 1.37027311325 54.31159 40.951842 -0.027308534 92.5972544556 73.1029891623 1.43667471505 49.9948834048 83.8800614486 0
69 1.35869383812 55.778879 40.909196 -0.015002614 38.6296262382 83.4136176526 0.0612662565918 45.8336419054 4.36988439314 0
72 1.35366106033 57.331901 40.836464 -0.018380323 38.1035069385 82.1179617877 -0.444923605021 45.5400175426 -24.4391298395 0
75 1.35927510262 58.848313 40.76075 -0.022921269 117.230282707 141.847742729 3.03570349495 116.734889754 175.246290088 0
78 1.36057019234 60.388876 40.75568 -0.012358794 94.1412870585 121.747833978 -2.06247831696 87.7436850049 -117.463196163 0
81 1.35686397552 61.86858 40.735896 -0.015077049 114.99453555 143.29304387 3.10624378216 115.500371135 178.838510132 0
84 1.35402917862 63.333062 40.668539 -0.013920495 110.446309238 141.488735524 3.05950782323 111.285084771 176.094471271 0
87 1.37240409851 64.876385 40.58717 -0.032109511 41.0035621064 77.3720111145 -0.688682869026 43.8524367479 -37.6188823556 0
90 1.36947202682 66.44697 40.579857 -0.020157695 107.419002417 137.501929543 2.9863198739 105.226401566 172.258475899 0
93 1.37351989746 67.930314 40.55804 -0.02084507 107.386697729 140.594299769 3.07944849245 107.536317054 177.63373638 0
96 1.36179304123 69.414343 40.447992 -0.021831497 64.174782471 88.6228409703 -1.69330936272 48.4589420835 -95.7686272553 0
99 1.3460919857 70.999462 40.351868 -0.031419309 103.480203959 140.365335266 3.07043294777 105.155562063 177.723042986 0
102 1.35187602043 72.481812 40.325422 -0.028226015 46.9338269133 73.8160408399 -1.10942362932 42.1226909429 -61.9480601202 0
105 1.38987898827 74.028193 40.279112 -0.026102315 87.1907865004 49.9154120445 2.96376354314 16.3129441305 171.306694981 0
108 1.39969992638 75.500101 40.224463 -0.026983514 47.1371514954 34.2322179862 2.45353710595 28.9890307687 142.123362518 0
111 1.37960290909 77.104162 40.159206 -0.035689283 106.452591314 55.293209195 0.651451173542 33.0207261566 39.3702480925 0
114 1.37981104851 78.584191 40.097894 -0.03659834 81.1357761359 49.3307353475 2.97538390009 9.5789324068 172.573870326 0
117 1.38036298752 80.1084 40.071744 -0.024096447 60.572559796 81.9316725477 -1.88982654074 46.1941843796 -106.898460082 0
120 1.37874794006 80.881063 40.047709 -0.06972902 41.1175603759 43.4487361103 -1.87224298008 39.9086848485 -103.276442426 0
123 1.3730340004 80.819811 40.085383 -0.20196514 79.7123255521 27.9170369143 -3.06637837001 12.2186402876 -164.118788861 0
126 1.365224123 80.673305 40.189426 -0.34415967 105.137323447 52.8387603189 -0.8805921604 27.540767188 -30.7353176936 0
129 1.3791949749 80.559381 40.228255 -0.49611957 106.727304519 54.2367977755 -1.79004485772 29.6816356013 -74.1364579916 0
132 1.36781191826 80.474435 40.358509 -0.64523249 78.655058817 27.3458934928 2.59389142349 13.1391891696 -174.411870437 0
135 1.38239312172 80.446897 40.445937 -0.81868337 42.1983390083 96.4117826196 -2.40535529654 67.7873739302 -90.9096048626 0
138 1.38575315475 80.377523 40.602704 -0.97166139 104.024793999 55.6971612949 -2.32360129589 28.054163091 -77.4604507629 0
141 1.37609100342 80.303277 40.677658 -1.1291983 104.919990378 54.2988698293 -1.98868997492 28.1339650461 -49.2452454994 0
144 1.37638688087 80.24067 40.836497 -1.2914427 107.394164379 54.9066956073 -1.64734923178 30.5823927421 -20.3919421722 0
147 1.37338781357 80.334643 40.99259 -1.4510482 87.3601146143 74.7348858854 1.84060473789 34.4659220538 -171.402179037 0
150 1.38670516014 80.305505 41.173119 -1.6076845 79.4229637888 27.2142350883 1.8635030575 13.9867551294 -161.115603057 0
153 1.38336706161 80.260339 41.240273 -1.7630876 79.9065497528 27.7964177632 1.57162293759 13.4485095999 -168.935160298 0
156 1.37434577942 80.351916 41.337649 -1.9138236 78.9513688756 27.319720214 1.35451824548 14.0877201738 -172.737806248 0
159 1.44374799728 80.458888 41.424429 -2.0695544 79.198438362 24.815613715 1.24294469652 16.6565746317 -170.207782129 0
162 1.38317203522 80.580246 41.530351 -2.2462491 78.6710790604 43.2337877749 0.539294029239 2.55863542719 159.599864957 0
165 1.39319705963 80.700832 41.575869 -2.3973477 82.1906076721 28.4951103583 1.11429427917 13.1653210441 -158.797735433 0
168 1.37411808968 80.863789 41.557834 -2.56541 87.2461516897 49.6444125363 0.932885463538 10.3018108082 -159.562434449 0
171 1.41039419174 80.910142 41.637692 -2.7112414 103.077121288 50.6717654797 1.0908860823 23.9371981312 -142.154142094 0
174 1.36332392693 81.000304 41.730578 -2.863125 83.7846318534 30.7055304196 0.789147358056 11.3711985184 -150.740208251 0
177 1.37404608727 81.313486 41.614906 -3.0334876 103.167650095 50.1597252031 0.80816294437 23.4652599279 -139.889637443 0
180 1.37900114059 81.419836 41.643078 3.1037871 86.0420244322 120.467392142 0.264116612827 78.959718375 -162.701134123 0
183 1.35739278793 81.472606 41.653948 2.9566422 82.8595657903 31.0870116765 0.957465123909 10.6575701136 -114.544408959 0
186 1.37014889717 81.600227 41.551467 2.7956666 25.6426687221 35.030947022 0.0782943712119 56.3361829485 -155.693960076 0
189 1.39398288727 81.705618 41.391179 2.6371497 78.5946142217 29.0197250115 -0.435573440754 12.756614688 -176.054067577 0
192 1.41215991974 81.817002 41.340993 2.4823985 73.5574622845 87.9221214829 2.71768634711 47.3077322121 13.4810006099 0
195 1.37905097008 81.903012 41.262396 2.332631 73.6316460764 89.4775627374 2.46895364194 48.9195032452 7.8107120352 0
198 1.38621497154 81.909487 41.089487 2.1583794 77.7940040301 80.3207395422 -2.44860960449 39.4465255264 96.0389737798 0
201 1.39445304871 81.924053 40.998223 1.9975831 71.9833934451 89.5284079071 2.28701743601 49.5378194868 16.5833658997 0
204 1.40357112885 81.960862 40.844259 1.8446809 75.6603519688 46.5432371604 -1.16200227674 8.49557406693 -172.27025636 0
207 1.45440506935 81.927588 40.703608 1.6857979 76.5768445725 88.3021244383 1.52633697818 47.898321707 -9.13643781748 0
210 1.36461210251 81.924928 40.686406 1.5459903 77.6939422554 77.3956948388 3.06765462695 36.952308824 87.1849437699 0
213 1.35772299767 81.81851 40.588718 1.3660151 94.7934500028 54.9956894259 -0.970691908187 19.3883958527 -133.883449528 0
216 1.35686516762 81.824065 40.431016 1.2110526 76.9721466898 79.8280297099 2.75494626135 39.694657078 88.4585908126 0
219 1.35562992096 82.277545 41.390368 1.1504821 74.851870672 76.934199015 -2.94219811849 36.311218135 125.506696584 0
222 1.3551928997 82.927041 42.739254 1.1137092 73.6135684773 83.573868632 3.02010300471 41.8832487109 109.2283191 0
225 1.36702203751 83.677797 44.09726 1.084748 71.3817547401 80.601008746 3.12406609375 38.5190385105 116.844319856 0
228 1.36816596985 84.372874 45.412874 1.0478677 94.6922428333 62.2587189314 -2.30408273833 19.7552996579 167.947386746 0
231 1.3588681221 85.159381 46.677356 1.0274995 77.0017027234 78.9854393072 -2.80451862912 33.3220641895 140.441534184 0
234 1.37587594986 85.928298 47.908079 0.99952116 61.1064296121 40.5180993008 -2.28571964848 25.8985897342 171.76956699 0
237 1.36730408669 86.76373 49.194484 0.95689161 80.5311059549 60.0592775441 1.69034112746 12.5255475427 42.0235618366 0
240 1.38125920296 87.649962 50.387631 0.93226665 88.0299288935 58.2530479792 -2.42353526068 7.8745894558 167.726713636 0
243 1.38021111488 88.570925 51.559268 0.90792052 62.0775143645 85.1455739154 2.59554420904 42.7778067711 96.6937147883 0
246 1.36401104927 89.47196 52.652014 0.8832857 59.1797725885 84.5645765737 2.64902804726 44.0003212283 101.169584206 0
249 1.37521314621 90.492516 53.754021 0.83763364 60.3843325326 86.7945787638 2.71887044752 44.7010197764 107.786929335 0
252 1.36663484573 91.498687 54.898001 0.81217592 57.4654331075 88.6685050298 2.62520456979 47.944857002 103.878889769 0
255 1.3734858036 92.568948 55.94073 0.78340538 56.838465544 90.2389272242 2.54686357327 49.5281102948 101.038711822 0
258 1.35990619659 93.547241 56.960456 0.75288469 58.4403269413 87.0379394495 2.45424358241 46.2293243015 97.4806839719 0
261 1.36416316032 94.620679 57.928363 0.72990952 58.2506121673 91.4949410112 2.58825953491 49.4923925548 106.475612712 0
264 1.35690307617 95.770396 58.899507 0.6896339 54.0089092538 89.7559878397 3.12900724694 51.9244083747 139.765797436 0
267 1.35886597633 96.962501 59.840194 0.66858365 52.8857600718 92.4063120326 2.60636022061 54.8024737997 111.026419135 0
270 1.36627984047 98.232224 60.772339 0.64204005 52.2762889284 93.0387265826 2.32862505836 56.1521837147 96.634202769 0
273 1.35599994659 99.416545 61.686454 0.60185601 50.3320401071 95.0865791087 2.21134744385 59.3705059593 92.2170663223 0
276 1.42237901688 100.66015 62.48684 0.57932353 52.1868890575 95.9881328318 2.2082972859 58.9236255487 93.3333211509 0
279 1.40946507454 101.84252 63.245661 0.55317695 51.9933527273 97.8056054587 2.07751741731 60.6574747148 87.3382753176 0
282 1.37089085579 103.2489 64.041483 0.52149049 53.5259629711 99.6272528636 2.18376254874 61.1450528135 95.2411733686 0
285 1.36907100677 104.5021 64.838724 0.48902664 52.3556959542 100.801794864 2.12494000118 63.3450070712 93.7309312446 0
288 1.391092062 105.89753 65.50297 0.45749312 50.2424319541 102.430392037 2.0609914196 66.7916494541 91.8736850235 0
291 1.393419981 107.23441 66.106065 0.425495 49.43674071 103.369509372 2.12786904018 68.768705541 97.5388476552 0
294 1.41484189034 108.62185 66.694881 0.38650919 49.7133388439 104.434608751 2.01593731337 69.9607013781 93.3593544887 0
297 1.38115906715 110.08086 67.251857 0.35533208 47.9036104608 104.000904999 1.98251083792 72.2253618136 93.2304753419 0
300 1.40833306313 111.50781 67.766864 0.33459052 47.5784318155 105.962616522 2.05827356187 74.4706714472 98.7597635176 0
303 1.3786110878 112.87691 68.182524 0.30685182 45.6014433931 108.116362594 1.8245625083 78.2349018789 86.9584169617 0
306 1.39688205719 114.36462 68.651393 0.28808498 109.381305099 72.2494934647 0.318583448723 6.14652376191 1.74743353946 0
309 1.36541700363 115.83449 69.001579 0.25083859 39.865689183 110.566913243 2.00970972954 86.5963954693 100.775893003 0
312 1.4209280014 117.19736 69.329841 0.23044123 48.2838210338 82.3875778966 2.07531268808 70.1397201713 105.703348292 0
315 1.39131808281 117.78731 69.484411 0.20147117 117.938284608 72.8714318588 0.26095979618 3.39038399448 3.40844720913 0
318 1.39104104042 116.42938 69.228806 0.13415298 48.4837950461 110.730628113 1.77926194683 79.6178607689 94.2578006383 0
321 1.38193511963 114.80773 69.128985 0.0979988 109.142894547 76.6466154623 0.443245642721 9.41302971819 19.7811869781 0
324 1.36076593399 113.35769 69.056433 0.067460522 49.1927391571 105.551215088 1.79373179107 73.8174101166 98.9080580126 0
327 1.37549614906 111.81488 68.96352 0.032275621 96.2240569423 52.4791974564 -1.09197864572 22.6893511 -64.4150245826 0
330 1.36385607719 110.29576 68.94659 -0.0039959963 40.7210834077 106.001793589 1.91024026984 78.8271763792 109.67765904 0
333 1.38662409782 108.74459 69.016615 -0.039899491 41.8098591161 80.1066471856 0.95633256188 67.8472329014 57.0798920457 0
336 1.46065998077 107.27384 69.125159 -0.081381225 114.613260593 97.8107670814 -0.568204085775 29.6096471719 -27.8928952929 0
339 1.45404696465 105.77123 69.311189 -0.11875782 56.6784201354 100.88245633 0.809612633367 58.3682182463 53.1917088026 0
342 1.44371676445 104.23308 69.487176 -0.13593074 56.9142760134 97.1831283043 1.11274639634 54.82823164 71.543929887 0
345 1.42944908142 102.67844 69.809947 -0.17996689 52.2641940565 98.4675494245 0.731525749379 57.990123045 52.2246812937 0
348 1.39377999306 101.19539 70.111952 -0.20894349 99.6426524131 72.9469247404 -0.19719465204 3.23234658611 0.673158829283 0
351 1.37434482574 99.695937 70.47501 -0.24032587 97.6014734128 73.6670526199 -0.18256805223 3.81784151127 3.30927919208 0
354 1.41605305672 98.200311 70.897104 -0.28344925 94.9892181017 71.1350311314 -0.0215646576861 3.21989548303 15.0048818591 0
357 1.41020107269 96.614615 71.415819 -0.3144709 94.8356383334 73.2731009048 -0.132610537416 2.57181921103 10.4198312368 0
360 1.40509295464 95.216051 71.909445 -0.34657274 95.5250395088 75.7850806455 -0.405681524087 3.88793332704 -3.38668386035 0
363 1.43664503098 93.790761 72.497598 -0.38120404 93.0346853061 75.5509865061 -0.357410505935 3.14560516021 1.36326908165 0
366 1.43913388252 92.417114 73.016357 -0.35870282 90.7355449501 74.1661241601 -0.182186796943 2.03706627092 10.1136231376 0
369 1.40688586235 91.055309 73.519772 -0.33819517 90.3121403793 73.4440627028 -0.313873981822 0.747015057743 1.39350143536 0
372 1.42180299759 89.614615 74.074076 -0.31837694 87.3570921967 75.5221144948 -0.190163305579 2.68201877131 7.34610012833 0
375 1.369161129 88.314109 74.556366 -0.29979055 88.2829799008 77.1208937663 -0.333653022531 2.56471668704 -1.94017675993 0
378 1.36769485474 86.88131 74.994533 -0.2764152 85.8423089575 76.4684248869 -0.193212668422 1.80329710822 4.7671539042 0
381 1.38864302635 85.443672 75.387112 -0.25727157 83.9406953816 76.9733777707 -0.133094383607 2.18521802364 7.11482869213 0
384 1.38217401505 84.055287 75.832526 -0.23267107 81.1414609366 74.097645606 0.000374016031342 3.39119334594 13.3524998659 0
387 1.40181517601 82.664555 76.128737 -0.22389476 81.8696146994 76.8198961418 -0.14142523696 1.05339026045 4.72515560865 0
390 1.37712407112 81.173968 76.455415 -0.20673661 77.6107507099 76.0609181565 0.0592464726455 3.58498887247 15.2397080575 0
393 1.37556195259 79.819657 76.754609 -0.1833313 76.0895209099 78.3846184653 0.000962319605829 4.07073041453 10.5592465946 0
396 1.37350511551 78.325485 77.027059 -0.15611548 74.9521482586 76.5029993482 0.0800831385377 3.41380129612 13.533183969 0
399 1.3876850605 76.892215 77.264525 -0.13798763 73.1286109556 77.1250767775 0.0560396886184 3.76618656065 11.1169464671 0
402 1.3735640049 75.420868 77.548324 -0.12557438 71.8678812866 77.7303251007 0.0237479807583 3.55764514624 8.55554105838 0
405 1.36560583115 73.926916 77.691819 -0.097717287 70.7348288194 77.9298791659 0.0835831386252 3.2009519227 10.3877492123 0
408 1.36767506599 72.448195 77.857208 -0.08052134 70.1878150296 76.9390851814 0.166139821188 2.43972685368 14.1326435059 0
411 1.38298106194 71.010734 77.97039 -0.05919809 70.1114625484 79.0989441458 0.0862286674257 1.44302584994 8.33233942877 0
414 1.43976616859 70.665666 77.98114 -0.052809071 69.8046747174 79.6715032897 0.0989699827338 1.89700659984 8.69629919743 0
417 1.40879797935 70.65903 77.973391 -0.052747867 70.4844660184 79.8269628471 0.132545687623 1.86177366404 10.6165386509 0
420 1.37620186806 70.662549 77.975477 -0.051931253 71.0419285896 79.9308443138 0.0807040033827 1.99183086753 7.59944040536 0
423 1.38239192963 70.657477 77.975804 -0.053730261 71.4077919927 81.3124305975 0.0483460001857 3.41994877734 5.84853895442 0
426 1.38272595406 70.657208 77.964864 -0.053397677 71.9364056986 80.0251443762 0.172717547818 2.42509834455 12.9554480657 0
