3 10.8811299801 31.520043 41.394881 -0.0070850614 133.220479202 138.648904823 0.53111447778 140.717176895 30.8365621309 0
6 11.0436069965 31.529937 41.402987 -0.0081764059 114.518267501 50.3290926029 2.0916492556 83.4669896456 120.311148117 0
9 10.911082983 31.522543 41.401068 -0.0068718684 72.7475677973 16.1977274324 2.69195208851 48.3188477232 154.63122238 0
12 10.9522061348 31.528168 41.375423 -0.0049451513 92.3161684516 20.4442910798 -1.37545089108 64.2906935906 -78.5241946877 0
15 10.8818101883 31.523843 41.397689 -0.0081913964 89.639309229 87.2957741821 0.299372185403 74.054315461 17.6220951692 0
18 11.0635199547 31.52518 41.394772 -0.0077822512 84.5507330233 27.3592791768 1.66404204524 54.8516575157 95.7884762732 0
21 11.0101490021 31.646202 41.400982 -0.0069641742 74.4295767651 10.6973191538 -2.93092540192 52.6605361581 -167.530637808 0
24 11.0390539169 32.968315 41.348607 -0.0066445448 17.4112272503 14.6988401334 -1.98566289248 30.8582736604 -113.389398901 0
27 10.9756009579 34.520488 41.363888 -0.010157874 68.770151404 15.7005304584 -0.182171812062 42.7977495156 -9.85567266838 0
30 11.1566650867 35.981317 41.339656 -0.012968194 81.9852726009 68.4793604918 0.264896518308 53.4128026865 15.9204752909 0
33 11.0816431046 37.47125 41.3168 -0.01805047 27.6831840955 101.655196408 -2.99027757055 61.1271487577 -170.296068616 0
36 11.1154818535 39.051821 41.275587 -0.019803098 53.4211486411 52.8837408262 1.54881841554 18.472325574 89.8753923793 0
39 10.9949071407 40.609584 41.247017 -0.013659721 83.7696698974 111.186983946 2.99760188997 82.1851080856 172.532581318 0
42 10.9942948818 42.081473 41.279186 -0.014178183 44.3488776944 98.12184558 -3.04844391924 56.8878640149 -173.850620608 0
45 11.0764141083 43.552295 41.213208 -0.0092852628 41.9291409438 27.6274301745 0.0251297981149 13.68239702 1.97183774211 0
48 11.3259439468 45.079977 41.189892 -0.010404952 43.2992189004 26.8352698378 0.0621921564385 14.4646561255 4.15950791838 0
51 11.0400710106 46.640834 41.096545 -0.012029947 44.5517817979 42.3505579514 -0.0987944857999 2.43653187649 -4.97124188463 0
54 11.064563036 48.21014 41.103056 -0.013219293 45.6985215368 41.7308520765 0.0162929910559 2.58889073121 1.69092932019 0
57 11.4299139977 49.69993 40.993437 -0.019411138 47.635129688 42.3948354267 -0.0403005158777 2.49545945239 -1.19687318905 0
60 11.0291011333 51.221815 41.026894 -0.026800957 48.8246653831 42.6036060236 0.000395845638114 2.86920670068 1.55826200741 0
63 11.0234069824 52.707826 40.957156 -0.02058299 50.6707112714 42.1727986022 -0.0101986212055 2.37226123221 0.59498050483 0
66 10.9413058758 54.31159 40.951842 -0.027308534 52.5856211716 41.8885781977 -0.0144396683503 1.96378285478 0.737331688849 0
69 11.5004498959 55.778879 40.909196 -0.015002614 53.6284630359 41.8805208521 0.00605062255007 2.35961030408 1.20626159941 0
72 10.9875040054 57.331901 40.836464 -0.018380323 55.222324487 41.9847628859 -0.0195772902471 2.40185415785 -0.0685811714715 0
75 11.4722270966 58.848313 40.76075 -0.022921269 57.2434545455 41.1884274326 -0.0500118788726 1.6608668355 -1.55217761014 0
78 11.0881021023 60.388876 40.75568 -0.012358794 58.5037935695 41.5346868075 -0.0368642724318 2.03970276658 -1.40406048909 0
81 10.9606449604 61.86858 40.735896 -0.015077049 60.04909186 42.3001927849 -0.0549134020463 2.39949193016 -2.28245490075 0
84 11.3111059666 63.333062 40.668539 -0.013920495 61.5417399371 41.9187006523 -0.00923565359964 2.18443102202 0.268421639929 0
87 10.9245300293 64.876385 40.58717 -0.032109511 63.1563559411 42.1389167274 -0.0368370290367 2.31655301459 -0.270866831073 0
90 10.9630589485 66.44697 40.579857 -0.020157695 64.9537818727 41.9672377906 -0.0222500302373 2.0382434206 -0.119881978423 0
93 10.9617581367 67.930314 40.55804 -0.02084507 66.2947518058 41.926309084 -0.0159117682896 2.13242209173 0.282657367068 0
96 10.9427258968 69.414343 40.447992 -0.021831497 68.3386392458 41.8245037838 -0.0121751829473 1.74697546002 0.553266040875 0
99 10.9297530651 70.999462 40.351868 -0.031419309 69.7970460971 41.997291116 -0.00935005829033 2.03794534624 1.26447492268 0
102 10.9742848873 72.481812 40.325422 -0.028226015 71.4929212085 42.2142427711 -0.00240559464982 2.1320292922 1.47940111132 0
105 10.9226341248 74.028193 40.279112 -0.026102315 72.6904077596 41.8811325586 -0.00672936275426 2.0871366078 1.10998840039 0
108 10.938380003 75.500101 40.224463 -0.026983514 74.249625948 41.770202759 0.0021263621036 1.98821509357 1.66787304289 0
111 10.9353530407 77.104162 40.159206 -0.035689283 75.8022237541 41.997764194 -0.00996290178459 2.25285139963 1.47401306579 0
114 10.9946908951 78.584191 40.097894 -0.03659834 77.0033533029 42.0352444766 -0.0127749940441 2.50047489366 1.36497717715 0
117 11.0011358261 80.1084 40.071744 -0.024096447 78.6217108023 41.9980187187 0.00247099906946 2.4332651032 1.52220253222 0
120 10.9607820511 80.881063 40.047709 -0.06972902 79.0560982471 42.2067369911 -0.0515122657294 2.82699455532 1.04374313613 0
123 11.0030460358 80.819811 40.085383 -0.20196514 79.4131997434 41.8327423458 -0.181090368827 2.24317184152 1.19603628649 0
126 11.1066250801 80.673305 40.189426 -0.34415967 79.0709136933 41.7527879961 -0.330501688271 2.23869574315 0.78254470974 0
129 11.0443329811 80.559381 40.228255 -0.49611957 79.187024308 42.195820533 -0.500088012769 2.39889078883 -0.227375021892 0
132 10.9818949699 80.474435 40.358509 -0.64523249 78.9558555412 42.1789853482 -0.637581011262 2.37069983483 0.438397438725 0
135 10.9660661221 80.446897 40.445937 -0.81868337 79.0106549316 41.736845148 -0.776017058571 1.93112276302 2.4445995723 0
138 10.9844841957 80.377523 40.602704 -0.97166139 79.377095184 42.827075348 -0.91152412283 2.43899235524 3.44561160031 0
141 11.0123069286 80.303277 40.677658 -1.1291983 79.6754726103 42.958538887 -1.06611520447 2.36570411768 3.61439513269 0
144 11.0275588036 80.24067 40.836497 -1.2914427 80.431583458 43.4640081087 -1.23582548905 2.63443781004 3.18663145576 0
147 11.0113940239 80.334643 40.99259 -1.4510482 79.782215763 42.9223086359 -1.35706936459 2.00723438245 5.38459063276 0
150 11.0013678074 80.305505 41.173119 -1.6076845 79.5258635849 43.4337414553 -1.51372619974 2.39128723107 5.38341405489 0
153 10.8813028336 80.260339 41.240273 -1.7630876 78.7975666339 42.091868918 -1.6327348228 1.69260704316 7.46866398163 0
156 10.930423975 80.351916 41.337649 -1.9138236 79.1108276765 41.5098891776 -1.77336952638 1.25298320238 8.04742563402 0
159 10.9494559765 80.458888 41.424429 -2.0695544 78.7910894695 41.3174983963 -1.94051268763 1.67122293313 7.39354549983 0
162 10.9392790794 80.580246 41.530351 -2.2462491 79.2814098354 41.9835621409 -2.13500981482 1.37563647837 6.3735415568 0
165 11.034307003 80.700832 41.575869 -2.3973477 79.1308798854 42.5043236564 -2.28069992786 1.82394563822 6.68342503333 0
168 11.0530939102 80.863789 41.557834 -2.56541 78.9104466805 42.7032786989 -2.17603399746 2.26441819805 22.3096015892 0
171 11.0577061176 80.910142 41.637692 -2.7112414 79.2726061466 42.6317122836 -2.41028983604 1.9156200029 17.2432544526 0
174 11.0264611244 81.000304 41.730578 -2.863125 78.8871753756 42.8249152724 -2.59225286582 2.37968204789 15.5198300761 0
177 11.4896478653 81.313486 41.614906 -3.0334876 78.9221823888 42.5949493384 -2.83259456698 2.58434090357 11.5103229255 0
180 11.0515618324 81.419836 41.643078 3.1037871 79.3955844067 42.7781917587 -3.00287042177 2.32079248493 10.1142970706 0
183 10.9242188931 81.472606 41.653948 2.9566422 79.5885972715 42.6556443909 3.10999854257 2.13374894221 8.78667119101 0
186 10.9999489784 81.600227 41.551467 2.7956666 79.4657115073 43.2080216354 2.9307196364 2.70191222076 7.73796899631 0
189 10.993710041 81.705618 41.391179 2.6371497 78.3906133802 43.1776187343 2.8640725201 3.76571673838 13.0017198667 0
192 11.0654449463 81.817002 41.340993 2.4823985 79.0069083919 43.3667947893 2.66052255907 3.46417363536 10.2057568147 0
195 10.9539279938 81.903012 41.262396 2.332631 78.908326749 43.7850694161 2.56958799143 3.91561245739 13.5766355352 0
198 10.9517390728 81.909487 41.089487 2.1583794 80.5092259673 43.6139392848 2.30110441669 2.88679585318 8.17754108724 0
201 11.0141980648 81.924053 40.998223 1.9975831 80.0254866668 43.1061877353 2.1816667039 2.83691195612 10.5472135808 0
204 11.03175807 81.960862 40.844259 1.8446809 80.6647574092 43.3238226182 2.01656744918 2.79787827598 9.84837382284 0
207 11.0235760212 81.927588 40.703608 1.6857979 80.4942614852 43.1251772129 1.90734413725 2.81396914533 12.6936643614 0
210 11.0272629261 81.924928 40.686406 1.5459903 80.1939869987 43.8051328096 1.77075267046 3.56687729858 12.8779352208 0
213 10.9866909981 81.81851 40.588718 1.3660151 80.6189443383 43.7824734879 1.58552029161 3.41160254031 12.5767210607 0
216 11.070912838 81.824065 40.431016 1.2110526 80.8137848721 43.7330807372 1.47736093503 3.45315760798 15.2583436466 0
219 11.0088598728 82.277545 41.390368 1.1504821 80.9327777255 45.0545957255 1.33751529014 3.90319918099 10.7162124237 0
222 11.0060539246 82.927041 42.739254 1.1137092 82.2280035143 47.5292655824 1.38182913117 4.84075039282 15.3621404592 0
225 11.0752820969 83.677797 44.09726 1.084748 81.7547674518 46.3269079921 1.2273241618 2.94437986881 8.16901233003 0
228 11.0292599201 84.372874 45.412874 1.0478677 81.8792577269 46.9259977156 1.17669240951 2.91679027288 7.38111215197 0
231 10.9958269596 85.159381 46.677356 1.0274995 82.8551859348 48.3009513557 1.11979793985 2.81875447278 5.28831105901 0
234 11.0674238205 85.928298 47.908079 0.99952116 83.5556667878 50.0251452416 1.0911246843 3.17983464042 5.24849533112 0
237 11.0048179626 86.76373 49.194484 0.95689161 84.8628721877 50.9842663661 1.03926570288 2.61085835319 4.7196878633 0
240 11.0348210335 87.649962 50.387631 0.93226665 85.5400380809 52.1485488243 0.98305708301 2.748201326 2.91007745113 0
243 11.1234810352 88.570925 51.559268 0.90792052 86.7506573815 52.9584475369 0.962875237003 2.29588274512 3.14867334862 0
246 11.0787601471 89.47196 52.652014 0.8832857 87.0895104114 53.7471148841 0.909798658999 2.62208161361 1.51908065307 0
249 11.0144760609 90.492516 53.754021 0.83763364 88.8444820037 56.4013483332 0.918467193259 3.11839029981 4.63142144477 0
252 10.9523580074 91.498687 54.898001 0.81217592 89.4185950562 57.5954137558 0.894246217003 3.40629095496 4.70228164164 0
255 10.9585750103 92.568948 55.94073 0.78340538 90.2574750825 58.3052648875 0.875235377972 3.30664970667 5.2614713165 0
258 11.0256581306 93.547241 56.960456 0.75288469 90.7631271098 59.4829789163 0.831554383795 3.75691522616 4.50744143005 0
261 10.9641160965 94.620679 57.928363 0.72990952 91.1091113201 59.96561465 0.812302223202 4.05974159969 4.72075415613 0
264 10.9722759724 95.770396 58.899507 0.6896339 92.7109948575 61.6881554313 0.77233012562 4.13962503425 4.73814470972 0
267 11.0371818542 96.962501 59.840194 0.66858365 94.3845262558 61.9654438547 0.711044747564 3.34105383471 2.4328416839 0
270 11.0023779869 98.232224 60.772339 0.64204005 95.4691960137 63.3219542291 0.689677330038 3.75963581611 2.72941509366 0
273 11.0504341125 99.416545 61.686454 0.60185601 97.5658569951 63.9956436627 0.630431948429 2.95929096062 1.6372806676 0
276 11.0561041832 100.66015 62.48684 0.57932353 98.7694480381 64.9736562768 0.601332217327 3.12394127718 1.26100489647 0
279 11.0599429607 101.84252 63.245661 0.55317695 99.9187006924 65.4036645139 0.573504164712 2.89103093974 1.16466361228 0
282 11.0248169899 103.2489 64.041483 0.52149049 100.681500328 65.7316971595 0.534196011362 3.07381928199 0.72797275056 0
285 11.0661139488 104.5021 64.838724 0.48902664 101.811764445 66.9833226158 0.526870633281 3.44052446874 2.16830109492 0
288 11.0317480564 105.89753 65.50297 0.45749312 103.473726287 67.7175136276 0.514485061273 3.2831429939 3.2653977012 0
291 11.0445458889 107.23441 66.106065 0.425495 104.622766566 68.4653589333 0.475167346103 3.51950980794 2.84601579023 0
294 11.072273016 108.62185 66.694881 0.38650919 106.03611387 69.3490211151 0.44750048409 3.70546772836 3.4945437384 0
297 11.0725049973 110.08086 67.251857 0.35533208 106.851863641 69.4824671876 0.420019960014 3.92454319588 3.70634251046 0
300 11.047451973 111.50781 67.766864 0.33459052 108.59159527 69.6541023896 0.364349361792 3.47361153389 1.70505603785 0
303 11.000164032 112.87691 68.182524 0.30685182 109.494444837 70.477389662 0.310700542784 4.08747831621 0.220515572054 0
306 11.074119091 114.36462 68.651393 0.28808498 111.329992599 71.0990294414 0.313708566375 3.89870332413 1.4681233553 0
309 11.0532550812 115.83449 69.001579 0.25083859 112.923243651 71.5419570463 0.275233048572 3.86379035677 1.39769951966 0
312 11.025854826 117.19736 69.329841 0.23044123 114.486492936 72.0968971807 0.277385196211 3.87368043919 2.68969113748 0
315 11.0276620388 117.78731 69.484411 0.20147117 115.382333699 72.7250771662 0.246115259273 4.03557036985 2.55791789556 0
318 11.0013051033 116.42938 69.228806 0.13415298 114.177754287 72.3826115085 0.204592418098 3.8750880683 4.03588251429 0
321 10.883384943 114.80773 69.128985 0.0979988 112.952028503 72.0203133031 0.175514182214 3.43560873834 4.44130424822 0
324 10.8811359406 113.35769 69.056433 0.067460522 111.615675382 71.4464378746 0.133399991833 2.95748850012 3.77805332476 0
327 10.8965470791 111.81488 68.96352 0.032275621 110.421870052 70.9390043472 0.135751624308 2.4172329473 5.92873827042 0
330 10.9294919968 110.29576 68.94659 -0.0039959963 108.775542831 71.1044365443 0.084520155655 2.63957609255 5.07160192576 0
333 10.9741499424 108.74459 69.016615 -0.039899491 107.490688899 71.4081343781 0.0383510314456 2.70030237324 4.48342468083 0
336 11.0115520954 107.27384 69.125159 -0.081381225 105.940712014 71.2350130995 0.0151626401523 2.49573927883 5.53155601111 0
339 10.9372389317 105.77123 69.311189 -0.11875782 104.274241457 71.9165013077 -0.0359936435338 3.00476736522 4.74203800639 0
342 11.0037329197 104.23308 69.487176 -0.13593074 102.975007688 71.6715718421 -0.0508476504419 2.52077986706 4.87490193961 0
345 10.9988799095 102.67844 69.809947 -0.17996689 101.550838672 72.7493239193 -0.118730540909 3.14824100564 3.5085843557 0
348 11.012016058 101.19539 70.111952 -0.20894349 100.085870559 72.8575266832 -0.142692861264 2.96128582376 3.79588141669 0
351 10.9495658875 99.695937 70.47501 -0.24032587 98.3344925457 73.2882539392 -0.182413105939 3.12535957346 3.31815696061 0
354 10.9560871124 98.200311 70.897104 -0.28344925 97.0973776485 73.6361856101 -0.216712322028 2.95280037336 3.82374431049 0
357 10.996639967 96.614615 71.415819 -0.3144709 95.6029896199 74.2391675186 -0.264555183537 2.99911366358 2.85995988472 0
360 11.0044541359 95.216051 71.909445 -0.34657274 94.0617162293 74.0983113472 -0.272954593834 2.47459585559 4.21800907091 0
363 11.0252420902 93.790761 72.497598 -0.38120404 92.1092548644 75.1044659224 -0.322939091888 3.10213204894 3.33833562036 0
366 11.0452649593 92.417114 73.016357 -0.35870282 90.2987936264 74.8265634364 -0.273644095261 2.78641858804 4.87350593832 0
369 11.0637300014 91.055309 73.519772 -0.33819517 89.593402417 74.3754015857 -0.22635400641 1.69389280807 6.40802664951 0
372 11.0293519497 89.614615 74.074076 -0.31837694 88.1218928273 75.5446702243 -0.221916899104 2.09543953803 5.526753235 0
375 10.9525370598 88.314109 74.556366 -0.29979055 86.9995453013 76.4645932114 -0.22262034324 2.31719848272 4.4215271515 0
378 11.0258150101 86.88131 74.994533 -0.2764152 84.8712012638 76.0026301164 -0.144637331368 2.24873229335 7.55031570584 0
381 10.9581279755 85.443672 75.387112 -0.25727157 83.7044684626 76.070299921 -0.120191274535 1.86857557508 7.85412238456 0
384 11.0331208706 84.055287 75.832526 -0.23267107 82.0465339505 75.7881375031 -0.0671336291937 2.0092434279 9.48459670959 0
387 10.9862990379 82.664555 76.128737 -0.22389476 80.6932052794 75.9108671536 -0.0435295619993 1.98335246258 10.3341646165 0
390 10.9661290646 81.173968 76.455415 -0.20673661 78.944166564 77.0810212161 -0.0445438505943 2.31590103023 9.29296058153 0
393 11.0176129341 79.819657 76.754609 -0.1833313 77.332802816 77.6455484338 -0.0224444514426 2.64163146691 9.2181374015 0
396 10.9742980003 78.325485 77.027059 -0.15611548 75.8808012789 78.1379369769 -0.027044603969 2.68524270331 7.39521645463 0
399 10.9143579006 76.892215 77.264525 -0.13798763 74.4497013735 77.8021725645 0.032056275515 2.50098734885 9.74279811793 0
402 11.0489919186 75.420868 77.548324 -0.12557438 72.7448837481 77.8554484607 0.0416470212804 2.69355102988 9.58108053763 0
405 10.9595329762 73.926916 77.691819 -0.097717287 70.6632877201 77.3562157484 0.104127465093 3.2808381691 11.5648524118 0
408 10.9773697853 72.448195 77.857208 -0.08052134 69.9537256224 77.6083018038 0.102922742549 2.50685695049 10.5105717067 0
411 10.8692889214 71.010734 77.97039 -0.05919809 69.2401815156 77.9866212072 0.104842464679 1.77062688108 9.39883145208 0
414 11.0193550587 70.665666 77.98114 -0.052809071 69.0938700755 78.8060769628 0.1075359458 1.77512349455 9.18709272861 0
417 10.9556250572 70.65903 77.973391 -0.052747867 69.1267875225 79.1121383141 0.109996584278 1.90906062117 9.3245701974 0
420 11.0150718689 70.662549 77.975477 -0.051931253 69.8311878822 79.4906758671 0.11999464702 1.7282907496 9.85062846016 0
423 11.0250940323 70.657477 77.975804 -0.053730261 69.4143531264 79.794414647 0.101702858127 2.2028848473 8.90566172253 0
426 10.993060112 70.657208 77.964864 -0.053397677 69.6924335167 79.853620762 0.1105354848 2.12089412973 9.39267829335 0
