3 5.85231995583 58.425211 99.52669 -0.076600623 98.3885341115 93.1632909704 -0.255592204682 40.4667770069 -10.2554621987 0
6 5.78834605217 58.436309 99.5178 -0.082073852 11.9828943087 39.7248292894 2.1528923323 75.7173631532 128.054129715 0
9 5.75467300415 59.138497 99.506199 -0.079127672 131.294145591 72.1974289148 1.32643457096 77.1505446974 80.5327843644 0
12 5.7660741806 60.588187 99.398001 -0.084356487 81.4862800049 133.894894134 2.92300706358 40.3331864244 172.30923891 0
15 5.66640615463 62.026729 99.268445 -0.080345137 85.9367307188 87.8396287781 -1.32802143216 26.5010570059 -71.4865859109 0
18 5.71088600159 63.612811 99.142137 -0.077882356 55.3742123736 120.037614084 -2.23828598359 22.4609766019 -123.782009906 0
21 5.6826441288 65.109709 99.045111 -0.075303117 122.129357402 102.454092815 -1.37466179713 57.1214623492 -74.4477684453 0
24 6.02503204346 66.576646 98.887554 -0.079079542 86.1140150736 9.11893692029 -2.53921762235 91.8700898156 -140.955529024 0
27 6.09692311287 68.114632 98.811042 -0.080004433 93.7227202465 71.2775699414 0.121701552465 37.6014131017 11.5569016697 0
30 6.11006879807 69.601579 98.673025 -0.074381156 35.7876824538 73.8562797805 -1.60104348548 41.9434195426 -87.4713082211 0
33 6.04719519615 71.154315 98.514904 -0.080273853 36.8405014381 69.4555712036 1.90918973822 44.965349145 113.987867272 0
36 6.10598492622 72.642873 98.438251 -0.077397051 35.5959341862 69.3864900718 1.34821754002 47.0795124072 81.6816992778 0
39 6.1433031559 74.179887 98.27586 -0.078945335 37.0747713877 71.5041539797 1.56405169767 45.7549324974 94.1367957242 0
42 6.09178805351 75.689674 98.17429 -0.079512997 34.190769594 67.893662528 -1.56250028728 51.3719326773 -84.9689128046 0
45 6.09366416931 77.259307 98.055637 -0.072379503 73.7661585956 99.7007122611 -0.152526873493 3.86113433978 -4.59210606832 0
48 6.14551782608 78.667542 97.976243 -0.066300397 76.3375068311 99.3767092813 -0.170750200335 2.71852343995 -5.98453290206 0
51 6.18330407143 80.25432 97.827625 -0.077582567 77.2125722259 100.785522399 -0.161730206903 4.2428040899 -4.82130462243 0
54 6.15535306931 81.813353 97.68277 -0.074716444 78.9707769263 99.3891693368 -0.154563311788 3.31542417068 -4.5748885316 0
57 6.16175103188 82.622729 97.654646 -0.085105116 79.7674390989 100.174703841 -0.0960260452314 3.808329285 -0.625723153323 0
60 6.11259102821 81.436592 97.754867 -0.094486992 79.6867878371 99.6655855193 -0.132222516657 2.59088013395 -2.16208630057 0
63 6.06332206726 79.890684 97.897701 -0.093381766 77.2174083167 99.5902557315 -0.0284448337224 3.16403925354 3.72061215403 0
66 6.15226221085 78.411812 98.037468 -0.097953665 75.398907382 99.6058916557 -0.0848105163842 3.39669648346 0.753046945199 0
69 6.12595415115 76.931086 98.162597 -0.096433306 74.3361765265 98.8643025733 0.00185411370274 2.68811195587 5.6314543282 0
72 6.18076705933 75.443161 98.337547 -0.10164342 72.8404966961 99.3244642288 -0.0300680174406 2.78349907409 4.1009684836 0
75 6.10015702248 73.912871 98.553041 -0.10292365 71.9864110556 99.0150063151 -0.0114954266933 1.9810754326 5.23845132385 0
78 6.10202693939 72.413468 98.668417 -0.11145399 69.6027116672 99.1473508683 -0.0333890149747 2.85126793067 4.47279359674 0
81 6.13595795631 70.926618 98.82512 -0.11572496 68.4662747213 99.3103659064 -0.0137475226016 2.50773855075 5.84287676849 0
84 6.0600938797 69.460294 99.048845 -0.12091472 66.7531582079 98.7881017984 0.0268139882798 2.71966380536 8.46423149735 0
87 6.0504758358 67.984026 99.205817 -0.12024712 65.676089956 98.3888438072 0.0238204176214 2.44826754684 8.25446187055 0
90 6.18418502808 66.409271 99.378533 -0.12589377 63.5004944508 99.1189201609 -0.00973692434482 2.92033899391 6.65529701759 0
93 6.1007540226 64.97003 99.579245 -0.12534264 62.9313161474 98.79930593 0.0147650174444 2.18280991512 8.02757744903 0
96 6.13520693779 63.450289 99.830398 -0.13542326 60.8245277268 99.4623927461 -0.0195557702888 2.65142417032 6.63871814323 0
99 6.13398718834 62.015499 100.01094 -0.13023941 59.7638078703 99.2070353243 -0.00880086204831 2.39089432453 6.95791626783 0
102 6.11652088165 60.420275 100.24313 -0.1356293 57.6763415131 99.2983228339 -0.0107143115013 2.90203920744 7.1571016389 0
105 6.1320040226 58.989222 100.44438 -0.14088208 56.0185227354 98.4185719689 0.0279102252835 3.59568523367 9.67108670703 0
108 6.09027910233 58.528509 100.58832 -0.24160345 56.7545623643 98.3458456209 -0.0903360963351 2.85929676797 8.66698094311 0
111 6.10750985146 58.390768 100.67023 -0.3827913 55.5988995 100.230592484 -0.249719754368 2.82627154869 7.624437938 0
114 6.11532092094 58.26024 100.80046 -0.53685502 55.6921939188 100.365444562 -0.374065636569 2.60463032042 9.32714462015 0
117 6.08618402481 58.2435 100.85046 -0.70040996 56.0178242348 101.812947476 -0.548737757969 2.42487417271 8.69017704581 0
120 6.0969209671 58.129433 100.95873 -0.85888639 56.7763836273 102.772300445 -0.699117000116 2.2626931658 9.15411173573 0
123 6.10311889648 58.21235 101.09089 -1.0276822 56.7642682951 101.553179841 -0.842680648035 1.52008306379 10.599808131 0
126 6.12690997124 58.152327 101.12822 -1.1869287 56.2440421662 101.72798939 -1.18267409288 2.00031855671 0.243771031436 0
129 6.10304689407 58.049715 101.26081 -1.3398137 55.88735273 101.407604712 -1.26465208897 2.16733921531 4.30644309346 0
132 6.18076920509 58.024835 101.49733 -1.4943786 56.3437550247 102.110128502 -1.47257125395 1.78928809501 1.24946889131 0
135 6.09761285782 58.064001 101.65215 -1.6522241 56.2428857413 101.266824237 -1.55306537288 1.86143405169 5.68137656609 0
138 6.12322616577 58.104403 101.68885 -1.8037565 56.854157749 101.670238297 -1.75847215564 1.25038377433 2.59460180998 0
141 6.1544508934 58.177183 101.78616 -1.9584038 56.5085311015 101.656204822 -1.91464361539 1.67370472504 2.50727388904 0
144 6.15722799301 58.164815 101.89412 -2.1101089 56.6864985097 103.324332779 -2.06167726648 2.05692203042 2.7749281954 0
147 6.15599799156 58.333441 101.96561 -2.2758326 55.2789173495 102.768506967 -2.12603762743 3.15828407056 8.58261972051 0
150 6.19813585281 58.547547 101.97367 -2.4518694 55.4422331263 101.777713931 -2.29064947562 3.1114904845 9.23722124047 0
153 6.14728689194 58.609003 102.09152 -2.5989269 55.1098438814 101.883576952 -2.46138040045 3.50533234492 7.88083391122 0
156 6.16675806046 58.561869 102.14088 -2.6173282 54.9473408954 102.104479402 -2.54737649497 3.61471138852 4.00793746784 0
159 6.12205815315 58.51155 102.01626 -2.5045701 54.5981049068 102.280630275 -2.35622525374 3.92236461077 8.49953360316 0
162 6.1276409626 58.437648 101.90068 -2.3721379 54.713904793 102.448854823 -2.20062228731 3.76387554363 9.82712072754 0
165 6.07620787621 58.147744 101.95537 -2.2082701 54.7176273972 102.550888561 -2.06780923712 3.48142819325 8.04781462965 0
168 6.14958691597 58.037351 101.82492 -2.0566813 54.3405834568 102.462617485 -1.87104917553 3.75136619799 10.6359372739 0
171 6.11784410477 57.944091 101.71587 -1.9011295 55.7111816065 101.449457498 -1.85296355895 2.24874631313 2.75970513818 0
174 6.16021704674 57.908577 101.57431 -1.7585036 55.1089374443 101.344270195 -1.66523816548 2.80907457252 5.34371577263 0
177 6.12890577316 57.841285 101.40683 -1.6171883 55.5532127209 102.721862041 -1.50075269666 2.63904983338 6.67126865624 0
180 6.03833794594 57.86028 101.30305 -1.4556073 54.5505845818 101.515056438 -1.35855879533 3.31647862812 5.56046972589 0
183 6.13658905029 57.788579 101.03213 -1.3093986 54.4432551698 102.163288555 -1.1704615559 3.53138941572 7.96050624487 0
186 6.13163685799 57.852229 100.87925 -1.1701135 53.6936042898 101.936987453 -1.05866809679 4.29103344184 6.38535125026 0
189 6.1004550457 57.956865 100.8248 -1.0236231 52.1037570353 101.339064272 -0.791082356109 5.87565660911 13.3236031898 0
192 6.11445403099 57.906072 100.67156 -0.85835482 54.2824491275 101.94695504 -0.715505036226 3.84151991134 8.1846897146 0
195 6.1429810524 57.990597 100.53155 -0.72265365 55.3059152756 101.493667892 -0.628744455325 2.85187426098 5.38060051233 0
198 6.05324602127 58.042848 100.37669 -0.56279892 53.7827092196 102.329193561 -0.15486856664 4.68626211204 23.3726875828 0
201 6.09157085419 58.157277 100.32166 -0.41301063 54.9049360251 101.928300209 -0.137134310475 3.62753560681 15.8065487764 0
204 6.11739897728 58.686264 100.08548 -0.29965148 53.0642338684 102.482826789 0.161485187202 6.11183232978 26.4211848094 0
207 6.07714319229 59.980629 99.666017 -0.30408986 55.8676815581 100.752925946 0.1319388221 4.25414006799 24.982603231 0
210 6.09727311134 61.363687 99.173884 -0.32636207 56.2091843239 102.229307895 -0.0120739596386 5.99203746762 18.0073822749 0
213 6.11896014214 62.885593 98.69498 -0.37512441 59.9891393274 100.598156459 -0.175477194079 3.46576463609 11.4389428638 0
216 6.11490106583 64.287236 98.118834 -0.4012694 61.1794643666 99.1996917759 -0.278523865572 3.29036442622 7.03280107682 0
219 6.09580087662 66.572969 97.068508 -0.44319642 63.6797623941 99.0894259748 -0.336282931795 3.52912934382 6.12569164714 0
222 6.1169860363 67.896132 96.441291 -0.47211549 65.2429699327 97.4339502655 -0.359081426557 2.83277979604 6.47637477653 0
225 6.08968091011 69.150612 95.708615 -0.49267498 65.91552416 97.1898785016 -0.411549546617 3.55808022587 4.648144944 0
228 6.10365891457 70.465141 94.973778 -0.52461339 67.2863382645 96.2212190502 -0.45175133542 3.41480541243 4.1746882141 0
231 6.10996222496 71.675984 94.192345 -0.54871183 69.1104994039 95.5911185655 -0.481688083237 2.92203331608 3.8401778167 0
234 6.13735389709 72.999296 93.402727 -0.58180979 70.2839835955 95.3055059291 -0.531706169875 3.31564309103 2.87072597147 0
237 6.13340806961 74.284244 92.44261 -0.63095882 71.6948442452 94.2704320028 -0.567588125966 3.16953062209 3.63087331294 0
240 6.15111899376 75.447368 91.599491 -0.66374929 73.4818458752 93.1610037468 -0.585104823651 2.51029864388 4.50599600387 0
243 6.10842585564 76.572595 90.665594 -0.69142624 74.0471427051 92.6196712575 -0.608124477366 3.19316883703 4.77283942493 0
246 6.14565491676 77.783785 89.658033 -0.71509647 75.318230618 91.4379201656 -0.637082746071 3.04088091396 4.46985712521 0
249 6.11279821396 78.874801 88.696028 -0.74032963 77.0595983257 90.6492564949 -0.675667350351 2.66647000774 3.70487571756 0
252 6.09616303444 80.03236 87.613917 -0.7252394 77.9581215075 89.4798636293 -0.642848125846 2.79002189006 4.72067227771 0
255 6.08012199402 81.079285 86.604124 -0.70281223 78.9745058587 88.3684858462 -0.644964798513 2.74646462897 3.31441367985 0
258 6.09499287605 82.380517 85.593177 -0.66953842 79.9555936977 87.1627794753 -0.626257429839 2.88858182379 2.47981806939 0
261 6.10247302055 83.553536 84.670161 -0.64546431 81.1877459259 86.9691073828 -0.578498550237 3.29880541193 3.83685540632 0
264 6.10535693169 84.753159 83.736184 -0.60820056 82.4387724169 85.5481076525 -0.558726938909 2.93929457158 2.83462968575 0
267 6.11013507843 85.938286 82.919631 -0.58097683 84.3492257115 84.2762463683 -0.540259466645 2.0893821714 2.33293307315 0
270 6.09383821487 87.249998 82.030848 -0.55954063 85.1055550784 83.5373106328 -0.515668324707 2.62069935477 2.51369793082 0
273 6.08114790916 88.578333 81.141585 -0.52544337 86.2486081535 82.9080770011 -0.497775605027 2.92371541881 1.58524616149 0
276 6.08518791199 89.874585 80.458812 -0.49549775 87.8664539342 81.2351479532 -0.438535882302 2.15297187391 3.26367461228 0
279 6.14495015144 91.229191 79.664539 -0.46697991 88.9745954036 81.5107932267 -0.423575060443 2.91407892363 2.48691469004 0
282 6.0806760788 92.640842 79.007823 -0.44436504 90.0129230276 80.9687118906 -0.381922788301 3.27887837025 3.57767748566 0
285 6.11357092857 93.942666 78.269838 -0.40450827 91.019534648 80.1767008716 -0.356720631294 3.49010356757 2.73803001072 0
288 6.10469007492 95.385584 77.620959 -0.38607018 93.1126149681 79.9841085298 -0.298089612154 3.27885100606 5.04091521674 0
291 6.08234715462 96.747733 77.074345 -0.36376533 94.536434587 79.2480122142 -0.284609084309 3.10075310684 4.53531880017 0
294 5.57319498062 98.250871 76.540386 -0.33417824 96.5637901886 78.6297760344 -0.218116221433 2.68547805434 6.64986382566 0
297 5.5030040741 99.752933 76.027378 -0.30758365 96.714944367 78.9461362833 -0.187087578009 4.21289981495 6.90391637298 0
300 5.49716305733 100.00981 75.897783 -0.33361957 98.3179966858 78.7773720271 -0.178594103855 3.33980018195 8.88230492713 0
303 5.48857808113 98.714105 76.429985 -0.36219797 96.6979450531 79.5065558251 -0.226036776832 3.67834051895 7.80146170201 0
306 5.51314592361 97.284888 77.028291 -0.39087517 95.2292836663 79.175168076 -0.240342044562 2.97230388019 8.6249127645 0
309 5.51880121231 95.817851 77.649213 -0.42317241 95.0298035302 79.6919722887 -0.290105537867 2.18949407995 7.62417016621 0
312 5.53746795654 94.571565 78.35291 -0.46228827 93.0106742046 80.1220244924 -0.322634760194 2.35926814126 8.00155670608 0
315 5.48366093636 93.13187 79.138887 -0.4938927 91.0389029972 80.1628370157 -0.326786718126 2.33001813496 9.57446749277 0
318 5.52930593491 91.836662 79.862922 -0.52529077 89.9196420738 80.7331395743 -0.368579235982 2.1052895345 8.97890950027 0
321 5.51818299294 90.529269 80.702102 -0.55721841 88.4379965043 81.5030605026 -0.400732581117 2.23940955929 8.96597754863 0
324 5.49455690384 89.308886 81.573217 -0.59808232 87.5905509625 81.3799842566 -0.390668397366 1.72916575093 11.8839423792 0
327 5.50523304939 88.100372 82.484783 -0.6409076 86.0594132299 82.8718981245 -0.470771565613 2.07734706313 9.74807671349 0
330 5.57276701927 86.96204 83.432583 -0.67310863 84.5843443038 84.0913957391 -0.50281281623 2.46728009131 9.75723139779 0
333 5.5461139679 85.711036 84.448892 -0.70015711 83.3942915225 83.144612519 -0.484326864302 2.65865566374 12.3661621697 0
336 5.55535793304 84.630521 85.38864 -0.74348817 82.2751646218 85.6363305367 -0.574836240256 2.36834420439 9.66304378108 0
339 5.56445097923 83.531548 86.470864 -0.76732045 80.6931704715 86.5090182011 -0.607214575679 2.83863395619 9.17339087386 0
342 5.5708398819 82.436303 87.632765 -0.79615086 79.5152538598 87.9448357914 -0.647732120397 2.93767191125 8.50376737993 0
345 5.54230713844 81.390428 88.717115 -0.83255466 78.2417762139 88.9477602969 -0.689934239526 3.15708810827 8.17154816555 0
348 5.56114006042 80.091493 90.270385 -0.85191671 77.1867579578 89.2865558251 -0.673168213121 3.06682335831 10.2415344654 0
351 5.5354180336 79.121061 91.3195 -0.83027867 76.6354033994 89.5526744422 -0.618711180698 3.04961739551 12.1219242192 0
354 5.56339287758 78.091476 92.534394 -0.81038411 75.1060907106 92.4562278101 -0.644391638926 2.98640842473 9.51066802347 0
357 5.4779291153 77.093441 93.512556 -0.78090008 74.4760730658 93.4122638422 -0.619425118754 2.61928872408 9.25183377642 0
360 5.51072120667 76.051262 94.597058 -0.76703211 73.3689255031 93.2583000165 -0.577652695771 2.99786624467 10.850641162 0
363 5.50643086433 75.027276 95.58972 -0.75132884 72.0988982975 94.2050685981 -0.571989665065 3.23923686584 10.2753778251 0
366 5.53184890747 73.852657 96.593273 -0.72312741 70.574553887 93.8549604601 -0.522352153333 4.27133651051 11.5035748377 0
369 5.51508688927 72.811015 97.559971 -0.70587276 69.4342345816 95.6873616083 -0.46856499599 3.8612578168 13.5967333235 0
372 5.55832195282 71.630899 98.505259 -0.68120937 68.8595252712 98.5615539426 -0.555283162123 2.77194542967 7.21504024144 0
375 5.51422595978 70.538887 99.423882 -0.66641532 67.3585577913 99.6028198959 -0.509366528217 3.18535910793 8.99823294677 0
378 5.54006791115 69.331788 100.31013 -0.63648641 66.0680071632 99.715992724 -0.480653072503 3.31741834164 8.92859254603 0
381 5.54352712631 68.205766 101.18772 -0.63190253 65.5614549699 101.524771853 -0.486525063595 2.66570530544 8.3295152613 0
384 5.51251316071 66.997353 102.01418 -0.604237 64.2128398925 101.914848703 -0.427164988481 2.7862842555 10.1454789299 0
387 5.49053311348 65.749881 102.79371 -0.58263231 63.3115541865 102.956959864 -0.409738465727 2.44378562228 9.90608758061 0
390 5.50560712814 64.390622 103.72927 -0.540005 61.5593442384 103.932893575 -0.368701894156 2.83859055228 9.81494498237 0
393 5.55567383766 63.066948 104.49561 -0.5165186 60.7611363521 104.610538941 -0.383954892515 2.30867408208 7.59534095552 0
396 5.49253988266 62.072466 105.11862 -0.50368551 59.2432732053 105.286301068 -0.358195804109 2.83415751326 8.33594611014 0
399 5.52416086197 62.084059 105.11634 -0.50537083 59.1949183284 105.40952216 -0.331225910141 2.9039782367 9.97776893156 0
402 5.52304601669 62.06969 105.12384 -0.50501376 59.0774822524 105.205751094 -0.332041960001 2.99332868761 9.91055411471 0
405 5.54162597656 62.088061 105.11683 -0.50531554 58.0476079572 105.958524879 -0.320268996022 4.12719166757 10.6023859834 0
408 5.49908089638 62.080145 105.11527 -0.50526072 57.6982765492 104.498772448 -0.268496802632 4.4250243335 13.5655732061 0
411 5.52029013634 62.084425 105.11388 -0.50526675 58.1415574886 105.580416396 -0.313471121863 3.97037283149 10.9890800213 0
414 5.49592995644 62.090561 105.10315 -0.50372534 59.4699394449 107.498575816 -0.351001671718 3.55045379867 8.75042162433 0
