3 1.39540791512 31.520043 41.394881 -0.0070850614 36.1198081802 76.0555371815 -0.4320179381 34.9645381301 -24.3468604113 0
6 1.38842391968 31.529937 41.402987 -0.0081764059 13.3460269518 57.6256405023 -1.85438530205 24.3686083168 -105.779977849 0
9 2.61352705956 31.522543 41.401068 -0.0068718684 27.9306659473 97.3075795596 -2.28349235559 56.0217780468 -130.440745469 0
12 1.5536339283 31.528168 41.375423 -0.0049451513 57.2252358929 87.7516873234 -0.625308113693 53.0197811282 -35.5441795113 0
15 1.45425009727 31.523843 41.397689 -0.0081913964 132.720325146 45.3919477071 2.58012886231 101.275278826 148.299826853 0
18 1.64876580238 31.52518 41.394772 -0.0077822512 72.1577151938 79.1558870447 -1.41578030901 55.4698542065 -80.6723462753 0
21 1.71719908714 31.646202 41.400982 -0.0069641742 32.6325086235 115.481004677 -2.18081358945 74.0865882643 -124.552396791 0
24 1.41704106331 32.968315 41.348607 -0.0066445448 92.4871872289 111.396714 -0.421957551956 91.9197119539 -23.7956824869 0
27 1.54244017601 34.520488 41.363888 -0.010157874 88.716972671 99.8972608992 -0.352723443322 79.7710141195 -19.6275613287 0
30 1.43835091591 35.981317 41.339656 -0.012968194 133.374108291 47.6275239544 1.2943960068 97.5955587051 74.9064509924 0
33 1.39128303528 37.47125 41.3168 -0.01805047 18.8057407457 121.154956811 -0.99910939885 81.9910514552 -56.2105360767 0
36 1.43493103981 39.051821 41.275587 -0.019803098 131.178446098 125.72010002 -2.02848855658 124.972760357 -115.089199146 0
39 1.57997703552 40.609584 41.247017 -0.013659721 91.2981565123 36.4346414732 -1.25710929822 50.9165036265 -71.2444128121 0
42 2.03357386589 42.081473 41.279186 -0.014178183 103.868071534 82.2616107863 2.06464614652 74.1427198027 119.107860431 0
45 2.97808599472 43.552295 41.213208 -0.0092852628 81.4095668896 87.9691688286 -1.09684423821 60.160559405 -62.3125392628 0
48 2.82349419594 45.079977 41.189892 -0.010404952 115.025973678 57.3351678805 1.64774496861 71.7851822074 95.0049922512 0
51 2.81741881371 46.640834 41.096545 -0.012029947 35.3764933507 76.9489599112 -3.14051974218 37.580327636 -179.249261514 0
54 2.82698607445 48.21014 41.103056 -0.013219293 61.4521615075 17.0450834106 0.227333381304 27.461558199 13.7826529882 0
57 2.83974695206 49.69993 40.993437 -0.019411138 28.0186514094 91.3194984746 0.48742609206 54.7977217124 29.0396341825 0
60 2.84366416931 51.221815 41.026894 -0.026800957 30.34521379 95.9348368007 1.20825405128 58.7427839031 70.7634394411 0
63 2.85236597061 52.707826 40.957156 -0.02058299 28.7602099449 94.634174325 0.732273274933 58.7767863274 43.1354865606 0
66 2.86087107658 54.31159 40.951842 -0.027308534 29.4353371922 94.7310538689 0.512452666756 59.2539583741 30.9260387483 0
69 2.81259202957 55.778879 40.909196 -0.015002614 33.2795875135 92.036590703 -2.52459237252 55.8590064941 -143.788901472 0
72 2.87359309196 57.331901 40.836464 -0.018380323 34.1383175752 94.2899018658 1.29279334122 58.2684505694 75.1247171686 0
75 2.93663787842 58.848313 40.76075 -0.022921269 37.7594481765 94.5131310012 1.85985227102 57.7413082883 107.874977622 0
78 2.84531497955 60.388876 40.75568 -0.012358794 115.295607396 140.240236356 3.03645205941 113.630656541 174.683994434 0
81 2.95336890221 61.86858 40.735896 -0.015077049 113.809773854 142.619069047 2.91248551671 114.359383389 167.736979276 0
84 2.96573209763 63.333062 40.668539 -0.013920495 43.6978935951 104.436193336 0.7346076397 66.7222120272 42.8875029651 0
87 3.00116705894 64.876385 40.58717 -0.032109511 73.6614917344 60.0348764125 -2.24353284215 21.3399012425 -126.705223592 0
90 3.24035286903 66.44697 40.579857 -0.020157695 105.135412191 37.7359928235 -2.37174210527 38.7928230813 -134.735861877 0
93 3.48775696754 67.930314 40.55804 -0.02084507 53.7624304348 104.368546236 0.204941188008 65.3644370496 12.9365996559 0
96 2.94224882126 69.414343 40.447992 -0.021831497 54.4508728231 106.431575716 -0.014038320192 67.6589887583 0.446516140096 0
99 3.08147215843 70.999462 40.351868 -0.031419309 56.2074320673 81.0823124867 0.530958070539 43.3332811775 32.2218503412 0
102 2.94000911713 72.481812 40.325422 -0.028226015 56.645932513 82.4406377895 1.93816049248 44.9940716108 112.66564777 0
105 3.08439302444 74.028193 40.279112 -0.026102315 42.4321840481 103.174650068 1.28376135943 70.385769091 75.0496602825 0
108 2.60654091835 75.500101 40.224463 -0.026983514 134.979985128 77.4858964601 0.935980513643 70.1873994346 55.1737746069 0
111 2.53818583488 77.104162 40.159206 -0.035689283 136.949120931 79.9911125002 0.812599219343 71.8888022221 48.6033509937 0
114 2.55589818954 78.584191 40.097894 -0.03659834 113.909642781 37.1653204257 -1.86659413173 35.4469678713 -104.851035393 0
117 2.54302787781 80.1084 40.071744 -0.024096447 78.4695919591 113.902442 1.79733354587 73.8488839388 104.36025127 0
120 2.79316711426 80.881063 40.047709 -0.06972902 95.3617337999 124.269020671 0.838070667625 85.4571188749 52.0130907442 0
123 3.05590415001 80.819811 40.085383 -0.20196514 141.799696468 79.6740884429 0.378017808972 72.7035902159 33.2305751656 0
126 2.51110196114 80.673305 40.189426 -0.34415967 82.4785678225 46.1640933123 2.61709018103 6.24144401172 169.667118548 0
129 2.60085701942 80.559381 40.228255 -0.49611957 11.1030728236 107.222745886 1.97589143732 96.5009873243 141.635797629 0
132 2.42550301552 80.474435 40.358509 -0.64523249 78.4711445793 47.6634864049 2.39954821442 7.57468596023 174.453083906 0
135 2.37712097168 80.446897 40.445937 -0.81868337 58.9557058252 108.893579514 -0.305828994619 71.7422543821 29.3843912142 0
138 2.54391598701 80.377523 40.602704 -0.97166139 104.973386634 53.1342041171 -1.3884581414 27.6042569744 -23.8806947698 0
141 2.43838596344 80.303277 40.677658 -1.1291983 101.14192549 54.436194106 -1.62564434458 24.9709148143 -28.4442631103 0
144 2.3637239933 80.24067 40.836497 -1.2914427 104.951895504 54.385390399 -2.25124076398 28.1818590273 -54.992378251 0
147 2.37251091003 80.334643 40.99259 -1.4510482 105.874095937 61.8738666439 -0.473954874439 32.9892614436 55.9833237451 0
150 2.47614789009 80.305505 41.173119 -1.6076845 108.011987206 62.9722637289 -0.894636989416 35.2541042595 40.8546129488 0
153 2.39647316933 80.260339 41.240273 -1.7630876 27.0808040512 35.6300562617 2.00261979165 53.4746432361 -144.240859578 0
156 2.37978982925 80.351916 41.337649 -1.9138236 25.4902088251 37.4795564412 1.76347768986 54.9971980408 -149.306156093 0
159 2.32638192177 80.458888 41.424429 -2.0695544 87.0028199508 78.9737585908 0.938905954928 38.1152882463 172.37208117 0
162 2.38647794724 80.580246 41.530351 -2.2462491 25.3817517781 70.3422777035 -0.0991688141781 62.2655674087 123.018638653 0
165 2.36723709106 80.700832 41.575869 -2.3973477 30.1540001413 69.4924454937 -0.210238026246 57.7435490257 125.312153638 0
168 2.37916302681 80.863789 41.557834 -2.56541 88.4734839256 45.6498821457 0.910402232091 8.64015711014 -160.850628721 0
171 2.3844101429 80.910142 41.637692 -2.7112414 87.9754008882 50.3382980195 1.32907744926 11.2079627169 -128.50678205 0
174 2.36165118217 81.000304 41.730578 -2.863125 102.582142981 63.6268423545 -1.89365130334 30.7444656238 55.5467511676 0
177 2.46310997009 81.313486 41.614906 -3.0334876 26.3964909723 68.0896166047 -1.4717905427 60.9654545171 89.4786502614 0
180 2.45886802673 81.419836 41.643078 3.1037871 32.6537304923 72.2261969059 -1.17718207174 57.5626633192 114.718534234 0
183 2.43745112419 81.472606 41.653948 2.9566422 91.7322342969 53.7390285838 0.22329063548 15.8527330612 -156.609508572 0
186 2.37430119514 81.600227 41.551467 2.7956666 106.643196308 62.8440902251 2.65588135442 32.8713570691 -8.00910460992 0
189 2.39745616913 81.705618 41.391179 2.6371497 34.3466564697 67.8578535189 -1.56379905686 54.2527058986 119.303366281 0
192 2.4285171032 81.817002 41.340993 2.4823985 31.5031164412 67.2578927331 -1.7370823457 56.5965791528 118.241555805 0
195 2.34649515152 81.903012 41.262396 2.332631 33.1933059181 64.7548175706 -1.78465221248 54.0789176837 124.097048865 0
198 2.46040678024 81.909487 41.089487 2.1583794 31.8326751084 67.7157065158 -1.84809950799 56.715453405 130.445667864 0
201 2.41886591911 81.924053 40.998223 1.9975831 111.704699604 63.4455675115 -2.88882814203 37.2930313563 80.0292588662 0
204 2.43390893936 81.960862 40.844259 1.8446809 110.056279473 66.8219539061 2.28222813699 38.2647764347 25.0696100174 0
207 2.43517708778 81.927588 40.703608 1.6857979 28.6449063461 64.5998311388 -2.10839269283 58.3958358492 142.608892363 0
210 2.48992300034 81.924928 40.686406 1.5459903 109.777305733 66.1046784539 1.735795953 37.7073403982 10.8750628445 0
213 2.48657011986 81.81851 40.588718 1.3660151 29.2927680531 65.7326595011 -2.41221773927 58.2337647872 143.523204292 0
216 2.38110113144 81.824065 40.431016 1.2110526 29.9974830418 64.4698944459 -2.79126337702 57.1302220756 130.684186239 0
219 2.44676589966 82.277545 41.390368 1.1504821 27.1649102336 65.8040665891 -2.85209718221 60.2779494483 130.669099963 0
222 2.38920402527 82.927041 42.739254 1.1137092 24.3329868066 66.1820535613 -2.78756296755 63.1096509108 136.473570068 0
225 2.44183683395 83.677797 44.09726 1.084748 23.4220097871 65.1978136402 -2.81433824111 63.8435059858 136.598814427 0
228 2.4488120079 84.372874 45.412874 1.0478677 17.9411954859 65.2098399952 -2.69795984583 69.3187404157 145.37989084 0
231 2.37843704224 85.159381 46.677356 1.0274995 23.7628158675 64.0592237563 -2.78170566076 63.809619469 141.748620989 0
234 2.45536184311 85.928298 47.908079 0.99952116 22.3501559681 67.3986118665 -2.58831504626 66.4985790499 154.432127797 0
237 2.44109511375 86.76373 49.194484 0.95689161 19.21312095 62.9350253719 -2.5274376846 68.9339340254 160.362636985 0
240 2.37373805046 87.649962 50.387631 0.93226665 11.5177368979 60.4292110994 -2.79033332742 76.7915947867 146.710732479 0
243 2.36067390442 88.570925 51.559268 0.90792052 15.2728615832 59.6488103947 -2.96768669023 73.7431135551 137.944063803 0
246 2.41726779938 89.47196 52.652014 0.8832857 16.6660449883 61.77144746 -2.96493839111 73.3748276135 139.513000959 0
249 2.39787721634 90.492516 53.754021 0.83763364 14.5953664755 59.3808240755 -2.95062608008 76.1054414533 142.94870634 0
252 2.46647286415 91.498687 54.898001 0.81217592 13.1389421843 60.9504746396 -2.79415428449 78.5931424791 153.372499752 0
255 2.39193201065 92.568948 55.94073 0.78340538 12.6160994969 58.5430961742 -3.02184624412 79.9951891895 141.975141953 0
258 2.36615800858 93.547241 56.960456 0.75288469 12.0471908827 59.7172167212 -3.00935057721 81.5466608684 144.439797653 0
261 2.3770210743 94.620679 57.928363 0.72990952 13.1086226983 57.1193511674 -2.99645037584 81.5160709473 146.495305021 0
264 2.44502806664 95.770396 58.899507 0.6896339 7.94595534377 57.9972472798 -3.06273003386 87.8290751926 145.005383393 0
267 2.43529891968 96.962501 59.840194 0.66858365 54.5264953544 89.4085611014 -1.34877029599 51.7213970054 -115.585866889 0
270 2.37822818756 98.232224 60.772339 0.64204005 51.8143808546 87.0271955012 -1.64305230579 53.3285444407 -130.926147784 0
273 2.3877761364 99.416545 61.686454 0.60185601 84.1600786928 69.8297127782 1.74968205255 17.2937106404 65.7655878531 0
276 2.44158697128 100.66015 62.48684 0.57932353 51.0149396227 84.6132590781 -1.62915222611 54.3527858957 -126.536339982 0
279 2.4145219326 101.84252 63.245661 0.55317695 45.8449856533 67.8682832 2.92569389821 56.1880101882 135.935207956 0
282 2.3511068821 103.2489 64.041483 0.52149049 16.9379481106 40.6491791625 -2.45122036644 89.4247185899 -170.323785787 0
285 2.33990287781 104.5021 64.838724 0.48902664 11.4401665307 39.3752168792 -2.38544449413 96.4827116945 -164.695064318 0
288 2.36916613579 105.89753 65.50297 0.45749312 9.52246133028 42.8796819263 -2.41924178461 98.9947828138 -164.824768812 0
291 2.34887385368 107.23441 66.106065 0.425495 37.1014857669 72.2802053867 2.05275360018 70.4041694149 93.2350499667 0
294 2.34824705124 108.62185 66.694881 0.38650919 7.52466045773 58.4261726882 3.12643350472 101.434773478 156.986099418 0
297 2.36257386208 110.08086 67.251857 0.35533208 20.7174549721 42.8913769028 -1.68432751502 92.6242470887 -116.863886438 0
300 2.34277796745 111.50781 67.766864 0.33459052 82.291272943 78.0669047072 1.63255441277 30.9789747438 74.3678530161 0
303 2.41130805016 112.87691 68.182524 0.30685182 59.1451153309 82.1250642494 -1.50967111722 55.5112618031 -104.079097691 0
306 2.36465096474 114.36462 68.651393 0.28808498 37.7140674675 79.7745681059 1.81605750237 77.4534197306 87.546376744 0
309 2.39477300644 115.83449 69.001579 0.25083859 83.179311415 84.7030174953 1.48571429011 36.2339048302 70.7531658397 0
312 2.36023211479 117.19736 69.329841 0.23044123 103.634845466 125.671479541 1.3435801461 57.9510313449 63.7781619042 0
315 2.37018179893 117.78731 69.484411 0.20147117 82.6174496566 84.7690613706 1.45373653529 38.3476154869 71.7495202614 0
318 2.3815100193 116.42938 69.228806 0.13415298 57.6784089802 122.157702992 0.994000067114 79.0768280381 49.2656091182 0
321 2.35836982727 114.80773 69.128985 0.0979988 55.1639741843 75.6717712742 -2.12111364802 60.001547147 -127.145777537 0
324 2.30540704727 113.35769 69.056433 0.067460522 52.4943984278 78.5413168961 -1.87890612542 61.5979162271 -111.518594282 0
327 1.82230997086 111.81488 68.96352 0.032275621 119.785955392 93.69316311 -0.427913409438 25.9825574426 -26.3668892223 0
330 1.83574414253 110.29576 68.94659 -0.0039959963 102.337751217 123.604897672 1.44249189309 55.2345951493 82.8776511787 0
333 1.86318898201 108.74459 69.016615 -0.039899491 101.837884071 119.734642339 1.25385853305 51.186139569 74.1268744895 0
336 1.87029504776 107.27384 69.125159 -0.081381225 80.1768097676 82.6224442426 0.945271594958 30.2725247764 58.8228736088 0
339 1.86777496338 105.77123 69.311189 -0.11875782 97.13524142 116.061055781 1.3311881987 47.5408281667 83.0757873933 0
342 1.84297585487 104.23308 69.487176 -0.13593074 97.7775418462 115.860335198 1.17056519543 46.8203360395 74.8567030514 0
345 1.79455089569 102.67844 69.809947 -0.17996689 80.8352535747 75.0830741058 1.04527057943 22.4706622663 70.2009358996 0
348 1.87039613724 101.19539 70.111952 -0.20894349 92.4586612319 117.246462156 1.02436637254 47.9373807926 70.6634499555 0
351 1.9302110672 99.695937 70.47501 -0.24032587 95.6114270857 112.706831977 1.05531807357 42.4288817755 74.2349297181 0
354 1.91702198982 98.200311 70.897104 -0.28344925 93.2549435436 110.940470472 1.17319718887 40.3475880037 83.4596931903 0
357 1.87723994255 96.614615 71.415819 -0.3144709 88.5852012969 112.444119437 0.910598548342 41.8066133659 70.1913090004 0
360 1.68368411064 95.216051 71.909445 -0.34657274 70.662748975 72.1999183206 0.523148574683 24.5550201605 49.8313606839 0
363 2.06214189529 93.790761 72.497598 -0.38120404 86.7564052661 110.537172228 0.889611714897 38.6845106988 72.8123792943 0
366 1.89365816116 92.417114 73.016357 -0.35870282 110.058500974 112.054149626 -1.13253699079 42.8388583825 -44.337432029 0
369 1.79080700874 91.055309 73.519772 -0.33819517 96.4854767303 102.928727041 1.86244799069 29.9060756068 126.087565322 0
372 1.79235601425 89.614615 74.074076 -0.31837694 77.8951729231 65.6825697828 1.06158381354 14.4139758286 79.0659270715 0
375 1.80152606964 88.314109 74.556366 -0.29979055 87.5725328022 78.8995684837 -0.15543621667 4.40605754295 8.27089405422 0
378 1.82364702225 86.88131 74.994533 -0.2764152 86.8139866447 78.359479114 -0.250228159528 3.36561952457 1.50040689698 0
381 1.83480501175 85.443672 75.387112 -0.25727157 84.6121266586 77.6780131562 -0.147701907127 2.43714910546 6.27787924528 0
384 1.84280204773 84.055287 75.832526 -0.23267107 81.8148168919 78.1056765707 -0.136096290031 3.19169544634 5.53332729963 0
387 1.91127800941 82.664555 76.128737 -0.22389476 81.60364793 75.3163615183 -0.0288431674523 1.33621769723 11.1756330403 0
390 1.83513402939 81.173968 76.455415 -0.20673661 78.3671122637 77.5313458492 -0.227459278419 3.00600504269 -1.18732144068 0
393 1.82903599739 79.819657 76.754609 -0.1833313 76.1097640021 76.7240931128 0.0594073597237 3.71001850064 13.9079007268 0
396 1.80342102051 78.325485 77.027059 -0.15611548 77.0486811276 79.7084908158 -0.00794887060678 2.96989978138 8.48932138299 0
399 1.80192279816 76.892215 77.264525 -0.13798763 73.9045024905 78.6753848243 -0.0763932013019 3.30408103462 3.52910080592 0
402 1.79516911507 75.420868 77.548324 -0.12557438 74.452780265 76.9270252815 0.180365418983 1.15030689829 17.5290592668 0
405 1.8014690876 73.926916 77.691819 -0.097717287 69.2626811083 78.2611770913 -0.0186963893385 4.69885685683 4.52756392934 0
408 1.86912894249 72.448195 77.857208 -0.08052134 69.5912511137 78.1630334377 0.0953452556434 2.87326601064 10.0764136877 0
411 1.88858580589 71.010734 77.97039 -0.05919809 68.9436954854 78.192756757 0.18787034956 2.07896493363 14.1559788377 0
414 1.80836796761 70.665666 77.98114 -0.052809071 70.6055350575 80.7407734394 0.0340584982603 2.76028847229 4.97714509517 0
417 1.89761614799 70.65903 77.973391 -0.052747867 71.0736708139 78.3750322464 0.263313096372 0.577271769048 18.1089592701 0
420 1.84819698334 70.662549 77.975477 -0.051931253 71.4162422895 79.6187749863 0.162078497054 1.80789431286 12.2618554528 0
423 1.76051688194 70.657477 77.975804 -0.053730261 70.8958612615 80.4499668095 0.100274557415 2.48562037808 8.82382611984 0
426 1.83901715279 70.657208 77.964864 -0.053397677 69.2649036971 81.7290759216 0.0152268248784 4.01345271092 3.93189432882 0
