3 2.14548206329 72.513547 45.80148 1.6808269 7.5 3.5 3.43248086226 77.5640155208 100.362379205 1.74327400378 8.42507495526e-05
6 2.17759919167 72.505015 45.806851 1.6805552 24.5 33.5 2.50163859453 49.5574418901 47.0446131346 2.8671091795 0.000329523230213
9 2.11757206917 72.51553 45.801787 1.6811119 80.5 140.5 4.24696784652 95.0342217655 147.012716574 3.26737780079 0.00041725330528
12 2.13692116737 72.511327 45.798497 1.6805172 80.5 140.5 4.24696784652 95.0378533362 147.046790374 3.43120969231 0.000465128600365
15 2.2057890892 72.518426 45.80176 1.6806948 80.5 140.5 4.24696784652 95.0340054013 147.036614644 3.54163461569 0.000508398842608
18 2.15368294716 72.509508 45.806599 1.6825332 80.5 140.5 4.24696784652 95.029932944 146.931282083 3.63361407956 0.000548735131886
21 2.13750386238 72.510969 45.800989 1.6811293 80.5 140.5 4.24696784652 95.0354002501 147.011719628 3.71428758424 0.000587008594408
24 2.12717199326 72.522343 45.818169 1.6838228 80.5 140.5 4.24696784652 95.0173254345 146.857393445 3.78861510614 0.000623642402944
27 2.12962603569 72.508499 45.799812 1.6808804 80.5 140.5 4.24696784652 95.0367807508 147.025980547 3.85868676243 0.000659372607093
30 2.13328289986 72.523901 45.815543 1.6832165 80.5 140.5 4.24696784652 95.0198113692 146.892131877 3.92355722138 0.000694037220394
33 2.25859189034 72.511009 45.802779 1.6808191 80.5 140.5 4.24696784652 95.0336132235 147.029492778 3.98351857593 0.000727886161018
36 2.13449192047 72.527172 45.853315 1.6851825 80.5 140.5 4.24696784652 94.9818981059 146.779488374 4.04116796298 0.000760771298672
39 3.96691608429 72.188088 49.017093 1.6798669 79.5 137.5 4.36332312999 88.7845081547 153.750716486 1.64034502745 0.0011489560216
42 3.93688011169 71.804616 53.279503 1.6643548 77.5 133.5 4.59603369692 80.4224193732 167.972827681 2.11408460125 0.00158242639983
45 3.95585083961 71.568933 57.324136 1.642571 77.5 130.5 4.71238898038 73.4158336322 175.887614149 3.7213685583 0.00118729413487
48 3.92927408218 71.37336 61.652431 1.6431927 52.5 98.5 3.89790199612 41.3998437062 129.185326697 4.81790408599 0.00174111277619
51 3.93171191216 71.165072 65.844712 1.6344026 70.5 122.5 4.24696784652 56.6591914797 149.688962328 5.25245909071 0.00304906322763
54 3.92618489265 70.960331 70.343426 1.6128178 103.5 73.5 2.38528331106 32.6924152985 44.2590136031 2.80548855653 0.00180333975424
57 3.95349407196 70.885213 74.631613 1.6236159 44.5 87.5 4.01425727959 29.3560019253 136.97366138 2.33721262634 0.00197049265276
60 3.9307718277 70.832043 79.069602 1.6124517 41.5 84.5 4.01425727959 29.8304872403 137.613322921 5.38764014094 0.00407179932037
63 3.93594312668 70.841819 83.283634 1.5826474 40.5 79.5 4.13061256305 30.5768191033 145.987650189 2.87112024463 0.00382209017354
66 3.93728709221 70.897044 87.066595 1.5142468 45.5 130.5 2.73434916146 50.3137209301 69.9067158855 1.99865152507 0.00775980714051
69 2.82154297829 70.898205 87.488163 1.2381173 45.5 131.5 2.38528331106 50.8144724792 65.7277708345 2.31961294071 0.0108370674935
72 2.81991386414 70.648486 87.373684 0.94938085 45.5 130.5 2.15257274413 49.9231958094 68.9378174778 4.51585349642 0.0107401251462
75 2.82237696648 70.490448 87.162959 0.64684814 44.5 131.5 1.91986217719 51.3933516311 72.9383315921 5.35503770062 0.00911388166515
78 3.96611404419 73.090524 88.460194 0.4660111 44.5 133.5 1.80350689373 53.347935172 76.6328640971 4.36014384378 0.00446074039358
81 3.93998193741 76.750616 90.291223 0.4640309 48.5 108.5 2.96705972839 33.6103684034 143.412987866 2.39461087303 0.0064723681236
84 3.93097400665 80.704264 92.172539 0.45240664 42.5 109.5 3.08341501186 41.95004997 150.745675571 1.3365497211 0.00540267959585
87 3.94229602814 84.637734 93.972859 0.42386385 36.5 110.5 2.96705972839 50.8958527219 145.714390307 1.43897809928 0.00394568864102
90 3.92458605766 88.678811 95.730817 0.41656148 87.5 110.5 2.26892802759 14.8161520599 106.132785288 2.5875947379 0.00434622998896
93 3.93830513954 92.647535 97.41769 0.40779386 68.5 114.5 1.2217304764 29.5788566634 46.6351329107 4.01181165712 0.0082893274133
96 3.93391513824 96.759828 99.128022 0.39320766 69.5 119.5 1.2217304764 34.0310991627 47.4708606098 7.69529346758 0.0100534645328
99 3.96811389923 100.07577 100.58602 0.32958371 84.5 139.5 2.15257274413 41.9154201999 104.449577754 8.18321676538 0.011966714527
102 2.85423803329 100.12714 100.52966 0.1390585 83.5 140.5 1.80350689373 43.2907595717 95.3658681779 8.29601880942 0.00834456008462
105 2.81691503525 100.08551 100.52401 -0.14356162 83.5 140.5 1.68715161026 43.2800059894 104.892141593 8.57525188314 0.00611685186938
108 2.81547999382 99.772178 100.71077 -0.40700642 81.5 122.5 1.33808575986 28.4366494661 99.9864167674 8.3669547195 0.00931240186876
111 2.81698989868 99.760338 100.7618 -0.66729138 81.5 122.5 1.10537519293 28.3899503894 101.566313113 9.06010921201 0.0113385981836
114 2.82554411888 99.638101 100.95548 -0.8821311 97.5 102.5 5.52687596465 2.6376159532 7.2090556739 8.84715251406 0.00618315400146
117 2.82495808601 99.549051 101.11221 -1.1251977 96.5 102.5 5.29416539772 3.35002583344 7.80241266116 4.88449870069 0.00824225630496
120 3.96591591835 100.80276 98.46873 -1.1938854 98.5 99.5 5.17781011425 2.52313721991 5.07126130895 3.2736231118 0.0138142638116
123 4.09492897987 102.35582 94.496879 -1.1822805 100.5 95.5 5.17781011425 2.10957806517 4.40634951728 2.32884333826 0.0293542802465
126 3.9708211422 103.84912 90.431736 -1.1842505 102.5 91.5 5.17781011425 1.72084652078 4.51922220292 3.69356842591 0.0314807044244
129 4.01142191887 105.46668 86.336829 -1.1831903 103.5 88.5 5.17781011425 2.92354904143 4.45847721748 1.29130783453 0.0371721150585
132 3.97300195694 106.96067 82.891423 -1.1821311 105.5 84.5 5.17781011425 2.17280390598 4.39778952782 0.790137741172 0.0682830861774
135 3.97312402725 108.13488 79.987125 -1.1809983 106.5 81.5 5.17781011425 2.22747017489 4.33288486879 1.01932260147 0.126877106858
138 3.97258210182 109.11096 77.465416 -1.174964 107.5 79.5 5.17781011425 2.59513471224 3.98714494648 0.71212511807 0.191451757958
141 3.9712240696 110.00241 75.115832 -1.1797573 109.5 76.5 5.17781011425 1.47252737167 4.26178080642 2.51931787226 0.204893208111
144 3.96803498268 110.9669 72.896666 -1.1819268 110.5 74.5 5.17781011425 1.66993279073 4.38608400007 6.56408478054 0.275783819064
147 3.96905112267 111.79529 70.750926 -1.1680053 110.5 73.5 5.06145483078 3.03894456046 -3.07822586109 5.91642868159 0.167118411929
150 3.97535300255 112.62755 68.634671 -1.166408 110.5 71.5 5.06145483078 3.56883444289 -3.1697444097 4.57199593326 0.304806303236
153 3.99251389503 113.50263 66.493746 -1.1746568 111.5 69.5 5.06145483078 3.61221400659 -2.69712298366 3.20134694095 0.388612479692
156 3.98790192604 114.39844 64.423702 -1.1690506 112.5 67.5 5.17781011425 3.614925147 3.6483320839 2.39718827077 0.424238326888
159 3.99432611465 114.9392 62.935672 -1.1627449 113.5 65.5 5.17781011425 2.94059088137 3.28704208703 2.39831557077 0.454326570945
162 2.13062095642 115.58582 61.52951 -1.1720902 114.5 64.5 5.17781011425 3.16272286369 3.82248833531 1.60753691948 0.476035466701
165 2.13443899155 116.16312 60.165609 -1.1710096 115.5 63.5 5.17781011425 3.39968990869 3.76057451597 1.3095492337 0.46883705995
168 2.1393289566 116.71267 58.758483 -1.1690165 115.5 61.5 5.17781011425 2.99774648531 3.64637829782 1.41691188159 0.460150207313
171 2.1487019062 117.29804 57.404001 -1.1730259 115.5 60.5 5.17781011425 3.58024547337 3.8760999962 4.99073919515 0.433486357013
174 2.13546705246 117.3062 57.346669 -1.1782941 115.5 60.5 5.06145483078 3.63398608082 -2.48872104483 5.72362389427 0.472643943563
177 2.12837505341 117.30973 57.394113 -1.1925087 115.5 60.5 5.06145483078 3.594670601 -1.67428445737 6.63782016255 0.421667788011
180 2.12655806541 117.3509 57.478875 -1.2542253 115.5 60.5 4.94509954732 3.54302513054 -4.80485041814 8.63697911132 0.421387737623
183 2.12005496025 117.31554 57.561663 -1.3141336 115.5 60.5 4.82874426385 3.45398462897 -8.039024337 8.71130489462 0.384092897718
186 2.12087893486 117.31761 57.625945 -1.389572 115.5 60.5 4.82874426385 3.40057322449 -3.71672240378 9.17574208829 0.377931015215
189 2.11550712585 117.34247 57.653648 -1.4539696 115.5 60.5 4.71238898038 3.39063643123 -6.69367837968 8.42241197772 0.342295987998
192 2.12692594528 117.36058 57.739095 -1.5147103 115.5 60.5 4.71238898038 3.32931740082 -3.21349262501 7.82771233651 0.337160386279
195 2.12785100937 117.34118 57.80351 -1.5718326 115.5 59.5 4.59603369692 2.50360182787 -6.60729258559 7.88992526288 0.281504906603
198 2.1201839447 117.32521 57.826191 -1.6475747 115.5 59.5 4.59603369692 2.4764951267 -2.26758992413 7.58965978877 0.280440124085
201 2.11734700203 117.28663 57.948056 -1.7072698 115.5 59.5 4.47967841345 2.36655381009 -5.51397930319 7.65324112967 0.233517727443
204 2.20218896866 117.37131 58.006137 -1.7818651 115.5 59.5 4.47967841345 2.39445772125 -1.23998344168 1.37695534534 0.23377276588
207 2.1234190464 117.40314 57.989067 -1.8555926 115.5 59.5 4.47967841345 2.4299918498 2.98429114237 7.43889981724 0.22500085841
210 2.11937308311 117.02719 57.008887 -1.8977403 115.5 58.5 4.36332312999 2.13441497251 -1.26749019811 3.45359523682 0.170259538432
213 4.00268483162 116.38504 55.250118 -1.9095407 114.5 57.5 4.47967841345 2.93519076306 6.07528958512 2.07687082398 0.264156788073
216 3.99465298653 115.67443 53.450651 -1.9075572 114.5 55.5 4.47967841345 2.36201548443 5.96164340646 3.58652600141 0.249301919637
219 3.9776301384 115.02136 51.574537 -1.9165104 114.5 53.5 4.47967841345 1.99479924152 6.4746239796 1.96036658648 0.297277491696
222 3.99470019341 114.35753 49.684701 -1.9233127 113.5 51.5 4.36332312999 2.00765240027 0.197700393911 1.46958021666 0.282095442522
225 4.02115011215 113.59486 47.870819 -1.9110101 113.5 50.5 4.47967841345 2.63089170251 6.15948000354 5.90215890246 0.383888526712
228 4.02645397186 112.87829 45.986656 -1.9118326 111.5 47.5 4.36332312999 2.04692290681 -0.460060884477 3.15054297803 0.241272939516
231 4.02012586594 112.17059 44.128463 -1.9122248 111.5 46.5 4.47967841345 2.46452402919 6.22907718691 1.44325617057 0.260013405491
234 4.11774206161 111.43202 42.277019 -1.9027456 110.5 43.5 4.36332312999 1.5376422883 -0.980707632912 5.30877381117 0.346501508798
237 4.04156708717 110.82393 40.37458 -1.9174412 109.5 42.5 4.36332312999 2.50403690494 -0.1387117755 2.70727089273 0.279875577922
240 4.02891182899 110.14399 38.567468 -1.912432 109.5 40.5 4.36332312999 2.03700835814 -0.425717794237 2.50577443827 0.293360778059
243 4.03327584267 109.42625 36.696167 -1.9074722 108.5 38.5 4.36332312999 2.02774568287 -0.709893401466 1.70036885032 0.412299311225
246 4.02272820473 108.96452 35.308972 -1.917648 108.5 37.5 4.36332312999 2.23972822619 -0.126863008297 0.811524635301 0.456207356416
249 2.12603783607 108.91335 35.330429 -1.9171391 108.5 37.5 4.36332312999 2.2085960578 -0.156020830491 0.586466357637 0.438425204609
252 2.11730599403 108.9585 35.348205 -1.9450374 108.5 37.5 4.24696784652 2.20010090042 -5.22423265157 0.456061504633 0.384196313129
255 2.11643791199 108.97674 35.368834 -2.0165302 108.5 37.5 4.24696784652 2.1838382603 -1.12799694599 2.72318367879 0.383042312748
258 2.12051296234 108.99865 35.397074 -2.0803106 108.5 37.5 4.13061256305 2.16123797486 -4.14031587701 2.76363080405 0.340119710439
261 2.12143707275 109.05048 35.474836 -2.159245 108.5 37.5 4.13061256305 2.09864657751 0.382292101392 0.499648175156 0.338465239519
264 2.13719296455 109.09365 35.518169 -2.2238592 108.5 37.5 4.01425727959 2.06883407625 -2.58225360866 0.604453443546 0.313469839862
267 2.11833500862 109.14301 35.568827 -2.2920109 108.5 37.5 4.01425727959 2.03540929939 1.32255116798 0.5425965309 0.312815836795
270 2.12767195702 109.24021 35.586114 -2.3597618 108.5 37.5 3.89790199612 2.05204056127 -1.46227487047 0.6460362515 0.290848437939
273 2.13544201851 109.32691 35.57971 -2.4292889 108.5 37.5 3.89790199612 2.09076393507 2.52133452131 0.606879296746 0.289451557284
276 2.11811113358 109.34422 35.612178 -2.4970016 108.5 37.5 3.78154671265 2.06798919535 -0.26568021592 0.654939435136 0.269891587046
279 2.1222319603 109.45255 35.562283 -2.5751384 108.5 37.5 3.78154671265 2.15918935589 4.21122864874 0.745240954691 0.270898530296
282 2.12632894516 109.51035 35.610832 -2.6455993 108.5 37.5 3.66519142919 2.14237318288 1.58167417276 0.646674328038 0.244376468918
285 2.16387915611 109.52669 35.619453 -2.7060079 108.5 37.5 3.66519142919 2.14255673794 5.04283199906 0.693179852373 0.247330229393
288 2.12424206734 109.56751 35.667144 -2.7779359 108.5 37.5 3.66519142919 2.12107018197 9.16400282788 0.579292042269 0.242687954232
291 2.13428807259 109.58407 35.725569 -2.8421247 108.5 37.5 3.54883614572 2.07937806535 6.17508349322 0.555752839243 0.214402141444
294 2.138422966 109.62066 35.728072 -2.9074408 109.5 37.5 3.43248086226 1.77603143913 3.25075369081 1.0507882009 0.199677649574
297 2.13485598564 108.40689 35.538158 -2.9474042 107.5 37.5 3.43248086226 2.16131291234 5.5404878458 2.6776500306 0.211739284398
300 4.06764698029 106.63579 35.154474 -2.9731605 105.5 36.5 3.31612557879 1.76081206856 0.349548465006 0.643953417054 0.255626583112
303 3.99643611908 104.74277 34.838538 -2.9724974 103.5 36.5 3.31612557879 2.07483330664 0.31155563361 2.99928419502 0.261346862631
306 3.98124694824 102.71686 34.507066 -2.970186 101.5 35.5 3.31612557879 1.57056237952 0.179122168844 0.909789856785 0.261163071436
309 3.98548603058 100.87602 34.149296 -2.9774562 100.5 35.5 3.43248086226 1.4020671653 7.26234061173 0.241206198573 0.302441131253
312 3.97790503502 98.917573 33.856952 -2.9648121 98.5 35.5 3.43248086226 1.69527990038 6.53788704599 0.548449930853 0.364133000311
315 4.02291607857 96.872255 33.519705 -2.9713846 96.5 34.5 3.43248086226 1.04859528516 6.91446355683 0.27010452839 0.418644083418
318 3.97892594337 94.700759 33.157106 -2.9752463 94.5 33.5 3.43248086226 0.397341756322 7.13572266858 1.98377648177 0.36394932418
321 4.01839017868 92.656194 32.878926 -2.9695623 91.5 33.5 3.31612557879 1.31244713384 0.143386791162 2.49529617522 0.330988820401
324 4.01317286491 90.628889 32.525228 -2.9736018 89.5 33.5 3.31612557879 1.49149952273 0.374833092505 0.581035831731 0.399038201
327 3.9951710701 88.510396 32.191288 -2.9695852 87.5 33.5 3.31612557879 1.65336843316 0.144698864512 3.01764737595 0.399125758019
330 2.12357711792 87.334812 32.006658 -2.9896435 85.5 33.5 3.31612557879 2.36571456527 1.29395479872 1.83022154804 0.361881072238
333 2.12548995018 87.328365 31.983283 -3.0015998 85.5 33.5 3.19977029532 2.37557341106 -4.68766633935 5.17529557987 0.354701912763
336 2.12764692307 87.328448 32.00285 -3.0442403 85.5 33.5 3.19977029532 2.36319280026 -2.24454565303 1.62314170389 0.334833206628
339 13.3320009708 87.480424 31.977098 -3.121648 85.5 33.5 3.08341501186 2.49826133969 -4.47607780788 4.64219536985 0.15361168773
342 2.1364300251 87.509332 32.088761 3.0972389 85.5 33.5 2.96705972839 2.45540436616 -7.45871711374 1.23792594622 0.171265371533
345 2.12353396416 87.537767 32.004513 3.0032565 86.5 33.5 2.96705972839 1.82028616252 -2.07392224523 1.06954384358 0.182080223596
348 2.12688994408 87.588829 31.971963 2.902116 86.5 33.5 2.85070444492 1.87628507019 -2.94566512406 1.91901064928 0.17903208516
351 2.13640713692 87.696053 31.883789 2.7788249 86.5 33.5 2.73434916146 2.01064188142 -2.5482721092 4.612495182 0.160680925936
354 2.13861179352 87.777704 31.698119 2.6376296 86.5 33.5 2.73434916146 2.20891435999 5.54162266789 5.28075618667 0.166735801465
357 2.14553999901 87.896098 31.65995 2.4917922 86.5 33.5 2.61799387799 2.30973453628 7.23082351638 7.40393389696 0.125027277177
360 2.14802217484 87.958395 31.594625 2.366513 86.5 33.5 2.50163859453 2.39945199299 7.74212627049 5.92556517332 0.188122519026
363 2.12769889832 87.964094 31.460561 2.2184109 86.5 33.5 2.38528331106 2.51055425664 9.56108487085 4.73081513187 0.206268846102
366 2.12845897675 87.708527 31.831987 2.1125682 85.5 34.5 2.26892802759 3.46350759749 8.95875820645 4.01590225894 0.20993103286
369 3.98863601685 86.721318 33.612273 2.0920166 84.5 36.5 2.26892802759 3.64324318206 10.1362781487 2.93670531349 0.216329036768
372 3.99306488037 85.724716 35.405361 2.0873093 83.5 36.5 2.03621746066 2.47943457687 -2.92734676174 1.17643036262 0.195651954214
375 4.00496792793 84.755772 37.248267 2.0862059 82.5 38.5 2.03621746066 2.57979511188 -2.86412659862 2.6850646202 0.252597684659
378 3.98463201523 83.690185 39.149374 2.0868314 81.5 40.5 2.03621746066 2.5731500007 -2.89996510871 3.46704273985 0.32466673165
381 3.99439716339 82.666747 40.97523 2.090975 80.5 42.5 2.15257274413 2.6494746866 3.52929076597 4.96544942096 0.386502350169
384 3.99723386765 81.635815 42.877142 2.0910396 80.5 43.5 2.15257274413 1.29538712453 3.52558945861 2.0297108707 0.380521595253
387 3.99235415459 80.624097 44.699122 2.0805048 79.5 45.5 2.15257274413 1.38021724243 4.12918903662 2.10660384634 0.400254648124
390 4.00796484947 79.602515 46.546403 2.0762437 77.5 47.5 2.15257274413 2.3086612059 4.37333208271 1.43477251792 0.460485011715
393 4.01720094681 78.599692 48.40129 2.0808805 76.5 49.5 2.15257274413 2.369782724 4.10766301226 0.937282595341 0.435772059926
396 4.00330591202 77.532669 50.298142 2.0919608 75.5 50.5 2.03621746066 2.04266735317 -3.19385808014 0.570324659306 0.512124249592
399 4.00166106224 76.53881 52.074716 2.0854653 74.5 52.5 2.15257274413 2.08269361567 3.84497332235 0.55059488819 0.520261903574
402 3.9771668911 75.533974 53.92833 2.0838411 73.5 54.5 2.15257274413 2.11278413984 3.93803312743 1.01392986785 0.496224705738
405 3.99797701836 74.451304 55.860797 2.0823704 74.5 56.5 2.03621746066 0.641055204819 -2.6443686363 0.368157625355 0.487828103168
408 3.99946522713 73.464188 57.689364 2.0801622 71.5 57.5 2.15257274413 1.97329501693 4.14881857069 4.60656275333 0.385034160117
411 4.0936319828 72.461178 59.521835 2.0808323 70.5 59.5 2.15257274413 1.96129954747 4.11042466883 6.52777174444 0.419882893659
414 4.00327801704 71.469371 61.42577 2.0898858 69.5 61.5 2.15257274413 1.97076945088 3.59169732901 8.38968779848 0.391116308449
417 3.99307394028 70.386885 63.322712 2.0827703 68.5 63.5 2.15257274413 1.8951955145 3.99938544814 7.659272423 0.471307215185
420 4.10845899582 69.38246 65.186025 2.0922796 66.5 65.5 2.03621746066 2.89950960547 -3.21212397465 4.11181159121 0.40917743852
423 4.0997171402 68.400253 67.014087 2.0893798 65.5 67.5 2.15257274413 2.94067660711 3.62068899345 3.03944853819 0.512488944959
426 3.99238991737 67.30799 68.901204 2.089526 64.5 69.5 2.15257274413 2.87112599684 3.61231235048 4.93687510541 0.499376351186
429 3.98412704468 66.315197 70.741557 2.0869248 63.5 70.5 2.15257274413 2.82554135221 3.76135013215 8.06558618199 0.442695815801
432 3.97624897957 65.281228 72.464006 2.0745737 62.5 72.5 2.03621746066 2.7814609032 -2.19765063217 7.06778982526 0.497117738632
435 3.97940206528 64.283593 74.421326 2.0918621 61.5 74.5 2.03621746066 2.78470457821 -3.18820298671 5.84635989818 0.525294003802
438 3.98387384415 63.28447 76.191493 2.091939 60.5 76.5 2.03621746066 2.80150847758 -3.19260903215 5.89981456905 0.506667660808
441 3.99152994156 62.204887 78.125252 2.0893553 59.5 77.5 2.03621746066 2.77621212199 -3.04457392662 8.64218719917 0.562549217559
444 4.18339896202 61.273659 79.948227 2.0960183 57.5 79.5 2.15257274413 3.80018548124 3.24033096115 2.86393716637 0.611664067594
447 3.98708486557 60.19879 81.787566 2.089809 56.5 81.5 2.15257274413 3.70995170702 3.59609764488 2.464919558 0.587374909858
450 3.98329210281 59.161438 83.629466 2.0974137 56.5 83.5 2.15257274413 2.66458508459 3.16038043042 2.27328093584 0.546542695058
453 3.97429084778 58.11891 85.485673 2.0964985 55.5 85.5 2.03621746066 2.61894918833 -3.45384913884 2.2431074363 0.621113127564
456 3.97695589066 57.036783 87.336936 2.0992423 54.5 87.5 2.03621746066 2.54201846122 -3.61105729867 2.06798610526 0.613240274372
459 3.99107384682 56.357629 88.602308 2.124456 53.5 89.5 2.03621746066 2.99531207531 -5.05569589458 1.46901077105 0.54039578646
462 2.13030791283 56.200217 88.720884 2.2094598 52.5 88.5 2.15257274413 3.70680395874 -3.25938821049 1.35902111027 0.404486904697
465 2.11921191216 56.199637 89.07416 2.3631742 52.5 88.5 2.26892802759 3.7439248974 -5.3999079142 3.21437185257 0.35712407239
468 2.12596702576 56.109511 89.161307 2.4869631 52.5 88.5 2.38528331106 3.66959079563 -5.82582276811 4.72339114118 0.31032391889
471 2.1310839653 56.023191 89.233423 2.608836 52.5 88.5 2.50163859453 3.59871978895 -6.14195890846 8.18297195003 0.296783445873
474 2.1231341362 54.873312 89.789936 2.6823278 51.5 88.5 2.61799387799 3.61153274019 -3.68606221061 6.61973647511 0.336656028368
477 3.99857807159 52.997249 90.667048 2.6986067 49.5 89.5 2.73434916146 3.68683490304 2.04789219094 5.45731175983 0.447317771898
480 3.98991799355 51.122563 91.609157 2.7018871 47.5 90.5 2.73434916146 3.78856066859 1.85993911583 8.62067390712 0.453455334438
483 4.00848913193 49.137432 92.566213 2.7007601 46.5 91.5 2.73434916146 2.84479484603 1.92451145934 5.94168468656 0.290378379521
486 3.99427294731 47.308569 93.452781 2.7003868 44.5 92.5 2.73434916146 2.96578007643 1.94589997383 5.63474771353 0.425774908989
489 3.99661397934 45.360782 94.336008 2.7008969 42.5 93.5 2.73434916146 2.98043336238 1.9166733967 3.83748951793 0.471494883665
492 3.99348902702 43.468079 95.251019 2.7064338 40.5 94.5 2.73434916146 3.06162089237 1.59943239511 2.80014703447 0.458345630242
495 3.99194693565 41.590918 96.131677 2.7064065 38.5 94.5 2.73434916146 3.49516007002 1.60099656989 3.53986666205 0.473640982257
498 3.98705601692 39.606214 97.06058 2.704478 36.5 95.5 2.73434916146 3.4762012816 1.71149148068 4.97189317506 0.5252881657
501 3.98970198631 37.718719 97.944153 2.696243 34.5 96.5 2.73434916146 3.5278506046 2.18332222498 2.35085911848 0.537780499383
504 4.01644396782 35.769603 98.891663 2.7044976 32.5 97.5 2.73434916146 3.55345320543 1.71036848341 2.84787985343 0.497535495687
507 4.00223398209 33.862509 99.822852 2.7013631 30.5 97.5 2.85070444492 4.08682128175 8.55662877096 1.85782942156 0.434895095434
510 4.00773906708 31.979521 100.73965 2.7066945 27.5 97.5 2.85070444492 5.52824027263 8.25116205206 3.2310095514 0.456367838215
513 3.99558806419 30.015598 101.64307 2.7044148 27.5 100.5 2.73434916146 2.76312184359 1.71511257395 4.59214643868 0.343820091534
516 3.99742984772 28.083667 102.5122 2.7038251 25.5 101.5 2.73434916146 2.77486648452 1.74889989513 8.00924786239 0.381814855181
519 4.0066921711 26.231599 103.44351 2.6987262 23.5 102.5 2.73434916146 2.88995574653 2.04104534529 8.53506770826 0.405921108957
522 3.99145102501 24.326425 104.3449 2.7056645 21.5 103.5 2.73434916146 2.95000581196 1.64351003829 9.37660758921 0.413061037709
525 2.12234997749 23.072168 104.95788 2.6888385 20.5 104.5 2.61799387799 2.61260450789 -4.05909784229 10.7950523077 0.542177058136
528 2.13228702545 23.059574 104.94595 2.6093304 19.5 103.5 2.61799387799 3.84204873264 0.496380724817 12.4756259012 0.513107718924
531 2.12350106239 23.148655 105.02795 2.4881616 19.5 104.5 2.50163859453 3.68665356543 0.772174906815 11.6134127826 0.438426318243
534 2.13445997238 23.15609 104.97342 2.3614352 19.5 104.5 2.38528331106 3.68661370156 1.36639611304 10.7623459825 0.382794824587
537 2.12667512894 23.189116 104.80794 2.2179164 19.5 104.5 2.26892802759 3.70194596193 2.92275096715 10.1962847129 0.418506541904
540 2.13414907455 23.170444 104.45908 2.0515088 19.5 104.5 2.15257274413 3.67067209153 5.79053745939 10.2643391964 0.394491031824
543 2.13230085373 23.203193 104.36781 1.9241471 19.5 104.5 2.03621746066 3.7055515907 6.42115867433 12.1269187144 0.328227776892
546 2.18329787254 23.268475 104.40083 1.8086424 19.5 104.5 1.91986217719 3.7697796374 6.37242383159 11.645887742 0.359823695527
549 2.13351202011 23.269141 104.3114 1.6661585 19.5 104.5 1.80350689373 3.77385662657 7.86948328349 11.3887773788 0.402238473743
552 2.12927103043 23.273746 104.22596 1.531085 19.5 104.5 1.57079632679 3.78368296691 2.27529142421 11.5974935043 0.424366202592
555 2.14143395424 23.201513 103.9692 1.3630267 19.5 103.5 1.45444104333 3.73113215113 5.23765605969 8.46892031497 0.370660182404
558 2.11782693863 23.573375 105.47089 1.3112874 19.5 105.5 1.33808575986 4.07347901464 1.53543291798 9.74342142793 0.372456569296
561 3.99836397171 24.091257 107.45193 1.3021436 20.5 106.5 1.33808575986 3.71527893501 2.0593340667 10.4511151787 0.258764858821
564 3.99328589439 24.69734 109.54228 1.2971878 20.5 108.5 1.33808575986 4.32481336869 2.34328049081 6.64251610164 0.280027865109
567 3.99620199203 25.24514 111.62222 1.291934 21.5 110.5 1.33808575986 3.90966128303 2.64430105721 5.7969092114 0.425423751356
570 3.99904894829 25.838263 113.71051 1.2925571 21.5 113.5 1.33808575986 4.34336739377 2.608600057 4.38783576414 0.462572970147
573 4.00627994537 26.485855 115.66064 1.2984976 22.5 115.5 1.33808575986 3.98909078496 2.2682344788 6.11668809665 0.548529108368
576 2.12617707253 26.666562 116.70228 1.2516028 22.5 116.5 1.2217304764 4.17146929729 -1.71155806676 4.45170964388 0.491550210997
579 2.12816286087 26.671044 116.66524 1.1445574 22.5 116.5 1.10537519293 4.17431578915 -2.24497509713 6.15402405664 0.449592540532
582 2.12104916573 26.68282 116.71548 1.0360889 22.5 116.5 0.989019909463 4.18836660081 -2.69685450369 7.46603218607 0.437731926687
585 2.11961221695 26.598988 116.54426 0.86252405 22.5 116.5 0.872664625997 4.09922694807 0.581012206469 5.48617524841 0.430829116393
588 2.12044095993 26.490987 116.49462 0.72378221 22.5 116.5 0.756309342531 3.99099062622 1.86366741368 4.84138880001 0.421151069144
591 2.11936712265 26.414554 116.44154 0.58967497 22.5 116.5 0.523598775598 3.91499049686 -3.7858870655 7.43478858782 0.372988635567
594 2.11362504959 26.30131 116.37003 0.43724496 22.5 116.5 0.407243492132 3.80353124307 -1.71895748803 5.46555669058 0.339636937042
597 2.12021207809 26.176025 116.35464 0.31453037 22.5 116.5 0.290888208666 3.67889784178 -1.35459606302 5.49772164297 0.317281071046
600 2.12639403343 26.088883 116.46581 0.14702743 22.5 116.5 0.174532925199 3.58904585423 1.57594878834 5.52187177232 0.319450409771
603 2.12807202339 25.977812 116.45377 0.019989929 22.5 116.5 6.22500766545 3.47811925043 -4.4786718978 5.03994859699 0.282926706476
606 2.12908601761 25.890585 116.45549 -0.11586106 22.5 116.5 6.10865238198 3.39087714055 -3.36165025209 3.91612231345 0.236326931727
609 3.99677205086 27.617035 116.21759 -0.13548047 23.5 116.5 5.99229709851 4.12670965774 -8.90420752922 3.53935119736 0.221643572376
612 3.98672413826 29.732468 115.90829 -0.14344069 26.5 115.5 6.10865238198 3.25815133091 -1.78145385256 4.36274500118 0.354189966085
615 3.981372118 31.744289 115.6014 -0.14068963 28.5 115.5 6.10865238198 3.24587323775 -1.93907797974 3.98062646481 0.373157245772
618 3.98680186272 33.87565 115.27561 -0.13567301 30.5 114.5 6.10865238198 3.46360849326 -2.22650913316 5.73610414698 0.407209944972
621 4.01850605011 35.936054 114.9269 -0.14240112 32.5 114.5 6.10865238198 3.46247176175 -1.84101682606 5.79303615564 0.475600515332
624 3.98223900795 38.113735 114.67885 -0.14674677 34.5 114.5 6.10865238198 3.61815809117 -1.59202942182 4.54294515998 0.44984405744
627 3.98290610313 40.163768 114.30534 -0.14012204 36.5 114.5 6.10865238198 3.66893560497 -1.97159849124 6.54635101106 0.476795050155
630 3.99292302132 42.346763 113.98058 -0.16006212 38.5 114.5 6.22500766545 3.88167266968 5.83755060258 7.57626838849 0.609814671209
633 3.97465896606 44.341947 113.67079 -0.15507802 40.5 114.5 6.22500766545 3.93041295221 5.55198270791 5.48261839003 0.597123759482
636 4.01831817627 46.544067 113.30502 -0.15009707 43.5 114.5 6.22500766545 3.27021728649 5.26659529495 3.22200890727 0.604826416511
639 4.00548100471 48.557097 112.97025 -0.14631805 45.5 114.5 6.22500766545 3.41847584896 5.05007339825 5.74807214295 0.608095087957
642 3.988519907 50.586062 112.64729 -0.14866611 47.5 114.5 6.22500766545 3.5994878819 5.18460732629 6.02636707449 0.584825574304
645 3.98469185829 52.747394 112.3225 -0.14488479 50.5 114.5 6.22500766545 3.12926285908 4.96795364931 5.16080562028 0.603630044736
648 3.97410106659 54.919709 111.95097 -0.14565598 52.5 113.5 6.22500766545 2.87306205738 5.01213958151 6.14626346864 0.573871193235
651 3.98372220993 56.9199 111.70562 -0.14317608 54.5 112.5 6.22500766545 2.54695025362 4.87005177789 6.30985030552 0.506709453693
654 3.99152612686 58.963864 111.32719 -0.14485493 56.5 113.5 6.22500766545 3.28507672766 4.96624279733 6.48286793812 0.544240266122
657 3.99504113197 61.070196 111.0267 -0.15209978 58.5 112.5 6.22500766545 2.96251926043 5.38134212554 5.27895253146 0.525163744829
660 4.02534008026 63.25691 110.67843 -0.1447313 59.5 111.5 6.10865238198 3.84569239709 -1.70750734656 6.43823187759 0.582086916514
663 3.98173809052 65.338645 110.4192 -0.14848438 61.5 111.5 6.10865238198 3.98789719978 -1.49247170238 6.10328589017 0.560737126571
666 3.98285913467 67.412523 110.08404 -0.1445869 63.5 111.5 6.22500766545 4.16086276476 4.95088580955 8.40664962475 0.61333285864
669 4.01867794991 69.507235 109.73429 -0.15139682 65.5 111.5 6.22500766545 4.37900264322 5.34106548437 9.2573145849 0.634110762085
672 4.18818902969 71.647859 109.39116 -0.14906575 68.5 111.5 6.22500766545 3.78896060015 5.20750501162 8.69912286329 0.626420138653
675 4.23150706291 73.702975 109.06139 -0.1559357 70.5 111.5 6.22500766545 4.02565119983 5.60112415208 7.3595414548 0.603634427981
678 4.04721498489 75.754203 108.72815 -0.15045699 72.5 110.5 6.10865238198 3.70530559977 -1.37944947476 6.63454575643 0.568823889294
681 4.1138510704 77.860742 108.43703 -0.15243836 74.5 109.5 6.10865238198 3.52483928874 -1.2659253361 5.94803279639 0.621024256325
684 4.00993394852 79.97813 108.08555 -0.15170568 76.5 109.5 6.10865238198 3.75473795349 -1.30790480784 4.46196091257 0.610481485143
687 4.01382994652 82.120618 107.73965 -0.14888428 78.5 108.5 6.10865238198 3.6995954947 -1.46955912016 6.48442192366 0.632601107396
690 3.9815030098 84.192494 107.42985 -0.14593359 80.5 108.5 6.10865238198 3.84444182718 -1.63862120381 9.37295639137 0.641546137638
693 3.97997808456 86.28045 107.15458 -0.15823172 82.5 108.5 6.10865238198 4.01272440854 -0.933990258904 5.07696444175 0.573741666768
696 3.97201895714 88.385341 106.75858 -0.15035877 84.5 108.5 6.10865238198 4.25774803185 -1.38507706622 7.36782941038 0.538390205544
699 3.97372794151 90.512184 106.42958 -0.15443508 86.5 108.5 6.10865238198 4.51489306919 -1.15152170723 7.95055260752 0.6029051289
702 3.98413991928 92.541412 106.11165 -0.15857271 89.5 108.5 6.22500766545 3.86709227667 5.75221369562 6.07752215153 0.638388502399
705 3.99320197105 94.624435 105.7799 -0.14991569 91.5 108.5 6.22500766545 4.14258833089 5.25620298646 4.82303623108 0.622959608973
708 4.00131297112 96.812614 105.41142 -0.16008539 93.5 107.5 6.10865238198 3.91606664006 -0.827782791294 5.45348298902 0.575337289171
711 3.99753093719 98.833392 105.05687 -0.15857643 95.5 107.5 6.10865238198 4.13284241444 -0.914239830748 7.71297205106 0.510503216341
714 3.97966003418 100.9283 104.72764 -0.15390186 97.5 107.5 6.10865238198 4.40899317981 -1.18207296279 8.33729802646 0.332871102535
717 3.97595095634 103.02648 104.38009 -0.15580909 99.5 107.5 6.10865238198 4.70849228506 -1.07279673323 6.85692399289 0.438510993532
720 2.11804795265 103.56436 104.3046 -0.21764658 99.5 106.5 5.99229709851 4.61939426436 -4.19643620721 6.22443277665 0.435774106237
723 2.11896300316 103.46604 104.39779 -0.32798619 99.5 106.5 5.87594181505 4.48873703459 -4.54110890776 5.57901055283 0.382644750543
726 2.11597800255 103.43166 104.43448 -0.46455789 99.5 106.5 5.87594181505 4.44120740633 3.28387310317 5.03731729942 0.3270104472
729 2.13579297066 103.35806 104.51276 -0.60050128 99.5 107.5 5.64323124811 4.8793677645 -2.26047773046 4.46204417934 0.307206810099
732 2.13295817375 103.30537 104.5712 -0.75278089 100.5 106.5 5.64323124811 3.40446328764 6.46450122844 3.81378663596 0.220005596161
735 2.13785195351 103.24477 104.73622 -0.88717849 100.5 106.5 5.52687596465 3.2626189237 7.49824981846 4.69086620699 0.241062765854
738 2.13553190231 103.11543 104.83266 -1.0218313 100.5 106.5 5.41052068118 3.10169256383 8.54662086437 8.12014989299 0.242010338601
741 2.13180804253 103.3336 104.43355 -1.1359167 100.5 106.5 5.17781011425 3.50706494985 1.74989945509 8.55712535632 0.219397919601
744 3.99211001396 104.18264 102.5184 -1.1499809 101.5 104.5 5.17781011425 3.3351605553 2.55571875732 6.7635237488 0.280136366241
747 4.05483388901 105.02068 100.61649 -1.1544373 102.5 102.5 5.29416539772 3.14665498307 9.47771833581 4.97768131721 0.350666224055
750 4.00668096542 105.97315 98.645528 -1.1675657 103.5 101.5 5.29416539772 3.77683482844 10.2299202476 5.15918825907 0.416193305977
753 4.14182710648 106.66644 96.709247 -1.154133 104.5 99.5 5.29416539772 3.53295408697 9.46028323011 5.34570363165 0.397985981117
756 4.1983320713 107.65453 94.805864 -1.1707179 105.5 97.5 5.17781011425 3.44969104521 3.74386133709 5.02617850597 0.441206771617
759 3.98856687546 108.36584 92.821603 -1.1639211 106.5 95.5 5.17781011425 3.26422569612 3.35443338289 3.29498404223 0.434762906985
762 3.99300789833 109.18739 90.932737 -1.1605274 107.5 92.5 5.17781011425 2.30295425992 3.15998869596 3.18104764156 0.424268382982
765 4.00101208687 110.00551 88.971931 -1.1631703 108.5 90.5 5.17781011425 2.14512359291 3.31141571163 2.32391389121 0.484040307653
768 3.99107313156 110.83946 87.051439 -1.1600004 109.5 88.5 5.17781011425 1.97293741977 3.12979382015 0.591349641236 0.520966237909
771 3.9953930378 111.68317 85.129972 -1.1502451 110.5 86.5 5.17781011425 1.81021213389 2.57085630227 0.464058157146 0.52944024221
774 3.9854991436 112.49307 83.177328 -1.1488654 111.5 85.5 5.17781011425 2.52606279504 2.49180531528 5.26570212416 0.483381698507
777 3.98427200317 113.40329 81.226755 -1.149046 112.5 83.5 5.17781011425 2.44613483973 2.50215293306 5.58907536292 0.469039796217
780 3.98824882507 114.20236 79.347389 -1.1522317 112.5 81.5 5.06145483078 2.74440588961 -3.98198656882 2.73643950299 0.410031228809
783 3.99035811424 115.10134 77.33273 -1.146946 113.5 79.5 5.06145483078 2.69468904486 -4.28483487059 1.78284433681 0.357216922642
786 3.98673009872 115.87569 75.433999 -1.1405871 114.5 78.5 5.17781011425 3.36048881981 2.01749366373 5.70384187152 0.347949377334
789 3.98488497734 116.74641 73.521868 -1.1514597 115.5 76.5 5.06145483078 3.22843740802 -4.0262189106 6.01482045399 0.388678642063
792 3.98519492149 117.66191 71.592443 -1.1472421 115.5 74.5 5.17781011425 3.62322267551 2.39879707639 8.04992942884 0.325275065743
795 3.99396705627 118.47567 69.543126 -1.1411103 116.5 72.5 5.17781011425 3.55617432092 2.04747081557 7.40098264201 0.414037467913
798 3.9938750267 119.32773 67.660396 -1.1493947 117.5 70.5 5.17781011425 3.37697317575 2.52213197137 5.47732601106 0.413405423488
801 4.10608386993 120.23613 65.736718 -1.1477983 118.5 68.5 5.17781011425 3.26341459034 2.43066498896 6.35969793097 0.436139161231
804 4.01174998283 121.05504 63.851108 -1.1435448 119.5 66.5 5.17781011425 3.07160841079 2.1869573908 7.13174553529 0.536706180939
807 4.0138361454 121.9387 61.889647 -1.1416966 120.5 64.5 5.17781011425 2.98057049482 2.0810633311 4.86660243513 0.561393919345
810 4.00002288818 122.75206 59.947854 -1.134592 121.5 62.5 5.17781011425 2.84272817007 1.67399973597 3.48644161536 0.559547133738
813 3.9845199585 123.61313 58.017737 -1.1345099 122.5 61.5 5.17781011425 3.65584655013 1.66929575248 1.8109387614 0.526748672374
816 3.9870121479 124.50226 56.14403 -1.1250591 123.5 59.5 5.17781011425 3.50243625902 1.12780479945 3.21529981337 0.559104084077
819 3.986577034 125.37031 54.195354 -1.1346431 124.5 57.5 5.17781011425 3.41732712532 1.67692755031 1.80646902126 0.51594046345
822 3.99083995819 126.19009 52.293812 -1.120627 124.5 55.5 5.17781011425 3.6243683173 0.873864175074 2.2430806641 0.477890529163
825 3.98821401596 127.09539 50.434417 -1.1252352 125.5 53.5 5.17781011425 3.45587447428 1.13789458623 4.76158320216 0.560471451691
828 3.98824596405 127.94916 48.435924 -1.125081 126.5 51.5 5.17781011425 3.3894876367 1.12905957702 3.8227731284 0.579785327506
831 3.9968149662 128.83417 46.49897 -1.1135569 127.5 49.5 5.17781011425 3.28423364726 0.468777284338 2.729441103 0.543589394228
834 3.98210787773 129.69028 44.561049 -1.1141866 128.5 47.5 5.17781011425 3.17083576661 0.504856436698 3.80085457055 0.501964015979
837 3.9739511013 130.6504 42.689185 -1.1179531 129.5 45.5 5.06145483078 3.03712053172 -5.94600567643 3.10811071509 0.501442804025
840 3.98789191246 131.56218 40.752166 -1.1133477 130.5 43.5 5.17781011425 2.94598337469 0.456791007264 2.40918433216 0.41519207547
843 3.99843502045 131.80181 39.159633 -1.0655485 131.5 42.5 5.17781011425 3.35397390729 -2.28190141684 3.65257077742 0.381490017027
846 3.98838806152 89.526265 39.287264 -0.26055386 132.5 40.5 5.17781011425 42.990843542 -48.4046968195 11.3573174257 0.396653301456
849 3.99968600273 49.129117 22.860079 0.57174269 133.5 40.5 5.17781011425 86.1952012068 -96.0917764378 11.6483068773 0.215220896374
852 4.03426098824 45.693587 19.436118 1.0035584 135.5 39.5 5.41052068118 92.0203845723 -107.499660815 8.33377852124 0.041504136964
855 4.00181698799 46.841947 21.209275 1.0214136 124.5 31.5 4.71238898038 78.336914777 -148.522688417 7.94876935532 0.0090178204891
858 4.03768491745 48.00008 22.972907 1.0079248 135.5 27.5 5.06145483078 87.6169536736 -127.749837107 8.04232377908 0.00688472200398
861 3.98510909081 49.170996 24.731115 1.014741 135.5 28.5 4.94509954732 86.4112343725 -134.807043266 5.18450471848 0.00680992719847
864 3.9859161377 50.349541 26.532036 1.0144485 142.5 29.5 5.41052068118 92.1982424139 -108.123617583 5.99484077877 0.00500170440081
867 3.98725390434 51.518278 28.351001 1.0069992 143.5 27.5 5.41052068118 91.9856585821 -107.696804133 4.84129691418 0.0070459580314
870 3.98711895943 52.642563 30.101924 1.0170679 144.5 26.5 5.41052068118 91.9280293964 -108.273698148 6.31895871094 0.00373914016912
873 3.9885468483 53.80357 31.912095 1.0183648 36.5 100.5 1.57079632679 70.7369369356 31.6519949553 4.00640268741 0.00905177940842
876 3.99258303642 54.946688 33.671099 1.0064723 36.5 102.5 1.57079632679 71.2579673513 32.3333850132 5.08304458642 0.0162534729673
879 4.0095000267 56.161659 35.476636 1.0152563 35.5 104.5 1.68715161026 72.0494894535 38.4967655526 4.63548730789 0.0144701142441
882 3.9787800312 57.333476 37.252395 1.017552 36.5 105.5 1.45444104333 71.3566346633 25.0318982982 6.67571313576 0.00701661423906
885 4.01080489159 58.434052 39.044555 1.0099164 36.5 107.5 1.45444104333 71.8835905286 25.4693859523 6.26407181375 0.0104639644852
888 3.98421907425 59.558673 40.733157 1.0155176 37.5 109.5 1.57079632679 72.218167733 31.8151274987 3.61454922689 0.00643524208317
891 4.04471302032 60.829575 42.673596 1.0256616 36.5 111.5 1.57079632679 73.0000144332 31.2339191114 4.32484064001 0.00777918252678
894 4.03679299355 61.938983 44.298725 1.0235902 36.5 113.5 1.57079632679 73.7289516927 31.352601589 5.73871388372 0.0122061391366
897 4.04974102974 63.08776 46.123861 1.0214801 35.5 116.5 1.68715161026 75.5902470056 38.1401680801 8.45362843278 0.00801128659796
900 3.99762201309 64.233274 47.872937 1.026201 61.5 48.5 0.989019909463 2.80428150603 -2.13031956544 6.12605874307 0.00998385725809
903 4.02153396606 65.367062 49.701179 1.0288308 63.5 50.5 0.989019909463 2.03077214426 -2.2809960064 2.94569268033 0.0157169865893
906 3.98768687248 66.47055 51.411163 1.0247772 64.5 51.5 0.989019909463 1.97255147336 -2.04874183457 3.50956751494 0.0182418346958
909 3.98874807358 67.601685 53.206336 1.0345375 65.5 53.5 0.989019909463 2.12210235006 -2.60796583135 1.47542344269 0.0365167420741
912 4.02094388008 68.713633 54.989386 1.0321621 66.5 55.5 0.989019909463 2.27176092837 -2.47186543669 0.837231345199 0.0536391581668
915 3.98683094978 69.889939 56.860516 1.0335194 67.5 57.5 1.10537519293 2.47401459373 4.11703366844 3.41275747439 0.027519687223
918 3.9886879921 70.97178 58.665246 1.0279054 68.5 59.5 1.10537519293 2.60892901569 4.43869217463 6.0865679393 0.0570082014692
921 3.99355506897 72.083269 60.388926 1.0348295 69.5 61.5 1.10537519293 2.81207470737 4.0419704677 7.61419376421 0.0733080986648
924 4.02393698692 73.21006 62.180545 1.0389104 70.5 63.5 0.989019909463 3.01419752183 -2.85851454558 8.22606857229 0.10731100212
927 3.9954199791 74.211219 63.966291 1.0279221 71.5 65.5 1.10537519293 3.11495935168 4.43773533511 5.70817229929 0.163622954387
930 4.02889204025 75.394113 65.876292 1.0355825 72.5 67.5 0.989019909463 3.31848123786 -2.66783992094 4.15891836469 0.17566348912
933 3.99144387245 76.475569 67.55587 1.0353462 73.5 68.5 0.989019909463 3.12176109442 -2.65430092824 6.11610995744 0.214101431468
936 3.98842787743 77.652303 69.425792 1.0395167 75.5 70.5 0.989019909463 2.40547937656 -2.8932529767 2.46778117675 0.27815077605
939 3.9874920845 78.72098 71.209083 1.0347632 76.5 72.5 0.989019909463 2.56889448232 -2.62089748878 1.22360300672 0.355123882578
942 3.99391508102 79.923618 73.070281 1.0406815 77.5 74.5 0.989019909463 2.81389776447 -2.95999110068 0.72797525089 0.447920255542
945 3.99429416656 80.886825 74.813727 1.0240856 78.5 76.5 0.989019909463 2.92240486777 -2.00911607346 1.35248612158 0.491897973537
948 3.98932909966 82.003807 76.66259 1.0354781 79.5 77.5 0.989019909463 2.64013351961 -2.66185824156 1.32517939845 0.517889234673
951 3.98851394653 83.149971 78.458347 1.0359732 81.5 79.5 0.989019909463 1.95126760678 -2.690225382 0.939019569476 0.572359082608
954 3.99054193497 84.209192 80.07724 1.046865 82.5 81.5 0.989019909463 2.22386674746 -3.3142795533 2.61313406888 0.536286020458
957 2.12766909599 84.421821 80.346791 1.1291589 82.5 81.5 1.10537519293 2.24126904983 -1.3627060363 1.20631390675 0.497047058668
960 2.13795304298 84.549549 80.462185 1.2384433 82.5 81.5 1.2217304764 2.29732694182 -0.957574256254 1.14616822991 0.474280698556
963 2.14523410797 84.477315 80.645515 1.377415 81.5 81.5 1.33808575986 3.09750693695 -2.25339947135 3.05409656166 0.441932260003
966 2.13125705719 84.491575 80.745704 1.5042297 81.5 81.5 1.57079632679 3.08520395375 3.81398677177 1.69316710585 0.340640354318
969 2.12208509445 84.58151 81.604236 1.6242617 81.5 81.5 1.57079632679 3.08327245371 -3.06334023474 3.74530681901 0.427114142185
972 3.98892688751 84.52138 83.606555 1.6450761 81.5 83.5 1.68715161026 3.02325835357 2.41074915883 7.48280059532 0.470108715962
975 4.10423803329 84.450105 85.633891 1.6510189 81.5 86.5 1.68715161026 3.07461612415 2.07025180033 6.51117889515 0.455058864465
978 4.00821995735 84.288283 87.799076 1.6553182 81.5 88.5 1.68715161026 2.87503331144 1.82392005547 5.49076093437 0.427970376009
981 4.00516009331 84.219899 89.940013 1.6574582 81.5 90.5 1.57079632679 2.77694724659 -4.96535957935 5.56570446301 0.467473536213
984 4.03629088402 84.085061 91.960688 1.6559816 81.5 92.5 1.57079632679 2.64071918368 -4.88075663132 4.61394341481 0.452660950673
987 4.02093696594 83.972707 94.061302 1.6546883 80.5 95.5 1.68715161026 3.75892881591 1.86001066699 5.27273297386 0.432518720673
990 4.04160189629 83.850194 96.236204 1.650278 80.5 97.5 1.68715161026 3.58063963102 2.11270224338 7.19098315568 0.311940424658
993 4.03235292435 83.742141 98.372522 1.653672 80.5 99.5 1.68715161026 3.43259157261 1.91824036771 4.83933256178 0.455659821252
996 4.07832503319 83.558608 100.37046 1.6603574 80.5 101.5 1.68715161026 3.26051276784 1.53519516335 4.11220050803 0.46183540967
999 4.0194029808 83.448658 102.54165 1.6520527 79.5 103.5 1.68715161026 4.0632911197 2.01101942347 3.65026192356 0.420645357253
1002 4.08418107033 83.308795 104.69204 1.6576029 79.5 105.5 1.68715161026 3.89354834484 1.69301638802 3.36047624082 0.508729448344
1005 3.99525284767 83.194681 106.76107 1.661421 79.5 107.5 1.68715161026 3.76784888718 1.47425537226 4.97694347888 0.498644403309
1008 3.98768806458 83.066158 108.84686 1.6653468 78.5 109.5 1.68715161026 4.61263381817 1.24932360105 6.37869532825 0.453642111032
1011 3.98763990402 82.920912 111.09751 1.6564676 78.5 111.5 1.68715161026 4.43919599836 1.7580642865 7.04977396715 0.563606238079
1014 3.99821400642 82.798446 113.12029 1.6519674 78.5 113.5 1.68715161026 4.31518454982 2.01590675347 6.06412271469 0.590737690521
1017 4.00767397881 82.725101 115.25424 1.6521864 78.5 116.5 1.68715161026 4.40492865298 2.00335897775 5.95279932253 0.56021335274
1020 2.12512183189 82.605874 115.888 1.7134215 78.5 117.5 1.68715161026 4.41098008428 -1.50515381031 8.31583681721 0.513845064958
1023 2.12754511833 82.650086 115.98425 1.8265292 78.5 117.5 1.80350689373 4.41822496823 -1.31908098407 7.43466231116 0.457113006641
1026 2.13964509964 82.697137 116.16336 1.9516157 78.5 117.5 1.91986217719 4.40483433132 -1.81934284147 9.51079731145 0.40478705967
1029 2.12581300735 82.611261 116.28116 2.0730733 78.5 117.5 2.03621746066 4.28812755824 -2.11168404459 11.3666086243 0.444465577914
1032 2.12508893013 82.517518 116.45008 2.1971216 78.5 117.5 2.15257274413 4.15244300222 -2.5524614237 11.5334391565 0.401238983679
1035 2.12724900246 82.418538 116.4581 2.3123831 78.5 117.5 2.26892802759 4.05468810976 -2.48979224738 12.6897719736 0.354573648816
1038 2.12707209587 82.414024 116.83182 2.4679277 78.5 117.5 2.50163859453 3.97064835826 1.9314919799 12.5919139435 0.353634618459
1041 2.12870717049 82.282962 116.94587 2.5874118 78.5 117.5 2.61799387799 3.82333121117 1.75222399765 12.6526643443 0.285283633271
1044 2.14309620857 82.208722 116.96752 2.707272 78.5 117.5 2.73434916146 3.74675243694 1.55140707273 12.831261348 0.289918235523
1047 2.25903010368 82.043289 117.20312 2.8493508 78.5 117.5 2.85070444492 3.5557045254 0.0775581411086 9.97911488896 0.326368794831
1050 2.20283198357 81.832352 117.28824 2.9891727 78.5 117.5 2.96705972839 3.33907354659 -1.26697994572 4.75371889632 0.337407706791
1053 2.3747150898 81.142386 117.29523 3.0875315 77.5 117.5 3.08341501186 3.64813740502 -0.23585739703 7.02816639398 0.343606145547
1056 4.18791103363 79.131234 117.37152 3.1037602 75.5 117.5 3.08341501186 3.63350622308 -1.16569341401 6.8085240936 0.37948336041
1059 4.11802220345 77.094643 117.50841 3.1079346 73.5 117.5 3.08341501186 3.59465283797 -1.40486891601 4.42072623569 0.352323492724
1062 4.03746008873 74.899205 117.59033 3.115912 71.5 116.5 3.19977029532 3.56979189042 4.80472639917 6.23683099099 0.445140915647
1065 4.05851221085 72.824078 117.69503 3.116944 69.5 116.5 3.08341501186 3.53236340868 -1.92106951196 4.70671196061 0.479589305104
1068 4.14079284668 70.711208 117.83017 3.1174699 67.5 116.5 3.19977029532 3.4758033673 4.71546530426 3.47565751128 0.453102414507
1071 4.09561395645 68.550781 117.88294 3.1169773 65.5 116.5 3.19977029532 3.34959516264 4.74368920525 3.74701469369 0.509349604602
1074 4.04871201515 66.454241 117.99143 3.11617 63.5 116.5 3.08341501186 3.30936600136 -1.87672257862 3.18605316034 0.573529493384
1077 4.06692504883 64.352032 118.06903 3.1139299 60.5 116.5 3.08341501186 4.15932755021 -1.74837430293 5.49964663751 0.55528597591
1080 3.97099804878 62.204954 118.16997 3.1178991 58.5 117.5 3.08341501186 3.76504235607 -1.97579271097 3.37369303734 0.538233269115
1083 3.9794960022 60.134729 118.2293 3.1166836 56.5 117.5 3.08341501186 3.70717323488 -1.90614969097 7.99546246145 0.592760089984
1086 4.06061220169 58.034017 118.36643 3.1239361 54.5 117.5 3.08341501186 3.63867793315 -2.32168733189 11.7809285443 0.585582250075
1089 4.06009197235 55.858025 118.47896 3.1251128 52.5 117.5 3.08341501186 3.49781282836 -2.38910727564 3.37341798512 0.580578055229
1092 4.10172319412 53.766425 118.55 3.1243401 50.5 117.5 3.08341501186 3.43103953353 -2.34483482681 5.80350014395 0.574445838241
1095 4.12716889381 51.628528 118.603 3.1187628 47.5 116.5 3.19977029532 4.63328743408 4.64138759093 5.93589241099 0.561880384726
1098 4.08148407936 49.494235 118.64783 3.1200968 46.5 117.5 3.08341501186 3.20670499799 -2.10171164561 5.83514914439 0.551870337847
1101 4.21978497505 47.379245 118.80828 3.1260538 44.5 117.5 2.96705972839 3.16253827304 -9.10968927083 2.34634872935 0.371394772379
1104 4.01927399635 45.313934 118.87713 3.1250737 42.5 117.5 2.96705972839 3.13284401036 -9.05353367733 4.30235020988 0.329107797288
1107 4.14019417763 43.229975 118.9845 3.131291 40.5 117.5 3.08341501186 3.10749155278 -2.74309206063 2.86974839081 0.402292223049
1110 4.11943483353 41.038059 119.03542 3.1300111 38.5 117.5 3.08341501186 2.96635433889 -2.66975919243 5.0692484994 0.418816488756
1113 4.14937114716 38.877743 119.09254 3.1262084 36.5 117.5 2.96705972839 2.8617905978 -9.11854719835 4.05436375561 0.342523326203
1116 4.04278206825 36.866989 119.17866 3.1252668 33.5 118.5 2.96705972839 3.43470440092 -9.06459749236 2.79502284946 0.414206293048
1119 4.19157218933 34.67231 119.25843 3.1314701 31.5 118.5 2.96705972839 3.26171224988 -9.42002040141 2.54090676688 0.44495263681
1122 4.16386699677 32.567479 119.34722 3.1353596 29.5 117.5 2.96705972839 3.5807330456 -9.64287233583 1.49369267177 0.302061474835
1125 4.04901504517 30.502201 119.36971 3.1349527 27.5 117.5 2.96705972839 3.53681019119 -9.61955868314 3.30425019337 0.18440385593
1128 2.19815707207 29.15421 119.31018 -3.13185 25.5 117.5 2.96705972839 4.07798998975 -10.558212932 4.91920234021 0.141308001973
1131 2.21184897423 28.938717 119.39146 -3.028318 25.5 117.5 3.08341501186 3.92458858196 -9.82349290983 6.3550416014 0.141677513291
1134 2.16129994392 28.80706 119.32785 -2.9089456 25.5 117.5 3.31612557879 3.77858193852 -3.32969428685 4.66889701223 0.173802611845
1137 2.19272994995 28.607415 119.34948 -2.7753086 25.5 117.5 3.43248086226 3.61615877038 -4.31986370697 6.26415166686 0.178004174914
1140 2.1625289917 28.309413 119.3977 -2.6319404 26.5 117.5 3.54883614572 2.62206801868 -5.86758981669 9.66395343268 0.184840783524
1143 2.2609128952 28.176965 119.31562 -2.5155106 26.5 117.5 3.66519142919 2.47157593362 -5.87185929958 10.2392031532 0.18616647645
1146 2.20463490486 28.13257 119.1422 -2.3876282 26.5 117.5 3.78154671265 2.31562208594 -6.53231442692 10.8636399139 0.172215117221
1149 2.15410590172 28.071656 119.10664 -2.2643471 26.5 117.5 3.89790199612 2.24753079444 -6.92913448398 11.2196722044 0.15610664462
1152 2.17347502708 27.847582 119.05477 -2.1225081 26.5 117.5 4.01425727959 2.0574953219 -8.38924388767 8.28845497088 0.128284986636
1155 2.16433596611 27.651134 118.95518 -2.0012288 26.5 117.5 4.01425727959 1.85544019531 -15.33803592 2.45125055773 0.107858842678
1158 2.21706199646 27.585975 118.8068 -1.8653126 26.5 117.5 4.13061256305 1.69913741075 -16.4587938808 4.12593277698 0.102687235036
1161 2.22121310234 27.545652 118.66047 -1.7395281 26.5 117.5 4.24696784652 1.56207513456 -16.9990481923 3.15990887798 0.0830622919891
1164 2.1737139225 27.426878 118.54472 -1.6078392 26.5 117.5 4.47967841345 1.39661831052 -11.2109330376 2.62182636229 0.109832809295
1167 2.15856313705 27.408113 118.27266 -1.4907581 26.5 117.5 4.59603369692 1.19233917002 -11.2525192617 2.15797674673 0.0937398659636
1170 2.18463611603 27.619078 117.43976 -1.368489 26.5 116.5 4.71238898038 1.46132967796 -11.5913559899 1.70576718224 0.105624090849
1173 4.04179596901 28.00462 115.50954 -1.3464267 26.5 115.5 4.82874426385 1.50465024374 -6.18876599961 1.10549191667 0.0749815739537
1176 4.04587292671 28.352772 113.43776 -1.3439724 26.5 113.5 4.82874426385 1.85381711654 -6.32938703127 2.49785059631 0.128323888742
1179 4.00750780106 28.777386 111.37552 -1.3470791 27.5 111.5 4.82874426385 1.28343689498 -6.15138623305 2.16235223786 0.190216720673
1182 4.05650210381 29.292879 109.18718 -1.3487141 27.5 109.5 4.82874426385 1.81996468676 -6.05770763355 5.97467723488 0.130710723422
1185 4.08700704575 29.664866 107.14961 -1.3582731 26.5 107.5 4.71238898038 3.18420318919 -12.1766839438 3.1844459684 0.270505284675
1188 4.17772507668 30.155372 105.1583 -1.3627181 27.5 105.5 4.71238898038 2.67726714177 -11.9220042039 3.27628055903 0.352413216926
1191 4.11391305923 30.584999 103.08809 -1.3538609 27.5 103.5 4.82874426385 3.11237669283 -5.76281771555 2.09772731039 0.398726825622
1194 4.18479394913 30.932942 101.04272 -1.3388863 28.5 101.5 4.82874426385 2.47554272307 -6.62079909545 5.42884863029 0.375399340058
1197 4.16259002686 31.46397 98.886394 -1.3633561 28.5 99.5 4.82874426385 3.02681854166 -5.21878282992 4.24156778084 0.462566942146
1200 4.13482999802 31.761459 96.890841 -1.3338862 30.5 96.5 4.94509954732 1.32061936074 -0.240617055923 1.19426148444 0.269702714977
1203 4.10737609863 32.148779 94.808879 -1.340085 29.5 95.5 4.94509954732 2.73745838826 0.114548022122 4.11989313272 0.288946499252
1206 4.11880302429 32.63242 92.742465 -1.3409888 30.5 92.5 4.94509954732 2.14616036974 0.166331947646 3.50518541499 0.365780863634
1209 4.07708311081 33.223163 90.635151 -1.3443959 31.5 90.5 5.06145483078 1.72845495092 7.02821106469 3.14150829252 0.249656281324
1212 4.04949212074 33.480467 88.544154 -1.3400822 31.5 88.5 5.06145483078 1.98095913986 6.78105426061 4.87583810426 0.243384506311
1215 4.06417703629 33.996344 86.523674 -1.3537744 32.5 86.5 5.06145483078 1.49653126416 7.56555953286 1.41934507019 0.339104431587
1218 4.04847407341 34.391099 84.502242 -1.3500462 32.5 84.5 4.94509954732 1.89110032901 0.685282741008 1.26872865736 0.462487438447
1221 4.10981297493 34.871654 82.311763 -1.3462417 33.5 82.5 4.94509954732 1.38450997248 0.46730094785 0.42971153392 0.425775620157
1224 4.01613712311 35.319079 80.358924 -1.358939 33.5 80.5 4.94509954732 1.82454127002 1.19480264906 0.647045889621 0.491761235134
1227 4.0618481636 35.776446 78.250756 -1.3606991 34.5 78.5 4.94509954732 1.30055256043 1.29564895058 0.256904547909 0.531952999407
1230 4.09149909019 36.167733 76.160289 -1.3496683 34.5 76.5 4.94509954732 1.70198029448 0.66363066593 2.46838896388 0.455504624868
1233 4.05116701126 36.593873 74.026216 -1.3452321 35.5 74.5 4.94509954732 1.19206938505 0.409455128854 0.498828514922 0.54591084663
1236 4.15756106377 37.096668 72.068535 -1.358637 35.5 72.5 4.94509954732 1.65393795181 1.17749932365 1.78895308652 0.574441538099
1239 4.06393194199 37.456761 70.030489 -1.3570922 35.5 69.5 4.94509954732 2.0273954203 1.08898880346 2.22981036072 0.589419618132
1242 4.1225168705 37.942935 67.912468 -1.3598503 35.5 67.5 4.82874426385 2.47751110295 -5.41965037373 0.604856708283 0.581993614404
1245 4.04270291328 38.381728 65.750541 -1.3597279 36.5 65.5 4.94509954732 1.8983337585 1.24000328952 2.85742268643 0.599846254916
1248 4.09239506721 38.78715 63.709446 -1.3638712 37.5 63.5 4.94509954732 1.30407927267 1.47739689278 2.48711908978 0.650025128695
1251 4.08893203735 39.284372 61.704874 -1.358189 37.5 61.5 4.94509954732 1.79609487229 1.15183081443 5.6022767283 0.623415607968
1254 4.0548350811 39.616785 59.610797 -1.3616912 37.5 59.5 4.94509954732 2.11968269121 1.35249209344 1.34058422474 0.627165435022
1257 4.10324907303 40.0981 57.483375 -1.3627524 38.5 57.5 4.94509954732 1.59818647242 1.41329437466 3.41275469044 0.593427832097
1260 4.11089611053 40.478176 55.366289 -1.371191 39.5 55.5 4.94509954732 0.987272464164 1.89679053966 0.856665171093 0.519287274317
1263 4.11926698685 40.927924 53.368372 -1.3697355 39.5 53.5 4.94509954732 1.43397799152 1.81339653257 0.0221745306918 0.584012808055
1266 4.05558896065 41.311773 51.24524 -1.3687118 40.5 51.5 4.94509954732 0.850810238025 1.75474284309 0.251021720234 0.62483355955
1269 4.06798315048 41.752813 49.127024 -1.3690442 41.5 49.5 4.94509954732 0.450583521164 1.7737879602 0.0 0.599871830345
1272 4.03848409653 42.124468 46.999249 -1.3746445 41.5 47.5 4.94509954732 0.800444780747 2.0946615142 1.34740027254 0.632228955488
1275 4.17637705803 42.489069 45.000812 -1.3756167 41.5 45.5 4.94509954732 1.10790168612 2.15036447105 2.09354623014 0.60917993903
1278 4.02535510063 42.919623 42.847052 -1.3693623 41.5 43.5 4.94509954732 1.56258457462 1.79201374766 1.62370547432 0.56030235077
1281 4.08056282997 43.26925 40.76156 -1.3849404 42.5 41.5 4.94509954732 1.0663204003 2.68457313049 1.05957122693 0.518542998243
1284 4.21504306793 43.723057 38.666685 -1.382086 43.5 39.5 4.94509954732 0.862651908057 2.52102805745 0.158288717333 0.550251702021
1287 4.10657906532 44.069109 36.638541 -1.3748634 43.5 37.5 4.94509954732 1.03247114369 2.10720356034 0.0781674409339 0.542177542102
1290 4.10899305344 44.48264 34.512889 -1.372972 43.5 35.5 4.94509954732 1.39282787735 1.99883432297 2.33528552923 0.519912685237
1293 2.20462799072 44.660959 33.544964 -1.3339999 43.5 33.5 4.94509954732 1.1618294027 -0.234102525793 0.22021983111 0.526701408336
1296 2.17039608955 44.654294 33.324157 -1.2074321 43.5 33.5 5.06145483078 1.16761097934 -0.819236621382 0.0243383638169 0.51344493891
1299 13.6117107868 44.699557 33.107025 -1.0711259 44.5 33.5 5.17781011425 0.440740679849 -1.96233993618 0.0 0.182705434865
1302 2.15996098518 44.829945 32.953901 -0.95914547 44.5 33.5 5.29416539772 0.638034341416 -1.71167929657 0.460226508181 0.199034155192
1305 2.2004878521 44.914184 32.826307 -0.82117543 44.5 33.5 5.41052068118 0.790829086532 -2.95011362116 0.382031262329 0.205701774744
1308 2.15558409691 44.932468 32.690373 -0.70238554 44.5 33.5 5.52687596465 0.917891306285 -3.08960630032 0.325599790658 0.214516694673
1311 2.24157309532 45.019913 32.619075 -0.56167342 44.5 33.5 5.64323124811 1.02290683016 -4.48515023599 5.49936093511 0.211704067992
1314 2.38599300385 45.164806 32.47066 -0.44585332 44.5 33.5 5.75958653158 1.22536029527 -4.4544864821 4.41394028459 0.212139587019
1317 2.29539680481 45.307079 32.373178 -0.30795343 43.5 33.5 5.99229709851 2.12961553618 0.977765158911 2.75186532236 0.151907567062
1320 2.17495298386 45.468859 32.25314 -0.19105128 43.5 33.5 5.99229709851 2.3304646793 -5.72023465209 2.13188920518 0.177682979341
1323 2.20833182335 46.833289 32.057508 -0.10389315 44.5 32.5 5.75958653158 2.37487614995 -24.0473609847 1.56828787445 0.144011075885
1326 4.06150007248 48.863767 31.868312 -0.084237935 47.5 33.5 6.10865238198 2.12656205168 -5.1735218496 4.74474638316 0.168729428902
1329 4.10673594475 51.033972 31.691587 -0.08198003 48.5 29.5 5.75958653158 3.35023397323 -25.3028902766 3.38584983467 0.177652174246
1332 4.02590703964 53.111195 31.42619 -0.084122232 50.5 27.5 5.52687596465 4.71522080545 -38.5134844765 6.83072790742 0.187278014595
1335 4.02412986755 55.206155 31.249451 -0.082409142 53.5 33.5 6.22500766545 2.82416991086 1.38836269656 3.56152500813 0.274001438575
1338 4.00442099571 57.287235 31.07162 -0.080297126 56.5 33.5 6.22500766545 2.55279618646 1.2673530935 4.29536215619 0.344914475403
1341 4.02231502533 59.516372 30.847745 -0.092608556 58.5 33.5 6.22500766545 2.84032896465 1.97274607227 5.77578471847 0.438069810442
1344 4.03182697296 61.567611 30.670937 -0.091677002 60.5 33.5 6.22500766545 3.02380401238 1.91937195968 5.78570325261 0.480875266628
1347 4.02058291435 63.68279 30.502969 -0.089332225 62.5 32.5 6.10865238198 2.32101809538 -4.88164053299 2.95555276848 0.380474564718
1350 4.01854801178 65.773678 30.270465 -0.081918863 65.5 31.5 6.10865238198 1.2596253268 -5.30639488759 1.2331315194 0.453459155652
1353 4.16057705879 67.870787 30.052005 -0.080757136 67.5 31.5 6.10865238198 1.49471486224 -5.37295694164 0.843894269624 0.522353908449
1356 4.04596996307 69.978421 29.855203 -0.080851998 69.5 31.5 6.10865238198 1.71296346267 -5.3675217494 1.22975150043 0.549578996634
1359 4.13957095146 72.04312 29.748383 -0.089661546 70.5 30.5 6.10865238198 1.7164345164 -4.86277182958 1.79579898553 0.520778807612
1362 4.03322386742 74.192216 29.503442 -0.097083695 72.5 30.5 6.10865238198 1.96385407758 -4.43751401696 4.45708262858 0.481594153712
1365 4.17383909225 76.337484 29.313327 -0.092202589 74.5 30.5 6.10865238198 2.18735919757 -4.71718079012 1.46424982904 0.551004996296
1368 4.13292193413 78.469083 29.072242 -0.088851811 77.5 30.5 6.10865238198 1.72557664781 -4.90916622761 0.736066228456 0.534811701936
1371 4.00649094582 80.508884 28.860474 -0.08148585 79.5 30.5 6.22500766545 1.92506946112 1.3354619617 2.91965959384 0.530868874274
1374 4.03861999512 82.648681 28.706332 -0.092016755 81.5 30.5 6.22500766545 2.12995608734 1.93883837266 4.99193142037 0.608566973243
1377 4.06618404388 84.803463 28.469695 -0.089914919 83.5 30.5 6.22500766545 2.41270681712 1.81841204063 5.37237766876 0.667216794411
1380 4.03223490715 86.909059 28.274418 -0.095059786 85.5 30.5 6.22500766545 2.634134109 2.11319120588 1.20971091967 0.649402055905
1383 4.02600002289 88.999768 28.069648 -0.093100738 87.5 30.5 6.22500766545 2.85585624598 2.00094602362 5.94623651909 0.718157689217
1386 4.02090501785 91.148907 27.8824 -0.087682683 89.5 30.5 6.22500766545 3.09365868425 1.69051433895 7.61370990134 0.689527711413
1389 3.99413108826 93.191686 27.680334 -0.085944106 91.5 30.5 6.22500766545 3.28820891583 1.59090121449 4.74193095744 0.588563522801
1392 4.03130483627 94.597595 27.536443 -0.026113958 93.5 30.5 6.22500766545 3.16028240451 -1.83711375355 4.26479540073 0.618043053167
1395 4.01811099052 66.734672 23.138609 0.64678418 95.5 31.5 0.0581776417331 29.9559168513 -33.7246704365 12.4795651308 0.526382320578
1398 3.98503112793 41.954155 8.6979942 1.5862633 97.5 31.5 0.0581776417331 60.0439203023 -87.5528589532 12.3733957769 0.540473000178
1401 3.98608088493 40.498777 7.6026468 1.6671323 100.5 31.5 0.0581776417331 64.5850621387 -92.1863113466 10.0032443438 0.419622104372
1404 3.97718095779 40.36551 9.5759073 1.6613912 100.5 31.5 0.0581776417331 64.0064272419 -91.8573705468 9.44135279368 0.421472463489
1407 4.02341198921 40.15753 11.693798 1.6450717 103.5 30.5 0.0581776417331 66.0752732826 -90.9223320731 9.07165453879 0.322304568693
1410 4.00084209442 40.017928 13.779826 1.6578436 103.5 30.5 6.22500766545 65.6470691197 -98.3207747061 8.50397401406 0.211429326252
1413 3.9877409935 39.937066 15.922073 1.6651068 105.5 31.5 0.0581776417331 67.3882046378 -92.0702587452 7.17153284067 0.16868291072
1416 3.99546289444 39.75755 17.953862 1.6630734 106.5 30.5 0.0581776417331 67.9114144361 -91.9537535071 7.57941327391 0.130673287097
1419 3.99718403816 39.645384 20.177858 1.663423 109.5 31.5 0.0581776417331 70.7662227053 -91.9737841117 7.81515745615 0.102057363386
1422 4.00697779655 39.526919 22.292671 1.6684735 111.5 31.5 0.0581776417331 72.559625798 -92.2631564461 8.71902298041 0.110425656391
1425 3.96876096725 39.303781 24.413998 1.6572417 114.5 33.5 0.174532925199 75.7431632838 -84.9529550431 9.32298055393 0.0995837456705
1428 3.99056601524 39.21094 26.55624 1.6661167 115.5 33.5 0.174532925199 76.6044155295 -85.4614550863 9.36284790498 0.0903974930147
1431 4.25588417053 39.049874 28.673026 1.6660737 117.5 34.5 0.174532925199 78.6662309725 -85.4589913677 10.474038916 0.102151997066
1434 4.06613206863 38.816051 30.701859 1.6598041 119.5 35.5 0.174532925199 80.8264918408 -85.0997697485 7.05723145117 0.139748799591
1437 4.02500700951 38.695572 32.853799 1.6647394 122.5 35.5 0.174532925199 83.8461956927 -85.3825416091 6.94908900027 0.201526512673
1440 4.00582504272 38.58982 35.008607 1.6723781 124.5 35.5 0.174532925199 85.9115853346 -85.8202068801 9.8386121559 0.149677599111
1443 3.99096703529 38.393816 37.160762 1.6689022 126.5 35.5 0.174532925199 88.1218349188 -85.6210524801 7.49154480947 0.285643733668
1446 3.977216959 38.314928 39.264936 1.6781402 128.5 36.5 0.174532925199 90.2274463937 -86.1503508912 7.28517396844 0.335329958046
1449 3.9779419899 38.042909 41.445131 1.6601298 130.5 37.5 0.174532925199 92.5412218138 -85.1184309839 6.64283627778 0.260997533239
1452 3.9690618515 37.893052 43.482766 1.6655679 131.5 38.5 0.407243492132 93.7394723203 -72.0966778291 3.68421823349 0.0922338163643
1455 3.97486996651 37.737395 45.529248 1.6663309 137.5 27.5 6.10865238198 101.378652288 -105.473727842 2.83370977641 0.064950880429
1458 3.98652505875 37.667375 47.706088 1.6735516 140.5 26.5 6.10865238198 104.996413904 -105.887443477 4.29189675887 0.0667983152015
1461 3.9953391552 37.411337 49.793915 1.6717816 142.5 26.5 6.10865238198 107.63936811 -105.786029948 6.447425868 0.0463413085995
1464 3.98525309563 37.208006 51.943854 1.66906 139.5 37.5 0.174532925199 103.306713019 -85.6300937541 7.55221007774 0.0279770703355
1467 3.98771286011 37.03196 53.963531 1.6741645 141.5 38.5 0.174532925199 105.606307446 -85.9225600606 5.98754298496 0.0450248538702
1470 4.00826501846 36.983983 56.143126 1.6856298 142.5 39.5 0.290888208666 106.82051997 -79.9128066948 3.27894181308 0.0185956470119
1473 3.99713683128 36.720012 58.206076 1.6746777 33.5 58.5 1.68715161026 3.23339892341 0.714702411991 4.04603290324 0.0167291157117
1476 4.00705194473 36.536888 60.398002 1.6787317 33.5 60.5 1.68715161026 3.03860038777 0.482425321845 3.41799333829 0.0359077193957
1479 3.99644780159 36.401835 62.417273 1.6766351 32.5 62.5 1.80350689373 3.90271189351 7.26921831984 2.9126070154 0.0285103027385
1482 3.98065900803 36.239068 64.615141 1.6886647 33.5 64.5 1.68715161026 2.74148699769 -0.0866936560586 2.4773277917 0.039832957006
1485 3.98095202446 35.99676 66.655908 1.678851 33.5 66.5 1.68715161026 2.50162303357 0.475589935349 3.20299127206 0.0502179743015
1488 3.98351287842 35.830181 68.859683 1.6854848 33.5 68.5 1.68715161026 2.35777763015 0.095501193215 1.88140183593 0.0933325146047
1491 3.98252296448 35.575227 70.898859 1.683738 33.5 71.5 1.68715161026 2.16054104414 0.195585460868 1.60858780601 0.154009611485
1494 3.98367714882 35.463169 73.006353 1.6935188 33.5 73.5 1.68715161026 2.02428256011 -0.364813099393 1.41565032034 0.215557889956
1497 3.98220086098 35.205801 75.07321 1.6913976 32.5 75.5 1.68715161026 2.73925332083 -0.24327729189 5.29203019781 0.231000255274
1500 3.98806595802 34.978045 77.287591 1.6912075 31.5 76.5 1.68715161026 3.56610384107 -0.232385364205 4.1329167579 0.176447906841
1503 3.97625207901 34.814043 79.320098 1.7000185 31.5 78.5 1.68715161026 3.41400669821 -0.737218477494 5.54141727447 0.302665371219
1506 3.98146891594 34.580736 81.372215 1.6970036 31.5 80.5 1.68715161026 3.20182655806 -0.56447743184 9.06793526804 0.344278446942
1509 3.99403190613 34.345965 83.441951 1.6955247 30.5 83.5 1.68715161026 3.84640305579 -0.479742703518 6.49715853225 0.387697729147
1512 3.9871931076 34.142398 85.698773 1.7034669 30.5 85.5 1.68715161026 3.64781768951 -0.934797243567 5.28446466578 0.44177901394
1515 3.97625994682 33.910208 87.748137 1.7016389 30.5 87.5 1.68715161026 3.41922368002 -0.830060558617 7.50648332686 0.462691816083
1518 3.98221993446 33.670818 89.737713 1.6967853 30.5 89.5 1.68715161026 3.17971606586 -0.551969763173 4.48833086131 0.531842926886
1521 3.99881196022 33.472926 91.900649 1.7056804 30.5 92.5 1.68715161026 3.03273978816 -1.06162145152 3.51992643712 0.565050979411
1524 3.99429702759 33.217902 94.036516 1.7078464 29.5 94.5 1.68715161026 3.74668022386 -1.18572410994 5.17132751755 0.55436227141
1527 4.14014196396 33.034075 96.178482 1.7177188 29.5 96.5 1.68715161026 3.54867016359 -1.75137096361 4.69773670505 0.553585141282
1530 4.00224900246 32.713254 98.174723 1.7080491 28.5 97.5 1.68715161026 4.26693805852 -1.19733796445 3.6897965884 0.421476819521
1533 4.18755578995 32.45653 100.24821 1.7068362 28.5 99.5 1.68715161026 4.02665467168 -1.12784391348 7.47238259638 0.546742540069
1536 4.12343597412 32.217075 102.39435 1.7082962 27.5 101.5 1.68715161026 4.80111012976 -1.21149575157 6.29806526815 0.641580011187
1539 3.9885737896 31.955228 104.48204 1.7110577 27.5 103.5 1.68715161026 4.56217701252 -1.3697180467 6.2131232805 0.577703686733
1542 4.00513887405 31.741377 106.6002 1.7198575 27.5 105.5 1.68715161026 4.38174838348 -1.87390944725 8.46048794124 0.606625744164
1545 3.98441886902 31.439656 108.68741 1.7105287 27.5 107.5 1.68715161026 4.11470921286 -1.33940857933 6.4681783071 0.635885937789
1548 3.99199199677 31.216018 110.75498 1.7177022 27.5 110.5 1.68715161026 3.72475563987 -1.75041985367 6.88178150121 0.513237672996
1551 3.98560094833 30.916985 112.90957 1.719675 27.5 112.5 1.68715161026 3.44144360336 -1.86345296749 5.73665408393 0.56314449676
1554 3.97592282295 30.668641 114.94646 1.716506 27.5 115.5 1.68715161026 3.21662747586 -1.68188264222 3.11644938808 0.558675417698
1557 4.11970591545 30.419865 117.12266 1.716223 26.5 117.5 1.68715161026 3.93798515663 -1.66566793661 4.49077786502 0.491031922763
1560 3.98239803314 30.132888 119.21343 1.725557 26.5 118.5 1.68715161026 3.70227735123 -2.20046674259 7.60893014804 0.366445827773
1563 4.07543087006 29.88258 121.34383 1.72867 26.5 120.5 1.68715161026 3.48624389928 -2.37882850421 4.41689790559 0.462643406736
1566 2.1285867691 29.981486 120.5055 1.7055843 26.5 119.5 1.68715161026 3.62377910726 -1.05611532711 3.30130438078 0.457996353388
1569 4.00202608109 30.170653 118.4575 1.6900862 26.5 117.5 1.68715161026 3.79348121076 -0.168139606636 3.69327093449 0.393738203373
1572 4.06763601303 30.502618 115.6086 1.6745202 27.5 115.5 1.68715161026 3.00458130426 0.723726497264 2.32923755688 0.402166561327
1575 4.16259098053 30.699806 113.48782 1.6738205 27.5 112.5 1.68715161026 3.34881274335 0.763816354189 1.78672212284 0.441423930979
1578 4.02656006813 30.8492 111.36091 1.6697397 27.5 110.5 1.68715161026 3.45807846471 0.997628971226 4.00239958405 0.428146136648
1581 4.01829600334 30.973164 109.37107 1.6787837 28.5 108.5 1.68715161026 2.6220799217 0.47944594131 1.27390424908 0.388153648637
1584 4.05044817924 31.204408 107.09871 1.665475 28.5 107.5 1.68715161026 2.73401834203 1.24197828212 1.52917247379 0.355884999753
1587 3.98982214928 31.322843 104.96751 1.6587885 28.5 105.5 1.68715161026 2.87262740409 1.62508651183 5.9913919162 0.38225170497
1590 4.07554292679 31.457099 102.91722 1.6541397 28.5 103.5 1.68715161026 3.01397860381 1.89144313163 3.74935283975 0.451154645598
1593 4.07571601868 31.546684 101.34427 1.631357 28.5 101.5 1.68715161026 3.05066144119 3.19679568754 1.80917549544 0.417153625773
1596 2.22459697723 31.536552 101.09899 1.5279681 28.5 101.5 1.57079632679 3.0629164319 2.45387663938 1.63031285385 0.396137195009
1599 2.30122184753 31.522716 100.84711 1.3818466 28.5 101.5 1.45444104333 3.0924225728 4.15935521883 2.97826509126 0.375044638329
1602 2.29617786407 31.33472 100.81397 1.2437751 28.5 101.5 1.33808575986 2.91655184067 5.4036027732 2.60168154096 0.342926422597
1605 2.30166101456 31.335612 100.76499 1.1262837 28.5 101.5 1.2217304764 2.92932332026 5.46869745562 2.34914636058 0.309149904886
1608 4.32464885712 30.238332 99.003137 0.9296569 27.5 100.5 0.989019909463 3.12074686301 3.40124990145 2.50224989032 0.308293408309
1611 4.30233597755 28.772289 97.32743 0.78863198 25.5 99.5 0.756309342531 3.92784109969 -1.85195070971 3.4763508607 0.299928786296
1614 4.32072281837 27.005154 95.945316 0.6582802 23.5 98.5 0.639954059065 4.33733961128 -1.05001053036 4.33673275378 0.317682167606
1617 2.3195168972 26.209553 95.323497 0.64585939 23.5 96.5 0.639954059065 2.95395273639 -0.338350539227 3.11619341165 0.274735230814
1620 2.30261516571 26.225548 95.299359 0.74214735 24.5 95.5 0.872664625997 1.73717377115 7.47808906818 2.31091431946 0.216016017245
1623 2.31758284569 26.287241 95.304851 0.87876564 23.5 95.5 0.872664625997 2.79406433789 -0.349562353113 1.75441473319 0.189872742589
1626 2.28858089447 26.503119 95.525486 1.0159202 23.5 95.5 0.989019909463 3.00322714165 -1.54127311542 1.5786752611 0.180979320005
1629 2.29775118828 26.584147 95.637624 1.1414331 23.5 95.5 1.10537519293 3.08721607326 -2.0659658932 1.42736548154 0.201277081933
1632 2.27791404724 26.62792 95.717086 1.2595284 23.5 95.5 1.33808575986 3.13544412449 4.5010051698 2.45119967128 0.149761815359
1635 2.31937289238 26.756174 95.797181 1.3910555 23.5 95.5 1.45444104333 3.26970727513 3.63172411487 2.86510803403 0.15186630305
1638 4.32500386238 26.381693 93.77201 1.3952992 23.5 93.5 1.45444104333 2.89450237284 3.38857801535 4.50965403583 0.207154851114
1641 4.2758769989 26.011804 91.856332 1.39866 22.5 92.5 1.45444104333 3.5703047249 3.19601835957 4.80281627129 0.179800903783
1644 4.2729780674 25.609249 89.727224 1.3968171 22.5 90.5 1.45444104333 3.20384333109 3.30160875163 2.72749615516 0.25310568109
1647 4.3431699276 25.2462 87.568251 1.3940659 22.5 88.5 1.45444104333 2.89996045473 3.45924090023 5.60547686417 0.314636142973
1650 4.37938284874 24.820481 85.505592 1.4017015 20.5 86.5 1.33808575986 4.43344147834 -3.64491342049 3.35023384796 0.295725419085
1653 4.30515408516 24.493958 83.448062 1.398475 21.5 83.5 1.45444104333 2.99440846606 3.20661807878 5.89674473146 0.274786721545
1656 4.27119088173 24.080092 81.345956 1.3962744 19.5 82.5 1.33808575986 4.72324679457 -3.33396349549 3.78907241172 0.362797221725
1659 4.28408312798 23.622432 79.208855 1.3888608 18.5 79.5 1.33808575986 5.13069927063 -2.9091955045 4.59841989176 0.346141997548
1662 4.37859797478 23.236261 77.182266 1.3737053 18.5 77.5 1.33808575986 4.7469066933 -2.04084931809 5.63057629543 0.363667268766
1665 4.29645299911 22.741503 75.111069 1.3685019 18.5 75.5 1.33808575986 4.25929747984 -1.74271645897 6.81924699994 0.418163771908
1668 4.37242603302 22.23837 73.007777 1.3690406 17.5 73.5 1.33808575986 4.763867519 -1.77358169539 6.87611539607 0.437961793916
1671 4.40676498413 21.796618 70.8705 1.3677106 17.5 71.5 1.33808575986 4.34248736186 -1.69737830864 5.9720476098 0.393377671937
1674 4.45171904564 21.306705 68.900927 1.3588762 17.5 69.5 1.33808575986 3.85355568486 -1.19120447411 3.55328522014 0.357369205073
1677 4.32309222221 20.800373 66.796896 1.3509317 17.5 67.5 1.33808575986 3.37443583047 -0.736018153767 1.68240895315 0.333050929429
1680 4.28271198273 20.180988 64.758154 1.3339286 19.5 65.5 1.45444104333 1.00701546357 6.90485438154 1.38321197295 0.390490749613
1683 4.36882305145 19.716632 62.635567 1.3210663 18.5 63.5 1.45444104333 1.49246032943 7.64180988637 2.79766949491 0.399199380321
1686 4.28774690628 19.127208 60.642471 1.320188 16.5 61.5 1.33808575986 2.76361680794 1.02546610285 5.93364610173 0.392792389005
1689 4.30327105522 18.573484 58.538556 1.3117791 15.5 59.5 1.2217304764 3.22035377923 -5.15940608347 2.31673519127 0.23637090162
1692 4.25763583183 18.03732 56.562177 1.3046299 15.5 57.5 1.2217304764 2.70508867909 -4.74978709657 3.52575231458 0.274853020427
1695 4.40009999275 17.470308 54.449011 1.30616 15.5 54.5 1.33808575986 1.97096765397 1.82921129786 1.6154874386 0.404937474747
1698 4.33408904076 16.865167 52.414515 1.2995721 14.5 52.5 1.33808575986 2.36671135188 2.20667016371 1.39844746966 0.33991604598
1701 4.33931708336 16.322269 50.452679 1.2871313 14.5 50.5 1.33808575986 1.82288331645 2.91947549748 2.90957816379 0.199983961745
1704 4.51151800156 15.679585 48.421133 1.2791916 13.5 48.5 1.33808575986 2.18101141123 3.37438679808 2.40440166746 0.311500971095
1707 4.37673282623 15.049517 46.343459 1.2810584 13.5 46.5 1.33808575986 1.55740425644 3.26742703688 3.00823755402 0.362401414004
1710 4.31423282623 14.370513 44.264129 1.2685694 12.5 44.5 1.33808575986 1.88532596964 3.98299402722 5.85851459465 0.342698693466
1713 4.26307892799 13.728985 42.398373 1.2622613 12.5 42.5 1.33808575986 1.23317970197 4.34442153397 1.7374617189 0.425259576247
1716 4.27846288681 13.116178 40.310007 1.2578142 11.5 40.5 1.33808575986 1.62730718297 4.59922159504 1.72786023253 0.433102701617
1719 4.26760196686 12.482531 38.460523 1.239848 11.5 38.5 1.33808575986 0.983323751106 5.62860902893 0.859447181595 0.402052454025
1722 2.28659105301 12.331027 38.238303 1.1567887 11.5 38.5 1.2217304764 0.871258397112 3.72088970157 2.68887146141 0.316150272316
1725 2.29519510269 12.263795 38.100898 1.043782 11.5 37.5 1.10537519293 0.971833940768 3.52903000161 1.90573345502 0.250703687011
1728 2.30087804794 12.231882 38.075858 0.90529637 11.5 37.5 0.989019909463 0.931269938357 4.79700545715 3.22786828638 0.217196821456
1731 2.34050798416 12.170047 37.918491 0.7605547 10.5 37.5 0.872664625997 1.7216828103 6.42342560116 5.43348808078 0.167444332961
1734 2.2676320076 11.9457 37.868652 0.60051086 10.5 38.5 0.639954059065 1.57754517752 2.2599288369 1.08485732381 0.223225284298
1737 2.2957880497 11.861848 37.85602 0.47073445 11.5 37.5 0.639954059065 0.507626058732 9.69556941025 0.334910894911 0.241058512893
1740 2.28561592102 11.68598 37.868337 0.32347919 11.5 37.5 0.407243492132 0.41262659387 4.79934098602 1.09092858066 0.262842362488
1743 14.2948729992 11.634663 37.834152 0.18688423 11.5 37.5 0.290888208666 0.360266127568 5.95898903011 0.0118706733221 0.129874906761
1746 2.30659794807 11.546787 37.799316 0.059161186 11.5 37.5 0.0581776417331 0.302950641566 -0.0563529354551 0.0 0.1652002844
1749 2.30445098877 11.461332 37.784444 -0.088384018 11.5 37.5 6.22500766545 0.287060278269 1.73069787447 0.0 0.186590264542
1752 2.30117082596 11.353119 37.809133 -0.22428348 11.5 37.5 6.10865238198 0.34225318092 2.85049681851 0.0 0.207155476491
1755 2.29613399506 11.259101 37.929753 -0.36642208 11.5 37.5 5.87594181505 0.492666184358 -2.33889462893 0.0 0.198518240946
1758 2.31499695778 11.22919 38.083377 -0.50941267 11.5 37.5 5.87594181505 0.643169324695 5.85386268816 0.107499420349 0.215680015563
1761 2.29390311241 11.185129 38.110347 -0.64618684 11.5 37.5 5.75958653158 0.686780319353 7.0237787089 0.14512903085 0.202175359864
1764 2.34919095039 11.588805 37.741111 -0.76036767 12.5 37.5 5.64323124811 0.942555485022 6.89919170253 0.267534261786 0.237200709644
1767 4.3820950985 13.063467 36.224873 -0.77289998 13.5 36.5 5.52687596465 0.515999928506 0.950573506412 0.0 0.236392449285
1770 4.26672506332 14.493375 34.807156 -0.77803694 14.5 35.5 5.52687596465 0.692875673524 1.24489963394 0.269621689009 0.226786799158
1773 4.27585101128 15.892318 33.28564 -0.77023756 16.5 33.5 5.52687596465 0.644381581614 0.798028077121 0.113133675098 0.264822442964
1776 4.28508591652 17.405154 31.857105 -0.77891679 17.5 32.5 5.52687596465 0.649853633321 1.29531132554 0.394746970975 0.365194363572
1779 4.32765889168 19.008966 30.381332 -0.78385491 19.5 30.5 5.52687596465 0.505169756993 1.57824476027 0.0 0.366314937928
1782 4.3375658989 20.517371 28.856906 -0.78454873 20.5 29.5 5.52687596465 0.643328566502 1.61799771802 0.323017873214 0.481554932194
1785 4.34209704399 22.037399 27.308602 -0.78653789 22.5 27.5 5.52687596465 0.500632479575 1.73196819079 0.0 0.436631754992
1788 4.29572486877 23.470866 25.802264 -0.78746834 23.5 26.5 5.52687596465 0.698343980895 1.78527904884 0.0970581489669 0.486876971829
1791 4.32429885864 25.030138 24.239515 -0.79252133 25.5 24.5 5.52687596465 0.537236199701 2.07479404976 0.0 0.525998841108
1794 4.2846570015 26.508975 22.80392 -0.79210599 26.5 23.5 5.52687596465 0.696137857773 2.0509968207 0.321851144117 0.490570802893
1797 4.33557891846 27.961008 21.312251 -0.79564812 28.5 21.5 5.52687596465 0.570755694728 2.25394592019 0.155238582523 0.573310394967
1800 4.37788200378 29.36401 19.750057 -0.78815021 29.5 20.5 5.52687596465 0.762173066533 1.82434732202 0.0862778154276 0.572519607442
1803 4.3753759861 31.016391 18.179875 -0.79578372 30.5 18.5 5.52687596465 0.607568663203 2.26171522789 0.0838014521388 0.576956128658
1806 4.31415581703 32.405165 16.663972 -0.79079715 32.5 17.5 5.52687596465 0.841389620811 1.97600581264 0.449896031081 0.594661095522
1809 4.38532400131 33.875627 15.226881 -0.79213801 33.5 15.5 5.52687596465 0.464423977945 2.05283143156 0.0 0.541053843846
1812 2.33723688126 34.400964 14.714584 -0.72873329 34.5 14.5 5.52687596465 0.23633540224 -1.57999142565 0.0 0.512145384397
1815 2.30121207237 34.541831 14.529671 -0.59347242 34.5 14.5 5.64323124811 0.0512854833457 -2.66320174325 0.0 0.417125817777
1818 2.27754998207 34.648846 14.435796 -0.47955783 34.5 14.5 5.87594181505 0.162102699953 4.14330635812 1.80364373346 0.354724673066
1821 2.28703594208 34.668797 14.324629 -0.34405458 34.5 15.5 5.75958653158 1.18742975154 -10.2871246439 0.037775382643 0.427390646747
1824 2.27710413933 34.864126 14.20779 -0.22615765 34.5 15.5 5.99229709851 1.34253284056 -3.70878781707 0.179941548336 0.494428685344
1827 2.37471795082 35.017605 14.088235 -0.094353638 35.5 15.5 6.10865238198 1.49190661613 -4.59393476089 0.42723684594 0.425154074411
1830 2.36802196503 36.599142 14.0692 -0.022879679 36.5 15.5 6.22500766545 1.43423072627 -2.02242429002 0.149155527679 0.429199918793
1833 4.33852910995 38.63985 14.009333 -0.014813302 38.5 15.5 6.22500766545 1.49721278628 -2.48459364808 0.0695413928221 0.485905973876
1836 4.29176807404 40.768535 13.925491 -0.0089087199 40.5 14.5 6.22500766545 0.634170038165 -2.8229012822 0.467137350892 0.479790397094
1839 4.27704787254 42.905865 13.952369 -0.011506708 42.5 14.5 6.22500766545 0.681634880553 -2.67404752884 2.24506413683 0.556723021595
1842 4.33248806 45.04117 13.838962 -0.010052037 44.5 14.5 6.22500766545 0.854304516167 -2.75739403772 3.16797929775 0.547460265822
1845 4.31123495102 47.095509 13.764363 -0.008210261 46.5 15.5 6.22500766545 1.83495688365 -2.86292002933 2.77659419106 0.519191669383
1848 4.36020898819 49.256947 13.750747 -0.012245698 48.5 15.5 6.22500766545 1.90600493672 -2.63170652074 3.45232413914 0.643817095718
1851 4.35140681267 51.347189 13.680192 -0.017629817 50.5 15.5 6.22500766545 2.00734410567 -2.32321922565 3.17143464222 0.681519422695
1854 4.32252001762 53.510554 13.649042 -0.0075411209 52.5 15.5 6.22500766545 2.10885393157 -2.90125893297 4.49923657742 0.633747837999
1857 4.32404398918 55.608657 13.581194 -0.0077936973 54.5 15.5 6.22500766545 2.21606335859 -2.88678737124 3.3441841171 0.622595483724
1860 4.32869696617 57.666716 13.591636 -0.01411162 56.5 15.5 6.22500766545 2.23675644207 -2.52479706524 2.99283841247 0.612790059596
1863 4.30596995354 59.905766 13.533857 -0.012519778 59.5 15.5 6.22500766545 2.00757673408 -2.61600289349 0.95834931667 0.619655428371
1866 4.42633795738 62.027534 13.447994 -0.021676244 61.5 15.5 6.22500766545 2.11873092798 -2.09137603644 2.78385250387 0.569492930429
1869 4.37376618385 64.181261 13.371995 -0.025327169 63.5 14.5 6.22500766545 1.31776774515 -1.88219344262 5.84434371644 0.643468049725
1872 4.33107495308 66.241252 13.310079 -0.024907545 65.5 15.5 6.22500766545 2.31197069915 -1.9062361268 3.37559919288 0.691930088088
1875 4.33355808258 68.444119 13.24669 -0.026304862 67.5 15.5 6.22500766545 2.44310594168 -1.82617576006 3.69523413487 0.659265019202
1878 4.42301106453 70.49734 13.123327 -0.017605166 69.5 15.5 6.22500766545 2.57745254554 -2.32463162391 3.79607515048 0.706337174077
1881 4.44677901268 72.634932 13.039101 -0.019360635 71.5 15.5 6.22500766545 2.7099989913 -2.22405065914 6.08155552478 0.719329204216
1884 4.29673719406 74.720419 12.994859 -0.019347658 73.5 15.5 6.22500766545 2.78660258477 -2.22479418647 4.29995675506 0.683047449839
1887 4.45177316666 76.914825 12.90632 -0.036038761 75.5 15.5 6.22500766545 2.95447215641 -1.26846442915 2.6046395804 0.665366023782
1890 4.42916083336 79.004774 12.78569 -0.032634565 78.5 14.5 6.22500766545 1.78708017928 -1.46351049259 5.21756306026 0.636489560457
1893 4.31990289688 81.177999 12.691712 -0.029848436 80.5 15.5 0.0581776417331 2.8889728512 5.0435227412 3.23168801956 0.581680295939
1896 4.52783298492 83.222919 12.597068 -0.02122413 82.5 14.5 6.22500766545 2.03562326504 -2.1172802605 5.51663946149 0.531774872692
1899 4.63059401512 85.390174 12.538762 -0.021700441 84.5 14.5 6.22500766545 2.15380227573 -2.08998965046 1.69045135209 0.586169828704
1902 4.34225487709 87.449986 12.512039 -0.030894579 86.5 14.5 6.22500766545 2.20328444322 -1.5632043468 3.12174283126 0.630484961344
1905 4.2981300354 89.572355 12.414566 -0.034322832 88.5 14.5 6.22500766545 2.34499045081 -1.3667799188 3.4307418135 0.557076352216
1908 4.31362986565 91.713838 12.339838 -0.030338307 90.5 14.5 0.0581776417331 2.47784231873 5.07159028201 4.29874398334 0.650104426221
1911 4.30335712433 93.866625 12.234111 -0.027880568 92.5 14.5 0.0581776417331 2.64611353705 4.93077221016 2.96819998058 0.635939742503
1914 4.30423498154 96.027017 12.118277 -0.016096141 95.5 14.5 6.22500766545 2.43933420568 -2.41109238759 4.03845753229 0.604506432779
1917 4.335916996 98.003729 12.063433 -0.023465033 97.5 14.5 6.22500766545 2.48809196995 -1.9888859763 4.79269155257 0.658107616315
1920 4.36058712006 100.1865 11.996018 -0.023536261 99.5 14.5 0.0581776417331 2.59638365931 4.68186175415 7.11626614112 0.680259549176
1923 4.51519584656 102.26857 11.921444 -0.023061579 101.5 14.5 0.0581776417331 2.69065993578 4.65466447894 7.35988210296 0.659623017391
1926 4.36782097816 104.50291 11.810699 -0.022632517 104.5 15.5 0.0581776417331 3.68930214766 4.63008103719 8.16983014846 0.657519037679
1929 4.34402704239 106.528 11.779433 -0.025937223 106.5 15.5 0.0581776417331 3.72067235879 4.81942674352 8.66892499324 0.604609822102
1932 4.40930700302 108.61821 11.737233 -0.017267816 108.5 15.5 0.0581776417331 3.76462336767 4.32270631154 7.28370623071 0.644918822019
1935 4.33730101585 110.65428 11.638117 -0.015586443 109.5 15.5 0.0581776417331 4.03069505471 4.22637073485 6.60971767362 0.579345946385
1938 4.38279891014 112.94226 11.558687 -0.011710616 111.5 15.5 6.22500766545 4.19691101545 -2.66236446103 6.52686942361 0.635745794983
1941 4.3779528141 114.89636 11.528856 -0.01668203 113.5 15.5 6.22500766545 4.20948998316 -2.37752342062 5.05575649587 0.642598337222
1944 4.42422890663 117.03777 11.494892 -0.018548407 116.5 15.5 6.22500766545 4.04105019327 -2.27058789554 4.3231039901 0.571829847089
1947 4.37641310692 119.07747 11.406331 -0.016261061 118.5 15.5 0.0581776417331 4.13419852964 4.26502349904 5.05352056643 0.554349155468
1950 4.34867811203 121.291 11.334615 -0.012126455 120.5 15.5 6.22500766545 4.23982466598 -2.63853864138 8.41373718297 0.629054676862
1953 4.32071399689 123.43737 11.229443 0.0013807468 122.5 15.5 6.22500766545 4.37222135843 -3.41244429755 5.72736226377 0.614247544188
1956 4.3210170269 125.58554 11.258252 -0.0049853053 124.5 15.5 6.22500766545 4.37844986121 -3.04769638006 5.71537598113 0.520636421775
1959 4.36835408211 127.50849 11.183265 -0.012828209 126.5 14.5 6.22500766545 3.46666744011 -2.59833109892 7.86013024746 0.622370303838
1962 4.34374284744 130.28779 11.390648 -0.01314096 128.5 15.5 6.22500766545 4.48140234123 -2.58041178658 5.75881885677 0.617334664668
1965 4.31833100319 132.78769 11.256475 0.0084755214 131.5 14.5 6.22500766545 3.48978508819 -3.81894493873 4.09493658446 0.630790651624
1968 4.33913779259 125.9239 10.596074 0.27888777 133.5 14.5 6.22500766545 8.52278882899 -19.3124255121 12.5593984111 0.596248215224
1971 4.31140995026 93.936275 13.265891 0.84250578 133.5 14.5 6.22500766545 39.5829680658 -51.6053587427 12.7804888452 0.384200262161
1974 4.30283904076 59.212281 6.4432491 1.3602712 133.5 14.5 6.22500766545 74.7233325628 -81.2711320865 9.24588025657 0.0881653484971
1977 4.28606104851 41.747696 3.5851691 1.5088422 139.5 13.5 6.22500766545 98.2538386481 -89.7836233446 10.3159329924 0.0377910288358
1980 4.31853413582 40.889782 2.6549702 1.6071612 139.5 12.5 6.22500766545 99.1004526012 -95.4168870905 8.64206686518 0.0129495170257
1983 4.37315702438 40.408125 3.8011614 1.6070032 139.5 12.5 6.10865238198 99.4729585566 -102.074501024 6.65664718898 0.002686687961
1986 4.27528095245 40.388712 5.5337894 1.5172855 36.5 92.5 1.91986217719 87.0531094628 23.0659445336 7.15684895708 0.0043576987976
1989 4.28801012039 40.44034 7.6724587 1.5542124 34.5 95.5 1.91986217719 88.0282037197 20.9501890131 7.68168816782 0.00711609476688
1992 4.25954198837 40.554207 9.7439313 1.5604739 33.5 97.5 1.91986217719 88.0391357868 20.5914314897 6.17067333282 0.00535656967693
1995 4.27402997017 40.580821 11.876658 1.5652859 36.5 84.5 4.59603369692 72.7379055464 173.649057532 5.32021229513 0.0118228722555
1998 4.28538203239 40.665042 14.024391 1.567666 36.5 82.5 4.59603369692 68.6021617938 173.512687847 6.32053573876 0.00826463508367
2001 4.26673603058 40.771617 16.174621 1.5548315 30.5 82.5 4.13061256305 67.1160339657 147.581383863 6.66369308024 0.0106469518236
2004 4.30451798439 40.847233 18.25792 1.5551713 56.5 79.5 5.99229709851 63.2107702649 -105.771418577 7.00812543689 0.0135178735789
2007 4.41922688484 40.88758 20.352438 1.5597309 59.5 78.5 5.87594181505 61.0537561891 -112.699331079 5.1448598501 0.0101134488779
2010 4.3148419857 40.971014 22.508388 1.5678505 61.5 77.5 5.87594181505 58.6985234614 -113.164549891 5.61600656508 0.015854714899
2013 4.27900099754 41.044823 24.54743 1.5705547 62.5 76.5 5.87594181505 56.2084882354 -113.319489138 9.3010253291 0.0176002134708
2016 4.36517000198 41.105608 26.696222 1.5717508 64.5 75.5 5.87594181505 54.1212187975 -113.38802062 9.43086412845 0.0165502354354
2019 4.27322602272 41.160404 28.869777 1.5672714 64.5 75.5 5.87594181505 52.1451286169 -113.131369905 7.50575927979 0.00973844467573
2022 4.32116389275 41.204205 31.003136 1.5608691 45.5 23.5 5.75958653158 8.64586054228 -119.431211802 3.02936449133 0.00389808113472
2025 4.32525086403 41.244227 33.116661 1.5660557 38.5 32.5 1.57079632679 2.81265934952 0.271617907594 3.93067184751 0.011745309887
2028 4.32587194443 41.277887 35.228156 1.5643441 39.5 35.5 1.57079632679 1.79854978944 0.369685363809 3.26691442426 0.013599976132
2031 4.43800401688 41.31792 37.33529 1.5797774 39.5 37.5 1.57079632679 1.82536640445 -0.51457759015 4.15699261798 0.0152756060318
2034 4.36409497261 41.419072 39.474789 1.5713492 39.5 39.5 1.57079632679 1.9192375923 -0.0316773012583 2.84073950055 0.0329261511848
2037 4.32086896896 41.429937 41.518923 1.5745722 39.5 41.5 1.57079632679 1.93002976762 -0.216341598629 5.78660432829 0.0454474023431
2040 4.3091468811 41.494048 43.684079 1.5737379 39.5 43.5 1.57079632679 2.0025265303 -0.168539729781 6.74741186391 0.0413410925467
2043 4.37211799622 41.508319 45.798644 1.5762653 39.5 45.5 1.57079632679 2.03040228637 -0.313349082923 3.18427483595 0.080422896808
2046 4.32864904404 41.512588 47.943477 1.5772604 39.5 47.5 1.57079632679 2.06086930863 -0.370364113116 6.69789485191 0.121298400752
2049 4.32839393616 41.583607 50.107906 1.5744728 39.5 50.5 1.57079632679 2.12017825554 -0.210646398145 5.20377712239 0.19079949733
2052 4.29053997993 41.632502 52.265699 1.5728612 39.5 52.5 1.57079632679 2.14533487796 -0.118308519882 5.28972061202 0.226379074257
2055 4.34396290779 41.660201 54.305408 1.5732479 39.5 54.5 1.57079632679 2.1689477649 -0.14046479782 5.08405234066 0.35158729003
2058 4.38512706757 41.689009 56.508616 1.5685378 39.5 56.5 1.57079632679 2.18902595634 0.129404053265 4.22800792435 0.427095353697
2061 4.30379009247 41.794127 58.57462 1.5657057 38.5 58.5 1.57079632679 3.29497205398 0.291671430424 4.55945048339 0.406936491182
2064 4.32217383385 41.856016 60.76704 1.5641567 39.5 60.5 1.57079632679 2.37110137992 0.38042259289 2.93804269523 0.523617555015
2067 4.37708497047 41.858156 62.785084 1.5639758 39.5 62.5 1.57079632679 2.37532578974 0.390787399403 6.62774410424 0.589890498289
2070 4.38843107224 41.958088 65.023529 1.5767642 39.5 64.5 1.57079632679 2.51322088754 -0.341933947322 4.42302968005 0.552437305191
2073 4.34464883804 41.99726 67.044355 1.5737097 39.5 66.5 1.57079632679 2.55590099058 -0.166923988799 2.86748231856 0.603905431206
2076 4.43155097961 42.044947 69.102812 1.5759217 39.5 68.5 1.57079632679 2.61536566089 -0.293662253082 5.66868764848 0.639732495674
2079 4.42895793915 42.097902 71.261122 1.5727544 39.5 71.5 1.57079632679 2.60886134175 -0.11218933063 6.02802172873 0.633592267009
2082 4.39048790932 42.114798 73.459441 1.5684742 38.5 73.5 1.57079632679 3.61502553425 0.133048064842 6.05043959166 0.607405147261
2085 4.33829307556 42.172982 75.545483 1.5804547 38.5 75.5 1.57079632679 3.67326360007 -0.553384021615 8.74837417399 0.603504746906
2088 4.28561401367 42.213453 77.648417 1.5799022 38.5 77.5 1.57079632679 3.71641773609 -0.521728103434 5.91675782562 0.631801874562
2091 4.33690500259 42.308345 79.80823 1.5843424 38.5 80.5 1.57079632679 3.87066368623 -0.776132823628 4.15024120978 0.646391380925
2094 4.33619904518 42.259747 81.948131 1.5870316 38.5 82.5 1.57079632679 3.80003380211 -0.930212633894 5.31602686873 0.641150113154
2097 4.36216402054 42.325886 84.065588 1.5841531 38.5 84.5 1.57079632679 3.85046977273 -0.765286732566 3.89828100065 0.610069609884
2100 4.43920493126 42.338042 86.100283 1.5789413 38.5 86.5 1.57079632679 3.85880034128 -0.4666725889 4.8520356417 0.557409338138
