3 4.04704499245 58.425211 99.52669 -0.076600623 139.918112232 9.7021058619 -3.10287277583 121.282929 -173.392622015 0
6 4.06274604797 58.436309 99.5178 -0.082073852 63.0182532708 112.766766537 -1.92566119546 14.0188918108 -105.629773944 0
9 4.0352370739 59.138497 99.506199 -0.079127672 82.2202589671 54.2804315255 -1.28238948716 50.7753658694 -68.9418236581 0
12 4.13635492325 60.588187 99.398001 -0.084356487 113.25929581 67.7183790503 0.616248907435 61.4641696454 40.1417322052 0
15 4.10943889618 62.026729 99.268445 -0.080345137 35.0566696636 86.3937670233 0.700794882674 29.8854719489 44.7560263361 0
18 4.24970197678 63.612811 99.142137 -0.077882356 101.43628455 139.36589032 -0.735333178595 55.213816048 -37.6691573721 0
21 4.29057598114 65.109709 99.045111 -0.075303117 133.166113066 99.375427938 -1.90379152743 68.0572056701 -104.764668806 0
24 4.18912005424 66.576646 98.887554 -0.079079542 61.7200468834 117.713923008 1.79957907625 19.442703644 107.639209972 0
27 4.16139292717 68.114632 98.811042 -0.080004433 127.287493434 137.668576766 -0.46899308794 70.7907871015 -22.2874082066 0
30 4.15064001083 69.601579 98.673025 -0.074381156 115.776629729 98.5374399209 -2.06164481963 46.1752497894 -113.861820706 0
33 4.16280317307 71.154315 98.514904 -0.080273853 68.3494994877 98.3741832277 0.0296350264614 2.808343354 6.29731492415 0
36 4.17317605019 72.642873 98.438251 -0.077397051 70.3023938004 97.3057752618 0.191338206403 2.60006618791 15.3973960555 0
39 4.182035923 74.179887 98.27586 -0.078945335 38.5175565268 70.3070495786 1.48536800017 45.3216964728 89.6285519413 0
42 4.18070101738 75.689674 98.17429 -0.079512997 73.2869596735 97.1985073666 0.0313193868336 2.59329672083 6.35022782704 0
45 4.22832608223 77.259307 98.055637 -0.072379503 73.716969959 99.3844638851 0.103546681984 3.78337582094 10.0798279054 0
48 4.45853304863 78.667542 97.976243 -0.066300397 76.5390980617 98.2874854039 0.023643732112 2.15108006186 5.1534189901 0
51 4.44073176384 80.25432 97.827625 -0.077582567 77.5566698406 99.0416665233 0.113232484672 2.95824495318 10.9328971284 0
54 4.46334195137 81.813353 97.68277 -0.074716444 79.1185458344 99.4658152721 -0.00914377554075 3.23129016058 3.75703715413 0
57 4.48590803146 82.622729 97.654646 -0.085105116 80.4948504001 99.3433896123 -0.03152601103 2.71656443398 3.06985658487 0
60 4.47563385963 81.436592 97.754867 -0.094486992 78.8452928947 99.5566128734 -0.0492456294568 3.15612408583 2.59213913315 0
63 4.49202990532 79.890684 97.897701 -0.093381766 77.5913659089 99.4911979519 0.0473934030018 2.7975160803 8.06582304405 0
66 4.481372118 78.411812 98.037468 -0.097953665 75.9270467462 100.144438014 -0.0509711845095 3.25781844307 2.69189784316 0
69 4.49005198479 76.931086 98.162597 -0.096433306 74.5866838616 99.7911755504 -0.0651793070519 2.85455591672 1.79072223263 0
72 4.42262911797 75.443161 98.337547 -0.10164342 73.2826465633 99.0477895878 0.0194266786913 2.27426189451 6.93680568024 0
75 4.49795293808 73.912871 98.553041 -0.10292365 71.3693556663 99.422351021 0.00773926550156 2.68796766454 6.34051800685 0
78 4.45926403999 72.413468 98.668417 -0.11145399 69.9495094236 99.0426071604 0.000108228238686 2.49220989135 6.39204425819 0
81 4.44670987129 70.926618 98.82512 -0.11572496 69.0980311682 98.4365627373 -0.00911545547817 1.86941342343 6.10827466508 0
84 4.44084000587 69.460294 99.048845 -0.12091472 66.4876919195 98.8349528261 -0.0126529569854 2.98028740072 6.20294210338 0
87 4.43546819687 67.984026 99.205817 -0.12024712 65.8501435786 98.7067974745 0.00659780133805 2.191454922 7.26767864534 0
90 4.45869588852 66.409271 99.378533 -0.12589377 64.1374315346 98.9466056662 0.00880513276491 2.31253449234 7.71767863347 0
93 4.42317914963 64.97003 99.579245 -0.12534264 62.862232301 99.4603235197 -0.0126629738232 2.11114979536 6.45606930887 0
96 4.45514011383 63.450289 99.830398 -0.13542326 61.020447923 98.1491966085 0.0342931584782 2.95475308248 9.72403449288 0
99 4.4634680748 62.015499 100.01094 -0.13023941 60.1164673412 98.5544893431 0.0147797138546 2.39323416263 8.30898374556 0
102 4.46824407578 60.420275 100.24313 -0.1356293 57.6253653975 98.2447394127 0.0219269751847 3.43585282368 9.02730960388 0
105 4.46928405762 58.989222 100.44438 -0.14088208 56.2352832132 98.8028663703 -0.00149387780731 3.20604832126 7.98635569956 0
108 4.47889494896 58.528509 100.58832 -0.24160345 56.0408158761 99.3149519229 -0.119429005291 2.79465263288 7.00008004616 0
111 4.4996740818 58.390768 100.67023 -0.3827913 56.2979663505 100.398768823 -0.261450915141 2.1103340765 6.95229193692 0
114 4.47539401054 58.26024 100.80046 -0.53685502 56.0060131967 100.882798376 -0.382939236868 2.2557300567 8.81872477394 0
117 4.5095410347 58.2435 100.85046 -0.70040996 56.4490248144 101.352347449 -0.541594589244 1.863338993 9.09945046611 0
120 4.47559189796 58.129433 100.95873 -0.85888639 57.6486706835 100.005402093 -0.658263796196 1.06769213869 11.4948278999 0
123 4.4791059494 58.21235 101.09089 -1.0276822 56.8124067109 101.643792282 -0.881589367997 1.50517179964 8.37050269088 0
126 4.46594905853 58.152327 101.12822 -1.1869287 56.211882386 102.032837337 -1.15152585577 2.14094788038 2.02843355734 0
129 4.4952378273 58.049715 101.26081 -1.3398137 56.439166746 101.001906673 -1.26010529576 1.63122549361 4.56695515496 0
132 4.49945616722 58.024835 101.49733 -1.4943786 56.575627633 102.565112745 -1.52457749953 1.80010054785 -1.73026948892 0
135 4.47741699219 58.064001 101.65215 -1.6522241 55.6936141998 101.637265853 -1.55687996274 2.37043353006 5.46281666622 0
138 4.43910098076 58.104403 101.68885 -1.8037565 55.4475262628 101.461373909 -1.69458793169 2.66659696399 6.25489821952 0
141 4.45078396797 58.177183 101.78616 -1.9584038 57.0467377996 102.226137608 -1.93323615326 1.21304849301 1.44199993874 0
144 4.45858693123 58.164815 101.89412 -2.1101089 56.4640426148 101.040146673 -2.01391453349 1.90312825352 5.51153121372 0
147 4.45986485481 58.333441 101.96561 -2.2758326 55.703334648 102.847673917 -2.16910680275 2.77407573375 6.11493774775 0
150 4.47815108299 58.547547 101.97367 -2.4518694 55.4674588612 101.853352236 -2.30403467295 3.08243723492 8.47030592515 0
153 4.46980309486 58.609003 102.09152 -2.5989269 55.8274371433 101.409313071 -2.57430790034 2.8640033011 1.41056477664 0
156 4.48109316826 58.561869 102.14088 -2.6173282 53.8930849402 103.623837157 -2.40455941905 4.89864333522 12.1907531608 0
159 4.51319217682 58.51155 102.01626 -2.5045701 54.9130146274 102.563294863 -2.40919533124 3.63987691678 5.46457172189 0
162 4.49311184883 58.437648 101.90068 -2.3721379 54.9983147474 101.71629471 -2.28077549884 3.44427222462 5.23467999259 0
165 4.49524092674 58.147744 101.95537 -2.2082701 55.439295753 101.724909935 -2.20526284581 2.71823541067 0.172302973241 0
168 4.47727394104 58.037351 101.82492 -2.0566813 54.8099706007 101.584683834 -1.95202104779 3.23630926479 5.99659073437 0
171 4.48460102081 57.944091 101.71587 -1.9011295 56.3825543016 102.474330288 -1.81879649612 1.7359893056 4.71733363683 0
174 4.49253201485 57.908577 101.57431 -1.7585036 56.2338828558 102.83901885 -1.66273289464 2.09859213565 5.48725721803 0
177 4.49630498886 57.841285 101.40683 -1.6171883 54.1863808531 102.480389246 -1.44902806941 3.80931145722 9.6348714946 0
180 4.4905500412 57.86028 101.30305 -1.4556073 54.3908695374 102.327275019 -1.28510106615 3.61743636394 9.76928758035 0
183 4.47153186798 57.788579 101.03213 -1.3093986 53.0529675154 101.331882074 -1.09476717505 4.74508877047 12.2974748004 0
186 4.41861081123 57.852229 100.87925 -1.1701135 52.4147398901 101.255487117 -0.937916179076 5.450490087 13.3039265032 0
189 4.43745183945 57.956865 100.8248 -1.0236231 52.7151505791 101.249089829 -0.832121179319 5.25885842454 10.9722518237 0
192 4.47841310501 57.906072 100.67156 -0.85835482 54.4291469375 102.368059952 -0.76007213576 3.8687362247 5.63118300614 0
195 4.48244309425 57.990597 100.53155 -0.72265365 53.4354192514 100.17176379 -0.516248527288 4.56936433636 11.8261424013 0
198 4.46980786324 58.042848 100.37669 -0.56279892 55.0747664269 101.67191794 -0.299744408761 3.23838287429 15.0719132758 0
201 4.48556399345 58.157277 100.32166 -0.41301063 54.3836311384 101.788130114 0.0397966042223 4.04857230201 25.9439434539 0
204 4.44825005531 58.686264 100.08548 -0.29965148 53.7533006104 101.496388399 0.177380023439 5.13076897882 27.3318918418 0
207 4.49496388435 59.980629 99.666017 -0.30408986 54.6238619555 102.751418264 0.140117077669 6.18180023351 25.4511827588 0
210 4.45730686188 61.363687 99.173884 -0.32636207 56.6486639953 102.27714051 0.0408403230149 5.64461184691 21.0391473469 0
213 4.45834898949 62.885593 98.69498 -0.37512441 60.3560919458 100.061986338 -0.213654245249 2.87525336485 9.25155895754 0
216 4.4519610405 64.287236 98.118834 -0.4012694 60.9644239795 98.4855898073 -0.194296344461 3.34299110762 11.8586825553 0
219 4.45495700836 66.572969 97.068508 -0.44319642 63.6713918136 98.1554160249 -0.318045058351 3.09847046509 7.17064482282 0
222 4.46270704269 67.896132 96.441291 -0.47211549 65.2583160165 97.6473812194 -0.358238672137 2.90047009644 6.52466104792 0
225 4.48800396919 69.150612 95.708615 -0.49267498 66.3296461315 97.5158126135 -0.406914192417 3.35019576222 4.91373117621 0
228 4.47421598434 70.465141 94.973778 -0.52461339 67.3804170687 96.5996743849 -0.493326701457 3.48698448327 1.79259520846 0
231 4.47160601616 71.675984 94.192345 -0.54871183 69.2701043642 95.638374663 -0.466181907054 2.80700171144 4.72861626835 0
234 4.48284101486 72.999296 93.402727 -0.58180979 70.5054580738 95.1764621904 -0.491715865132 3.06028824256 5.16200165473 0
237 4.51229190826 74.284244 92.44261 -0.63095882 71.7587710634 94.5149585054 -0.570722728303 3.26690095984 3.45127382857 0
240 4.47820496559 75.447368 91.599491 -0.66374929 73.3857833136 92.5043730023 -0.565612615093 2.25143129079 5.62281728762 0
243 4.5307199955 76.572595 90.665594 -0.69142624 73.901949694 91.9328074302 -0.594068827923 2.95604063367 5.57816881632 0
246 4.51414489746 77.783785 89.658033 -0.71509647 75.4921394958 91.5977567803 -0.678436578662 3.00236031493 2.10045705106 0
249 4.52767491341 78.874801 88.696028 -0.74032963 76.4377093786 90.7704090849 -0.636614004067 3.20038629806 5.94246763553 0
252 4.45622491837 80.03236 87.613917 -0.7252394 78.3916329784 89.4659529839 -0.673957264247 2.47427210407 2.93824994309 0
255 4.44496393204 81.079285 86.604124 -0.70281223 79.2543653765 88.1994857 -0.627961364215 2.42394525228 4.28863870241 0
258 4.46828889847 82.380517 85.593177 -0.66953842 80.6293657723 87.6448386348 -0.624157337259 2.69737763127 2.60014451077 0
261 4.45464897156 83.553536 84.670161 -0.64546431 80.984144717 87.1082204649 -0.536214526438 3.54201997729 6.25955151085 0
264 4.4615881443 84.753159 83.736184 -0.60820056 82.7572760491 85.3605946164 -0.563640257085 2.57337494442 2.55311729085 0
267 4.46441698074 85.938286 82.919631 -0.58097683 84.1645333104 84.7996892115 -0.522910714517 2.58472773857 3.32694334988 0
270 4.46588110924 87.249998 82.030848 -0.55954063 85.3334333236 83.6326722226 -0.50329343302 2.49781124162 3.22272699639 0
273 4.45083999634 88.578333 81.141585 -0.52544337 85.8337969424 82.7628117501 -0.472083653995 3.18760950344 3.0572865231 0
276 4.47253203392 89.874585 80.458812 -0.49549775 87.7921345547 81.4463379381 -0.436676991573 2.30473584936 3.37018120565 0
279 4.48336005211 91.229191 79.664539 -0.46697991 88.4098644575 81.4007254224 -0.41677053237 3.3110338939 2.87678543015 0
282 4.45512199402 92.640842 79.007823 -0.44436504 90.3168127713 80.9896305092 -0.398436873824 3.05428761896 2.63149008266 0
285 4.48159503937 93.942666 78.269838 -0.40450827 91.3536691114 80.3855950733 -0.351706904884 3.34355093911 3.02529537365 0
288 4.48575901985 95.385584 77.620959 -0.38607018 93.4081922192 80.0812296722 -0.303242715097 3.15642361469 4.74566416669 0
291 4.4645190239 96.747733 77.074345 -0.36376533 95.0928000275 79.5513304011 -0.284080585949 2.97896959046 4.56559952572 0
294 4.47471499443 98.250871 76.540386 -0.33417824 96.140515112 78.9602697446 -0.245245895688 3.21083156076 5.09544799126 0
297 4.48602294922 99.752933 76.027378 -0.30758365 96.8186095977 79.0000648964 -0.223934072791 4.17697512721 4.79276773214 0
300 4.46616816521 100.00981 75.897783 -0.33361957 98.6418956922 79.3688929802 -0.204588307486 3.73092402068 7.39294676729 0
303 4.49451708794 98.714105 76.429985 -0.36219797 97.0346942067 79.6934446155 -0.229592757036 3.67023013917 7.59771904428 0
306 4.46527600288 97.284888 77.028291 -0.39087517 95.3383484882 79.0064044115 -0.231334005004 2.77523850141 9.14103541285 0
309 4.49375414848 95.817851 77.649213 -0.42317241 94.6472470089 79.483008288 -0.28625543358 2.17557322612 7.84476489256 0
312 4.47649097443 94.571565 78.35291 -0.46228827 92.7848409406 79.2947831079 -0.278232425357 2.01977915028 10.5456230928 0
315 4.48335695267 93.13187 79.138887 -0.4938927 91.1967137662 80.3698638041 -0.348596516764 2.29349810144 8.32485807879 0
318 4.4979929924 91.836662 79.862922 -0.52529077 89.7980015295 80.8259116553 -0.37405271451 2.2546586416 8.66530228132 0
321 4.49029016495 90.529269 80.702102 -0.55721841 88.0701450321 81.2002622572 -0.398729020866 2.50907439731 9.080773095 0
324 4.45474386215 89.308886 81.573217 -0.59808232 87.6004453368 81.745142736 -0.416009538496 1.71706958463 10.4320019444 0
327 4.45323204994 88.100372 82.484783 -0.6409076 86.207292554 83.024679916 -0.477579757471 1.96856253873 9.35799605388 0
330 4.43291711807 86.96204 83.432583 -0.67310863 84.9821461713 82.7661075853 -0.457057465823 2.08905936997 12.3788198662 0
333 4.46656489372 85.711036 84.448892 -0.70015711 84.1980179714 83.9642171179 -0.536118087216 1.58875211917 9.39874368098 0
336 4.47427105904 84.630521 85.38864 -0.74348817 82.2282142536 86.1170957686 -0.59296748784 2.510323786 8.62419981721 0
339 4.46704792976 83.531548 86.470864 -0.76732045 81.1160479778 87.4370282954 -0.621364126615 2.6015598788 8.36268132319 0
342 4.48289489746 82.436303 87.632765 -0.79615086 78.7838576811 87.0736519127 -0.625808772384 3.69499177972 9.75988269384 0
345 4.47016787529 81.390428 88.717115 -0.83255466 78.0328149413 86.9768766433 -0.596067130463 3.78179785155 13.5497373499 0
348 4.47597312927 80.091493 90.270385 -0.85191671 77.3465765368 89.6830841992 -0.698822971154 2.80704268232 8.77162510577 0
351 4.47301602364 79.121061 91.3195 -0.83027867 76.6383175142 89.8750892096 -0.626176748131 2.87234011698 11.6941787136 0
354 4.49458312988 78.091476 92.534394 -0.81038411 75.8159065907 92.2940754959 -0.684764588625 2.28822400998 7.19746839924 0
357 4.47730994225 77.093441 93.512556 -0.78090008 74.5834220825 94.1243087974 -0.658659918755 2.58349307161 7.00384532634 0
360 4.4892680645 76.051262 94.597058 -0.76703211 73.5521151602 93.2867930849 -0.58792943133 2.82179536371 10.2618275873 0
363 4.49950313568 75.027276 95.58972 -0.75132884 72.455376316 94.9326482403 -0.625786023061 2.65450772877 7.19307355878 0
366 4.48913002014 73.852657 96.593273 -0.72312741 70.14155107 93.7024010648 -0.48757143573 4.70419469938 13.4963631648 0
369 4.50441098213 72.811015 97.559971 -0.70587276 69.5183998514 96.2995430579 -0.501370525976 3.52561953616 11.7171149106 0
372 4.40690302849 71.630899 98.505259 -0.68120937 68.8799036224 98.7314453856 -0.524933532855 2.76027821946 8.95394590829 0
375 4.47800087929 70.538887 99.423882 -0.66641532 67.4314906625 99.2200852677 -0.507737800016 3.11407211 9.0915521987 0
378 4.46716809273 69.331788 100.31013 -0.63648641 65.9420065904 98.788392072 -0.419707624729 3.71568356112 12.420509484 0
381 4.48775291443 68.205766 101.18772 -0.63190253 65.9390873827 102.183284866 -0.53383332464 2.47567795904 5.6189515673 0
384 4.47831392288 66.997353 102.01418 -0.604237 64.1527889551 102.5435631 -0.446098407805 2.89340475425 9.06067391092 0
387 4.42605400085 65.749881 102.79371 -0.58263231 63.5167986828 103.492668501 -0.444898651763 2.33991444742 7.8915573139 0
390 4.46818780899 64.390622 103.72927 -0.540005 62.0135765279 104.499728851 -0.436344301222 2.49879011055 5.93932054134 0
393 4.49228811264 63.066948 104.49561 -0.5165186 60.886417916 104.964691134 -0.387587043132 2.23041443631 7.3872340546 0
396 4.42765688896 62.072466 105.11862 -0.50368551 59.0746160265 105.328347122 -0.340901101 3.00517718773 9.32685960622 0
399 4.4189889431 62.084059 105.11634 -0.50537083 58.5074905926 104.997188933 -0.293926155218 3.57855257749 12.1148874655 0
402 4.4355609417 62.06969 105.12384 -0.50501376 57.9156686922 105.648098997 -0.311740343025 4.18697271555 11.0737510847 0
405 4.45038890839 62.088061 105.11683 -0.50531554 58.864584778 105.907360221 -0.368974546957 3.31899638201 7.81176347598 0
408 4.43685603142 62.080145 105.11527 -0.50526072 58.1270630633 105.910403455 -0.304515089658 4.0322566895 11.5018773743 0
411 4.47356200218 62.084425 105.11388 -0.50526675 58.3037855224 105.591435094 -0.303664881464 3.81068153057 11.5509362091 0
414 4.45109605789 62.090561 105.10315 -0.50372534 58.6826884975 106.868346458 -0.357618763018 3.83790483581 8.3712902202 0
