3 0.616472959518 31.520043 41.394881 -0.0070850614 2.5 13.5 4.71238898038 40.2527922227 -89.5940558842 1.99420289855
6 0.615367889404 31.529937 41.402987 -0.0081764059 15.5 125.5 2.96705972839 85.6111352322 170.46847355 3.12165859767
9 0.614476919174 31.522543 41.401068 -0.0068718684 94.5 114.5 1.2217304764 96.4863407417 70.3937290567 3.49017771072
12 0.61536693573 31.528168 41.375423 -0.0049451513 94.5 114.5 1.2217304764 96.5021004272 70.2833362985 3.62758700829
15 0.614106178284 31.523843 41.397689 -0.0081913964 10.5 45.5 1.2217304764 21.420339167 70.469332442 3.72030704932
18 0.614287853241 31.52518 41.394772 -0.0077822512 10.5 45.5 1.2217304764 21.4222102259 70.4458901489 3.79884577322
21 0.614114999771 31.646202 41.400982 -0.0069641742 10.5 45.5 1.2217304764 21.5398191169 70.3990177895 3.796005564
24 0.615162849426 32.968315 41.348607 -0.0066445448 133.5 139.5 1.91986217719 140.500233583 110.380704374 2.87852039518
27 0.614304065704 34.520488 41.363888 -0.010157874 86.5 105.5 4.71238898038 82.5548940417 -89.417996691 4.90913102185
30 0.615869045258 35.981317 41.339656 -0.012968194 105.5 136.5 1.57079632679 117.848794462 90.7430227841 3.54536659559
33 0.615300893784 37.47125 41.3168 -0.01805047 57.5 66.5 4.71238898038 32.1767678427 -88.9657842508 3.85109174932
36 0.614275932312 39.051821 41.275587 -0.019803098 9.5 79.5 4.71238898038 48.315793211 -88.8653660633 3.56876747813
39 0.61435008049 40.609584 41.247017 -0.013659721 65.5 50.5 1.57079632679 26.5546700799 90.7826443626 2.05935378406
42 0.615014076233 42.081473 41.279186 -0.014178183 65.5 52.5 1.57079632679 25.967943193 90.8123500471 2.01430720768
45 0.615512132645 43.552295 41.213208 -0.0092852628 81.5 111.5 2.96705972839 79.8765387609 170.53200637 0.828184681974
48 0.61573600769 45.079977 41.189892 -0.010404952 79.5 111.5 2.96705972839 78.2831352865 170.596159836 1.12350244543
51 0.614563941956 46.640834 41.096545 -0.012029947 44.5 41.5 0.174532925199 2.17851925688 10.6892651909 2.8126669188
54 0.615159988403 48.21014 41.103056 -0.013219293 46.5 41.5 0.174532925199 1.75560341727 10.757409697 3.11422307715
57 0.613826036453 49.69993 40.993437 -0.019411138 47.5 41.5 0.174532925199 2.25749819 11.1121762829 4.61409273984
60 0.622718095779 51.221815 41.026894 -0.026800957 49.5 41.5 0.174532925199 1.7856304717 11.535581723 1.68345179068
63 0.616659879684 52.707826 40.957156 -0.02058299 50.5 41.5 0.174532925199 2.27358203164 11.1793184568 5.48562287335
66 0.615957975388 54.31159 40.951842 -0.027308534 52.5 41.5 0.174532925199 1.89270587283 11.5646637429 5.62972286286
69 0.615473031998 55.778879 40.909196 -0.015002614 53.5 41.5 0.174532925199 2.35421725061 10.8595864639 4.02353404202
72 0.61347413063 57.331901 40.836464 -0.018380323 55.5 41.5 0.174532925199 1.94836888117 11.053114934 2.87231441612
75 0.614459991455 58.848313 40.76075 -0.022921269 56.5 41.5 6.10865238198 2.46192292903 -8.68670802522 1.52776133304
78 0.6140229702 60.388876 40.75568 -0.012358794 58.5 41.5 6.10865238198 2.03023762298 -9.29189326393 4.39733932719
81 0.616291999817 61.86858 40.735896 -0.015077049 59.5 41.5 0.174532925199 2.48878005039 10.8638512752 5.8417716091
84 0.620918989182 63.333062 40.668539 -0.013920495 61.5 41.5 0.174532925199 2.01281983555 10.7975856122 3.16782904507
87 0.621343851089 64.876385 40.58717 -0.032109511 63.5 41.5 0.174532925199 1.65157327331 11.8397394625 1.41869210361
90 0.625538110733 66.44697 40.579857 -0.020157695 64.5 42.5 0.174532925199 2.73452762307 11.1549508482 3.23143986403
93 0.621618032455 67.930314 40.55804 -0.02084507 66.5 42.5 0.174532925199 2.41184717182 11.1943345347 3.05498783753
96 0.616542100906 69.414343 40.447992 -0.021831497 68.5 42.5 0.174532925199 2.24649948892 11.2508526386 1.64471839861
99 0.614099025726 70.999462 40.351868 -0.031419309 70.5 42.5 0.174532925199 2.20543269652 11.8001938009 0.420711600083
102 0.61544084549 72.481812 40.325422 -0.028226015 71.5 42.5 0.174532925199 2.38594725034 11.617231532 1.21152916804
105 0.614625930786 74.028193 40.279112 -0.026102315 73.5 42.5 0.174532925199 2.28283406182 11.495552485 1.12291602201
108 0.621284008026 75.500101 40.224463 -0.026983514 74.5 41.5 0.174532925199 1.62086293331 11.5460414686 1.13076710059
111 0.616297006607 77.104162 40.159206 -0.035689283 76.5 41.5 0.174532925199 1.47062580988 12.0448452897 2.90838365408
114 0.615617036819 78.584191 40.097894 -0.03659834 77.5 41.5 0.174532925199 1.77239142396 12.0969304192 3.84387382532
117 0.61513209343 80.1084 40.071744 -0.024096447 79.5 41.5 0.174532925199 1.55243864985 11.3806247144 6.31346156022
120 0.618724107742 80.881063 40.047709 -0.06972902 79.5 42.5 6.10865238198 2.81443887101 -6.00482144442 4.29149387773
123 0.621135234833 80.819811 40.085383 -0.20196514 79.5 41.5 6.10865238198 1.934694377 1.57175013077 3.15060708025
126 0.621037960052 80.673305 40.189426 -0.34415967 79.5 41.5 6.10865238198 1.75904770615 9.71889656962 2.97484833621
129 0.620514154434 80.559381 40.228255 -0.49611957 79.5 41.5 5.75958653158 1.65518079018 -1.57444250515 5.98303835684
132 0.619742155075 80.474435 40.358509 -0.64523249 79.5 41.5 5.75958653158 1.50084152138 6.96909848172 6.1033003347
135 0.617718935013 80.446897 40.445937 -0.81868337 79.5 42.5 5.41052068118 2.26181094183 -3.09289814145 7.21610473756
138 0.61553812027 80.377523 40.602704 -0.97166139 79.5 42.5 5.41052068118 2.09040157079 5.67209676282 7.49405704764
141 0.621160984039 80.303277 40.677658 -1.1291983 79.5 42.5 5.41052068118 1.99152813279 14.6982968233 3.11051240575
144 0.61754488945 80.24067 40.836497 -1.2914427 79.5 42.5 5.41052068118 1.82094323907 23.994216193 2.90491303655
147 0.626327037811 80.334643 40.99259 -1.4510482 79.5 42.5 5.06145483078 1.72305363978 13.1389377301 2.70043626232
150 0.621817827225 80.305505 41.173119 -1.6076845 79.5 42.5 4.71238898038 1.55224079742 2.1135366386 1.10572463758
153 0.619155883789 80.260339 41.240273 -1.7630876 78.5 42.5 4.71238898038 2.16464904995 11.0174783918 0.585550230798
156 0.615813970566 80.351916 41.337649 -1.9138236 79.5 41.5 4.36332312999 0.867247783656 -0.345984987467 0.519404541996
159 0.622395038605 80.458888 41.424429 -2.0695544 78.5 42.5 4.36332312999 2.2347472279 8.57673259273 2.42789256822
162 0.615636110306 80.580246 41.530351 -2.2462491 79.5 41.5 4.01425727959 1.08067229247 -1.29940683494 0.408430691776
165 0.615890026093 80.700832 41.575869 -2.3973477 79.5 41.5 3.66519142919 1.20322632841 -12.6420947646 1.32250921543
168 1.67972111702 80.863789 41.557834 -2.56541 79.5 41.5 3.66519142919 1.36501472815 -3.01283427934 0.306938300788
171 0.617493867874 80.910142 41.637692 -2.7112414 78.5 42.5 3.66519142919 2.55975771256 5.34268946114 1.86829378746
174 0.6186170578 81.000304 41.730578 -2.863125 78.5 42.5 3.66519142919 2.61601420227 14.0449787184 3.18780210775
177 0.618813991547 81.313486 41.614906 -3.0334876 78.5 42.5 3.31612557879 2.94942280133 3.80603668527 2.13507822018
180 0.618259906769 81.419836 41.643078 3.1037871 78.5 42.5 3.31612557879 3.04298497876 12.1660986629 1.6735170333
183 0.614141941071 81.472606 41.653948 2.9566422 79.5 42.5 2.96705972839 2.14638729449 0.596880409725 1.48632398602
186 0.613384008408 81.600227 41.551467 2.7956666 78.5 43.5 2.96705972839 3.66171930978 9.82010289431 2.22924312085
189 0.61393904686 81.705618 41.391179 2.6371497 78.5 43.5 2.96705972839 3.83707085835 18.9024522458 0.984779754033
192 0.621227025986 81.817002 41.340993 2.4823985 78.5 43.5 2.61799387799 3.95775359188 7.76904288039 2.31307314361
195 0.620599031448 81.903012 41.262396 2.332631 79.5 43.5 2.61799387799 3.28349483523 16.3500885386 0.968220029769
198 0.642311096191 81.909487 41.089487 2.1583794 79.5 43.5 2.26892802759 3.40825476253 6.33396979202 2.74913754922
201 0.640702009201 81.924053 40.998223 1.9975831 79.5 43.5 2.26892802759 3.48352136559 15.5469191433 2.39418699371
204 0.618584156036 81.960862 40.844259 1.8446809 79.5 43.5 1.91986217719 3.62060796582 4.30756988161 1.97242489167
207 0.624995946884 81.927588 40.703608 1.6857979 79.5 42.5 1.57079632679 3.01996816463 -6.58910478202 1.3668510676
210 0.619215011597 81.924928 40.686406 1.5459903 79.5 43.5 1.57079632679 3.71437572171 1.42128064184 1.49902104752
213 0.623085021973 81.81851 40.588718 1.3660151 79.5 42.5 1.2217304764 3.00474416609 -8.26689998114 3.43985067816
216 0.627092838287 81.824065 40.431016 1.2110526 79.5 43.5 1.2217304764 3.84966763714 0.611797251655 5.43376911795
219 0.619575023651 82.277545 41.390368 1.1504821 80.5 44.5 1.2217304764 3.58182598718 4.08223126465 6.47748777188
222 0.61706495285 82.927041 42.739254 1.1137092 81.5 48.5 1.2217304764 5.93486651006 6.18916323511 4.27956518832
225 0.621361017227 83.677797 44.09726 1.084748 81.5 46.5 0.872664625997 3.24283198467 -12.1514822353 4.82088074159
228 0.615821838379 84.372874 45.412874 1.0478677 82.5 47.5 1.2217304764 2.8042382138 9.96160330192 6.47957108083
231 0.614290952682 85.159381 46.677356 1.0274995 82.5 48.5 0.872664625997 3.22402519436 -8.8713848018 6.60074013731
234 0.614135980606 85.928298 47.908079 0.99952116 84.5 49.5 1.2217304764 2.13874908464 12.731655998 2.69919559011
237 0.614243030548 86.76373 49.194484 0.95689161 83.5 51.5 0.872664625997 3.9959151066 -4.82585070448 2.23116179915
240 0.61363697052 87.649962 50.387631 0.93226665 84.5 52.5 0.872664625997 3.79267232879 -3.4149444258 1.67933713549
243 0.613151073456 88.570925 51.559268 0.90792052 86.5 53.5 0.872664625997 2.8381633236 -2.02001392932 1.50859370518
246 0.616016149521 89.47196 52.652014 0.8832857 87.5 54.5 0.872664625997 2.70253186804 -0.608542714259 6.20092994336
249 0.621958971024 90.492516 53.754021 0.83763364 88.5 55.5 0.872664625997 2.64925700503 2.00712764982 7.64012089901
252 0.620356082916 91.498687 54.898001 0.81217592 89.5 57.5 0.872664625997 3.28102857652 3.46574756185 7.54844773708
255 0.622502088547 92.568948 55.94073 0.78340538 90.5 58.5 0.872664625997 3.29095863839 5.11417807816 8.65428132958
258 0.615019083023 93.547241 56.960456 0.75288469 91.5 59.5 0.872664625997 3.26197477612 6.86288480298 8.96503155353
261 0.617743015289 94.620679 57.928363 0.72990952 91.5 60.5 0.872664625997 4.04375497289 8.17926507758 8.27914186421
264 0.618408918381 95.770396 58.899507 0.6896339 92.5 61.5 0.872664625997 4.17828359974 10.4868881209 6.39035260218
267 0.618679046631 96.962501 59.840194 0.66858365 93.5 63.5 0.872664625997 5.03816366672 11.6929786035 4.5774980652
270 0.618672132492 98.232224 60.772339 0.64204005 95.5 63.5 0.523598775598 3.86072305625 -6.78618514337 5.55541315395
273 0.619397878647 99.416545 61.686454 0.60185601 96.5 64.5 0.523598775598 4.05244072519 -4.48380924758 2.91832333902
276 0.617169857025 100.66015 62.48684 0.57932353 98.5 64.5 0.523598775598 2.95280565024 -3.19279324162 2.05444362972
279 0.621600151062 101.84252 63.245661 0.55317695 99.5 65.5 0.523598775598 3.25106817482 -1.69470455892 1.42281340362
282 0.614510059357 103.2489 64.041483 0.52149049 101.5 65.5 0.523598775598 2.27726218282 0.120795866791 3.5038191618
285 0.617592811584 104.5021 64.838724 0.48902664 101.5 66.5 0.523598775598 3.43109929296 1.98083745854 6.01947953373
288 0.616152048111 105.89753 65.50297 0.45749312 102.5 67.5 0.523598775598 3.94098197431 3.78757506773 4.69505650373
291 0.61325097084 107.23441 66.106065 0.425495 104.5 67.5 0.523598775598 3.06921045748 5.62093229608 3.1744840769
294 0.614886045456 108.62185 66.694881 0.38650919 105.5 68.5 0.523598775598 3.60616167506 7.85465466998 3.01965576237
297 0.614060878754 110.08086 67.251857 0.35533208 106.5 69.5 0.523598775598 4.2280852981 9.6409714904 7.03382793663
300 0.614190101624 111.50781 67.766864 0.33459052 108.5 68.5 0.523598775598 3.09586973088 10.8293753389 2.97205650926
303 0.614471912384 112.87691 68.182524 0.30685182 110.5 69.5 0.523598775598 2.71761736797 12.4186857781 2.55007997474
306 0.612895011902 114.36462 68.651393 0.28808498 111.5 69.5 0.523598775598 2.98767159923 13.4939465049 2.32944385971
309 0.613839864731 115.83449 69.001579 0.25083859 113.5 69.5 0.523598775598 2.38710432393 15.628007454 2.37308268651
312 0.618526935577 117.19736 69.329841 0.23044123 113.5 72.5 0.174532925199 4.87035717939 -3.2033099048 4.74561441475
315 0.620055198669 117.78731 69.484411 0.20147117 115.5 70.5 0.523598775598 2.50264021646 18.4565522654 6.00377213103
318 0.633903026581 116.42938 69.228806 0.13415298 113.5 70.5 0.523598775598 3.19330571196 22.3136004369 7.02876698365
321 0.623583078384 114.80773 69.128985 0.0979988 112.5 70.5 0.523598775598 2.68426896624 24.3850823627 2.62479482389
324 0.614488840103 113.35769 69.056433 0.067460522 111.5 68.5 0.523598775598 1.93923433849 26.1347968057 4.54301636625
327 0.618347167969 111.81488 68.96352 0.032275621 111.5 67.5 0.523598775598 1.49701042241 28.1507431355 2.95750510497
330 0.61999297142 110.29576 68.94659 -0.0039959963 109.5 67.5 0.523598775598 1.65101683992 30.2289537229 5.17734853687
333 0.616347074509 108.74459 69.016615 -0.039899491 107.5 70.5 0.174532925199 1.9363458695 12.286072439 4.20337346033
336 0.624369859695 107.27384 69.125159 -0.081381225 106.5 70.5 0.174532925199 1.57766159898 14.6628007241 2.84380242804
339 0.627466917038 105.77123 69.311189 -0.11875782 104.5 70.5 0.174532925199 1.74048766345 16.8043218702 3.87721146069
342 0.6154692173 104.23308 69.487176 -0.13593074 102.5 70.5 0.174532925199 2.00733124854 17.7882577081 4.19131996906
345 0.615576982498 102.67844 69.809947 -0.17996689 101.5 70.5 0.174532925199 1.36561120983 20.3113432491 2.42954245156
348 0.614344120026 101.19539 70.111952 -0.20894349 100.5 70.5 0.174532925199 0.796334416187 21.9715801337 1.45497645928
351 0.613670825958 99.695937 70.47501 -0.24032587 98.5 70.5 0.174532925199 1.1961980639 23.7696580588 2.44793771545
354 0.615755081177 98.200311 70.897104 -0.28344925 96.5 70.5 0.174532925199 1.74606674659 26.2404457311 3.39197872572
357 0.614057064056 96.614615 71.415819 -0.3144709 95.5 70.5 0.174532925199 1.44259871031 28.0178553497 3.42751230649
360 0.620265007019 95.216051 71.909445 -0.34657274 94.5 70.5 0.174532925199 1.58090614605 29.8571552963 3.74869333102
363 0.618901968002 93.790761 72.497598 -0.38120404 91.5 70.5 0.174532925199 3.03940516034 31.8413826253 4.48801969769
366 0.615576028824 92.417114 73.016357 -0.35870282 89.5 70.5 0.174532925199 3.85248058275 30.5521576854 8.02712998579
369 0.61428809166 91.055309 73.519772 -0.33819517 88.5 69.5 0.174532925199 4.76321015886 29.3771558927 2.40794087752
372 0.613579034805 89.614615 74.074076 -0.31837694 88.5 74.5 6.10865238198 1.19322162736 8.24165495629 4.38961734411
375 0.613818883896 88.314109 74.556366 -0.29979055 86.5 74.5 6.10865238198 1.81498445994 7.17673325291 2.4854225622
378 0.615529060364 86.88131 74.994533 -0.2764152 85.5 75.5 6.10865238198 1.47088891633 5.83742435326 2.74395169607
381 0.615280151367 85.443672 75.387112 -0.25727157 83.5 75.5 6.10865238198 1.94694749393 4.7405751497 2.0444624604
384 0.617816925049 84.055287 75.832526 -0.23267107 82.5 76.5 6.10865238198 1.69246541857 3.33107032579 3.81617127697
387 0.616199016571 82.664555 76.128737 -0.22389476 80.5 76.5 6.10865238198 2.19616360119 2.82822480309 2.00376300997
390 0.61917591095 81.173968 76.455415 -0.20673661 79.5 77.5 6.10865238198 1.9731514608 1.84513522384 4.70464835611
393 0.614920854568 79.819657 76.754609 -0.1833313 77.5 78.5 6.10865238198 2.90296371671 0.504109742647 6.67440177263
396 0.611721992493 78.325485 77.027059 -0.15611548 77.5 82.5 5.75958653158 5.53484495489 -21.0552418793 5.25707724344
399 0.614753961563 76.892215 77.264525 -0.13798763 74.5 78.5 6.10865238198 2.69241361641 -2.09389117599 4.38263028735
402 0.613699913025 75.420868 77.548324 -0.12557438 72.5 79.5 6.10865238198 3.51290607367 -2.80511801103 4.99030501218
405 0.614347934723 73.926916 77.691819 -0.097717287 71.5 79.5 6.10865238198 3.02645664099 -4.40121186943 4.48077725781
408 0.614289045334 72.448195 77.857208 -0.08052134 69.5 79.5 6.10865238198 3.37499915752 -5.38646705726 4.86146315314
411 0.619328022003 71.010734 77.97039 -0.05919809 68.5 80.5 6.10865238198 3.56408641462 -6.60819928776 5.2671743279
414 0.6203520298 70.665666 77.98114 -0.052809071 68.5 80.5 6.10865238198 3.32186166526 -6.97426311169 6.15762373089
417 0.622156858444 70.65903 77.973391 -0.052747867 68.5 80.5 6.10865238198 3.32342648178 -6.97776984258 7.07576418488
420 0.619462013245 70.662549 77.975477 -0.051931253 68.5 80.5 6.10865238198 3.32412914234 -7.02455837827 7.4894365766
423 0.617568016052 70.657477 77.975804 -0.053730261 69.5 80.5 6.10865238198 2.77692607967 -6.92148281256 7.611726678
426 0.618736028671 70.657208 77.964864 -0.053397677 69.5 80.5 0.174532925199 2.78676243942 13.0594615279 7.72712281788
