3 2.5832118988 31.520043 41.394881 -0.0070850614 2.5 4.5 0.1308996939 46.9403359567 7.90594411581 1.7763568394e-15
6 2.55468893051 31.529937 41.402987 -0.0081764059 11.5 136.5 0.218166156499 97.1835390267 12.9684735497 0.296310678583
9 2.54786014557 31.522543 41.401068 -0.0068718684 97.5 98.5 4.93055513688 87.2542999956 -77.1062709433 0.525764137145
12 2.56617593765 31.528168 41.375423 -0.0049451513 97.5 98.5 4.93055513688 87.2668316995 -77.2166637015 0.696174574745
15 2.56243515015 31.523843 41.397689 -0.0081913964 97.5 98.5 4.93055513688 87.255528272 -77.030667558 0.830866037838
18 2.54366707802 31.52518 41.394772 -0.0077822512 91.5 40.5 1.78896248329 59.9814942375 102.945890149 0.940114921175
21 2.54803800583 31.646202 41.400982 -0.0069641742 91.5 40.5 1.78896248329 59.8605788778 102.899017789 0.977000036375
24 2.5491540432 32.968315 41.348607 -0.0066445448 88.5 41.5 1.3526301703 55.5318913669 77.8807043738 4.08297325609
27 2.56553983688 34.520488 41.363888 -0.010157874 128.5 89.5 0.218166156499 105.589933016 13.082003309 2.99356214859
30 2.5467569828 35.981317 41.339656 -0.012968194 130.5 90.5 6.06501915068 106.538823244 -11.7569772159 1.16230505516
33 2.59816193581 37.47125 41.3168 -0.01805047 81.5 33.5 4.49422282389 44.7172582881 -101.465784251 1.4444824877
36 2.54824399948 39.051821 41.275587 -0.019803098 9.5 79.5 4.49422282389 48.315793211 -101.365366063 3.13212150714
39 2.54927396774 40.609584 41.247017 -0.013659721 65.5 50.5 1.3526301703 26.5546700799 78.2826443626 1.87402832607
42 2.54974508286 42.081473 41.279186 -0.014178183 81.5 28.5 4.49422282389 41.4382415852 -101.687649953 1.81947801838
45 2.54999113083 43.552295 41.213208 -0.0092852628 81.5 110.5 3.01069295969 78.9980244083 173.03200637 0.746097831643
48 2.54791498184 45.079977 41.189892 -0.010404952 79.5 111.5 3.09795942229 78.2831352865 178.096159836 2.37243689388
51 2.55034399033 46.640834 41.096545 -0.012029947 44.5 41.5 6.23955207588 2.17851925688 -1.81073480913 1.22234704215
54 2.55930399895 48.21014 41.103056 -0.013219293 46.5 41.5 6.23955207588 1.75560341727 -1.74259030295 2.66549281636
57 2.5519990921 49.69993 40.993437 -0.019411138 47.5 41.5 6.23955207588 2.25749819 -1.38782371705 2.25518319117
60 2.5474691391 51.221815 41.026894 -0.026800957 49.5 41.5 6.23955207588 1.7856304717 -0.964418276988 2.67644789229
63 2.55316710472 52.707826 40.957156 -0.02058299 50.5 41.5 6.23955207588 2.27358203164 -1.32068154324 3.3842235996
66 2.54694104195 54.31159 40.951842 -0.027308534 52.5 41.5 6.23955207588 1.89270587283 -0.93533625711 3.06898141769
69 2.552339077 55.778879 40.909196 -0.015002614 53.5 41.5 6.23955207588 2.35421725061 -1.64041353614 1.70804284751
72 2.54554605484 57.331901 40.836464 -0.018380323 55.5 41.5 6.23955207588 1.94836888117 -1.44688506601 2.53593808887
75 2.54929614067 58.848313 40.76075 -0.022921269 56.5 41.5 6.23955207588 2.46192292903 -1.18670802522 1.41958850804
78 2.54734015465 60.388876 40.75568 -0.012358794 58.5 41.5 6.23955207588 2.03023762298 -1.79189326393 1.55188203446
81 2.5442841053 61.86858 40.735896 -0.015077049 60.5 41.5 6.23955207588 1.56743935743 -1.63614872479 2.84527042235
84 2.5534029007 63.333062 40.668539 -0.013920495 61.5 41.5 6.23955207588 2.01281983555 -1.70241438777 2.50545896914
87 2.56605100632 64.876385 40.58717 -0.032109511 63.5 41.5 6.23955207588 1.65157327331 -0.660260537471 1.25786302426
90 2.54491686821 66.44697 40.579857 -0.020157695 64.5 42.5 0.0436332312999 2.73452762307 3.65495084821 1.25943456998
93 2.54874920845 67.930314 40.55804 -0.02084507 66.5 42.5 0.0436332312999 2.41184717182 3.69433453465 0.802332751918
96 2.54341602325 69.414343 40.447992 -0.021831497 68.5 42.5 0.0436332312999 2.24649948892 3.75085263855 1.24345951923
99 2.54190182686 70.999462 40.351868 -0.031419309 70.5 41.5 6.23955207588 1.25206604413 -0.699806199083 0.398525340584
102 2.54880404472 72.481812 40.325422 -0.028226015 71.5 41.5 6.23955207588 1.53087827126 -0.882768468027 0.907295896492
105 2.54767012596 74.028193 40.279112 -0.026102315 73.5 42.5 0.0436332312999 2.28283406182 3.99555248502 1.06248274139
108 2.56126093864 75.500101 40.224463 -0.026983514 74.5 42.5 0.0436332312999 2.48561273101 4.04604146863 1.03481306469
111 2.56748509407 77.104162 40.159206 -0.035689283 76.5 41.5 6.23955207588 1.47062580988 -0.455154710252 3.05985669831
114 2.55459094048 78.584191 40.097894 -0.03659834 77.5 41.5 6.23955207588 1.77239142396 -0.403069580815 3.36883696999
117 2.54329490662 80.1084 40.071744 -0.024096447 79.5 41.5 6.23955207588 1.55243864985 -1.11937528564 3.62155341801
120 2.54941797256 80.881063 40.047709 -0.06972902 79.5 41.5 6.23955207588 2.00411680265 1.49517855558 2.05853427561
123 2.56552100182 80.819811 40.085383 -0.20196514 79.5 41.5 6.15228561328 1.934694377 4.07175013077 3.7680960692
126 3.44807600975 80.673305 40.189426 -0.34415967 79.5 41.5 5.97775268808 1.75904770615 2.21889656962 3.85555762943
129 3.43991780281 80.559381 40.228255 -0.49611957 79.5 41.5 5.80321976288 1.65518079018 0.925557494845 4.35482127092
132 3.44714593887 80.474435 40.358509 -0.64523249 79.5 41.5 5.62868683768 1.50084152138 -0.530901518283 4.40580275988
135 3.42987704277 80.446897 40.445937 -0.81868337 79.5 42.5 5.45415391248 2.26181094183 -0.592898141453 6.62276503396
138 3.42918801308 80.377523 40.602704 -0.97166139 79.5 42.5 5.27962098728 2.09040157079 -1.82790323718 5.98864436232
141 3.45230412483 80.303277 40.677658 -1.1291983 79.5 42.5 5.19235452468 1.99152813279 2.19829682335 5.53102532725
144 3.44168686867 80.24067 40.836497 -1.2914427 79.5 42.5 5.10508806208 1.82094323907 6.49421619298 3.40633324733
147 3.44363808632 80.334643 40.99259 -1.4510482 79.5 42.5 5.01782159948 1.72305363978 10.6389377301 2.93674057896
150 3.44771790504 80.305505 41.173119 -1.6076845 79.5 42.5 4.75602221168 1.55224079742 4.6135366386 1.51839622237
153 3.43728494644 80.260339 41.240273 -1.7630876 79.5 42.5 4.58148928649 1.47140324502 3.51747839185 1.20993862863
156 3.42636489868 80.351916 41.337649 -1.9138236 79.5 42.5 4.40695636129 1.44111787105 2.15401501253 1.18366126746
159 3.42875385284 80.458888 41.424429 -2.0695544 79.5 42.5 4.31968989869 1.44094384783 6.07673259273 2.96682216225
162 3.45205879211 80.580246 41.530351 -2.2462491 79.5 42.5 4.14515697349 1.45160277064 6.20059316506 1.36284030679
165 3.46888303757 80.700832 41.575869 -2.3973477 78.5 42.5 4.05789051089 2.38698127294 9.8579052354 1.87312605985
168 20.8626801968 80.863789 41.557834 -2.56541 79.5 42.5 3.88335758569 1.65758776784 9.48716572066 0.931088928613
171 3.45420002937 80.910142 41.637692 -2.7112414 79.5 42.5 3.70882466049 1.65289913395 7.84268946114 1.26442765559
174 3.42561197281 81.000304 41.730578 -2.863125 79.5 42.5 3.53429173529 1.68609676665 6.54497871839 1.69449908007
177 3.42302012444 81.313486 41.614906 -3.0334876 79.5 42.5 3.44702527269 2.01795016317 11.3060366853 1.38380545748
180 3.43251800537 81.419836 41.643078 3.1037871 79.5 42.5 3.27249234749 2.10239995742 9.66609866285 1.43168027392
183 3.41794991493 81.472606 41.653948 2.9566422 79.5 42.5 3.09795942229 2.14638729449 8.09688040973 1.44218385542
186 3.41697192192 81.600227 41.551467 2.7956666 79.5 42.5 2.92342649709 2.30448872933 7.32010289431 2.98824088914
189 3.41657400131 81.705618 41.391179 2.6371497 79.5 42.5 2.74889357189 2.46865039484 6.40245224581 1.72395141349
192 3.42231202126 81.817002 41.340993 2.4823985 79.5 42.5 2.57436064669 2.59071331761 5.26904288039 1.36423737104
195 3.41885995865 81.903012 41.262396 2.332631 79.5 42.5 2.39982772149 2.70298544816 3.85008853862 1.18396531441
198 3.42348790169 81.909487 41.089487 2.1583794 79.5 42.5 2.31256125889 2.79198397673 8.83396979202 1.09531114921
201 3.42269396782 81.924053 40.998223 1.9975831 79.5 42.5 2.13802833369 2.85155520805 8.04691914334 1.52242818188
204 3.44463801384 81.960862 40.844259 1.8446809 79.5 42.5 1.96349540849 2.96602765363 6.80756988161 1.60300370044
207 3.42798805237 81.927588 40.703608 1.6857979 79.5 42.5 1.78896248329 3.01996816463 5.91089521798 1.45807410331
210 3.42269396782 81.924928 40.686406 1.5459903 79.5 42.5 1.61442955809 3.02810155081 3.92128064184 1.50412682595
213 3.41959214211 81.81851 40.588718 1.3660151 79.5 42.5 1.4398966329 3.00474416609 4.23310001886 4.15923382028
216 3.45072317123 81.824065 40.431016 1.2110526 79.5 42.5 1.2653637077 3.11158688075 3.11179725165 6.51175661833
219 2.5705871582 82.277545 41.390368 1.1504821 79.5 43.5 1.1780972451 3.48787949942 1.58223126465 9.53264417528
222 2.561606884 82.927041 42.739254 1.1137092 80.5 44.5 1.1780972451 2.99845868609 3.68916323511 7.29635485406
225 2.54849600792 83.677797 44.09726 1.084748 81.5 45.5 1.0908307825 2.5904592799 0.348517764743 5.826609737
228 2.54721498489 84.372874 45.412874 1.0478677 81.5 47.5 1.0908307825 3.55098577296 2.46160330192 7.05419414706
231 2.53737401962 85.159381 46.677356 1.0274995 82.5 48.5 1.0908307825 3.22402519436 3.6286151982 7.08012405999
234 2.55472898483 85.928298 47.908079 0.99952116 83.5 49.5 1.0035643199 2.9035915083 0.23165599798 5.59826243006
237 2.56359791756 86.76373 49.194484 0.95689161 84.5 51.5 1.0035643199 3.23107993389 2.67414929552 4.13518482262
240 2.57375788689 87.649962 50.387631 0.93226665 85.5 52.5 1.0035643199 3.0140403769 4.0850555742 2.97640043295
243 2.56022810936 88.570925 51.559268 0.90792052 86.5 53.5 0.916297857297 2.8381633236 0.479986070677 2.41426386686
246 2.5407140255 89.47196 52.652014 0.8832857 87.5 54.5 0.916297857297 2.70253186804 1.89145728574 6.74897625289
249 2.55681300163 90.492516 53.754021 0.83763364 87.5 55.5 0.829031394697 3.46462042347 -0.492872350181 8.39945202417
252 2.54220199585 91.498687 54.898001 0.81217592 89.5 57.5 0.829031394697 3.28102857652 0.965747561845 8.58589969393
255 2.5432779789 92.568948 55.94073 0.78340538 90.5 58.5 0.829031394697 3.29095863839 2.61417807816 10.7034541425
258 2.54685902596 93.547241 56.960456 0.75288469 91.5 59.5 0.829031394697 3.26197477612 4.36288480298 10.4138247052
261 2.54900193214 94.620679 57.928363 0.72990952 91.5 60.5 0.829031394697 4.04375497289 5.67926507758 11.178711699
264 2.54771900177 95.770396 58.899507 0.6896339 92.5 61.5 0.829031394697 4.17828359974 7.98688812085 7.36511209533
267 2.54738402367 96.962501 59.840194 0.66858365 94.5 61.5 0.741764932098 2.96965774672 4.19297860355 5.20146385202
270 2.54577994347 98.232224 60.772339 0.64204005 95.5 62.5 0.654498469498 3.23262440087 0.713814856632 8.86837574659
273 2.54978108406 99.416545 61.686454 0.60185601 97.5 63.5 0.654498469498 2.63857799414 3.01619075242 4.02082057108
276 2.54883813858 100.66015 62.48684 0.57932353 98.5 64.5 0.654498469498 2.95280565024 4.30720675838 2.60437313749
279 2.54786086082 101.84252 63.245661 0.55317695 100.5 65.5 0.567232006898 2.6238148329 0.805295441081 1.58091103981
282 2.54635500908 103.2489 64.041483 0.52149049 101.5 65.5 0.567232006898 2.27726218282 2.62079586679 1.5777312544
285 2.56017708778 104.5021 64.838724 0.48902664 102.5 66.5 0.567232006898 2.60158458601 4.48083745854 3.71894860479
288 2.56186509132 105.89753 65.50297 0.45749312 103.5 67.5 0.567232006898 3.12030109473 6.28757506773 5.15572464984
291 2.54243183136 107.23441 66.106065 0.425495 104.5 68.5 0.479965544298 3.63427060527 3.12093229608 4.6328284713
294 2.54449391365 108.62185 66.694881 0.38650919 106.5 68.5 0.479965544298 2.78580365903 5.35465466998 4.29496379572
297 2.54595994949 110.08086 67.251857 0.35533208 107.5 69.5 0.479965544298 3.42271606886 7.1409714904 5.11127087847
300 2.54257702827 111.50781 67.766864 0.33459052 108.5 69.5 0.392699081699 3.47140913616 3.32937533891 3.83852527793
303 2.54775500298 112.87691 68.182524 0.30685182 110.5 70.5 0.392699081699 3.31969820295 4.91868577809 3.28649074385
306 2.5435988903 114.36462 68.651393 0.28808498 111.5 70.5 0.392699081699 3.40931013327 5.99394650489 3.66735632894
309 2.54470086098 115.83449 69.001579 0.25083859 113.5 70.5 0.392699081699 2.7740059577 8.12800745399 5.87704840359
312 2.54932689667 117.19736 69.329841 0.23044123 114.5 71.5 0.305432619099 3.4619851321 4.2966900952 6.6032727856
315 2.55316305161 117.78731 69.484411 0.20147117 115.5 71.5 0.392699081699 3.04866955458 10.9565522654 8.96514809574
318 2.54879999161 116.42938 69.228806 0.13415298 114.5 71.5 0.305432619099 2.98007204108 9.8136004369 11.8928235876
321 2.55937600136 114.80773 69.128985 0.0979988 113.5 70.5 0.305432619099 1.89468727845 11.8850823627 5.51531405519
324 2.55190610886 113.35769 69.056433 0.067460522 111.5 70.5 0.305432619099 2.35263635515 13.6347968057 7.2645332994
327 2.56472706795 111.81488 68.96352 0.032275621 110.5 70.5 0.218166156499 2.0222957758 10.6507431355 6.52034460198
330 2.55002808571 110.29576 68.94659 -0.0039959963 109.5 69.5 0.218166156499 0.969276330929 12.7289537229 8.29721090699
333 2.54882383347 108.74459 69.016615 -0.039899491 107.5 69.5 0.218166156499 1.33516490604 14.786072439 5.57485109369
336 2.54888796806 107.27384 69.125159 -0.081381225 106.5 70.5 0.1308996939 1.57766159898 12.1628007241 3.88177398763
339 2.5483789444 105.77123 69.311189 -0.11875782 104.5 69.5 0.1308996939 1.28517520464 14.3043218702 5.72816141931
342 2.5705242157 104.23308 69.487176 -0.13593074 103.5 69.5 0.1308996939 0.733192158561 15.2882577081 5.52651254366
345 2.56736207008 102.67844 69.809947 -0.17996689 101.5 70.5 0.0436332312999 1.36561120983 12.8113432491 6.08288296858
348 2.57838106155 101.19539 70.111952 -0.20894349 100.5 71.5 6.23955207588 1.55249621655 9.47158013373 2.73338676631
351 2.5695540905 99.695937 70.47501 -0.24032587 98.5 71.5 6.23955207588 1.57507771493 11.2696580588 3.33033547851
354 2.57042002678 98.200311 70.897104 -0.28344925 96.5 72.5 6.15228561328 2.33673556132 8.74044573115 5.47438556522
357 2.56030702591 96.614615 71.415819 -0.3144709 95.5 73.5 6.06501915068 2.36350947512 5.51785534968 5.10411730866
360 2.54764199257 95.216051 71.909445 -0.34657274 94.5 73.5 6.06501915068 1.74430336886 7.35715529628 5.66547188779
363 2.54443407059 93.790761 72.497598 -0.38120404 92.5 75.5 5.89048622548 3.26810063014 -0.658617374664 5.53997282895
366 2.5440530777 92.417114 73.016357 -0.35870282 90.5 75.5 5.97775268808 3.13748444465 3.05215768544 6.55551710713
369 2.54947590828 91.055309 73.519772 -0.33819517 89.5 75.5 5.97775268808 2.5179930535 1.87715589271 4.62282642946
372 2.54668998718 89.614615 74.074076 -0.31837694 88.5 75.5 5.97775268808 1.80986901515 0.74165495629 5.31328769585
375 2.54494690895 88.314109 74.556366 -0.29979055 86.5 76.5 5.97775268808 2.65870355434 -0.323266747094 6.29441864935
378 2.55828094482 86.88131 74.994533 -0.2764152 85.5 76.5 6.06501915068 2.04314664285 3.33742435326 7.53199516021
381 2.57549500465 85.443672 75.387112 -0.25727157 83.5 77.5 6.06501915068 2.87091562818 2.2405751497 2.92769840215
384 2.56437897682 84.055287 75.832526 -0.23267107 82.5 77.5 6.06501915068 2.28021647943 0.831070325793 4.92042720953
387 2.54574799538 82.664555 76.128737 -0.22389476 80.5 76.5 6.15228561328 2.19616360119 5.32822480309 2.38506749915
390 2.55016803741 81.173968 76.455415 -0.20673661 79.5 77.5 6.15228561328 1.9731514608 4.34513522384 5.57587400166
393 2.55450391769 79.819657 76.754609 -0.1833313 77.5 77.5 6.23955207588 2.43647621382 8.00410974265 8.2894010758
396 2.5472240448 78.325485 77.027059 -0.15611548 76.5 77.5 6.23955207588 1.88575413952 6.44475812066 5.6278179024
399 2.57558488846 76.892215 77.264525 -0.13798763 74.5 77.5 0.0436332312999 2.40377642094 10.406108824 4.87215761079
402 2.56278991699 75.420868 77.548324 -0.12557438 72.5 77.5 0.0436332312999 2.92126771837 9.69488198897 5.42021615616
405 2.57350492477 73.926916 77.691819 -0.097717287 71.5 77.5 0.0436332312999 2.4344847093 8.09878813057 4.90853790289
408 2.56530499458 72.448195 77.857208 -0.08052134 69.5 77.5 0.0436332312999 2.96975610333 7.11353294274 1.78295523626
411 2.56484603882 71.010734 77.97039 -0.05919809 68.5 78.5 0.1308996939 2.56598362638 10.8918007122 2.3245587211
414 2.5830039978 70.665666 77.98114 -0.052809071 68.5 78.5 0.1308996939 2.22695418075 10.5257368883 3.18322332168
417 2.55514407158 70.65903 77.973391 -0.052747867 68.5 79.5 6.23955207588 2.64422873061 0.522230157417 4.33879063088
420 2.55261898041 70.662549 77.975477 -0.051931253 68.5 79.5 6.23955207588 2.64590032974 0.475441621726 5.44333177636
423 2.55226206779 70.657477 77.975804 -0.053730261 69.5 80.5 6.23955207588 2.77692607967 0.578517187436 6.4084514566
426 2.57091212273 70.657208 77.964864 -0.053397677 69.5 80.5 6.23955207588 2.78676243942 0.559461527903 6.98060231671
