3 1.91840100288 58.425211 99.52669 -0.076600623 2.5 4.5 0.872664625997 110.261965508 54.388892406 0.0
6 1.95091605186 58.436309 99.5178 -0.082073852 30.5 86.5 0.407243492132 30.8204555025 28.0358186613 0.12050991137
9 1.92773294449 59.138497 99.506199 -0.079127672 80.5 139.5 4.24696784652 45.341128447 -112.132985018 4.51231422529
12 1.92681789398 60.588187 99.398001 -0.084356487 79.5 138.5 4.36332312999 43.4352736465 -105.16672932 4.79465017076
15 1.92610812187 62.026729 99.268445 -0.080345137 61.5 101.5 1.57079632679 2.29287617578 94.6034372545 5.97495764673
18 1.95546793938 63.612811 99.142137 -0.077882356 77.5 133.5 4.71238898038 37.0582887928 -85.5376697027 7.12764060071
21 1.94551301003 65.109709 99.045111 -0.075303117 77.5 132.5 4.59603369692 35.6756066391 -92.3521158784 6.49930526473
24 1.91615390778 66.576646 98.887554 -0.079079542 118.5 58.5 6.22500766545 65.7813743298 1.19759066909 6.67620965072
27 1.92899084091 68.114632 98.811042 -0.080004433 73.5 27.5 4.71238898038 71.5141028023 -85.4160836468 7.13867193755
30 1.95186591148 69.601579 98.673025 -0.074381156 74.5 25.5 4.71238898038 73.3367991935 -85.7382736859 7.56567771569
33 1.92452478409 71.154315 98.514904 -0.080273853 36.5 72.5 4.59603369692 43.3323987133 -92.0673136845 6.97707486299
36 1.93786692619 72.642873 98.438251 -0.077397051 36.5 70.5 4.71238898038 45.682087711 -85.5654756309 4.63707286414
39 1.94056177139 74.179887 98.27586 -0.078945335 71.5 98.5 6.22500766545 2.68924395925 1.18990117441 7.56042465042
42 1.91910409927 75.689674 98.17429 -0.079512997 73.5 98.5 0.0581776417331 2.21376584814 7.88909247787 6.88179805405
45 1.93000006676 77.259307 98.055637 -0.072379503 74.5 98.5 0.0581776417331 2.79485842146 7.48037337849 6.08294103247
48 1.93222498894 78.667542 97.976243 -0.066300397 76.5 98.5 0.0581776417331 2.22992370202 7.13206626148 7.44111847936
51 1.92880892754 80.25432 97.827625 -0.077582567 77.5 98.5 0.0581776417331 2.83520136904 7.77848698622 3.67942486987
54 1.95016503334 81.813353 97.68277 -0.074716444 79.5 99.5 6.22500766545 2.94175576408 0.947603568092 2.56281758344
57 1.93157601357 82.622729 97.654646 -0.085105116 80.5 98.5 0.0581776417331 2.28486362673 8.2094972951 5.56515208276
60 1.91396284103 81.436592 97.754867 -0.094486992 79.5 99.5 6.22500766545 2.60689043923 2.08037252715 4.01644960315
63 1.96386504173 79.890684 97.897701 -0.093381766 77.5 99.5 6.22500766545 2.87797360538 2.01704774194 6.81393939325
66 1.9356071949 78.411812 98.037468 -0.097953665 76.5 99.5 6.22500766545 2.40707809893 2.27899825901 2.68958213398
69 1.95007395744 76.931086 98.162597 -0.096433306 74.5 99.5 6.22500766545 2.77467582319 2.19188810496 1.39957078209
72 1.9602701664 75.443161 98.337547 -0.10164342 73.5 99.5 6.22500766545 2.26432587079 2.49040564794 6.24860856374
75 1.91393208504 73.912871 98.553041 -0.10292365 71.5 99.5 6.22500766545 2.59204124395 2.56375742375 3.0125133466
78 1.92773890495 72.413468 98.668417 -0.11145399 70.5 99.5 6.22500766545 2.08635808837 3.05250990356 4.90803673464
81 1.91436910629 70.926618 98.82512 -0.11572496 68.5 99.5 6.22500766545 2.51871751737 3.29721845899 2.57798764869
84 1.92409706116 69.460294 99.048845 -0.12091472 67.5 98.5 0.0581776417331 2.03567762685 10.2612364703 7.86608414615
87 1.93087601662 67.984026 99.205817 -0.12024712 65.5 98.5 0.0581776417331 2.5823560572 10.2229858079 3.45126266936
90 1.9211769104 66.409271 99.378533 -0.12589377 64.5 98.5 0.0581776417331 2.10169835693 10.5465150213 7.1354474845
93 1.92511415482 64.97003 99.579245 -0.12534264 62.5 98.5 0.0581776417331 2.69551812662 10.5149375984 3.31403909013
96 1.91945981979 63.450289 99.830398 -0.13542326 61.5 99.5 6.22500766545 1.97807735489 4.42584791257 7.71480349208
99 1.91505098343 62.015499 100.01094 -0.13023941 59.5 99.5 6.22500766545 2.56686480022 4.12883518594 11.366772206
102 1.92587804794 60.420275 100.24313 -0.1356293 58.5 98.5 0.0581776417331 2.5934452515 11.1043198016 6.83024196535
105 1.92603492737 58.989222 100.44438 -0.14088208 56.5 98.5 0.0581776417331 3.1586135803 11.4052819264 2.99939815802
108 1.95352697372 58.528509 100.58832 -0.24160345 56.5 98.5 6.22500766545 2.91134491009 10.5095246675 2.86366648983
111 1.94933605194 58.390768 100.67023 -0.3827913 56.5 98.5 6.10865238198 2.87835054896 11.9323259243 2.32255900855
114 1.92593193054 58.26024 100.80046 -0.53685502 56.5 98.5 5.99229709851 2.89664652127 14.0928601897 1.88568778111
117 1.93111395836 58.2435 100.85046 -0.70040996 56.5 96.5 5.87594181505 4.68682136011 16.7972013036 3.49167620112
120 12.4014351368 58.129433 100.95873 -0.85888639 57.5 98.5 5.64323124811 2.53801873799 12.5438985616 1.19137313801
123 1.9269258976 58.21235 101.09089 -1.0276822 56.5 101.5 5.29416539772 1.76054352818 2.21518607405 1.04340325367
126 1.93335008621 58.152327 101.12822 -1.1869287 56.5 101.5 5.17781011425 1.69363658538 4.67267175962 1.47808527148
129 1.92964291573 58.049715 101.26081 -1.3398137 56.5 101.5 4.94509954732 1.56806518912 0.0990036771403 0.789177581853
132 1.92699480057 58.024835 101.49733 -1.4943786 56.5 101.5 4.82874426385 1.5248373376 2.28825344134 0.746824183109
135 1.9307949543 58.064001 101.65215 -1.6522241 56.5 101.5 4.71238898038 1.57138434207 4.6654677398 0.781532796102
138 1.93129897118 58.104403 101.68885 -1.8037565 56.5 101.5 4.59603369692 1.61547928149 6.68096805262 0.668720556029
141 1.92728805542 58.177183 101.78616 -1.9584038 56.5 101.5 4.36332312999 1.70142010129 2.20827232238 0.625883869707
144 1.92206692696 58.164815 101.89412 -2.1101089 56.5 101.5 4.24696784652 1.71083007883 4.23366761633 0.654688863772
147 1.93352985382 58.333441 101.96561 -2.2758326 55.5 101.5 4.13061256305 2.87144224608 7.06226952495 1.87917189135
150 1.92520499229 58.547547 101.97367 -2.4518694 55.5 101.5 4.01425727959 3.08413780271 10.4817685373 3.35766786057
153 1.94224715233 58.609003 102.09152 -2.5989269 55.5 101.5 3.78154671265 3.16477417273 5.57420929969 6.63081353309
156 2.16494679451 58.561869 102.14088 -2.6173282 56.5 101.5 3.54883614572 2.15917367239 -6.70480720609 6.65331948764
159 2.25667786598 58.51155 102.01626 -2.5045701 56.5 101.5 3.66519142919 2.07674210968 -6.49870377534 9.18388994704
162 2.25816202164 58.437648 101.90068 -2.3721379 55.5 101.5 3.89790199612 2.96484742176 -0.753176573641 8.00964313565
165 2.25975704193 58.147744 101.95537 -2.2082701 55.5 101.5 4.01425727959 2.68661685516 -3.47544324507 8.60946754828
168 2.24415302277 58.037351 101.82492 -2.0566813 55.5 101.5 4.24696784652 2.5580701913 1.17249162681 6.27623422643
171 2.26084685326 57.944091 101.71587 -1.9011295 55.5 101.5 4.36332312999 2.45360564745 -1.07330334218 2.14549562842
174 2.25108981133 57.908577 101.57431 -1.7585036 55.5 101.5 4.59603369692 2.40972304239 4.08816787189 1.50130558253
177 2.2541680336 57.841285 101.40683 -1.6171883 55.5 101.5 4.71238898038 2.34313808815 2.65806426794 1.62116782938
180 2.24802088737 57.86028 101.30305 -1.4556073 55.5 101.5 4.82874426385 2.3684828437 0.0668215850998 1.22698520738
183 2.25435018539 57.788579 101.03213 -1.3093986 55.5 101.5 4.94509954732 2.3359144197 -1.64365318633 0.964721540017
186 2.27211904526 57.852229 100.87925 -1.1701135 55.5 101.5 5.17781011425 2.43275807078 3.70923176795 0.91724748983
189 2.29882287979 57.956865 100.8248 -1.0236231 55.5 101.5 5.17781011425 2.54795617471 -4.68404989124 1.10072677073
192 2.26053595543 57.906072 100.67156 -0.85835482 55.5 101.5 5.29416539772 2.54469945235 -7.48655815596 2.93817936562
195 13.7724599838 57.990597 100.53155 -0.72265365 55.5 101.5 5.52687596465 2.67225912271 -1.92832913861 1.14848370933
198 2.26777482033 58.042848 100.37669 -0.56279892 55.5 101.5 5.64323124811 2.7799103056 -4.42066383615 2.10206647191
201 2.25750112534 58.157277 100.32166 -0.41301063 55.5 101.5 5.87594181505 2.90682063608 0.330432659706 1.52810288984
204 2.25933885574 58.686264 100.08548 -0.29965148 55.5 101.5 5.99229709851 3.48613612874 0.502098462182 1.14380822495
207 2.12885904312 59.980629 99.666017 -0.30408986 57.5 101.5 5.99229709851 3.08496578262 0.756398904057 5.20693520534
210 2.14879083633 61.363687 99.173884 -0.32636207 58.5 101.5 5.99229709851 3.68937919973 2.03250253749 6.96162098372
213 2.25456309319 62.885593 98.69498 -0.37512441 59.5 100.5 5.99229709851 3.83670915787 4.82637881867 7.13443641161
216 2.25683403015 64.287236 98.118834 -0.4012694 61.5 100.5 5.99229709851 3.66587452585 6.32437640108 7.52650739885
219 4.21160197258 66.572969 97.068508 -0.44319642 63.5 98.5 5.99229709851 3.39003065193 8.72661769464 6.48002841984
222 2.27872300148 67.896132 96.441291 -0.47211549 65.5 98.5 5.87594181505 3.15907127303 3.71689168642 7.10055925208
225 2.24895191193 69.150612 95.708615 -0.49267498 66.5 97.5 5.87594181505 3.19918805211 4.89486369236 9.02637830437
228 2.25455594063 70.465141 94.973778 -0.52461339 67.5 96.5 5.87594181505 3.33487852 6.72479978972 7.15837631882
231 2.25557208061 71.675984 94.192345 -0.54871183 68.5 95.5 5.75958653158 3.43465223382 1.4388720279 5.82360793376
234 2.25749111176 72.999296 93.402727 -0.58180979 69.5 94.5 5.75958653158 3.66729880595 3.33524544639 4.92081044981
237 2.24342894554 74.284244 92.44261 -0.63095882 71.5 94.5 5.75958653158 3.46191684817 6.15127743255 7.37805323678
240 2.24813199043 75.447368 91.599491 -0.66374929 72.5 93.5 5.75958653158 3.5069805512 8.0300329718 6.62531039923
243 2.08984518051 76.572595 90.665594 -0.69142624 73.5 92.5 5.75958653158 3.57853118009 9.6158053966 7.59998742201
246 2.24677705765 77.783785 89.658033 -0.71509647 75.5 91.5 5.64323124811 2.93402732695 4.30534300904 6.18036993758
249 2.24963283539 78.874801 88.696028 -0.74032963 76.5 90.5 5.64323124811 2.98228012876 5.75109658082 3.4637227151
252 2.24743390083 80.03236 87.613917 -0.7252394 77.5 89.5 5.64323124811 3.1575554235 4.88649008993 3.73373425977
255 2.10098099709 81.079285 86.604124 -0.70281223 79.5 88.5 5.64323124811 2.46748595104 3.60150790251 2.67527259352
258 2.12689781189 82.380517 85.593177 -0.66953842 80.5 88.5 5.75958653158 3.46207512059 8.36172568786 3.74439259652
261 2.25409603119 83.553536 84.670161 -0.64546431 81.5 87.5 5.75958653158 3.4964265857 6.98238078932 3.67246140337
264 1.99627995491 84.753159 83.736184 -0.60820056 82.5 85.5 5.64323124811 2.86142837778 -1.81934148117 5.01547021795
267 2.0430829525 85.938286 82.919631 -0.58097683 83.5 84.5 5.75958653158 2.90565049412 3.28752035389 3.61661456152
270 1.93060803413 87.249998 82.030848 -0.55954063 85.5 83.5 5.75958653158 2.28492901402 2.05931656509 7.14184711179
273 2.19071698189 88.578333 81.141585 -0.52544337 86.5 82.5 5.75958653158 2.48289334671 0.105687474131 5.2206880566
276 2.17780613899 89.874585 80.458812 -0.49549775 87.5 82.5 5.75958653158 3.13131000918 -1.61007016677 2.78703927134
279 2.25017309189 91.229191 79.664539 -0.46697991 88.5 81.5 5.87594181505 3.28898169606 3.42264462707 4.63987438506
282 2.26953101158 92.640842 79.007823 -0.44436504 89.5 81.5 5.87594181505 4.00946812786 2.12690802183 1.85483192728
285 2.1447019577 93.942666 78.269838 -0.40450827 91.5 80.5 5.87594181505 3.30760332171 -0.156716684195 4.42814893217
288 2.03358006477 95.385584 77.620959 -0.38607018 92.5 79.5 5.99229709851 3.44345612731 5.45352524319 6.04030784842
291 2.25244498253 96.747733 77.074345 -0.36376533 94.5 79.5 5.99229709851 3.30697835165 4.17555147552 6.29056705744
294 2.20078492165 98.250871 76.540386 -0.33417824 96.5 79.5 5.99229709851 3.43873003995 2.48033609044 10.4008938887
297 2.1651828289 99.752933 76.027378 -0.30758365 97.5 78.5 6.10865238198 3.34508096425 7.62324499223 8.85667745603
300 2.16473889351 100.00981 75.897783 -0.33361957 98.5 78.5 6.10865238198 3.00849788951 9.11499332397 9.41362665078
303 2.2559940815 98.714105 76.429985 -0.36219797 97.5 79.5 5.99229709851 3.30136987495 4.08574836254 9.23085467524
306 2.25958919525 97.284888 77.028291 -0.39087517 95.5 79.5 5.99229709851 3.04879821458 5.72883089079 8.40119955169
309 2.25560808182 95.817851 77.649213 -0.42317241 95.5 80.5 5.99229709851 2.86845180848 7.57932643271 4.13935539191
312 2.25526189804 94.571565 78.35291 -0.46228827 93.5 80.5 5.87594181505 2.39963476749 3.15383345607 2.98503367489
315 2.24233293533 93.13187 79.138887 -0.4938927 91.5 80.5 5.99229709851 2.12500077545 11.6313005757 4.82014941336
318 2.24488782883 91.836662 79.862922 -0.52529077 89.5 80.5 5.99229709851 2.4219532779 13.4302774715 6.62197133769
321 2.24347710609 90.529269 80.702102 -0.55721841 88.5 81.5 5.87594181505 2.18049854225 8.59292982666 2.80888791281
324 2.24146389961 89.308886 81.573217 -0.59808232 86.5 80.5 5.99229709851 3.00693120807 17.6009260707 3.19283000074
327 2.24400210381 88.100372 82.484783 -0.6409076 85.5 80.5 5.99229709851 3.27128386042 20.0546338712 5.66979603027
330 2.24794197083 86.96204 83.432583 -0.67310863 84.5 82.5 5.87594181505 2.63274609742 15.2329503195 1.66061952329
333 2.25992178917 85.711036 84.448892 -0.70015711 83.5 84.5 5.75958653158 2.21162660071 10.1160473991 1.91647751882
336 2.26209211349 84.630521 85.38864 -0.74348817 82.5 86.5 5.75958653158 2.40296499788 12.5987342589 4.71370113033
339 2.25298404694 83.531548 86.470864 -0.76732045 81.5 87.5 5.64323124811 2.27734674189 7.29755665241 4.70569347592
342 2.24854111671 82.436303 87.632765 -0.79615086 80.5 88.5 5.64323124811 2.12164225378 8.94941746704 2.22493408352
345 2.25002193451 81.390428 88.717115 -0.83255466 78.5 88.5 5.64323124811 2.8985708455 11.0352015653 2.09249190309
348 4.18176698685 80.091493 90.270385 -0.85191671 77.5 90.5 5.52687596465 2.60164544419 5.47789864634 1.54582246098
351 2.24955320358 79.121061 91.3195 -0.83027867 76.5 91.5 5.64323124811 2.62726873687 10.9047969441 1.43331630625
354 2.28439188004 78.091476 92.534394 -0.81038411 76.5 93.5 5.52687596465 1.86150229809 3.09825595413 3.42564480456
357 2.25661492348 77.093441 93.512556 -0.78090008 75.5 94.5 5.52687596465 1.87459325551 1.4089454721 5.5793351495
360 2.25259900093 76.051262 94.597058 -0.76703211 74.5 95.5 5.52687596465 1.79491449602 0.614369320681 4.71077567982
363 2.2524061203 75.027276 95.58972 -0.75132884 72.5 95.5 5.64323124811 2.52886805875 6.38130489179 6.0000139353
366 2.25013494492 73.852657 96.593273 -0.72312741 71.5 95.5 5.64323124811 2.59427076694 4.76548197656 3.30661903507
369 2.24181699753 72.811015 97.559971 -0.70587276 70.5 97.5 5.64323124811 2.31179299486 3.77686335458 1.9307152595
372 2.23671603203 71.630899 98.505259 -0.68120937 69.5 98.5 5.64323124811 2.13090548952 2.3637551991 3.71809944828
375 2.25714087486 70.538887 99.423882 -0.66641532 68.5 100.5 5.64323124811 2.30544792799 1.51611857219 5.9856924369
378 2.26222205162 69.331788 100.31013 -0.63648641 67.5 101.5 5.64323124811 2.18431634473 -0.198681656233 5.14015741223
381 2.24194693565 68.205766 101.18772 -0.63190253 66.5 102.5 5.64323124811 2.15214229203 -0.461318634028 4.70379119825
384 2.20406198502 66.997353 102.01418 -0.604237 65.5 103.5 5.64323124811 2.1094376215 -2.04643674102 3.47394392119
387 2.25708889961 65.749881 102.79371 -0.58263231 64.5 104.5 5.64323124811 2.11509528822 -3.28429429571 2.64393080502
390 2.25938987732 64.390622 103.72927 -0.540005 62.5 104.5 5.75958653158 2.04168466708 0.940007415962 5.16492832358
393 2.24772500992 63.066948 104.49561 -0.5165186 60.5 105.5 5.87594181505 2.75645085333 6.26100248667 6.00642401352
396 2.23993897438 62.072466 105.11862 -0.50368551 59.5 105.5 5.87594181505 2.60058301647 5.52572059156 4.19224890241
399 2.26230382919 62.084059 105.11634 -0.50537083 59.5 105.5 5.87594181505 2.61238510007 5.62228231469 5.4977913605
402 2.25478100777 62.06969 105.12384 -0.50501376 59.5 105.5 5.87594181505 2.59707586368 5.6018237107 6.62332060672
405 2.25562500954 62.088061 105.11683 -0.50531554 59.5 106.5 5.87594181505 2.93448785798 5.61911443104 7.21644718942
408 2.24539685249 62.080145 105.11527 -0.50526072 59.5 106.5 5.87594181505 2.92824612933 5.61597347641 7.34087888411
411 2.23971295357 62.084425 105.11388 -0.50526675 59.5 106.5 5.87594181505 2.9326747578 5.61631896996 7.31702376413
414 2.25454592705 62.090561 105.10315 -0.50372534 59.5 106.5 5.87594181505 2.94316092275 5.52800268246 7.25793150746
