3 4.04894804955 31.520043 41.394881 -0.0070850614 121.455507658 40.8963868244 2.2902351043 89.936846174 131.626749685 0
6 4.06740188599 31.529937 41.402987 -0.0081764059 20.139260019 5.77214799883 2.36954365308 37.4072748274 136.233324243 0
9 4.13648986816 31.522543 41.401068 -0.0068718684 63.8714132846 37.1602624417 1.15591173835 32.6256622993 66.622593154 0
12 4.03677797318 31.528168 41.375423 -0.0049451513 105.418530176 59.8253317788 -2.00772087308 76.1589440349 -114.750596169 0
15 4.11555194855 31.523843 41.397689 -0.0081913964 35.4262897093 38.6227827079 -0.658486916266 4.78844392771 -37.2591887246 0
18 4.05469894409 31.52518 41.394772 -0.0077822512 83.3608537272 19.9069678607 1.9797976492 56.1129467902 113.879939738 0
21 4.17129182816 31.646202 41.400982 -0.0069641742 140.856943254 57.5066648195 -0.894773604307 110.391933692 -50.867733357 0
24 4.16404891014 32.968315 41.348607 -0.0066445448 69.2195168317 56.2392315976 1.99753594425 39.1903091995 114.831083405 0
27 4.21554803848 34.520488 41.363888 -0.010157874 135.384206807 135.509231314 -2.05149445268 137.974039004 -116.959970524 0
30 4.20151090622 35.981317 41.339656 -0.012968194 119.838094953 96.115154693 -1.72587454351 100.161442011 -98.142304528 0
33 4.20197105408 37.47125 41.3168 -0.01805047 54.7557012451 46.7450044841 0.180573320026 18.1167783772 11.3803048794 0
36 4.26009082794 39.051821 41.275587 -0.019803098 132.978080141 137.198625493 0.551014212711 134.251150721 32.7054227768 0
39 4.22993898392 40.609584 41.247017 -0.013659721 66.2310451796 67.8892067477 -1.61022759187 36.963029469 -91.4766007072 0
42 4.20794606209 42.081473 41.279186 -0.014178183 84.1445767982 110.553207478 3.09329991537 81.0443998862 178.045379966 0
45 4.31415700912 43.552295 41.213208 -0.0092852628 81.61778247 109.748298838 2.88748640989 78.3966836835 165.972791058 0
48 4.43552398682 45.079977 41.189892 -0.010404952 79.8365383339 112.328932262 -3.06716940081 79.1756377001 -175.139701882 0
51 4.41712594032 46.640834 41.096545 -0.012029947 70.1369213233 13.9305291774 -2.94987705059 35.9173848599 -168.32623989 0
54 4.41495990753 48.21014 41.103056 -0.013219293 113.818175603 72.7111568678 -2.84267933679 72.8250394861 -162.11611881 0
57 4.45742607117 49.69993 40.993437 -0.019411138 35.6241388242 96.1977073111 -2.95843763609 56.9705130555 -168.393814218 0
60 4.51733589172 51.221815 41.026894 -0.026800957 33.3908756463 96.2696102626 -3.08295639057 58.0491179804 -175.10480788 0
63 4.46802902222 52.707826 40.957156 -0.02058299 32.2336073636 97.7815061158 -3.03120417151 60.4003343936 -172.495887413 0
66 4.43040513992 54.31159 40.951842 -0.027308534 53.1592012557 41.5296394709 0.117810871999 1.28912750935 8.3147294892 0
69 4.47091603279 55.778879 40.909196 -0.015002614 54.6289873757 41.5668475924 0.0935040567142 1.32467217254 6.21697428094 0
72 4.47982192039 57.331901 40.836464 -0.018380323 55.0408132128 39.726577253 0.117680694857 2.54576743635 7.79572207944 0
75 4.71073794365 58.848313 40.76075 -0.022921269 57.3870933251 41.4520341467 0.12032987332 1.61648900697 8.20768586536 0
78 5.004570961 60.388876 40.75568 -0.012358794 57.9535042601 41.5683579857 0.09148116566 2.56738797615 5.94959143333 0
81 5.71125292778 61.86858 40.735896 -0.015077049 59.9555585698 42.1147994442 0.0553283605955 2.35818271149 4.03393282471 0
84 4.84307098389 63.333062 40.668539 -0.013920495 61.9597420598 41.654046813 0.0884146127041 1.69033526482 5.86336976746 0
87 4.46861720085 64.876385 40.58717 -0.032109511 63.2266571928 41.3190399327 0.0542124731809 1.80478127103 4.94588537276 0
90 4.46873402596 66.44697 40.579857 -0.020157695 65.1106113082 41.6327843619 0.0648552486369 1.70132612467 4.87088287438 0
93 4.41070890427 67.930314 40.55804 -0.02084507 66.2104536217 41.2826104048 0.0674324777779 1.86625882241 5.05793091344 0
96 4.60275912285 69.414343 40.447992 -0.021831497 67.9910471614 40.3536271924 0.0813626466654 1.42642061153 5.91258890249 0
99 4.4882581234 70.999462 40.351868 -0.031419309 69.4531535497 41.7924349512 0.0806611954226 2.11336295139 6.42173986911 0
102 4.45052981377 72.481812 40.325422 -0.028226015 71.2657019195 41.8286517985 0.0766456291058 1.93355205647 6.00870259786 0
105 4.47697305679 74.028193 40.279112 -0.026102315 72.6519402759 41.9123708486 0.067366066239 2.13579166286 5.35534376291 0
108 4.43216586113 75.500101 40.224463 -0.026983514 74.5324800248 41.1165754316 0.0815242892557 1.31611357496 6.21703917079 0
111 4.40539813042 77.104162 40.159206 -0.035689283 76.3567911992 41.874727188 0.0277235544904 1.8712498658 3.63328795515 0
114 4.44105005264 78.584191 40.097894 -0.03659834 78.0266684326 41.9500738615 0.034584418531 1.93427031522 4.07847163793 0
117 4.40994405746 80.1084 40.071744 -0.024096447 78.9157270885 41.8036773497 0.0439197264753 2.1028698965 3.89703967876 0
120 4.39910912514 80.881063 40.047709 -0.06972902 78.7995997276 41.6514992113 0.0152014829392 2.6276667209 4.86615937034 0
123 4.41891789436 80.819811 40.085383 -0.20196514 79.2472102292 41.5133502091 -0.127295971232 2.12418538139 4.27822823018 0
126 4.46198797226 80.673305 40.189426 -0.34415967 78.6036787376 41.6051969821 -0.297195358075 2.50754069553 2.69085686101 0
129 4.41301512718 80.559381 40.228255 -0.49611957 79.0608532048 41.5937790678 -0.449824496027 2.02737306201 2.65251235093 0
132 4.42412400246 80.474435 40.358509 -0.64523249 78.6022748625 42.0643660433 -0.589290887791 2.53277157137 3.20521770577 0
135 4.48051786423 80.446897 40.445937 -0.81868337 78.8858945707 42.2010589008 -0.736636351576 2.34886812548 4.70094787735 0
138 4.46548390388 80.377523 40.602704 -0.97166139 79.0338966288 43.4357014413 -0.907845235876 3.1354754548 3.65639629608 0
141 4.39770102501 80.303277 40.677658 -1.1291983 79.2766119663 43.2310385928 -1.01382421515 2.75205260544 6.61044812692 0
144 4.44754099846 80.24067 40.836497 -1.2914427 80.3908359849 43.2868247519 -1.16508690121 2.45492482877 7.23965398788 0
147 4.41013216972 80.334643 40.99259 -1.4510482 79.34991907 42.3674894827 -1.3055625629 1.69116226475 8.33571298533 0
150 4.40552902222 80.305505 41.173119 -1.6076845 79.8236666332 43.1939642419 -1.50683856448 2.07749457362 5.77804648623 0
153 4.41403388977 80.260339 41.240273 -1.7630876 78.1353354769 42.1445748188 -1.55838514619 2.30941588997 11.7285866591 0
156 4.4268450737 80.351916 41.337649 -1.9138236 78.7962482159 41.7494291559 -1.71126171308 1.60924365812 11.6059412104 0
159 4.42160987854 80.458888 41.424429 -2.0695544 78.1618760453 40.9274396752 -1.85900523003 2.35016218777 12.0635788194 0
162 4.41004419327 80.580246 41.530351 -2.2462491 78.5652783743 42.1162147703 -2.0885923909 2.09841151586 9.03306404326 0
165 4.42006516457 80.700832 41.575869 -2.3973477 79.2679812575 42.8312533589 -2.24851266822 1.90500686057 8.52761916447 0
168 4.4745490551 80.863789 41.557834 -2.56541 79.3237220296 43.6450471175 -2.07133490099 2.59388991114 28.308417936 0
171 4.44329094887 80.910142 41.637692 -2.7112414 79.5812114448 43.3170317898 -2.47444957524 2.14155050138 13.5671721819 0
174 4.49068903923 81.000304 41.730578 -2.863125 79.6420678515 42.1264311424 -2.60139808326 1.41474561158 14.9958477141 0
177 4.43982100487 81.313486 41.614906 -3.0334876 79.2819283358 43.7800551212 -2.79346256249 2.96902294698 13.7524216269 0
180 4.42931008339 81.419836 41.643078 3.1037871 79.39171487 43.3309124665 -2.96921901412 2.63857167883 12.042380704 0
183 4.42931294441 81.472606 41.653948 2.9566422 79.6544155675 42.8180601451 -3.13986137453 2.15892879341 10.6960753932 0
186 4.43919301033 81.600227 41.551467 2.7956666 78.6220930396 43.5101060403 3.03586558083 3.56448436329 13.7623878451 0
189 4.3977060318 81.705618 41.391179 2.6371497 79.3927734869 43.3434629972 2.89762942737 3.02665864405 14.9243890271 0
192 4.43864417076 81.817002 41.340993 2.4823985 79.3426469878 44.1001232938 2.74221967933 3.70610748693 14.8866570038 0
195 4.42069292068 81.903012 41.262396 2.332631 79.1692658194 44.0795677127 2.54254135682 3.92553494936 12.026977522 0
198 4.42877006531 81.909487 41.089487 2.1583794 80.0606244019 44.0928770165 2.40402971483 3.5268462538 14.0747262756 0
201 4.42015695572 81.924053 40.998223 1.9975831 79.83821048 43.0314498765 2.11970211817 2.91285951426 6.99690433917 0
204 4.44096302986 81.960862 40.844259 1.8446809 80.3777106453 44.2752482772 2.00125994768 3.77863144966 8.97131859237 0
207 4.46973109245 81.927588 40.703608 1.6857979 80.3335078655 44.3224031681 1.9201974896 3.95433558818 13.4301072037 0
210 4.45620894432 81.924928 40.686406 1.5459903 80.5574382384 44.4428595521 1.79148482273 3.99762073454 14.0658000458 0
213 4.4198141098 81.81851 40.588718 1.3660151 80.656435287 43.7758013597 1.56608661049 3.39233223317 11.4632531518 0
216 4.48661589622 81.824065 40.431016 1.2110526 81.0476074572 45.6788580133 1.56671971166 5.30497239508 20.3782244096 0
219 4.40806317329 82.277545 41.390368 1.1504821 81.2328142019 46.6276220334 1.42311363487 5.34043933123 15.6206363104 0
222 4.46430706978 82.927041 42.739254 1.1137092 82.3058572618 48.2399404111 1.38696365282 5.53564993742 15.65632688 0
225 4.40526103973 83.677797 44.09726 1.084748 82.0121324817 49.2308085366 1.43869940837 5.39701388407 20.2799218522 0
228 4.43764686584 84.372874 45.412874 1.0478677 80.9165097739 47.9413516548 1.20290407939 4.28248209736 8.88293021013 0
231 4.4476749897 85.159381 46.677356 1.0274995 83.0562457429 48.4814570888 1.17841248868 2.77091296299 8.64667732527 0
234 4.43678402901 85.928298 47.908079 0.99952116 83.599617126 49.8476888591 1.10355867149 3.03065026331 5.96091031917 0
237 4.40799593925 86.76373 49.194484 0.95689161 85.1045043618 51.3831248107 1.041359152 2.74648471991 4.83963366255 0
240 4.43337607384 87.649962 50.387631 0.93226665 85.6305653083 51.9634256996 0.988306889903 2.56146285037 3.21086922936 0
243 4.44180417061 88.570925 51.559268 0.90792052 87.1377201328 52.6742459268 0.978771168761 1.81583368419 4.05944314978 0
246 4.45702910423 89.47196 52.652014 0.8832857 86.8692059542 52.9869646719 0.910692709968 2.62421808836 1.57030600024 0
249 4.44904494286 90.492516 53.754021 0.83763364 81.4281274183 59.6907095512 1.29223428617 10.8354700551 26.0466983894 0
252 4.42431402206 91.498687 54.898001 0.81217592 89.684250486 58.121335397 0.92363832429 3.69892747943 6.38632534017 0
255 4.4036591053 92.568948 55.94073 0.78340538 90.012401984 58.9962159482 0.863195786947 3.98395807099 4.57165356369 0
258 4.42384696007 93.547241 56.960456 0.75288469 91.1272565862 59.8029765695 0.881794336379 3.73312841346 7.38597867604 0
261 4.42289996147 94.620679 57.928363 0.72990952 91.2481931449 59.8021014573 0.824292822972 3.85805088729 5.40776491682 0
264 4.44440197945 95.770396 58.899507 0.6896339 92.6555972208 61.6619542597 0.80420601511 4.16330233076 6.56449864571 0
267 4.4320898056 96.962501 59.840194 0.66858365 93.9972586189 62.6764226117 0.753492037783 4.10327370721 4.8648922652 0
270 4.43959498405 98.232224 60.772339 0.64204005 94.5517492193 63.7012140161 0.728669100115 4.70363725975 4.96347895482 0
273 4.42824792862 99.416545 61.686454 0.60185601 98.0398620909 63.5303050198 0.663360996323 2.30109591621 3.52397613531 0
276 4.42826604843 100.66015 62.48684 0.57932353 98.8006688549 65.2216087556 0.601459262132 3.30705764627 1.26828402759 0
279 4.40576100349 101.84252 63.245661 0.55317695 100.845087564 65.12673011 0.572955928793 2.12915299157 1.13325200791 0
282 4.39081501961 103.2489 64.041483 0.52149049 100.408905099 65.5945269376 0.533768043536 3.2368992126 0.703452000354 0
285 4.38909101486 104.5021 64.838724 0.48902664 102.104004457 66.0540279591 0.55269757151 2.68846163206 3.6480756532 0
288 4.40145897865 105.89753 65.50297 0.45749312 103.373915088 67.8260609768 0.548117371945 3.43007053983 5.19238715798 0
291 4.44813704491 107.23441 66.106065 0.425495 105.095354648 68.5083214992 0.50651371678 3.21658111787 4.64203053308 0
294 4.36987400055 108.62185 66.694881 0.38650919 106.04732197 69.3846289828 0.462117714367 3.72329676302 4.33204934146 0
297 4.39386892319 110.08086 67.251857 0.35533208 106.247139552 70.4592119757 0.43142459132 4.99845360185 4.35977975121 0
300 4.40777206421 111.50781 67.766864 0.33459052 108.454238181 70.6251215392 0.336458796695 4.18257540422 0.107044369565 0
303 4.40412807465 112.87691 68.182524 0.30685182 109.239423342 70.1009569174 0.327701285117 4.11238301284 1.19458635631 0
306 4.42070198059 114.36462 68.651393 0.28808498 111.099940979 70.9668530535 0.322816258556 4.00243480549 1.98995567832 0
309 4.41791391373 115.83449 69.001579 0.25083859 112.459962476 71.5580973906 0.276030724383 4.23358267801 1.44340297709 0
312 4.45201802254 117.19736 69.329841 0.23044123 114.350704612 71.6080660515 0.324507915207 3.64606037821 5.38962405514 0
315 4.40536594391 117.78731 69.484411 0.20147117 115.168068452 72.2290670681 0.315308186044 3.79388497707 6.52238057169 0
318 4.39736604691 116.42938 69.228806 0.13415298 114.93889112 71.8055627079 0.230917046495 2.97678219451 5.54417261871 0
321 4.42837810516 114.80773 69.128985 0.0979988 112.930312444 72.528727956 0.169122531938 3.88367723248 4.07508966326 0
324 4.45980000496 113.35769 69.056433 0.067460522 111.334746874 71.7714062861 0.148203789747 3.38576118971 4.62624846599 0
327 5.24404001236 111.81488 68.96352 0.032275621 110.249338527 71.6403372509 0.0956264021714 3.10101123824 3.62973238998 0
330 4.51522183418 110.29576 68.94659 -0.0039959963 108.834381157 71.236565613 0.0853556700857 2.71654494361 5.11947337636 0
333 4.4802839756 108.74459 69.016615 -0.039899491 107.51117976 71.463337048 0.0433433012205 2.74002729897 4.76946066912 0
336 5.70448112488 107.27384 69.125159 -0.081381225 105.644651507 72.4945351375 -0.0354670504622 3.74258609806 2.63068842084 0
339 4.42787218094 105.77123 69.311189 -0.11875782 103.962759471 71.8841813431 0.00672002937433 3.14497301268 7.18935119153 0
342 4.45281410217 104.23308 69.487176 -0.13593074 102.53348273 72.2277583571 -0.0613787037345 3.22481356603 4.27151703212 0
345 4.6073539257 102.67844 69.809947 -0.17996689 101.702906962 72.9431166241 -0.105531155757 3.28152656575 4.26485341706 0
348 6.70391511917 101.19539 70.111952 -0.20894349 99.8721679085 72.7415446992 -0.152179318264 2.9437517673 3.25234746805 0
351 6.51803898811 99.695937 70.47501 -0.24032587 97.7426942821 72.6838068435 -0.140766474636 2.9485488992 5.70433316521 0
354 8.27464103699 98.200311 70.897104 -0.28344925 97.1479028483 73.3352845546 -0.182032105958 2.65561430461 5.8107743239 0
357 9.28410005569 96.614615 71.415819 -0.3144709 95.3318827034 73.9373405449 -0.236886908161 2.82904101169 4.44523529014 0
360 8.42961716652 95.216051 71.909445 -0.34657274 93.6930407148 73.9863493659 -0.257876854563 2.57547899892 5.08189989574 0
363 4.17534613609 93.790761 72.497598 -0.38120404 91.9616215297 74.5387710544 -0.286791996312 2.74082809383 5.40941163851 0
366 4.5340180397 92.417114 73.016357 -0.35870282 90.6766181274 74.4302431232 -0.255367058311 2.24240938546 5.92070301752 0
369 4.43527412415 91.055309 73.519772 -0.33819517 89.9688939222 74.71368479 -0.239603714368 1.61422596666 5.64887430379 0
372 4.44907903671 89.614615 74.074076 -0.31837694 87.9919168079 75.2120943008 -0.199354022639 1.9819775669 6.81951083012 0
375 4.59580802917 88.314109 74.556366 -0.29979055 87.1984668408 76.20078327 -0.212144531265 1.98715011643 5.02174696466 0
378 4.61972689629 86.88131 74.994533 -0.2764152 84.6779642471 76.2847653197 -0.161435459442 2.55331783094 6.58785386349 0
381 4.85119891167 85.443672 75.387112 -0.25727157 83.5115937984 75.9716496154 -0.0862731584977 2.01856642224 9.79748728252 0
384 5.42364883423 84.055287 75.832526 -0.23267107 82.0230092358 75.5438740666 -0.0526373277016 2.05267456003 10.3151736036 0
387 4.56043982506 82.664555 76.128737 -0.22389476 81.0009059167 75.9645218725 -0.0502826465536 1.67173409387 9.94724137283 0
390 4.64837908745 81.173968 76.455415 -0.20673661 78.5865795005 77.4705291988 -0.0628986419014 2.77939491325 8.24130850579 0
393 4.71347212791 79.819657 76.754609 -0.1833313 77.2808872316 78.7929472071 -0.0987979674837 3.25579093055 4.84340318136 0
396 5.97699594498 78.325485 77.027059 -0.15611548 75.3905492456 77.9727115963 -0.00431587576576 3.08352180388 8.69747665438 0
399 4.94139790535 76.892215 77.264525 -0.13798763 74.3760559051 77.9114117107 0.0187407410427 2.59798364264 8.97987419071 0
402 4.56428384781 75.420868 77.548324 -0.12557438 72.9570121167 77.8057394208 0.0667163252553 2.47726633861 11.0174458507 0
405 4.45921802521 73.926916 77.691819 -0.097717287 71.2455698615 77.1076080306 0.119253736382 2.74425209692 12.4315239164 0
408 4.61111593246 72.448195 77.857208 -0.08052134 69.8995171561 77.2076851676 0.124861553983 2.63014042628 11.7675730094 0
411 4.42650008202 71.010734 77.97039 -0.05919809 69.6708850523 78.432162322 0.0959606074013 1.41719048829 8.88993851584 0
414 4.4399869442 70.665666 77.98114 -0.052809071 69.9233986916 79.832787835 0.0248745127734 1.99488357101 4.45094148767 0
417 4.43655896187 70.65903 77.973391 -0.052747867 69.4804280421 79.8048051462 0.106785975947 2.17788437482 9.14061589035 0
420 4.43155503273 70.662549 77.975477 -0.051931253 70.0500466057 79.360522865 0.151895214072 1.51443429416 11.6783963163 0
423 4.42777395248 70.657477 77.975804 -0.053730261 69.7070095252 80.8348596698 0.0525120914266 3.01290354042 6.08723839959 0
426 4.4370701313 70.657208 77.964864 -0.053397677 70.9846022389 79.8109705103 0.157475650218 1.87491232729 12.0821516615 0
