3 1.68960189819 58.425211 99.52669 -0.076600623 128.321092152 69.3085557717 -0.23581974262 76.1483410077 -9.12258357204 0
6 1.39156103134 58.436309 99.5178 -0.082073852 95.738633415 91.2365460896 0.0180046430168 38.2105034393 5.73407538448 0
9 1.36781287193 59.138497 99.506199 -0.079127672 132.253034528 63.2294648425 -2.21796052171 81.6194648296 -122.546095373 0
12 1.37381982803 60.588187 99.398001 -0.084356487 83.8239708967 77.6723675354 -2.93835598491 31.8104511558 -163.522125963 0
15 2.2138941288 62.026729 99.268445 -0.080345137 118.181201956 64.9969705947 -3.04010542033 65.786463584 -169.581772605 0
18 2.51162910461 63.612811 99.142137 -0.077882356 66.9764420702 85.2818021273 2.98355541442 14.2626398945 175.407463487 0
21 2.52519989014 65.109709 99.045111 -0.075303117 31.169373291 77.723757553 -0.529208952147 40.081747727 -26.0068886503 0
24 2.86670517921 66.576646 98.887554 -0.079079542 27.5929872381 89.3554744105 -0.895371911487 40.1321092364 -46.7701076203 0
27 2.86769914627 68.114632 98.811042 -0.080004433 131.042182342 39.0497712002 0.190626588594 86.7829826619 15.5060153427 0
30 1.58160996437 69.601579 98.673025 -0.074381156 131.437614649 51.5399925125 0.805635931025 77.751000355 50.4212649859 0
33 1.50154304504 71.154315 98.514904 -0.080273853 13.9243477974 112.989903349 -0.156900415782 59.0321501571 -4.39037864601 0
36 1.67422795296 72.642873 98.438251 -0.077397051 81.6453306451 89.0251376601 3.1134597038 13.0250123379 -177.177374919 0
39 1.52129197121 74.179887 98.27586 -0.078945335 99.4700275486 71.8783413505 2.29030276962 36.5570813908 135.747917014 0
42 2.76847410202 75.689674 98.17429 -0.079512997 73.9579055412 124.475852644 -1.83796083251 26.3585132266 -100.751639469 0
45 2.21340298653 77.259307 98.055637 -0.072379503 42.7966681871 84.6333845349 -1.25236684489 36.9841903411 -67.6082945694 0
48 1.60814809799 78.667542 97.976243 -0.066300397 84.6503231454 138.772568778 2.06533300975 41.2326796031 122.133597676 0
51 1.54452800751 80.25432 97.827625 -0.077582567 78.9855395016 93.2867758964 -0.244208672376 4.7147761914 -9.54697259475 0
54 1.5113401413 81.813353 97.68277 -0.074716444 54.583519871 45.8571984674 2.21113006327 58.543604919 130.969357481 0
57 1.64820814133 82.622729 97.654646 -0.085105116 55.6193789039 46.9390461393 2.19503106671 57.4565312705 130.642179985 0
60 1.62035107613 81.436592 97.754867 -0.094486992 120.769722078 34.0677958122 -1.72600021113 74.8541125005 -93.4788216757 0
63 1.51615595818 79.890684 97.897701 -0.093381766 122.355673039 117.774983288 1.16994434911 46.8869027047 72.3832545446 0
66 1.52425408363 78.411812 98.037468 -0.097953665 68.5862483128 89.8998633176 2.92792606311 12.7578333481 173.370137735 0
69 1.51995611191 76.931086 98.162597 -0.096433306 90.0969813097 23.5252024601 -0.213063037004 75.7897187158 -6.68239135225 0
72 1.5155980587 75.443161 98.337547 -0.10164342 134.759631166 21.5074766385 1.44969408363 97.0633985843 88.8850915582 0
75 1.49554491043 73.912871 98.553041 -0.10292365 87.9112845366 68.1647531225 -1.5772303724 33.4574897694 -84.4715529016 0
78 1.52736520767 72.413468 98.668417 -0.11145399 56.0847597173 87.0054220329 -1.32007193848 20.0661946015 -69.2487074919 0
81 1.54600596428 70.926618 98.82512 -0.11572496 46.1366553793 50.8918882364 0.912147950857 53.9642192016 58.8927796679 0
84 1.50458908081 69.460294 99.048845 -0.12091472 57.7648056438 92.01067141 -1.81193917985 13.6499207095 -96.8885646027 0
87 1.51796007156 67.984026 99.205817 -0.12024712 53.6711136054 29.1094815713 -0.150319542853 71.5426844741 -1.72302290919 0
90 1.53223109245 66.409271 99.378533 -0.12589377 51.6268338511 24.2867088546 0.0332649013777 76.5330157614 9.11912014285 0
93 1.51074314117 64.97003 99.579245 -0.12534264 50.6056707448 22.5091222431 0.171653446478 78.3973127 17.0166222871 0
96 1.52864217758 63.450289 99.830398 -0.13542326 41.4140935811 102.462357079 -1.35022276077 22.1928167913 -69.602884349 0
99 1.50163197517 62.015499 100.01094 -0.13023941 98.2329126348 12.7470335575 -2.94884962202 94.4811643556 -161.494469241 0
102 1.34775614738 60.420275 100.24313 -0.1356293 56.7384697125 98.9256232287 0.0684490472826 3.91043658271 11.6928279893 0
105 1.36082005501 58.989222 100.44438 -0.14088208 56.2559503058 100.32200813 -0.100550366287 2.7360096909 2.31083697626 0
108 1.3460059166 58.528509 100.58832 -0.24160345 55.4596683352 96.3069920144 0.0528140736174 5.2675945503 16.868881518 0
111 1.36064004898 58.390768 100.67023 -0.3827913 55.793876007 103.025410075 -0.401670581087 3.50581248937 -1.08170312654 0
114 1.36270999908 58.26024 100.80046 -0.53685502 57.9308964357 100.618622936 -0.439958957329 0.376207258465 5.55173544248 0
117 1.42640089989 58.2435 100.85046 -0.70040996 57.6488782455 104.681904181 -0.646978455807 3.87731086512 3.06139968328 0
120 1.39130401611 58.129433 100.95873 -0.85888639 57.4805202247 101.689625141 -0.477681560229 0.977392191878 21.8414278759 0
123 1.37015509605 58.21235 101.09089 -1.0276822 39.6668711459 106.084084508 -2.25243585589 19.2059047515 -70.1732154258 0
126 1.55336284637 58.152327 101.12822 -1.1869287 57.961409603 99.4440168397 -1.04395812596 1.69498959809 8.19161048719 0
129 1.76696205139 58.049715 101.26081 -1.3398137 39.5145261308 30.1595390193 -1.38905930741 73.4775065002 -2.82156546424 0
132 1.510379076 58.024835 101.49733 -1.4943786 52.6285263037 101.256939394 -1.28308396743 5.40166041037 12.1062906802 0
135 2.0155248642 58.064001 101.65215 -1.6522241 54.7319171269 104.439530553 -1.79648744293 4.34422297847 -8.26568068808 0
138 2.51100301743 58.104403 101.68885 -1.8037565 55.0451767678 102.250690701 -1.75061803604 3.11039066897 3.04460971445 0
141 1.81369519234 58.177183 101.78616 -1.9584038 56.8859413588 102.087958553 -2.13399195633 1.32604198372 -10.0604602904 0
144 1.9805700779 58.164815 101.89412 -2.1101089 59.1492818859 103.782216591 -2.30986831573 2.12933881427 -11.4453714395 0
147 2.48350310326 58.333441 101.96561 -2.2758326 54.0989915422 101.124193972 -2.15347129073 4.31723790669 7.01078659661 0
150 2.01567697525 58.547547 101.97367 -2.4518694 56.8439602455 99.5391056624 -2.69663095999 2.97141571375 -14.0238043747 0
153 1.76085591316 58.609003 102.09152 -2.5989269 52.8789701324 104.774234853 -2.46997317008 6.32694520636 7.38850447701 0
156 2.15789794922 58.561869 102.14088 -2.6173282 50.286061231 100.400850415 -2.13054079049 8.45675453022 27.8908640849 0
159 1.95047616959 58.51155 102.01626 -2.5045701 110.162039217 39.6698553135 2.22288333127 80.9620109291 -89.1368705435 0
162 2.57514500618 58.437648 101.90068 -2.3721379 108.076136488 39.379031074 2.26738516004 79.8306715734 -94.1749097061 0
165 2.35375404358 58.147744 101.95537 -2.2082701 50.3341352844 99.5814867703 -1.91711596357 8.16626002208 16.6819032051 0
168 2.2679131031 58.037351 101.82492 -2.0566813 51.1791900937 101.093491836 -1.80480326329 6.89705431157 14.4315484556 0
171 2.39553594589 57.944091 101.71587 -1.9011295 51.7993411773 98.8148446364 -1.44433890214 6.79513786058 26.1721733785 0
174 2.78138494492 57.908577 101.57431 -1.7585036 53.9930541489 104.79717544 -1.5843663089 5.07130957878 9.9773318359 0
177 2.92939901352 57.841285 101.40683 -1.6171883 92.6747662306 85.0436751695 1.47779276852 38.4853771016 177.329352899 0
180 2.46718716621 57.86028 101.30305 -1.4556073 53.808527257 101.495361635 -1.19466909843 4.05631409724 14.9506576637 0
183 1.46450901031 57.788579 101.03213 -1.3093986 50.297033053 98.190406524 -0.8035955389 8.01240619231 28.9803806658 0
186 1.47692608833 57.852229 100.87925 -1.1701135 47.5547125812 100.167563007 -0.563646460239 10.322080351 34.7480017921 0
189 1.45792007446 57.956865 100.8248 -1.0236231 49.1536747394 98.4766478178 -0.508805046022 9.11098114559 29.4969017101 0
192 1.47833204269 57.906072 100.67156 -0.85835482 50.6569567789 101.787576053 -0.370512757392 7.33451861542 27.9512912564 0
195 1.46863603592 57.990597 100.53155 -0.72265365 49.5065225529 102.627896334 -0.223072273906 8.73923264241 28.6239043735 0
198 1.48454999924 58.042848 100.37669 -0.56279892 51.512090005 104.362398923 -0.081246357325 7.65092645427 27.590929455 0
201 1.47951102257 58.157277 100.32166 -0.41301063 54.0303584154 103.848591864 -0.157496196961 5.42869278728 14.6398986178 0
204 1.47361803055 58.686264 100.08548 -0.29965148 51.5382314411 102.621966666 0.14244841715 7.58473032268 25.3304582299 0
207 1.47653198242 59.980629 99.666017 -0.30408986 56.4748947096 100.905950103 0.00203926659866 3.71854904698 17.5399069401 0
210 1.49249100685 61.363687 99.173884 -0.32636207 56.0658599939 103.983667417 -0.0647303645253 7.15548653163 14.9903925105 0
213 1.4728012085 62.885593 98.69498 -0.37512441 60.1436048461 98.7155005961 -0.078231417809 2.74206493924 17.0107154196 0
216 1.4773709774 64.287236 98.118834 -0.4012694 61.3199113319 97.8474572113 -0.18277158808 2.97970821516 12.5190024559 0
219 1.46973490715 66.572969 97.068508 -0.44319642 63.1589755491 99.3189874708 -0.313700487859 4.08901077656 7.41957037581 0
222 1.47142696381 67.896132 96.441291 -0.47211549 65.6512059343 97.1237741556 -0.273318206663 2.3463751401 11.3902453138 0
225 1.464646101 69.150612 95.708615 -0.49267498 66.0756925451 97.5589435707 -0.436034562275 3.5887108373 3.2452568855 0
228 1.47869515419 70.465141 94.973778 -0.52461339 66.9781664189 96.4874482142 -0.474417440804 3.80134045388 2.8760160376 0
231 1.46379899979 71.675984 94.192345 -0.54871183 69.2331147272 96.4824346156 -0.459158370387 3.34845049708 5.13103527664 0
234 1.47470808029 72.999296 93.402727 -0.58180979 71.0159665482 94.85704893 -0.408451047953 2.45939992486 9.93272426102 0
237 1.47447991371 74.284244 92.44261 -0.63095882 71.5544398758 94.717843099 -0.487137908332 3.55366236594 8.24033124433 0
240 1.47969603539 75.447368 91.599491 -0.66374929 73.6269004221 91.9272426403 -0.550419696019 1.849736019 6.49330742905 0
243 1.47733712196 76.572595 90.665594 -0.69142624 74.2740927809 91.9357375219 -0.573936729473 2.62609539384 6.73165309026 0
246 1.47168707848 77.783785 89.658033 -0.71509647 75.5402252609 91.6560061475 -0.568296670501 3.00423983745 8.41100894464 0
249 1.46741008759 78.874801 88.696028 -0.74032963 76.4140786101 91.0032236309 -0.561106494902 3.37317452253 10.2687292322 0
252 1.47000193596 80.03236 87.613917 -0.7252394 78.5928406938 89.3178970505 -0.63485411734 2.2306420254 5.17869522652 0
255 1.46661400795 81.079285 86.604124 -0.70281223 78.3120622113 89.3262843255 -0.584049496653 3.88171080838 6.80460338425 0
258 1.46140313148 82.380517 85.593177 -0.66953842 79.0561339724 86.6349475919 -0.58150624212 3.48379225567 5.04387225386 0
261 1.47259402275 83.553536 84.670161 -0.64546431 81.4943816859 87.3728824389 -0.577054800216 3.39776686453 3.91957618919 0
264 1.46286606789 84.753159 83.736184 -0.60820056 83.2107275714 86.2437940865 -0.542439479744 2.94401138887 3.76783235489 0
267 1.46203589439 85.938286 82.919631 -0.58097683 84.8326370564 84.3462878093 -0.508281767267 1.80494023116 4.16512028606 0
270 1.47570204735 87.249998 82.030848 -0.55954063 85.6657200107 82.7495772732 -0.443365650042 1.73968632672 6.6563360366 0
273 1.465269804 88.578333 81.141585 -0.52544337 85.0828773038 82.8771739049 -0.429281179569 3.90262467717 5.50968766046 0
276 1.48344802856 89.874585 80.458812 -0.49549775 87.6351383679 83.8759942194 -0.399592960882 4.08561568654 5.49493965154 0
279 1.4698600769 91.229191 79.664539 -0.46697991 88.3249336415 80.6859193109 -0.390746896876 3.07862445642 4.3678299116 0
282 1.46466088295 92.640842 79.007823 -0.44436504 89.9143361974 80.7164808002 -0.355039614787 3.21766147532 5.1179698679 0
285 1.47693300247 93.942666 78.269838 -0.40450827 90.2499388505 80.3191393063 -0.342460989192 4.22325344306 3.55504732058 0
288 1.47160506248 95.385584 77.620959 -0.38607018 92.7583330991 80.0637452113 -0.276987343179 3.5874296886 6.24998616718 0
291 1.46763515472 96.747733 77.074345 -0.36376533 94.3727091493 78.2314058328 -0.257087616564 2.64187964568 6.11218274796 0
294 1.46434211731 98.250871 76.540386 -0.33417824 94.8693791395 78.5073888653 -0.250626309946 3.9119799942 4.78717296228 0
297 1.46763801575 99.752933 76.027378 -0.30758365 96.165200375 78.2790182716 -0.177734611407 4.23576549177 7.43980188521 0
300 1.46403002739 100.00981 75.897783 -0.33361957 98.5873392613 79.5763058027 -0.177640150272 3.94397680173 8.93696244129 0
303 1.47870612144 98.714105 76.429985 -0.36219797 96.0762830999 78.4414158998 -0.1847291866 3.31722152434 10.1682122841 0
306 1.47182893753 97.284888 77.028291 -0.39087517 94.9189066927 78.436456153 -0.232259397994 2.75332465299 9.08801430013 0
309 1.46849894524 95.817851 77.649213 -0.42317241 93.6941335328 77.9323581658 -0.295799038288 2.14250952518 7.29795662147 0
312 1.47560811043 94.571565 78.35291 -0.46228827 93.4187086193 79.5442369886 -0.34036389977 1.65781115578 6.98575183398 0
315 1.47027111053 93.13187 79.138887 -0.4938927 90.4705324009 79.9432084366 -0.368125024015 2.78022495307 7.20595703312 0
318 1.46644091606 91.836662 79.862922 -0.52529077 89.3765467872 80.8986096749 -0.38926263885 2.66923506271 7.79383780992 0
321 1.46664595604 90.529269 80.702102 -0.55721841 88.0366860895 80.9053356241 -0.396331421345 2.50085454827 9.21814542847 0
324 1.47144699097 89.308886 81.573217 -0.59808232 88.0157786286 79.7526900698 -0.36243495737 2.23303492529 13.5015993321 0
327 1.45901083946 88.100372 82.484783 -0.6409076 84.8650751964 81.0846451944 -0.404051202678 3.52527038426 13.5708719172 0
330 1.47095298767 86.96204 83.432583 -0.67310863 85.0413322194 82.5992962483 -0.432511707513 2.09367743194 13.7851882223 0
333 1.47513198853 85.711036 84.448892 -0.70015711 85.6257212568 83.5732848067 -0.535986489629 0.879753694193 9.4062836673 0
336 1.84781813622 84.630521 85.38864 -0.74348817 81.5182208401 86.3090470906 -0.583223654835 3.24554486911 9.18248032466 0
339 2.80309700966 83.531548 86.470864 -0.76732045 79.5900857964 84.6378827227 -0.546422194733 4.34683156621 12.6565377286 0
342 1.77025914192 82.436303 87.632765 -0.79615086 78.9499787517 87.9132844679 -0.640253260043 3.49759173376 8.93227451376 0
345 2.66987991333 81.390428 88.717115 -0.83255466 77.4278210924 88.360753209 -0.665919089864 3.9785986516 9.54751488558 0
348 1.45316791534 80.091493 90.270385 -0.85191671 77.6796886986 90.5365420293 -0.7285361316 2.42644586842 7.0691864162 0
351 1.4554848671 79.121061 91.3195 -0.83027867 74.2674938372 86.5055549325 -0.524025297573 6.83602086867 17.5470257017 0
354 1.45977306366 78.091476 92.534394 -0.81038411 76.5379365036 92.7911326314 -0.760116137826 1.5746109652 2.88014265028 0
357 1.45666193962 77.093441 93.512556 -0.78090008 75.1337104963 91.8413804963 -0.661824326506 2.57553318969 6.82253811754 0
360 1.46311616898 76.051262 94.597058 -0.76703211 73.5976641453 92.896470382 -0.583141253264 2.98532086707 10.536169982 0
363 1.47361397743 75.027276 95.58972 -0.75132884 72.139498186 93.719217653 -0.633962424019 3.44064524958 6.72460029229 0
366 1.4642970562 73.852657 96.593273 -0.72312741 70.6437675402 95.7139055143 -0.552857110762 3.32719983471 9.75576952279 0
369 1.45532989502 72.811015 97.559971 -0.70587276 70.0275747587 96.5019362849 -0.524063946779 2.97774697296 10.4168776759 0
372 1.46143698692 71.630899 98.505259 -0.68120937 69.1501059445 99.6895038432 -0.625163995235 2.74895799035 3.21116343526 0
375 1.46603512764 70.538887 99.423882 -0.66641532 67.1699569644 99.6475307742 -0.573170898239 3.37634541468 5.34251183006 0
378 1.46481800079 69.331788 100.31013 -0.63648641 65.8003494099 99.1541990342 -0.466999552437 3.7158087832 9.71088162128 0
381 1.47749590874 68.205766 101.18772 -0.63190253 66.3382398719 103.291588324 -0.616926540235 2.81316827891 0.858061007558 0
384 1.46525096893 66.997353 102.01418 -0.604237 65.5300098045 104.20591974 -0.597988621163 2.6375782718 0.358005736133 0
387 1.46626996994 65.749881 102.79371 -0.58263231 63.3829254714 106.813711368 -0.511620603181 4.66507121842 4.06867109676 0
390 1.45492291451 64.390622 103.72927 -0.540005 62.3772750761 104.261806612 -0.44697669239 2.08258519135 5.33012940131 0
393 1.47557997704 63.066948 104.49561 -0.5165186 61.82618515 104.21239706 -0.396361187929 1.27267514285 6.88451258887 0
396 1.46412110329 62.072466 105.11862 -0.50368551 59.6059531055 105.45222568 -0.367605934009 2.4889713957 7.7967853822 0
399 1.46985602379 62.084059 105.11634 -0.50537083 60.2524260375 106.834112455 -0.416207228432 2.51109966304 5.10869805603 0
402 1.46990895271 62.06969 105.12384 -0.50501376 59.4009226928 105.497908193 -0.279896053861 2.69485546046 12.8982944554 0
405 1.47014307976 62.088061 105.11683 -0.50531554 58.4489998213 105.365481539 -0.327756001701 3.64754627796 10.1734121568 0
408 1.46932196617 62.080145 105.11527 -0.50526072 59.029532169 107.082481095 -0.337834051967 3.6298978135 9.59284145625 0
411 1.47302508354 62.084425 105.11388 -0.50526675 58.3096803482 107.23473071 -0.375202491487 4.3297465193 7.4521330783 0
414 1.46970295906 62.090561 105.10315 -0.50372534 57.8499772091 105.620261144 -0.25209037624 4.27199658497 14.4176214014 0
