3 2.60112690926 58.425211 99.52669 -0.076600623 2.5 4.5 0.916297857297 110.261965508 56.888892406 0.0
6 2.57028794289 58.436309 99.5178 -0.082073852 23.5 31.5 2.22529479629 76.4654615064 132.202485328 0.120693184694
9 2.55773496628 59.138497 99.506199 -0.079127672 79.5 139.5 4.49422282389 44.8786689068 -97.9663183517 4.51192404419
12 2.56985497475 60.588187 99.398001 -0.084356487 79.5 138.5 4.40695636129 43.4352736465 -102.66672932 4.79292348429
15 2.56354999542 62.026729 99.268445 -0.080345137 61.5 101.5 1.61442955809 2.29287617578 97.1034372545 6.06344444825
18 2.55788516998 63.612811 99.142137 -0.077882356 77.5 133.5 4.75602221168 37.0582887928 -83.0376697027 7.13092841608
21 2.54821109772 65.109709 99.045111 -0.075303117 77.5 132.5 4.58148928649 35.6756066391 -93.1854492117 6.465754923
24 2.54129195213 66.576646 98.887554 -0.079079542 118.5 58.5 6.23955207588 65.7813743298 2.03092400243 6.64781267556
27 2.55950689316 68.114632 98.811042 -0.080004433 73.5 27.5 4.66875574908 71.5141028023 -87.9160836468 7.07544556535
30 2.55152201653 69.601579 98.673025 -0.074381156 74.5 25.5 4.75602221168 73.3367991935 -83.2382736859 7.43097679397
33 2.55378007889 71.154315 98.514904 -0.080273853 36.5 72.5 4.66875574908 43.3323987133 -87.9006470178 6.74462858805
36 2.55443406105 72.642873 98.438251 -0.077397051 36.5 70.5 4.66875574908 45.682087711 -88.0654756309 4.50965126762
39 2.61353206635 74.179887 98.27586 -0.078945335 71.5 98.5 6.23955207588 2.68924395925 2.02323450775 7.59546274361
42 2.57097101212 75.689674 98.17429 -0.079512997 73.5 99.5 6.23955207588 2.55972249089 2.05575914454 6.82180805958
45 2.56690406799 77.259307 98.055637 -0.072379503 74.5 98.5 6.23955207588 2.79485842146 1.64704004515 5.92075664043
48 2.54823112488 78.667542 97.976243 -0.066300397 76.5 99.5 6.23955207588 2.64954217117 1.29873292814 5.54769370195
51 2.54977893829 80.25432 97.827625 -0.077582567 77.5 99.5 6.23955207588 3.22228440753 1.94515365289 5.54359117516
54 2.55135011673 81.813353 97.68277 -0.074716444 79.5 99.5 6.23955207588 2.94175576408 1.78093690143 4.5257969728
57 2.55938100815 82.622729 97.654646 -0.085105116 80.5 99.5 6.23955207588 2.81270506679 2.37616396177 5.29201614133
60 2.56148219109 81.436592 97.754867 -0.094486992 79.5 99.5 6.23955207588 2.60689043923 2.91370586049 5.03473529137
63 2.56412100792 79.890684 97.897701 -0.093381766 77.5 99.5 6.23955207588 2.87797360538 2.85038107528 8.05069816148
66 2.57059502602 78.411812 98.037468 -0.097953665 76.5 99.5 6.23955207588 2.40707809893 3.11233159234 5.94514997137
69 2.56162405014 76.931086 98.162597 -0.096433306 74.5 99.5 6.23955207588 2.77467582319 3.02522143829 4.77290641366
72 2.57616901398 75.443161 98.337547 -0.10164342 73.5 99.5 6.23955207588 2.26432587079 3.32373898128 5.55479927786
75 2.55455994606 73.912871 98.553041 -0.10292365 71.5 99.5 6.23955207588 2.59204124395 3.39709075708 5.94139493414
78 2.54868602753 72.413468 98.668417 -0.11145399 70.5 99.5 6.23955207588 2.08635808837 3.88584323689 8.12377917422
81 2.54177689552 70.926618 98.82512 -0.11572496 68.5 99.5 6.23955207588 2.51871751737 4.13055179232 3.67331719669
84 2.56678295135 69.460294 99.048845 -0.12091472 67.5 99.5 6.23955207588 2.01154005689 4.42790313701 7.50872119976
87 2.55704402924 67.984026 99.205817 -0.12024712 65.5 99.5 6.23955207588 2.50138537738 4.3896524746 3.20223463032
90 2.54871201515 66.409271 99.378533 -0.12589377 64.5 99.5 6.23955207588 1.91313093737 4.71318168799 6.94007505537
93 2.54659295082 64.97003 99.579245 -0.12534264 62.5 98.5 0.0436332312999 2.69551812662 9.68160426503 3.17224338541
96 2.54835605621 63.450289 99.830398 -0.13542326 61.5 99.5 6.23955207588 1.97807735489 5.2591812459 7.61483356876
99 2.56174612045 62.015499 100.01094 -0.13023941 59.5 99.5 6.23955207588 2.56686480022 4.96216851927 11.3148948256
102 2.5667757988 60.420275 100.24313 -0.1356293 58.5 99.5 6.23955207588 2.05905276099 5.27098646831 6.81210387539
105 2.56211090088 58.989222 100.44438 -0.14088208 56.5 99.5 6.23955207588 2.66234478415 5.57194859302 2.99693517857
108 2.57609295845 58.528509 100.58832 -0.24160345 56.5 99.5 6.15228561328 2.30201850242 6.3428580008 2.78596954521
111 2.55840802193 58.390768 100.67023 -0.3827913 56.5 98.5 6.06501915068 2.87835054896 9.43232592433 2.42017236712
114 3.43973898888 58.26024 100.80046 -0.53685502 56.5 98.5 5.97775268808 2.89664652127 13.2595268564 2.04782709438
117 3.45134305954 58.2435 100.85046 -0.70040996 56.5 101.5 5.62868683768 1.86056294212 2.63053463693 1.84560015681
120 20.7983281612 58.129433 100.95873 -0.85888639 56.5 101.5 5.54142037508 1.71698139605 6.71056522823 1.04052343126
123 3.42289590836 58.21235 101.09089 -1.0276822 56.5 101.5 5.27962098728 1.76054352818 1.38185274072 1.04193758355
126 3.42235898972 58.152327 101.12822 -1.1869287 56.5 101.5 5.19235452468 1.69363658538 5.50600509295 1.19857128008
129 3.42195606232 58.049715 101.26081 -1.3398137 56.5 101.5 5.01782159948 1.56806518912 4.26567034381 1.0591952968
132 3.42322492599 58.024835 101.49733 -1.4943786 56.5 101.5 4.84328867428 1.5248373376 3.12158677467 0.942651859594
135 3.42356014252 58.064001 101.65215 -1.6522241 56.5 101.5 4.66875574908 1.57138434207 2.1654677398 0.716754318574
138 3.43187093735 58.104403 101.68885 -1.8037565 56.5 101.5 4.58148928649 1.61547928149 5.84763471929 0.680576702633
141 3.44579696655 58.177183 101.78616 -1.9584038 56.5 101.5 4.40695636129 1.70142010129 4.70827232238 0.677927444177
144 3.44769096375 58.164815 101.89412 -2.1101089 56.5 101.5 4.23242343609 1.71083007883 3.40033428299 0.674050256031
147 3.44406890869 58.333441 101.96561 -2.2758326 55.5 101.5 4.14515697349 2.87144224608 7.89560285828 1.99031744768
150 3.45106816292 58.547547 101.97367 -2.4518694 55.5 101.5 3.97062404829 3.08413780271 7.98176853727 3.57735066991
153 3.45054101944 58.609003 102.09152 -2.5989269 55.5 101.5 3.79609112309 3.16477417273 6.40754263302 6.77900741473
156 2.56932616234 58.561869 102.14088 -2.6173282 55.5 102.5 3.70882466049 3.08285727006 2.46185946057 6.88129774611
159 2.55349898338 58.51155 102.01626 -2.5045701 55.5 102.5 3.88335758569 3.05015373221 6.00129622466 9.32003992064
162 3.4212539196 58.437648 101.90068 -2.3721379 55.5 102.5 3.97062404829 2.99815947446 3.41349009303 8.17181828866
165 3.42358803749 58.147744 101.95537 -2.2082701 55.5 102.5 4.14515697349 2.70317778299 4.02455675493 8.80048413958
168 3.42430996895 58.037351 101.82492 -2.0566813 55.5 101.5 4.23242343609 2.5580701913 0.33915829348 6.94057585685
171 3.42389893532 57.944091 101.71587 -1.9011295 55.5 101.5 4.40695636129 2.45360564745 1.42669665782 3.02533172142
174 3.42275691032 57.908577 101.57431 -1.7585036 55.5 101.5 4.58148928649 2.40972304239 3.25483453856 2.06681723455
177 3.43081998825 57.841285 101.40683 -1.6171883 55.5 101.5 4.75602221168 2.34313808815 5.15806426794 1.72563269174
180 3.43090486526 57.86028 101.30305 -1.4556073 55.5 101.5 4.84328867428 2.3684828437 0.900154918433 1.53018492366
183 3.42221999168 57.788579 101.03213 -1.3093986 55.5 101.5 5.01782159948 2.3359144197 2.52301348034 1.25503409065
186 3.42008209229 57.852229 100.87925 -1.1701135 55.5 101.5 5.19235452468 2.43275807078 4.54256510128 1.47666784547
189 3.4212679863 57.956865 100.8248 -1.0236231 54.5 101.5 5.36688744988 3.52218833514 6.1492834421 1.27504884574
192 3.41979312897 57.906072 100.67156 -0.85835482 54.5 101.5 5.45415391248 3.50537291922 1.68010851071 1.32060848986
195 20.7884199619 57.990597 100.53155 -0.72265365 55.5 101.5 5.54142037508 2.67225912271 -1.09499580528 1.24195579414
198 3.44266080856 58.042848 100.37669 -0.56279892 55.5 101.5 5.62868683768 2.7799103056 -5.25399716948 2.63493296022
201 3.43183302879 58.157277 100.32166 -0.41301063 55.5 101.5 5.80321976288 2.90682063608 -3.83623400696 2.24480134108
204 2.56189012527 58.686264 100.08548 -0.29965148 55.5 101.5 6.06501915068 3.48613612874 4.66876512885 1.50456560491
207 2.58621191978 59.980629 99.666017 -0.30408986 56.5 101.5 6.06501915068 3.93424349525 4.92306557072 5.44371488955
210 2.56946587563 61.363687 99.173884 -0.32636207 58.5 100.5 6.06501915068 3.15583378514 6.19916920415 7.04849038291
213 2.57037687302 62.885593 98.69498 -0.37512441 59.5 100.5 6.06501915068 3.83670915787 8.99304548534 7.20392554952
216 2.55930399895 64.287236 98.118834 -0.4012694 61.5 100.5 6.06501915068 3.66587452585 10.4910430677 7.60935668151
219 4.8830139637 66.572969 97.068508 -0.44319642 63.5 98.5 5.97775268808 3.39003065193 7.89328436131 6.44930717457
222 2.5524430275 67.896132 96.441291 -0.47211549 65.5 97.5 5.97775268808 2.61960174609 9.55022501975 7.14177281175
225 2.5514318943 69.150612 95.708615 -0.49267498 66.5 97.5 5.89048622548 3.19918805211 5.72819702569 8.36541148848
228 2.54644703865 70.465141 94.973778 -0.52461339 67.5 96.5 5.80321976288 3.33487852 2.55813312305 7.39764738658
231 2.54895091057 71.675984 94.192345 -0.54871183 68.5 95.5 5.80321976288 3.43465223382 3.9388720279 6.1392087979
234 2.54764604568 72.999296 93.402727 -0.58180979 70.5 94.5 5.80321976288 2.72955830349 5.83524544639 4.91756667857
237 2.55819606781 74.284244 92.44261 -0.63095882 71.5 93.5 5.80321976288 2.97826934034 8.65127743255 7.49823972489
240 2.56172704697 75.447368 91.599491 -0.66374929 72.5 93.5 5.80321976288 3.5069805512 10.5300329718 6.59257085448
243 2.57050800323 76.572595 90.665594 -0.69142624 74.5 92.5 5.62868683768 2.76779612812 2.1158053966 7.50352053905
246 2.56566905975 77.783785 89.658033 -0.71509647 75.5 91.5 5.62868683768 2.93402732695 3.4720096757 6.09795480671
249 2.55096507072 78.874801 88.696028 -0.74032963 76.5 90.5 5.62868683768 2.98228012876 4.91776324748 4.1530340389
252 2.53845310211 80.03236 87.613917 -0.7252394 77.5 89.5 5.62868683768 3.1575554235 4.0531567566 4.39711204272
255 2.54390692711 81.079285 86.604124 -0.70281223 79.5 88.5 5.62868683768 2.46748595104 2.76817456918 3.04313753239
258 2.53782701492 82.380517 85.593177 -0.66953842 80.5 87.5 5.71595330028 2.67811839556 5.86172568786 3.91894264344
261 2.54912400246 83.553536 84.670161 -0.64546431 81.5 86.5 5.71595330028 2.75051283749 4.48238078932 5.96023752195
264 2.54754400253 84.753159 83.736184 -0.60820056 82.5 85.5 5.71595330028 2.86142837778 2.34732518549 5.68435256171
267 2.5432009697 85.938286 82.919631 -0.58097683 83.5 84.5 5.71595330028 2.90565049412 0.78752035389 3.78624841325
270 2.54326796532 87.249998 82.030848 -0.55954063 85.5 83.5 5.71595330028 2.28492901402 -0.440683434909 4.70048001019
273 2.54725790024 88.578333 81.141585 -0.52544337 86.5 82.5 5.80321976288 2.48289334671 2.60568747413 5.48660772427
276 2.53922486305 89.874585 80.458812 -0.49549775 87.5 82.5 5.80321976288 3.13131000918 0.889929833228 4.91334407931
279 2.54589915276 91.229191 79.664539 -0.46697991 88.5 81.5 5.89048622548 3.28898169606 4.2559779604 3.12493378005
282 2.54844999313 92.640842 79.007823 -0.44436504 89.5 81.5 5.89048622548 4.00946812786 2.96024135516 1.61363493926
285 2.5462501049 93.942666 78.269838 -0.40450827 91.5 80.5 5.89048622548 3.30760332171 0.676616649138 4.23608673713
288 2.54941296577 95.385584 77.620959 -0.38607018 92.5 79.5 5.97775268808 3.44345612731 4.62019190986 5.84809607781
291 2.54695391655 96.747733 77.074345 -0.36376533 94.5 79.5 6.06501915068 3.30697835165 8.34221814218 6.24813039774
294 2.54938411713 98.250871 76.540386 -0.33417824 96.5 79.5 6.06501915068 3.43873003995 6.64700275711 10.4732317163
297 2.54647517204 99.752933 76.027378 -0.30758365 97.5 78.5 6.06501915068 3.34508096425 5.12324499223 9.21396376344
300 2.55408000946 100.00981 75.897783 -0.33361957 98.5 78.5 6.15228561328 3.00849788951 11.614993324 9.75039490268
303 2.54745793343 98.714105 76.429985 -0.36219797 97.5 79.5 6.06501915068 3.30136987495 8.25241502921 9.61562091618
306 2.5482840538 97.284888 77.028291 -0.39087517 95.5 79.5 6.06501915068 3.04879821458 9.89549755746 8.69394188858
309 2.54567813873 95.817851 77.649213 -0.42317241 95.5 80.5 5.97775268808 2.86845180848 6.74599309938 4.37341326992
312 2.54962992668 94.571565 78.35291 -0.46228827 93.5 80.5 5.97775268808 2.39963476749 8.9871667894 4.23895467192
315 2.56349897385 93.13187 79.138887 -0.4938927 91.5 80.5 5.97775268808 2.12500077545 10.7979672423 4.66986972863
318 2.55146598816 91.836662 79.862922 -0.52529077 89.5 80.5 5.97775268808 2.4219532779 12.5969441382 7.62565939622
321 2.54726600647 90.529269 80.702102 -0.55721841 88.5 80.5 5.97775268808 2.03930818975 14.42626316 3.21579618531
324 2.54381799698 89.308886 81.573217 -0.59808232 86.5 80.5 5.97775268808 3.00693120807 16.7675927374 5.02730784043
327 2.55824708939 88.100372 82.484783 -0.6409076 85.5 81.5 5.97775268808 2.78059923316 19.2213005379 6.07589563561
330 2.54600596428 86.96204 83.432583 -0.67310863 84.5 82.5 5.89048622548 2.63274609742 16.0662836528 1.91703955856
333 2.54742598534 85.711036 84.448892 -0.70015711 83.5 83.5 5.80321976288 2.40604992071 12.6160473991 2.13866380023
336 2.55254793167 84.630521 85.38864 -0.74348817 82.5 85.5 5.80321976288 2.13342934756 15.0987342589 4.95431074076
339 2.55383396149 83.531548 86.470864 -0.76732045 80.5 86.5 5.71595330028 3.03168800882 11.4642233191 4.92792877506
342 2.55844712257 82.436303 87.632765 -0.79615086 79.5 87.5 5.71595330028 2.9393029536 13.1160841337 3.50070599309
345 2.55134296417 81.390428 88.717115 -0.83255466 78.5 88.5 5.62868683768 2.8985708455 10.2018682319 2.67264473225
348 4.88947796822 80.091493 90.270385 -0.85191671 76.5 89.5 5.62868683768 3.67318867161 11.3112319797 2.13294235824
351 2.55685091019 79.121061 91.3195 -0.83027867 74.5 88.5 5.71595330028 5.41329705593 15.0714636107 1.83192961288
354 2.55626893044 78.091476 92.534394 -0.81038411 75.5 92.5 5.62868683768 2.59170422807 8.93158928747 4.11280497143
357 2.56847190857 77.093441 93.512556 -0.78090008 74.5 92.5 5.71595330028 2.78409875429 12.2422788054 6.11385829058
360 2.57185101509 76.051262 94.597058 -0.76703211 73.5 93.5 5.71595330028 2.77713414296 11.447702654 8.72744711674
363 2.56900215149 75.027276 95.58972 -0.75132884 71.5 93.5 5.80321976288 4.09982995484 15.5479715585 7.66185997812
366 2.56807804108 73.852657 96.593273 -0.72312741 70.5 94.5 5.80321976288 3.95248033672 13.9321486432 6.43576332565
369 2.58856511116 72.811015 97.559971 -0.70587276 68.5 94.5 5.89048622548 5.28661260649 17.9435300213 3.75358070458
372 2.55960702896 71.630899 98.505259 -0.68120937 68.5 97.5 5.80321976288 3.28832392037 11.5304218658 4.82272449656
375 2.57175087929 70.538887 99.423882 -0.66641532 67.5 99.5 5.71595330028 3.03984015183 5.68278523886 7.0916456103
378 2.56526303291 69.331788 100.31013 -0.63648641 65.5 99.5 5.80321976288 3.91649203929 8.96798501043 6.35697864231
381 2.57293987274 68.205766 101.18772 -0.63190253 65.5 100.5 5.80321976288 2.79179663392 8.70534803264 5.55848504668
384 2.56361603737 66.997353 102.01418 -0.604237 64.5 102.5 5.80321976288 2.54416844549 7.12022992565 4.0753556052
387 2.5693500042 65.749881 102.79371 -0.58263231 63.5 103.5 5.80321976288 2.35813699311 5.88237237096 5.41329024871
390 2.56643104553 64.390622 103.72927 -0.540005 62.5 103.5 5.89048622548 1.90447270387 8.44000741596 5.33217236469
393 2.55994987488 63.066948 104.49561 -0.5165186 60.5 104.5 5.89048622548 2.56695175389 7.09433582001 6.47198989867
396 2.56173801422 62.072466 105.11862 -0.50368551 59.5 105.5 5.89048622548 2.60058301647 6.35905392489 4.47867382629
399 2.56766009331 62.084059 105.11634 -0.50537083 59.5 105.5 5.89048622548 2.61238510007 6.45561564802 5.4530657441
402 2.54775094986 62.06969 105.12384 -0.50501376 59.5 105.5 5.89048622548 2.59707586368 6.43515704403 5.86771771113
405 2.56158590317 62.088061 105.11683 -0.50531554 59.5 105.5 5.89048622548 2.61627196381 6.45244776437 5.90515187023
408 2.57114601135 62.080145 105.11527 -0.50526072 59.5 105.5 5.89048622548 2.60867119314 6.44930680974 5.84048798631
411 2.57001399994 62.084425 105.11388 -0.50526675 59.5 105.5 5.89048622548 2.61310949541 6.44965230329 5.76158892111
414 2.56514120102 62.090561 105.10315 -0.50372534 59.5 106.5 5.89048622548 2.94316092275 6.36133601579 5.73586842462
