3 1.23095583916 31.520043 41.394881 -0.0070850614 2.5 11.5 0.436332312999 41.6637348989 25.4059441158 1.99420289855
6 1.22830200195 31.529937 41.402987 -0.0081764059 108.5 89.5 2.18166156499 90.7618491314 125.46847355 3.32644005386
9 1.22828984261 31.522543 41.401068 -0.0068718684 52.5 104.5 5.49778714378 66.4945781378 -44.6062709433 3.83061082628
12 1.22733402252 31.528168 41.375423 -0.0049451513 52.5 104.5 5.49778714378 66.5171403389 -44.7166637015 4.07801275986
15 1.22858500481 31.523843 41.397689 -0.0081913964 52.5 104.5 5.49778714378 66.4973745048 -44.530667558 4.26702641018
18 1.22775793076 31.52518 41.394772 -0.0077822512 52.5 104.5 5.49778714378 66.4997208638 -44.5541098511 4.42682023253
21 1.22800683975 31.646202 41.400982 -0.0069641742 52.5 104.5 5.49778714378 66.4557519225 -44.6009822105 4.48635141831
24 1.22848200798 32.968315 41.348607 -0.0066445448 55.5 102.5 5.49778714378 65.1703129867 -44.6192956262 3.71930822219
27 1.22867107391 34.520488 41.363888 -0.010157874 128.5 91.5 6.02138591938 106.516563981 -14.417996691 5.45751373429
30 1.22993397713 35.981317 41.339656 -0.012968194 130.5 91.5 6.02138591938 107.003932387 -14.2569772159 3.89475237321
33 1.23054003716 37.47125 41.3168 -0.01805047 10.5 81.5 4.45058959259 48.3956391507 -103.965784251 4.0849649262
36 1.22747612 39.051821 41.275587 -0.019803098 77.5 77.5 5.49778714378 52.8249047856 -43.8653660633 3.76176684375
39 1.22736287117 40.609584 41.247017 -0.013659721 78.5 76.5 5.49778714378 51.7538059958 -44.2173556374 2.2096274024
42 1.22974205017 42.081473 41.279186 -0.014178183 79.5 75.5 5.49778714378 50.7071027931 -44.1876499529 1.99210022294
45 1.22913217545 43.552295 41.213208 -0.0092852628 41.5 42.5 6.19591884458 2.42234357974 -4.46799362989 0.900246543838
48 1.22749614716 45.079977 41.189892 -0.010404952 43.5 42.5 6.19591884458 2.0524888044 -4.40384016436 1.11585755951
51 1.22807121277 46.640834 41.096545 -0.012029947 44.5 42.5 6.19591884458 2.55985471318 -4.31073480913 2.92774019381
54 1.22743606567 48.21014 41.103056 -0.013219293 46.5 42.5 6.19591884458 2.20817376099 -4.24259030295 3.2030687145
57 1.22626209259 49.69993 40.993437 -0.019411138 47.5 42.5 6.19591884458 2.66635032917 -3.88782371705 4.80301829239
60 1.22938084602 51.221815 41.026894 -0.026800957 49.5 42.5 6.19591884458 2.26598503558 -3.46441827699 1.77111502631
63 1.22865200043 52.707826 40.957156 -0.02058299 50.5 42.5 6.19591884458 2.69348533588 -3.82068154324 5.82360545865
66 1.22879600525 54.31159 40.951842 -0.027308534 52.5 42.5 6.19591884458 2.38299213617 -3.43533625711 5.78358601093
69 1.22755002975 55.778879 40.909196 -0.015002614 53.5 42.5 6.19591884458 2.77919896068 -4.14041353614 4.25374515883
72 1.22791695595 57.331901 40.836464 -0.018380323 55.5 42.5 6.19591884458 2.47451273933 -3.94688506601 3.12200562702
75 1.24498701096 58.848313 40.76075 -0.022921269 56.5 42.5 6.19591884458 2.92225332722 -3.68670802522 1.66585225313
78 1.22771477699 60.388876 40.75568 -0.012358794 58.5 41.5 6.19591884458 2.03023762298 -4.29189326393 4.50587808853
81 1.22615408897 61.86858 40.735896 -0.015077049 59.5 41.5 0.0872664625997 2.48878005039 5.86385127521 6.12655032261
84 1.22490501404 63.333062 40.668539 -0.013920495 61.5 41.5 0.0872664625997 2.01281983555 5.79758561223 3.28398310742
87 1.22786998749 64.876385 40.58717 -0.032109511 63.5 41.5 0.0872664625997 1.65157327331 6.83973946253 1.63250490303
90 1.22751092911 66.44697 40.579857 -0.020157695 64.5 41.5 0.0872664625997 2.15345195473 6.15495084821 3.45273555064
93 1.22839212418 67.930314 40.55804 -0.02084507 66.5 41.5 0.0872664625997 1.71262569763 6.19433453465 3.30050892854
96 1.23061490059 69.414343 40.447992 -0.021831497 68.5 41.5 0.0872664625997 1.39382350164 6.25085263855 1.88356242383
99 1.22988986969 70.999462 40.351868 -0.031419309 70.5 41.5 0.0872664625997 1.25206604413 6.80019380092 0.628470399585
102 1.22934699059 72.481812 40.325422 -0.028226015 71.5 41.5 6.19591884458 1.53087827126 -3.38276846803 1.3326542197
105 1.22842979431 74.028193 40.279112 -0.026102315 73.5 42.5 0.0872664625997 2.28283406182 6.49555248502 1.23967048511
108 1.22964596748 75.500101 40.224463 -0.026983514 74.5 41.5 0.0872664625997 1.62086293331 6.54604146863 1.36007372942
111 1.22920084 77.104162 40.159206 -0.035689283 76.5 42.5 6.19591884458 2.41750455484 -2.95515471025 3.08906035943
114 1.22805500031 78.584191 40.097894 -0.03659834 77.5 42.5 6.19591884458 2.63544746859 -2.90306958082 3.85245770154
117 1.22737693787 80.1084 40.071744 -0.024096447 79.5 41.5 0.0872664625997 1.55243864985 6.38062471436 6.30206740812
120 1.22978401184 80.881063 40.047709 -0.06972902 79.5 42.5 6.19591884458 2.81443887101 -1.00482144442 3.70875094298
123 1.23211193085 80.819811 40.085383 -0.20196514 79.5 42.5 6.02138591938 2.75177694089 -3.42824986923 3.95691686299
126 1.23120594025 80.673305 40.189426 -0.34415967 79.5 41.5 6.02138591938 1.75904770615 4.71889656962 3.31264335887
129 1.23233914375 80.559381 40.228255 -0.49611957 79.5 41.5 5.84685299418 1.65518079018 3.42555749485 3.92878160766
132 1.23086690903 80.474435 40.358509 -0.64523249 79.5 41.5 5.67232006898 1.50084152138 1.96909848172 6.0692153689
135 1.23067593575 80.446897 40.445937 -0.81868337 79.5 42.5 5.49778714378 2.26181094183 1.90710185855 4.73225824763
138 1.22765111923 80.377523 40.602704 -0.97166139 79.5 42.5 5.32325421858 2.09040157079 0.672096762815 5.07544493972
141 1.23114299774 80.303277 40.677658 -1.1291983 79.5 42.5 5.14872129338 1.99152813279 -0.301703176653 4.82460547096
144 1.22720098495 80.24067 40.836497 -1.2914427 79.5 42.5 5.14872129338 1.82094323907 8.99421619298 2.99554616099
147 1.23233604431 80.334643 40.99259 -1.4510482 79.5 42.5 4.97418836818 1.72305363978 8.13893773005 2.63588069869
150 1.23328089714 80.305505 41.173119 -1.6076845 79.5 42.5 4.79965544298 1.55224079742 7.1135366386 0.832030208723
153 1.23809313774 80.260339 41.240273 -1.7630876 79.5 42.5 4.62512251778 1.47140324502 6.01747839185 0.888406359662
156 1.2362408638 80.351916 41.337649 -1.9138236 79.5 42.5 4.45058959259 1.44111787105 4.65401501253 1.22098113142
159 1.23732209206 80.458888 41.424429 -2.0695544 79.5 42.5 4.27605666739 1.44094384783 3.57673259273 2.8356454577
162 1.23724913597 80.580246 41.530351 -2.2462491 79.5 42.5 4.10152374219 1.45160277064 3.70059316506 1.18156871549
165 1.2438659668 80.700832 41.575869 -2.3973477 79.5 42.5 3.92699081699 1.51526090076 2.3579052354 1.69572962255
168 5.90527486801 80.863789 41.557834 -2.56541 79.5 42.5 3.92699081699 1.65758776784 11.9871657207 0.485770442902
171 1.23764109612 80.910142 41.637692 -2.7112414 79.5 42.5 3.75245789179 1.65289913395 10.3426894611 0.434960034641
174 1.23084998131 81.000304 41.730578 -2.863125 79.5 42.5 3.57792496659 1.68609676665 9.04497871839 1.21924798508
177 1.23245191574 81.313486 41.614906 -3.0334876 79.5 42.5 3.40339204139 2.01795016317 8.80603668527 1.11716734929
180 1.23165416718 81.419836 41.643078 3.1037871 79.5 42.5 3.22885911619 2.10239995742 7.16609866285 1.04350016443
183 1.23361802101 81.472606 41.653948 2.9566422 79.5 42.5 3.05432619099 2.14638729449 5.59688040973 0.997050860216
186 1.23104214668 81.600227 41.551467 2.7956666 79.5 42.5 2.87979326579 2.30448872933 4.82010289431 2.56598327031
189 1.22783780098 81.705618 41.391179 2.6371497 79.5 42.5 2.70526034059 2.46865039484 3.90245224581 1.38958348904
192 1.23076510429 81.817002 41.340993 2.4823985 79.5 42.5 2.53072741539 2.59071331761 2.76904288039 2.40263184927
195 1.23065090179 81.903012 41.262396 2.332631 78.5 42.5 2.35619449019 3.62107088207 1.35008853862 1.05352458823
198 1.2316069603 81.909487 41.089487 2.1583794 78.5 42.5 2.18166156499 3.6897355632 1.33396979202 0.963189988023
201 1.2358751297 81.924053 40.998223 1.9975831 79.5 43.5 2.18166156499 3.48352136559 10.5469191433 1.29746953418
204 1.23138308525 81.960862 40.844259 1.8446809 79.5 42.5 2.00712863979 2.96602765363 9.30756988161 1.23023309215
207 1.23202896118 81.927588 40.703608 1.6857979 79.5 42.5 1.83259571459 3.01996816463 8.41089521798 1.1897844053
210 1.23279905319 81.924928 40.686406 1.5459903 79.5 42.5 1.65806278939 3.02810155081 6.42128064184 1.26267657972
213 1.23342704773 81.81851 40.588718 1.3660151 79.5 42.5 1.4835298642 3.00474416609 6.73310001886 3.82912619713
216 1.23232507706 81.824065 40.431016 1.2110526 79.5 42.5 1.308996939 3.11158688075 5.61179725165 6.21894381251
219 1.22881293297 82.277545 41.390368 1.1504821 79.5 43.5 1.1344640138 3.48787949942 -0.917768735348 9.34972887506
222 1.22943115234 82.927041 42.739254 1.1137092 80.5 44.5 1.1344640138 2.99845868609 1.18916323511 6.88778369762
225 1.22716784477 83.677797 44.09726 1.084748 81.5 45.5 1.1344640138 2.5904592799 2.84851776474 5.57222793453
228 1.22989606857 84.372874 45.412874 1.0478677 81.5 47.5 1.1344640138 3.55098577296 4.96160330192 6.72421523682
231 1.22374296188 85.159381 46.677356 1.0274995 82.5 48.5 1.1344640138 3.22402519436 6.1286151982 7.20403760199
234 1.22528195381 85.928298 47.908079 0.99952116 83.5 49.5 1.1344640138 2.9035915083 7.73165599798 5.72101942962
237 1.22792315483 86.76373 49.194484 0.95689161 84.5 51.5 0.959931088597 3.23107993389 0.174149295522 3.65543240719
240 1.22957897186 87.649962 50.387631 0.93226665 85.5 52.5 0.959931088597 3.0140403769 1.5850555742 2.73992697036
243 1.23132395744 88.570925 51.559268 0.90792052 86.5 53.5 0.785398163397 2.8381633236 -7.02001392932 2.10507702381
246 1.22720193863 89.47196 52.652014 0.8832857 87.5 53.5 0.959931088597 2.14655689368 4.39145728574 4.44008049706
249 1.22985506058 90.492516 53.754021 0.83763364 88.5 55.5 0.959931088597 2.64925700503 7.00712764982 6.04773801193
252 1.22841882706 91.498687 54.898001 0.81217592 89.5 57.5 0.959931088597 3.28102857652 8.46574756185 6.630204308
255 1.22880506516 92.568948 55.94073 0.78340538 90.5 58.5 0.959931088597 3.29095863839 10.1141780782 9.34410759026
258 1.23094391823 93.547241 56.960456 0.75288469 91.5 59.5 0.959931088597 3.26197477612 11.862884803 9.64209131697
261 1.22964906693 94.620679 57.928363 0.72990952 92.5 60.5 0.959931088597 3.33325610789 13.1792650776 8.89986411061
264 1.22858905792 95.770396 58.899507 0.6896339 93.5 61.5 0.959931088597 3.45213873416 15.4868881209 7.80154952068
267 1.22872304916 96.962501 59.840194 0.66858365 94.5 62.5 0.610865238198 3.62470400621 -3.30702139645 5.97495954092
270 1.22663497925 98.232224 60.772339 0.64204005 95.5 63.5 0.610865238198 3.86072305625 -1.78618514337 6.83846966065
273 1.22853207588 99.416545 61.686454 0.60185601 97.5 64.5 0.610865238198 3.40428932835 0.516190752417 4.0290246424
276 1.22825503349 100.66015 62.48684 0.57932353 98.5 64.5 0.610865238198 2.95280565024 1.80720675838 2.65164125134
279 1.22929000854 101.84252 63.245661 0.55317695 100.5 65.5 0.610865238198 2.6238148329 3.30529544108 1.83682057933
282 1.22732114792 103.2489 64.041483 0.52149049 101.5 66.5 0.436332312999 3.01711071214 -4.87920413321 1.69173362999
285 1.22899985313 104.5021 64.838724 0.48902664 102.5 66.5 0.610865238198 2.60158458601 6.98083745854 3.58278739308
288 1.22841906548 105.89753 65.50297 0.45749312 103.5 67.5 0.610865238198 3.12030109473 8.78757506773 4.83581618393
291 1.22652721405 107.23441 66.106065 0.425495 104.5 68.5 0.436332312999 3.63427060527 0.620932296081 4.12484793285
294 1.22858214378 108.62185 66.694881 0.38650919 105.5 69.5 0.436332312999 4.1969798697 2.85465466998 3.86483745317
297 1.23150706291 110.08086 67.251857 0.35533208 107.5 69.5 0.436332312999 3.42271606886 4.6409714904 5.0648730006
300 1.23008990288 111.50781 67.766864 0.33459052 108.5 69.5 0.436332312999 3.47140913616 5.82937533891 3.67987140679
303 1.23007893562 112.87691 68.182524 0.30685182 109.5 70.5 0.261799387799 4.09563379206 -2.58131422191 3.06314741276
306 1.22834396362 114.36462 68.651393 0.28808498 111.5 70.5 0.436332312999 3.40931013327 8.49394650489 3.17241062589
309 1.2281768322 115.83449 69.001579 0.25083859 113.5 70.5 0.436332312999 2.7740059577 10.628007454 5.50062448537
312 1.22988200188 117.19736 69.329841 0.23044123 114.5 71.5 0.261799387799 3.4619851321 1.7966900952 6.31114947887
315 1.2300298214 117.78731 69.484411 0.20147117 115.5 71.5 0.436332312999 3.04866955458 13.4565522654 8.31154049072
318 1.22898101807 116.42938 69.228806 0.13415298 114.5 71.5 0.261799387799 2.98007204108 7.3136004369 10.4973417479
321 1.22877216339 114.80773 69.128985 0.0979988 112.5 71.5 0.261799387799 3.30867494371 9.38508236265 4.31530836116
324 1.2253818512 113.35769 69.056433 0.067460522 111.5 70.5 0.261799387799 2.35263635515 11.1347968057 4.64313529161
327 1.22798204422 111.81488 68.96352 0.032275621 110.5 69.5 0.261799387799 1.42011274369 13.1507431355 3.87995827583
330 1.22884511948 110.29576 68.94659 -0.0039959963 109.5 69.5 0.261799387799 0.969276330929 15.2289537229 6.39405803177
333 1.22837615013 108.74459 69.016615 -0.039899491 107.5 70.5 0.0872664625997 1.9363458695 7.28607243902 4.10836283634
336 1.22922992706 107.27384 69.125159 -0.081381225 106.5 70.5 0.0872664625997 1.57766159898 9.6628007241 2.73524881371
339 1.22387099266 105.77123 69.311189 -0.11875782 104.5 70.5 0.0872664625997 1.74048766345 11.8043218702 3.54140109975
342 1.22942614555 104.23308 69.487176 -0.13593074 103.5 70.5 0.0872664625997 1.2502874635 12.7882577081 3.84002231338
345 1.22860693932 102.67844 69.809947 -0.17996689 101.5 70.5 0.0872664625997 1.36561120983 15.3113432491 7.1977790294
348 1.23157191277 101.19539 70.111952 -0.20894349 100.5 70.5 0.0872664625997 0.796334416187 16.9715801337 2.8750408891
351 1.22824597359 99.695937 70.47501 -0.24032587 98.5 70.5 0.0872664625997 1.1961980639 18.7696580588 3.41024058426
354 1.23001480103 98.200311 70.897104 -0.28344925 96.5 70.5 0.0872664625997 1.74606674659 21.2404457311 4.33856196043
357 1.23781204224 96.614615 71.415819 -0.3144709 95.5 70.5 0.0872664625997 1.44259871031 23.0178553497 4.55684525794
360 1.22788000107 95.216051 71.909445 -0.34657274 94.5 70.5 0.0872664625997 1.58090614605 24.8571552963 5.13648310515
363 1.23003482819 93.790761 72.497598 -0.38120404 91.5 70.5 0.0872664625997 3.03940516034 26.8413826253 5.93677111938
366 1.22712278366 92.417114 73.016357 -0.35870282 91.5 76.5 5.84685299418 3.60234182726 -4.44784231456 6.56371764061
369 1.2291469574 91.055309 73.519772 -0.33819517 89.5 75.5 6.02138591938 2.5179930535 4.37715589271 4.12932904373
372 1.22663283348 89.614615 74.074076 -0.31837694 88.5 75.5 6.02138591938 1.80986901515 3.24165495629 5.08241838489
375 1.22865509987 88.314109 74.556366 -0.29979055 86.5 76.5 6.02138591938 2.65870355434 2.17673325291 5.7822200366
378 1.22773694992 86.88131 74.994533 -0.2764152 85.5 76.5 6.02138591938 2.04314664285 0.837424353265 6.51085510993
381 1.22907996178 85.443672 75.387112 -0.25727157 83.5 77.5 6.02138591938 2.87091562818 -0.259424850295 5.25523135923
384 1.22946500778 84.055287 75.832526 -0.23267107 82.5 77.5 6.02138591938 2.28021647943 -1.66892967421 4.08325961486
387 1.23012900352 82.664555 76.128737 -0.22389476 80.5 76.5 6.19591884458 2.19616360119 7.82822480309 2.33433296376
390 1.22796106339 81.173968 76.455415 -0.20673661 79.5 78.5 6.02138591938 2.64244142551 -3.15486477616 5.33206285391
393 1.22894787788 79.819657 76.754609 -0.1833313 77.5 79.5 6.02138591938 3.59415919799 -4.49589025735 7.89874869531
396 1.22389292717 78.325485 77.027059 -0.15611548 76.5 78.5 6.19591884458 2.34562372829 3.94475812066 5.32541138245
399 1.23007512093 76.892215 77.264525 -0.13798763 74.5 79.5 6.19591884458 3.27414738243 2.90610882401 4.51105946187
402 1.22797894478 75.420868 77.548324 -0.12557438 73.5 79.5 6.19591884458 2.73838877488 2.19488198897 4.99598996326
405 1.22979998589 73.926916 77.691819 -0.097717287 71.5 79.5 6.19591884458 3.02645664099 0.598788130569 4.40905921651
408 1.22909402847 72.448195 77.857208 -0.08052134 69.5 79.5 6.19591884458 3.37499915752 -0.386467057262 4.70171767467
411 1.22505402565 71.010734 77.97039 -0.05919809 68.5 80.5 6.19591884458 3.56408641462 -1.60819928776 5.31606828687
414 1.23210906982 70.665666 77.98114 -0.052809071 68.5 80.5 6.19591884458 3.32186166526 -1.97426311169 6.40117335753
417 1.23147201538 70.65903 77.973391 -0.052747867 68.5 80.5 6.19591884458 3.32342648178 -1.97776984258 7.43080970011
420 1.23093605042 70.662549 77.975477 -0.051931253 69.5 80.5 6.19591884458 2.7793410289 -2.02455837827 7.90394858784
423 1.23188185692 70.657477 77.975804 -0.053730261 69.5 81.5 6.19591884458 3.70940836953 -1.92148281256 8.14300212718
426 1.23378705978 70.657208 77.964864 -0.053397677 69.5 81.5 6.19591884458 3.71972000206 -1.9405384721 8.27626952768
