3 0.641534090042 58.425211 99.52669 -0.076600623 2.5 4.5 0.523598775598 110.261965508 34.388892406 0.0
6 0.642591953278 58.436309 99.5178 -0.082073852 66.5 98.5 1.91986217719 8.12767060008 114.702485328 0.118819314247
9 0.639908075333 59.138497 99.506199 -0.079127672 61.5 110.5 4.71238898038 11.244570105 -85.4663183517 4.53686004795
12 0.643133163452 60.588187 99.398001 -0.084356487 61.5 108.5 4.71238898038 9.14755643563 -85.1667293203 4.88389646789
15 0.646127939224 62.026729 99.268445 -0.080345137 78.5 135.5 4.71238898038 39.8006813404 -85.3965627455 6.09469046847
18 0.639281988144 63.612811 99.142137 -0.077882356 115.5 58.5 0.174532925199 65.9095113185 14.4623302973 7.21361068419
21 0.640781879425 65.109709 99.045111 -0.075303117 116.5 57.5 0.174532925199 66.0829649537 14.3145507883 6.18834327678
24 0.648437976837 66.576646 98.887554 -0.079079542 118.5 58.5 6.10865238198 65.7813743298 -5.46907599757 6.73375890658
27 0.639147996902 68.114632 98.811042 -0.080004433 73.5 27.5 4.71238898038 71.5141028023 -85.4160836468 6.946536643
30 0.64161491394 69.601579 98.673025 -0.074381156 74.5 25.5 4.71238898038 73.3367991935 -85.7382736859 7.49467835511
33 0.640190839767 71.154315 98.514904 -0.080273853 68.5 99.5 6.10865238198 2.83121921589 -5.40064701785 7.34078075819
36 0.637747049332 72.642873 98.438251 -0.077397051 70.5 98.5 6.10865238198 2.14376249457 -5.56547563094 6.524494058
39 0.637398958206 74.179887 98.27586 -0.078945335 71.5 99.5 6.10865238198 2.9462371039 -5.47676549225 5.74180993262
42 0.643624782562 75.689674 98.17429 -0.079512997 73.5 99.5 6.10865238198 2.55972249089 -5.44424085546 5.30094266468
45 0.663217067719 77.259307 98.055637 -0.072379503 74.5 99.5 6.10865238198 3.114475814 -5.85295995485 6.14635812271
48 0.648010969162 78.667542 97.976243 -0.066300397 76.5 99.5 6.10865238198 2.64954217117 -6.20126707186 7.65780464834
51 0.639409065247 80.25432 97.827625 -0.077582567 77.5 99.5 6.10865238198 3.22228440753 -5.55484634711 4.4267508302
54 0.642632961273 81.813353 97.68277 -0.074716444 79.5 99.5 6.10865238198 2.94175576408 -5.71906309857 3.36606150653
57 0.642277956009 82.622729 97.654646 -0.085105116 80.5 99.5 6.10865238198 2.81270506679 -5.12383603823 5.96368237
60 0.638580799103 81.436592 97.754867 -0.094486992 79.5 99.5 6.10865238198 2.60689043923 -4.58629413951 4.18649838781
63 0.640829086304 79.890684 97.897701 -0.093381766 77.5 100.5 6.10865238198 3.53374165344 -4.64961892472 6.90372977788
66 0.636435031891 78.411812 98.037468 -0.097953665 76.5 100.5 6.10865238198 3.1175453444 -4.38766840766 5.66901053545
69 0.638388156891 76.931086 98.162597 -0.096433306 74.5 100.5 6.10865238198 3.3724815676 -4.47477856171 4.69981001632
72 0.637360095978 75.443161 98.337547 -0.10164342 73.5 100.5 6.10865238198 2.9072457153 -4.17626101872 5.52702673221
75 0.636219024658 73.912871 98.553041 -0.10292365 71.5 100.5 6.10865238198 3.10041865082 -4.10290924292 5.75200886811
78 0.636111974716 72.413468 98.668417 -0.11145399 70.5 100.5 6.10865238198 2.64878388566 -3.61415676311 8.05933420466
81 0.633217811584 70.926618 98.82512 -0.11572496 68.5 100.5 6.10865238198 2.9485077467 -3.36944820768 3.36712472608
84 0.635574102402 69.460294 99.048845 -0.12091472 67.5 100.5 6.10865238198 2.43897589173 -3.07209686299 7.31055155837
87 0.634891986847 67.984026 99.205817 -0.12024712 65.5 96.5 0.174532925199 3.67312275947 16.8896524746 3.03707233629
90 0.639688968658 66.409271 99.378533 -0.12589377 64.5 96.5 0.174532925199 3.45416675676 17.213181688 6.77306129609
93 0.636496782303 64.97003 99.579245 -0.12534264 62.5 96.5 0.174532925199 3.94750528447 17.181604265 2.90377323929
96 0.636711120605 63.450289 99.830398 -0.13542326 61.5 101.5 6.10865238198 2.56733286154 -2.2408187541 7.31060371508
99 0.636471986771 62.015499 100.01094 -0.13023941 59.5 100.5 6.10865238198 2.56259924737 -2.53783148073 10.712531388
102 0.63972902298 60.420275 100.24313 -0.1356293 58.5 96.5 0.174532925199 4.20695593898 17.7709864683 6.47174062138
105 0.64054608345 58.989222 100.44438 -0.14088208 56.5 96.5 0.174532925199 4.66415691735 18.071948593 2.68877963855
108 0.64360499382 58.528509 100.58832 -0.24160345 56.5 96.5 0.174532925199 4.56390284575 23.8428580008 2.4732478513
111 0.644373893738 58.390768 100.67023 -0.3827913 56.5 97.5 6.10865238198 3.69125478431 11.9323259243 2.08248748163
114 0.642266988754 58.26024 100.80046 -0.53685502 56.5 97.5 6.10865238198 3.74051882353 20.7595268564 1.70935205116
117 0.638040065765 58.2435 100.85046 -0.70040996 56.5 97.5 6.10865238198 3.77695306585 30.1305346369 3.96010126934
120 1.72614097595 58.129433 100.95873 -0.85888639 56.5 98.5 5.75958653158 2.94964491327 19.2105652282 1.25457086962
123 0.638250112534 58.21235 101.09089 -1.0276822 56.5 98.5 5.75958653158 3.10561644679 28.8818527407 1.13402315889
126 0.639881849289 58.152327 101.12822 -1.1869287 56.5 96.5 4.71238898038 4.91432649336 -21.9939949071 0.839631539639
129 0.638701200485 58.049715 101.26081 -1.3398137 56.5 101.5 5.06145483078 1.56806518912 6.76567034381 0.778795627657
132 0.638241052628 58.024835 101.49733 -1.4943786 56.5 100.5 5.06145483078 1.8220287885 15.6215867747 0.675488687942
135 0.638503074646 58.064001 101.65215 -1.6522241 56.5 101.5 4.71238898038 1.57138434207 4.6654677398 0.716623338058
138 0.638226985931 58.104403 101.68885 -1.8037565 56.5 101.5 4.36332312999 1.61547928149 -6.65236528071 0.580667965947
141 0.639126062393 58.177183 101.78616 -1.9584038 56.5 101.5 4.36332312999 1.70142010129 2.20827232238 0.643825038657
144 0.638183116913 58.164815 101.89412 -2.1101089 56.5 101.5 4.36332312999 1.71083007883 10.900334283 0.51610440207
147 0.63766002655 58.333441 101.96561 -2.2758326 55.5 101.5 4.01425727959 2.87144224608 0.395602858285 1.41746171667
150 0.63782787323 58.547547 101.97367 -2.4518694 55.5 101.5 4.01425727959 3.08413780271 10.4817685373 2.76731825528
153 0.638680934906 58.609003 102.09152 -2.5989269 55.5 101.5 3.66519142919 3.16477417273 -1.09245736698 5.58913548455
156 0.638413190842 58.561869 102.14088 -2.6173282 56.5 97.5 2.96705972839 5.07829409818 -40.0381405394 5.47665364652
159 0.638490915298 58.51155 102.01626 -2.5045701 55.5 101.5 3.66519142919 3.05547996068 -6.49870377534 7.85745580981
162 0.639240980148 58.437648 101.90068 -2.3721379 56.5 96.5 3.31612557879 5.73775428494 -34.086509907 6.99055031116
165 0.639265060425 58.147744 101.95537 -2.2082701 56.5 96.5 3.31612557879 5.69878251265 -43.4754432451 5.95566176039
168 0.638824939728 58.037351 101.82492 -2.0566813 56.5 96.5 3.66519142919 5.54240210591 -32.1608417065 5.15019148104
171 0.639152050018 57.944091 101.71587 -1.9011295 56.5 96.5 3.66519142919 5.41208819895 -41.0733033422 1.77413386804
174 0.639156103134 57.908577 101.57431 -1.7585036 56.5 96.5 4.01425727959 5.26618563488 -29.2451654614 1.51778011522
177 0.640214920044 57.841285 101.40683 -1.6171883 56.5 96.5 4.01425727959 5.08684834648 -37.3419357321 1.45326734034
180 0.639237880707 57.86028 101.30305 -1.4556073 56.5 96.5 4.36332312999 4.99195863173 -26.5998450816 1.2295599772
183 0.639153003693 57.788579 101.03213 -1.3093986 56.5 96.5 4.36332312999 4.71175531794 -34.9769865197 1.26343253787
186 0.6384370327 57.852229 100.87925 -1.1701135 56.5 96.5 4.36332312999 4.58326890232 -42.9574348987 0.994203990933
189 0.640127897263 57.956865 100.8248 -1.0236231 56.5 96.5 4.71238898038 4.56358966913 -31.3507165579 1.23222566083
192 0.641460180283 57.906072 100.67156 -0.85835482 56.5 97.5 4.71238898038 3.46926956329 -40.8198914893 2.56674002604
195 1.7172460556 57.990597 100.53155 -0.72265365 56.5 96.5 5.06145483078 4.29828742861 -28.5949958053 3.31747455135
198 0.63748383522 58.042848 100.37669 -0.56279892 56.5 96.5 5.41052068118 4.17242199534 -17.7539971695 1.59177616836
201 0.643208026886 58.157277 100.32166 -0.41301063 56.5 97.5 5.41052068118 3.27235881442 -26.336234007 1.63391667082
204 0.64423084259 58.686264 100.08548 -0.29965148 56.5 96.5 5.41052068118 4.19945438219 -32.8312348712 1.09529427342
207 0.641555070877 59.980629 99.666017 -0.30408986 56.5 100.5 0.174532925199 3.57914876471 27.4230655707 4.77299421262
210 0.639453172684 61.363687 99.173884 -0.32636207 58.5 100.5 6.10865238198 3.15583378514 8.69916920415 6.60675223685
213 0.640366077423 62.885593 98.69498 -0.37512441 59.5 100.5 6.10865238198 3.83670915787 11.4930454853 4.65883075159
216 0.641092061996 64.287236 98.118834 -0.4012694 61.5 99.5 6.10865238198 3.11067581713 12.9910430677 4.98980128338
219 1.22060704231 66.572969 97.068508 -0.44319642 63.5 97.5 6.10865238198 3.10311518011 15.3932843613 8.20123328574
222 0.643212080002 67.896132 96.441291 -0.47211549 65.5 96.5 6.10865238198 2.39685112348 17.0502250198 6.40396329432
225 0.656206846237 69.150612 95.708615 -0.49267498 67.5 96.5 6.10865238198 1.83052183619 18.2281970257 7.04472872354
228 0.63983798027 70.465141 94.973778 -0.52461339 67.5 96.5 5.75958653158 3.33487852 0.0581331230507 6.04625185851
231 0.635547161102 71.675984 94.192345 -0.54871183 68.5 96.5 5.75958653158 3.92583060858 1.4388720279 5.31441504266
234 0.636787176132 72.999296 93.402727 -0.58180979 70.5 95.5 5.75958653158 3.26267291222 3.33524544639 6.3995462172
237 0.640235900879 74.284244 92.44261 -0.63095882 71.5 94.5 5.75958653158 3.46191684817 6.15127743255 8.81499787632
240 0.636731863022 75.447368 91.599491 -0.66374929 72.5 93.5 5.75958653158 3.5069805512 8.0300329718 8.59053709458
243 0.636391878128 76.572595 90.665594 -0.69142624 73.5 92.5 5.75958653158 3.57853118009 9.6158053966 8.99375524827
246 0.638234138489 77.783785 89.658033 -0.71509647 74.5 91.5 5.75958653158 3.76511438808 10.9720096757 5.86621652652
249 0.635787010193 78.874801 88.696028 -0.74032963 75.5 90.5 5.75958653158 3.82669528005 12.4177632475 3.58830143293
252 0.635073900223 80.03236 87.613917 -0.7252394 77.5 90.5 5.75958653158 3.83957318624 11.5531567566 4.25638659295
255 0.635384082794 81.079285 86.604124 -0.70281223 78.5 89.5 5.75958653158 3.87799031956 10.2681745692 3.36680677226
258 0.639310121536 82.380517 85.593177 -0.66953842 80.5 88.5 5.75958653158 3.46207512059 8.36172568786 4.47987136495
261 0.63969707489 83.553536 84.670161 -0.64546431 81.5 87.5 5.75958653158 3.4964265857 6.98238078932 6.87427585796
264 0.641752958298 84.753159 83.736184 -0.60820056 82.5 85.5 5.75958653158 2.86142837778 4.84732518549 6.06795770294
267 0.641644001007 85.938286 82.919631 -0.58097683 83.5 84.5 5.75958653158 2.90565049412 3.28752035389 4.53707832537
270 0.641659975052 87.249998 82.030848 -0.55954063 85.5 83.5 5.75958653158 2.28492901402 2.05931656509 7.81382088643
273 0.642847061157 88.578333 81.141585 -0.52544337 85.5 83.5 5.75958653158 3.8779189485 0.105687474131 6.15912611359
276 0.640853881836 89.874585 80.458812 -0.49549775 87.5 82.5 5.75958653158 3.13131000918 -1.61007016677 3.44144085134
279 0.639127016068 91.229191 79.664539 -0.46697991 88.5 81.5 5.75958653158 3.28898169606 -3.2440220396 5.12784757958
282 0.641746997833 92.640842 79.007823 -0.44436504 89.5 81.5 5.75958653158 4.00946812786 -4.53975864484 3.59530891399
285 0.643282175064 93.942666 78.269838 -0.40450827 91.5 81.5 5.75958653158 4.04976094774 -6.82338335086 4.59972387679
288 0.641590118408 95.385584 77.620959 -0.38607018 93.5 81.5 5.75958653158 4.31304835363 -7.87980809014 3.73833689257
291 0.63983798027 96.747733 77.074345 -0.36376533 94.5 80.5 5.75958653158 4.09724490583 -9.15778185782 6.02580038927
294 0.641782045364 98.250871 76.540386 -0.33417824 96.5 78.5 6.10865238198 2.62785773733 9.14700275711 8.64843462538
297 0.640946149826 99.752933 76.027378 -0.30758365 97.5 78.5 6.10865238198 3.34508096425 7.62324499223 7.14419999098
300 0.643047094345 100.00981 75.897783 -0.33361957 98.5 78.5 6.10865238198 3.00849788951 9.11499332397 7.67612736396
303 0.642011880875 98.714105 76.429985 -0.36219797 97.5 78.5 6.10865238198 2.39979437687 10.7524150292 6.12179728297
306 0.643003940582 97.284888 77.028291 -0.39087517 95.5 79.5 6.10865238198 3.04879821458 12.3954975575 9.30207131657
309 0.64093208313 95.817851 77.649213 -0.42317241 93.5 80.5 5.75958653158 3.67415565505 -5.75400690062 3.83519712254
312 0.641712903976 94.571565 78.35291 -0.46228827 93.5 81.5 5.75958653158 3.32451906557 -3.5128332106 2.62637408438
315 0.640403985977 93.13187 79.138887 -0.4938927 91.5 79.5 6.10865238198 1.67134744912 18.2979672423 3.68410279345
318 0.637441158295 91.836662 79.862922 -0.52529077 89.5 79.5 6.10865238198 2.36467792317 20.0969441382 6.62300532163
321 0.636760950089 90.529269 80.702102 -0.55721841 88.5 79.5 6.10865238198 2.35859744186 21.92626316 3.20467233123
324 0.636605978012 89.308886 81.573217 -0.59808232 86.5 79.5 6.10865238198 3.49114154541 24.2675927374 4.86322832136
327 0.636600017548 88.100372 82.484783 -0.6409076 85.5 80.5 6.10865238198 3.27128386042 26.7213005379 6.15452166542
330 0.637707948685 86.96204 83.432583 -0.67310863 83.5 80.5 6.10865238198 4.53715373483 28.5662836528 4.91390803459
333 0.641556024551 85.711036 84.448892 -0.70015711 82.5 80.5 6.10865238198 5.08964637484 30.1160473991 2.27494507303
336 0.636685848236 84.630521 85.38864 -0.74348817 82.5 86.5 5.75958653158 2.40296499788 12.5987342589 5.03935341561
339 0.637403011322 83.531548 86.470864 -0.76732045 81.5 87.5 5.75958653158 2.27734674189 13.9642233191 5.24414499871
342 0.637462854385 82.436303 87.632765 -0.79615086 79.5 88.5 5.75958653158 3.06169427818 15.6160841337 2.64492561697
345 0.637141942978 81.390428 88.717115 -0.83255466 78.5 89.5 5.75958653158 2.99457558703 17.7018682319 1.93600142895
348 1.21810603142 80.091493 90.270385 -0.85191671 78.5 91.5 5.41052068118 2.01116956453 -1.18876802033 1.3063714973
351 0.635158777237 79.121061 91.3195 -0.83027867 75.5 90.5 5.75958653158 3.71263558887 17.5714636107 1.10341501572
354 0.633861064911 78.091476 92.534394 -0.81038411 74.5 91.5 5.75958653158 3.73746850232 16.4315892875 3.35153265625
357 0.639969110489 77.093441 93.512556 -0.78090008 73.5 92.5 5.75958653158 3.7333748638 14.7422788054 4.30701644807
360 0.642093896866 76.051262 94.597058 -0.76703211 74.5 95.5 5.41052068118 1.79491449602 -6.05229734599 3.75653353195
363 0.639112949371 75.027276 95.58972 -0.75132884 73.5 97.5 5.41052068118 2.44575993478 -6.95202844154 3.16842591191
366 0.63872885704 73.852657 96.593273 -0.72312741 72.5 97.5 5.41052068118 1.62844552017 -8.56785135677 2.94457064553
369 0.642906904221 72.811015 97.559971 -0.70587276 71.5 98.5 5.41052068118 1.6132001894 -9.55646997875 1.33175355331
372 0.637672901154 71.630899 98.505259 -0.68120937 70.5 99.5 5.41052068118 1.50613485627 -10.9695781342 3.94562795944
375 0.639574050903 70.538887 99.423882 -0.66641532 69.5 101.5 5.41052068118 2.32154089964 -11.8172147611 6.28504102996
378 0.640540122986 69.331788 100.31013 -0.63648641 68.5 102.5 5.41052068118 2.34252041482 -13.5320149896 8.09152382643
381 0.641097068787 68.205766 101.18772 -0.63190253 67.5 103.5 5.41052068118 2.41759062812 -13.7946519674 6.91885857024
384 0.640179157257 66.997353 102.01418 -0.604237 66.5 104.5 5.41052068118 2.53508601018 -15.3797700744 6.55515068381
387 0.640653133392 65.749881 102.79371 -0.58263231 65.5 105.5 5.41052068118 2.71780169958 -16.617627629 6.52538580017
390 0.64139509201 64.390622 103.72927 -0.540005 64.5 107.5 5.41052068118 3.77231603657 -19.059992584 6.30561498536
393 0.641125917435 63.066948 104.49561 -0.5165186 63.5 107.5 5.41052068118 3.03543955743 -20.40566418 6.31377282757
396 0.641341924667 62.072466 105.11862 -0.50368551 62.5 108.5 5.41052068118 3.40830104679 -21.1409460751 5.3015836541
399 0.640002965927 62.084059 105.11634 -0.50537083 62.5 108.5 5.41052068118 3.40912920129 -21.044384352 6.38017295298
402 0.640352010727 62.06969 105.12384 -0.50501376 62.5 108.5 5.41052068118 3.40347220375 -21.064842956 6.88179649247
405 0.64216709137 62.088061 105.11683 -0.50531554 62.5 108.5 5.41052068118 3.40815683158 -21.0475522356 6.84601261828
408 0.640854120255 62.080145 105.11527 -0.50526072 62.5 108.5 5.41052068118 3.41067081289 -21.0506931903 6.67649392124
411 0.640127182007 62.084425 105.11388 -0.50526675 62.5 108.5 5.41052068118 3.4115262325 -21.0503476967 6.50260298276
414 0.640622854233 62.090561 105.10315 -0.50372534 61.5 108.5 5.41052068118 3.44780397024 -21.1386639842 6.34584401844
