3 1.92873692513 31.520043 41.394881 -0.0070850614 7.5 4.5 3.08341501186 44.0249328191 177.072610782 0.0
6 1.92006516457 31.529937 41.402987 -0.0081764059 10.5 137.5 0.0581776417331 98.3712059383 3.80180688299 0.294186824019
9 1.91093683243 31.522543 41.401068 -0.0068718684 110.5 36.5 3.19977029532 79.1293825436 -176.27293761 0.497864070152
12 1.91052103043 31.528168 41.375423 -0.0049451513 110.5 36.5 3.19977029532 79.122183987 -176.383330368 0.639600552934
15 1.9230389595 31.523843 41.397689 -0.0081913964 110.5 36.5 3.19977029532 79.1278758215 -176.197334225 0.747710369578
18 1.90719103813 31.52518 41.394772 -0.0077822512 110.5 36.5 3.19977029532 79.1263608854 -176.220776518 0.833767263233
21 1.93874907494 31.646202 41.400982 -0.0069641742 110.5 36.5 3.19977029532 79.0059560007 -176.267648877 0.850760048478
24 1.9111931324 32.968315 41.348607 -0.0066445448 60.5 84.5 3.19977029532 51.186291102 -176.285962293 3.93245710983
27 1.90683913231 34.520488 41.363888 -0.010157874 128.5 89.5 0.0581776417331 105.589933016 3.91533664236 2.89111052496
30 1.92163300514 35.981317 41.339656 -0.012968194 130.5 89.5 0.0581776417331 106.081101853 4.07635611744 1.0125416031
33 1.9659910202 37.47125 41.3168 -0.01805047 42.5 42.5 3.19977029532 5.16607092504 -175.632450917 1.2521152741
36 1.93631100655 39.051821 41.275587 -0.019803098 40.5 42.5 3.19977029532 1.8964202094 -175.53203273 2.99760959016
39 1.92101693153 40.609584 41.247017 -0.013659721 83.5 110.5 0.0581776417331 81.4589678246 4.11597769596 1.7912751771
42 1.93322610855 42.081473 41.279186 -0.014178183 85.5 111.5 6.22500766545 82.5598643753 -2.52098328627 1.84075124544
45 1.92166280746 43.552295 41.213208 -0.0092852628 41.5 42.5 6.22500766545 2.42234357974 -2.80132696322 0.770906278563
48 1.92546701431 45.079977 41.189892 -0.010404952 43.5 42.5 6.22500766545 2.0524888044 -2.7371734977 2.40293538574
51 1.92901515961 46.640834 41.096545 -0.012029947 44.5 41.5 6.22500766545 2.17851925688 -2.64406814247 1.43562400406
54 1.91986703873 48.21014 41.103056 -0.013219293 46.5 42.5 6.22500766545 2.20817376099 -2.57592363629 2.8399068602
57 1.90272593498 49.69993 40.993437 -0.019411138 47.5 42.5 6.22500766545 2.66635032917 -2.22115705039 4.60643809051
60 1.90577292442 51.221815 41.026894 -0.026800957 49.5 42.5 6.22500766545 2.26598503558 -1.79775161032 2.81264379612
63 1.90737080574 52.707826 40.957156 -0.02058299 50.5 42.5 6.22500766545 2.69348533588 -2.15401487657 6.26995804095
66 1.90579891205 54.31159 40.951842 -0.027308534 52.5 42.5 6.22500766545 2.38299213617 -1.76866959044 5.29511732275
69 1.90745997429 55.778879 40.909196 -0.015002614 53.5 42.5 6.22500766545 2.77919896068 -2.47374686947 4.08290045883
72 1.90888381004 57.331901 40.836464 -0.018380323 55.5 42.5 6.22500766545 2.47451273933 -2.28021839935 3.10872076671
75 1.92469406128 58.848313 40.76075 -0.022921269 56.5 42.5 0.0581776417331 2.92225332722 4.64662530812 1.65006652275
78 1.92089295387 60.388876 40.75568 -0.012358794 58.5 41.5 6.22500766545 2.03023762298 -2.62522659726 4.58337444728
81 1.9054620266 61.86858 40.735896 -0.015077049 59.5 41.5 6.22500766545 2.48878005039 -2.46948205812 6.42711739891
84 1.92725801468 63.333062 40.668539 -0.013920495 61.5 42.5 6.22500766545 2.59120931041 -2.5357477211 2.70849858341
87 1.94572997093 64.876385 40.58717 -0.032109511 63.5 42.5 6.22500766545 2.35655559602 -1.4935938708 1.32439206291
90 1.92407417297 66.44697 40.579857 -0.020157695 64.5 41.5 0.0581776417331 2.15345195473 4.48828418155 3.2910081523
93 1.91287398338 67.930314 40.55804 -0.02084507 66.5 41.5 6.22500766545 1.71262569763 -2.13899879868 3.20939358593
96 1.91183805466 69.414343 40.447992 -0.021831497 68.5 41.5 0.0581776417331 1.39382350164 4.58418597189 1.83987972683
99 1.91691017151 70.999462 40.351868 -0.031419309 70.5 41.5 6.22500766545 1.25206604413 -1.53313953242 0.60394170765
102 1.92812585831 72.481812 40.325422 -0.028226015 71.5 41.5 6.22500766545 1.53087827126 -1.71610180136 1.34896443913
105 1.96409201622 74.028193 40.279112 -0.026102315 73.5 41.5 6.22500766545 1.33024635079 -1.83778084831 1.22789264379
108 2.10118603706 75.500101 40.224463 -0.026983514 74.5 42.5 0.0581776417331 2.48561273101 4.87937480197 1.55359502232
111 1.93294811249 77.104162 40.159206 -0.035689283 76.5 42.5 6.22500766545 2.41750455484 -1.28848804359 3.24214302548
114 1.90520095825 78.584191 40.097894 -0.03659834 77.5 42.5 6.22500766545 2.63544746859 -1.23640291415 3.34872514839
117 1.90312981606 80.1084 40.071744 -0.024096447 79.5 42.5 6.22500766545 2.50331335664 -1.95270861897 5.51435435758
120 1.9060819149 80.881063 40.047709 -0.06972902 79.5 41.5 6.22500766545 2.00411680265 0.66184522225 3.51240665371
123 1.93798589706 80.819811 40.085383 -0.20196514 79.5 41.5 6.10865238198 1.934694377 1.57175013077 3.56972385997
126 1.92099905014 80.673305 40.189426 -0.34415967 79.5 41.5 5.99229709851 1.75904770615 3.05222990295 3.63966722402
129 1.90881299973 80.559381 40.228255 -0.49611957 79.5 41.5 5.75958653158 1.65518079018 -1.57444250515 6.1088072207
132 1.91139698029 80.474435 40.358509 -0.64523249 79.5 41.5 5.64323124811 1.50084152138 0.30243181505 4.5808260784
135 1.910405159 80.446897 40.445937 -0.81868337 79.5 42.5 5.41052068118 2.26181094183 -3.09289814145 6.71486517413
138 1.901004076 80.377523 40.602704 -0.97166139 79.5 42.5 5.29416539772 2.09040157079 -0.994569903852 5.50500577731
141 1.91117691994 80.303277 40.677658 -1.1291983 79.5 42.5 5.17781011425 1.99152813279 1.36496349001 5.09153892559
144 1.90774583817 80.24067 40.836497 -1.2914427 79.5 42.5 5.17781011425 1.82094323907 10.6608828596 2.90361094953
147 1.90703606606 80.334643 40.99259 -1.4510482 79.5 42.5 5.06145483078 1.72305363978 13.1389377301 2.44435609118
150 1.91865110397 80.305505 41.173119 -1.6076845 79.5 42.5 4.82874426385 1.55224079742 8.78020330527 1.06711621213
153 1.92676091194 80.260339 41.240273 -1.7630876 79.5 42.5 4.59603369692 1.47140324502 4.35081172518 0.809456686565
156 1.92700195312 80.351916 41.337649 -1.9138236 79.5 42.5 4.47967841345 1.44111787105 6.3206816792 0.642033817235
159 1.91438317299 80.458888 41.424429 -2.0695544 79.5 41.5 4.24696784652 0.961861306314 1.91006592606 2.36830048131
162 1.92552495003 80.580246 41.530351 -2.2462491 78.5 42.5 4.24696784652 2.29513455024 12.0339264984 0.328158018776
165 1.92807984352 80.700832 41.575869 -2.3973477 78.5 42.5 4.01425727959 2.38698127294 7.3579052354 1.23034613252
168 12.3358299732 80.863789 41.557834 -2.56541 78.5 42.5 3.89790199612 2.54463655717 10.320499054 0.28971375223
171 1.90885591507 80.910142 41.637692 -2.7112414 78.5 42.5 3.78154671265 2.55975771256 12.0093561278 0.250913769226
174 1.90894699097 81.000304 41.730578 -2.863125 79.5 42.5 3.54883614572 1.68609676665 7.37831205173 1.01294962853
177 1.90977096558 81.313486 41.614906 -3.0334876 79.5 42.5 3.43248086226 2.01795016317 10.4727033519 1.5551448267
180 1.90904188156 81.419836 41.643078 3.1037871 79.5 42.5 3.19977029532 2.10239995742 5.49943199618 1.05764653284
183 1.90344715118 81.472606 41.653948 2.9566422 79.5 42.5 3.08341501186 2.14638729449 7.26354707639 1.06351378013
186 1.9042570591 81.600227 41.551467 2.7956666 79.5 42.5 2.85070444492 2.30448872933 3.15343622764 2.48872352095
189 1.90363097191 81.705618 41.391179 2.6371497 79.5 42.5 2.73434916146 2.46865039484 5.56911891248 0.904058823281
192 1.91129493713 81.817002 41.340993 2.4823985 79.5 42.5 2.61799387799 2.59071331761 7.76904288039 0.853877514889
195 1.91046285629 81.903012 41.262396 2.332631 79.5 42.5 2.50163859453 2.70298544816 9.68342187195 0.878972313524
198 1.91012191772 81.909487 41.089487 2.1583794 79.5 43.5 2.38528331106 3.40825476253 13.0006364587 0.822049976776
201 1.92241287231 81.924053 40.998223 1.9975831 79.5 42.5 2.15257274413 2.85155520805 8.88025247667 1.23910424515
204 1.92532801628 81.960862 40.844259 1.8446809 79.5 42.5 2.03621746066 2.96602765363 10.9742365483 1.18943519693
207 1.92877101898 81.927588 40.703608 1.6857979 79.5 42.5 1.80350689373 3.01996816463 6.74422855132 1.06312214235
210 1.9263510704 81.924928 40.686406 1.5459903 79.5 42.5 1.68715161026 3.02810155081 8.0879473085 1.15533307031
213 1.917552948 81.81851 40.588718 1.3660151 79.5 42.5 1.45444104333 3.00474416609 5.06643335219 3.76969467617
216 1.90941786766 81.824065 40.431016 1.2110526 79.5 42.5 1.33808575986 3.11158688075 7.27846391832 5.97326059027
219 1.91573810577 82.277545 41.390368 1.1504821 80.5 44.5 1.33808575986 3.58182598718 10.7488979313 9.585808855
222 1.91476893425 82.927041 42.739254 1.1137092 80.5 44.5 1.10537519293 2.99845868609 -0.477503431558 7.13321978305
225 1.90264892578 83.677797 44.09726 1.084748 81.5 45.5 1.10537519293 2.5904592799 1.18185109808 5.23435767048
228 1.90357398987 84.372874 45.412874 1.0478677 82.5 46.5 1.10537519293 2.16552533113 3.29493663525 6.50565775854
231 1.89610695839 85.159381 46.677356 1.0274995 82.5 48.5 1.10537519293 3.22402519436 4.46194853153 6.96678978424
234 1.90305995941 85.928298 47.908079 0.99952116 83.5 49.5 1.10537519293 2.9035915083 6.06498933131 5.52434265228
237 1.90403795242 86.76373 49.194484 0.95689161 84.5 51.5 0.989019909463 3.23107993389 1.84081596219 3.3104382947
240 1.90580916405 87.649962 50.387631 0.93226665 85.5 52.5 0.989019909463 3.0140403769 3.25172224087 2.46630615444
243 1.90243816376 88.570925 51.559268 0.90792052 86.5 53.5 0.872664625997 2.8381633236 -2.02001392932 2.32291965049
246 1.9061768055 89.47196 52.652014 0.8832857 87.5 54.5 0.872664625997 2.70253186804 -0.608542714259 6.64140317621
249 1.90503191948 90.492516 53.754021 0.83763364 88.5 55.5 0.872664625997 2.64925700503 2.00712764982 7.95219445318
252 1.90176796913 91.498687 54.898001 0.81217592 89.5 57.5 0.872664625997 3.28102857652 3.46574756185 7.51618086982
255 1.90204405785 92.568948 55.94073 0.78340538 90.5 58.5 0.872664625997 3.29095863839 5.11417807816 9.52627665559
258 1.90468192101 93.547241 56.960456 0.75288469 91.5 59.5 0.872664625997 3.26197477612 6.86288480298 9.54199399553
261 1.90649795532 94.620679 57.928363 0.72990952 91.5 60.5 0.872664625997 4.04375497289 8.17926507758 8.5880874883
264 1.90253520012 95.770396 58.899507 0.6896339 92.5 61.5 0.872664625997 4.17828359974 10.4868881209 7.24648581985
267 1.90956711769 96.962501 59.840194 0.66858365 93.5 63.5 0.872664625997 5.03816366672 11.6929786035 5.5190245438
270 1.91679692268 98.232224 60.772339 0.64204005 96.5 63.5 0.639954059065 3.23121254595 -0.119518476702 8.77421003006
273 1.92616796494 99.416545 61.686454 0.60185601 97.5 64.5 0.639954059065 3.40428932835 2.18285741908 4.60707834617
276 1.91523718834 100.66015 62.48684 0.57932353 98.5 64.5 0.523598775598 2.95280565024 -3.19279324162 2.9143341712
279 1.91854095459 101.84252 63.245661 0.55317695 100.5 65.5 0.523598775598 2.6238148329 -1.69470455892 1.92064215002
282 1.91456890106 103.2489 64.041483 0.52149049 101.5 65.5 0.523598775598 2.27726218282 0.120795866791 3.63415991799
285 1.91877603531 104.5021 64.838724 0.48902664 101.5 66.5 0.523598775598 3.43109929296 1.98083745854 6.0423875255
288 1.9185218811 105.89753 65.50297 0.45749312 103.5 67.5 0.523598775598 3.12030109473 3.78757506773 4.76015177042
291 1.91852617264 107.23441 66.106065 0.425495 104.5 68.5 0.523598775598 3.63427060527 5.62093229608 4.02253639664
294 1.92228388786 108.62185 66.694881 0.38650919 106.5 68.5 0.523598775598 2.78580365903 7.85465466998 3.71614780853
297 1.90736198425 110.08086 67.251857 0.35533208 107.5 69.5 0.407243492132 3.42271606886 2.97430482373 5.04881916698
300 1.90197396278 111.50781 67.766864 0.33459052 108.5 69.5 0.407243492132 3.47140913616 4.16270867225 3.63018787936
303 1.90520715714 112.87691 68.182524 0.30685182 109.5 70.5 0.290888208666 4.09563379206 -0.914647555241 3.10013683674
306 1.90335297585 114.36462 68.651393 0.28808498 111.5 70.5 0.407243492132 3.40931013327 6.82727983822 3.26420143311
309 1.90283107758 115.83449 69.001579 0.25083859 113.5 70.5 0.407243492132 2.7740059577 8.96134078732 5.58454929719
312 1.90294504166 117.19736 69.329841 0.23044123 114.5 71.5 0.290888208666 3.4619851321 3.46335676186 5.88995754243
315 1.9051759243 117.78731 69.484411 0.20147117 115.5 71.5 0.407243492132 3.04866955458 11.7898855988 7.84890739802
318 1.90442800522 116.42938 69.228806 0.13415298 114.5 71.5 0.290888208666 2.98007204108 8.98026710356 10.0915602025
321 1.93024301529 114.80773 69.128985 0.0979988 113.5 70.5 0.290888208666 1.89468727845 11.0517490293 6.33756096419
324 1.91011500359 113.35769 69.056433 0.067460522 111.5 70.5 0.290888208666 2.35263635515 12.8014634723 5.83146400722
327 1.92217993736 111.81488 68.96352 0.032275621 110.5 70.5 0.174532925199 2.0222957758 8.15074313554 5.55462074594
330 1.92168617249 110.29576 68.94659 -0.0039959963 109.5 70.5 0.174532925199 1.74537004836 10.2289537229 7.27401009994
333 1.91697502136 108.74459 69.016615 -0.039899491 107.5 70.5 0.0581776417331 1.9363458695 5.61940577235 4.26756888139
336 1.90411400795 107.27384 69.125159 -0.081381225 106.5 70.5 0.0581776417331 1.57766159898 7.99613405744 2.83762226317
339 1.89864492416 105.77123 69.311189 -0.11875782 104.5 70.5 0.0581776417331 1.74048766345 10.1376552035 5.53511570549
342 1.92412185669 104.23308 69.487176 -0.13593074 103.5 70.5 0.0581776417331 1.2502874635 11.1215910414 6.32392033899
345 1.91616797447 102.67844 69.809947 -0.17996689 101.5 72.5 6.22500766545 2.93685307368 6.97800991576 5.17394699044
348 1.9238679409 101.19539 70.111952 -0.20894349 100.5 72.5 6.22500766545 2.48723551406 8.6382468004 2.17932495074
351 1.91835188866 99.695937 70.47501 -0.24032587 98.5 72.5 6.22500766545 2.35177588389 10.4363247255 4.52293880966
354 1.91834688187 98.200311 70.897104 -0.28344925 96.5 72.5 6.22500766545 2.33673556132 12.9071123978 5.51121539423
357 1.90888094902 96.614615 71.415819 -0.3144709 95.5 73.5 6.10865238198 2.36350947512 8.01785534968 4.87285310475
360 1.90816903114 95.216051 71.909445 -0.34657274 94.5 73.5 6.10865238198 1.74430336886 9.85715529628 5.35581253266
363 1.90897107124 93.790761 72.497598 -0.38120404 91.5 73.5 6.10865238198 2.50047909984 11.8413826253 5.6707419376
366 1.90419483185 92.417114 73.016357 -0.35870282 89.5 73.5 6.10865238198 2.95693500782 10.5521576854 6.5199653109
369 1.90891599655 91.055309 73.519772 -0.33819517 89.5 74.5 6.10865238198 1.83843221726 9.37715589271 4.23303023149
372 1.90416693687 89.614615 74.074076 -0.31837694 88.5 74.5 6.10865238198 1.19322162736 8.24165495629 5.18266232095
375 1.90713787079 88.314109 74.556366 -0.29979055 86.5 75.5 6.10865238198 2.04485612937 7.17673325291 6.03907847419
378 1.90445613861 86.88131 74.994533 -0.2764152 85.5 75.5 6.10865238198 1.47088891633 5.83742435326 6.85316463593
381 1.90385508537 85.443672 75.387112 -0.25727157 83.5 76.5 6.10865238198 2.23972778349 4.7405751497 5.66896606425
384 1.90464687347 84.055287 75.832526 -0.23267107 82.5 75.5 6.22500766545 1.59043742192 9.99773699246 4.33050328007
387 1.90986204147 82.664555 76.128737 -0.22389476 80.5 75.5 6.22500766545 2.254020533 9.49489146976 2.21669719178
390 1.91860294342 81.173968 76.455415 -0.20673661 79.5 77.5 6.10865238198 1.9731514608 1.84513522384 5.01063938192
393 1.92345309258 79.819657 76.754609 -0.1833313 77.5 78.5 6.10865238198 2.90296371671 0.504109742647 7.33211628292
396 1.91246795654 78.325485 77.027059 -0.15611548 76.5 78.5 6.22500766545 2.34562372829 5.61142478733 5.56645704182
399 1.92211914062 76.892215 77.264525 -0.13798763 74.5 78.5 6.22500766545 2.69241361641 4.57277549068 5.00596623109
402 1.91750788689 75.420868 77.548324 -0.12557438 72.5 78.5 6.22500766545 3.07199561888 3.86154865564 5.61802435222
405 1.90448999405 73.926916 77.691819 -0.097717287 71.5 78.5 6.22500766545 2.55794405721 2.26545479724 1.32277312371
408 1.90185403824 72.448195 77.857208 -0.08052134 69.5 77.5 0.0581776417331 2.96975610333 7.94686627607 1.71508546933
411 1.8992459774 71.010734 77.97039 -0.05919809 68.5 79.5 0.0581776417331 2.93998162764 6.72513404557 2.10800917289
414 1.90991616249 70.665666 77.98114 -0.052809071 68.5 79.5 0.0581776417331 2.64519279508 6.35907022164 2.95011920806
417 1.91008710861 70.65903 77.973391 -0.052747867 68.5 79.5 0.0581776417331 2.64422873061 6.35556349075 4.08792818693
420 1.90942621231 70.662549 77.975477 -0.051931253 68.5 79.5 0.0581776417331 2.64590032974 6.30877495506 5.23534969566
423 1.91285300255 70.657477 77.975804 -0.053730261 69.5 79.5 0.0581776417331 1.91387733461 6.41185052077 6.35572430997
426 1.92708587646 70.657208 77.964864 -0.053397677 69.5 79.5 0.174532925199 1.92243930821 13.0594615279 7.28486860494
