3 1.50777101517 58.425211 99.52669 -0.076600623 2.5 5.5 0.436332312999 109.401314698 29.388892406 1.7763568394e-15
6 1.54014587402 58.436309 99.5178 -0.082073852 31.5 86.5 0.436332312999 29.9170162179 29.702485328 0.112088757349
9 1.52318406105 59.138497 99.506199 -0.079127672 62.5 110.5 4.45058959259 11.4962325501 -100.466318352 3.38862566896
12 1.52102684975 60.588187 99.398001 -0.084356487 79.5 138.5 4.27605666739 43.4352736465 -110.16672932 3.78450853702
15 1.51859879494 62.026729 99.268445 -0.080345137 60.5 101.5 1.4835298642 2.7038378571 89.6034372545 4.10918655936
18 1.52198815346 63.612811 99.142137 -0.077882356 77.5 133.5 4.62512251778 37.0582887928 -90.5376697027 5.11906641543
21 1.50912690163 65.109709 99.045111 -0.075303117 77.5 132.5 4.62512251778 35.6756066391 -90.6854492117 4.76786077382
24 1.51536607742 66.576646 98.887554 -0.079079542 118.5 58.5 0.0872664625997 65.7813743298 9.53092400243 5.56602136657
27 1.51075911522 68.114632 98.811042 -0.080004433 73.5 27.5 4.79965544298 71.5141028023 -80.4160836468 5.87966395618
30 1.52319002151 69.601579 98.673025 -0.074381156 74.5 25.5 4.79965544298 73.3367991935 -80.7382736859 6.55655657685
33 1.51730084419 71.154315 98.514904 -0.080273853 36.5 72.5 4.62512251778 43.3323987133 -90.4006470178 6.46860821988
36 1.50888800621 72.642873 98.438251 -0.077397051 36.5 70.5 4.62512251778 45.682087711 -90.5654756309 6.27576129606
39 1.50596785545 74.179887 98.27586 -0.078945335 71.5 99.5 6.19591884458 2.9462371039 -0.476765492254 5.67079995667
42 1.52105212212 75.689674 98.17429 -0.079512997 73.5 99.5 6.19591884458 2.55972249089 -0.444240855464 5.35608436458
45 1.51158595085 77.259307 98.055637 -0.072379503 74.5 99.5 6.19591884458 3.114475814 -0.852959954846 5.98893124633
48 1.51179003716 78.667542 97.976243 -0.066300397 76.5 98.5 0.0872664625997 2.22992370202 8.79873292814 7.61302803362
51 1.53789901733 80.25432 97.827625 -0.077582567 77.5 99.5 6.19591884458 3.22228440753 -0.554846347109 4.36335308096
54 1.60641598701 81.813353 97.68277 -0.074716444 79.5 99.5 6.19591884458 2.94175576408 -0.719063098574 3.31139150561
57 1.52689194679 82.622729 97.654646 -0.085105116 80.5 99.5 6.19591884458 2.81270506679 -0.123836038229 5.92617016094
60 1.53454589844 81.436592 97.754867 -0.094486992 79.5 99.5 6.19591884458 2.60689043923 0.413705860486 4.11643589796
63 1.5333878994 79.890684 97.897701 -0.093381766 77.5 100.5 6.19591884458 3.53374165344 0.350381075278 6.85407835993
66 1.54510307312 78.411812 98.037468 -0.097953665 76.5 100.5 6.19591884458 3.1175453444 0.612331592338 5.53509063668
69 1.54336500168 76.931086 98.162597 -0.096433306 74.5 100.5 6.19591884458 3.3724815676 0.525221438294 4.4725632133
72 1.54414010048 75.443161 98.337547 -0.10164342 73.5 100.5 6.19591884458 2.9072457153 0.823738981276 5.28648671212
75 1.54229903221 73.912871 98.553041 -0.10292365 71.5 100.5 6.19591884458 3.10041865082 0.897090757082 5.58339133454
78 1.54348993301 72.413468 98.668417 -0.11145399 70.5 100.5 6.19591884458 2.64878388566 1.38584323689 7.83037953862
81 1.53904891014 70.926618 98.82512 -0.11572496 68.5 97.5 0.0872664625997 2.76485405263 11.6305517923 3.26926467565
84 1.54349803925 69.460294 99.048845 -0.12091472 67.5 97.5 0.0872664625997 2.49833412506 11.927903137 7.26718305609
87 1.54212403297 67.984026 99.205817 -0.12024712 65.5 97.5 0.0872664625997 3.0133364907 11.8896524746 3.02702081003
90 1.52807497978 66.409271 99.378533 -0.12589377 64.5 97.5 0.0872664625997 2.67847008263 12.213181688 6.76632618395
93 1.52245187759 64.97003 99.579245 -0.12534264 62.5 97.5 0.0872664625997 3.22866969059 12.181604265 2.93315861768
96 1.52145504951 63.450289 99.830398 -0.13542326 61.5 100.5 6.19591884458 2.06203637745 2.7591812459 7.3345393748
99 1.61553001404 62.015499 100.01094 -0.13023941 59.5 100.5 6.19591884458 2.56259924737 2.46216851927 10.726417976
102 1.62703299522 60.420275 100.24313 -0.1356293 58.5 97.5 0.0872664625997 3.34846506216 12.7709864683 6.63344945124
105 1.50720310211 58.989222 100.44438 -0.14088208 56.5 97.5 0.0872664625997 3.85559330709 13.071948593 2.8241425504
108 1.53079891205 58.528509 100.58832 -0.24160345 56.5 96.5 0.0872664625997 4.56390284575 18.8428580008 2.60750181797
111 1.53912210464 58.390768 100.67023 -0.3827913 56.5 96.5 6.19591884458 4.57884503808 16.9323259243 2.20171562345
114 1.52116513252 58.26024 100.80046 -0.53685502 56.5 97.5 6.02138591938 3.74051882353 15.7595268564 1.8659942959
117 1.5332839489 58.2435 100.85046 -0.70040996 56.5 101.5 5.67232006898 1.86056294212 5.13053463693 3.83406648026
120 6.88982081413 58.129433 100.95873 -0.85888639 56.5 96.5 5.32325421858 4.74713862389 -5.78943477177 1.34593544092
123 1.52778482437 58.21235 101.09089 -1.0276822 56.5 102.5 5.14872129338 2.21759633716 -6.11814725928 1.18185685362
126 1.51358318329 58.152327 101.12822 -1.1869287 56.5 101.5 5.14872129338 1.69363658538 3.00600509295 0.985564740888
129 1.52397108078 58.049715 101.26081 -1.3398137 56.5 101.5 4.97418836818 1.56806518912 1.76567034381 0.888692964461
132 1.53438687325 58.024835 101.49733 -1.4943786 56.5 101.5 4.79965544298 1.5248373376 0.621586774669 0.819435472428
135 1.52630996704 58.064001 101.65215 -1.6522241 56.5 101.5 4.62512251778 1.57138434207 -0.334532260199 0.760268101468
138 1.51382017136 58.104403 101.68885 -1.8037565 56.5 102.5 4.45058959259 1.797796793 -1.65236528071 0.712523552716
141 1.52118706703 58.177183 101.78616 -1.9584038 56.5 102.5 4.27605666739 1.82277545548 -2.79172767762 0.695653929857
144 1.51519203186 58.164815 101.89412 -2.1101089 56.5 101.5 4.27605666739 1.71083007883 5.90033428299 0.66780523711
147 1.53006505966 58.333441 101.96561 -2.2758326 56.5 102.5 3.92699081699 1.9097325919 -4.60439714172 1.87213044392
150 1.47307801247 58.547547 101.97367 -2.4518694 55.5 101.5 3.92699081699 3.08413780271 5.48176853727 3.31120616904
153 1.51754283905 58.609003 102.09152 -2.5989269 55.5 101.5 3.75245789179 3.16477417273 3.90754263302 6.55143390636
156 1.52197408676 58.561869 102.14088 -2.6173282 55.5 101.5 3.57792496659 3.12822137125 -5.03814053943 6.51934245335
159 1.53880286217 58.51155 102.01626 -2.5045701 55.5 101.5 3.75245789179 3.05547996068 -1.49870377534 9.15563514295
162 1.51891899109 58.437648 101.90068 -2.3721379 55.5 101.5 3.92699081699 2.96484742176 0.913490093026 7.58690966966
165 1.52381706238 58.147744 101.95537 -2.2082701 55.5 101.5 4.10152374219 2.68661685516 1.52455675493 7.71182619781
168 1.52766704559 58.037351 101.82492 -2.0566813 55.5 101.5 4.27605666739 2.5580701913 2.83915829348 6.03874802554
171 1.52240180969 57.944091 101.71587 -1.9011295 55.5 101.5 4.45058959259 2.45360564745 3.92669665782 2.42277884974
174 1.51989388466 57.908577 101.57431 -1.7585036 55.5 101.5 4.62512251778 2.40972304239 5.75483453856 1.19632294652
177 1.5305378437 57.841285 101.40683 -1.6171883 55.5 100.5 4.62512251778 2.51076802993 -2.34193573206 1.01152170228
180 1.52635383606 57.86028 101.30305 -1.4556073 55.5 101.5 4.79965544298 2.3684828437 -1.59984508157 0.89168531446
183 1.54198503494 57.788579 101.03213 -1.3093986 55.5 101.5 4.97418836818 2.3359144197 0.0230134803386 0.827733222877
186 1.51542782784 57.852229 100.87925 -1.1701135 55.5 101.5 5.14872129338 2.43275807078 2.04256510128 0.818989236312
189 1.50716614723 57.956865 100.8248 -1.0236231 55.5 101.5 5.14872129338 2.54795617471 -6.3507165579 0.770912033871
192 1.53419804573 57.906072 100.67156 -0.85835482 55.5 101.5 5.32325421858 2.54469945235 -5.81989148929 0.88978174924
195 6.87698888779 57.990597 100.53155 -0.72265365 55.5 101.5 5.49778714378 2.67225912271 -3.59499580528 0.760085679097
198 1.51688504219 58.042848 100.37669 -0.56279892 55.5 101.5 5.67232006898 2.7799103056 -2.75399716948 1.32778796662
201 1.51248908043 58.157277 100.32166 -0.41301063 55.5 101.5 5.84685299418 2.90682063608 -1.33623400696 1.31610802167
204 1.52199316025 58.686264 100.08548 -0.29965148 56.5 101.5 6.02138591938 2.60396181003 2.16876512885 0.980848602823
207 1.52108597755 59.980629 99.666017 -0.30408986 57.5 101.5 6.02138591938 3.08496578262 2.42306557072 5.03145460175
210 1.53472900391 61.363687 99.173884 -0.32636207 58.5 100.5 6.02138591938 3.15583378514 3.69916920415 6.77920679139
213 1.53376102448 62.885593 98.69498 -0.37512441 59.5 100.5 6.02138591938 3.83670915787 6.49304548534 6.97308266662
216 1.53455805779 64.287236 98.118834 -0.4012694 61.5 100.5 6.02138591938 3.66587452585 7.99104306775 7.44467498581
219 2.82287096977 66.572969 97.068508 -0.44319642 63.5 98.5 6.02138591938 3.39003065193 10.3932843613 6.39610503646
222 1.52028107643 67.896132 96.441291 -0.47211549 65.5 97.5 6.02138591938 2.61960174609 12.0502250198 6.78407230593
225 1.5208671093 69.150612 95.708615 -0.49267498 66.5 97.5 5.84685299418 3.19918805211 3.22819702569 7.57884315051
228 1.52936911583 70.465141 94.973778 -0.52461339 67.5 96.5 5.84685299418 3.33487852 5.05813312305 7.37533141936
231 1.52814507484 71.675984 94.192345 -0.54871183 68.5 95.5 5.84685299418 3.43465223382 6.4388720279 6.12357846887
234 1.51914596558 72.999296 93.402727 -0.58180979 70.5 94.5 5.84685299418 2.72955830349 8.33524544639 5.00202121517
237 1.51249098778 74.284244 92.44261 -0.63095882 71.5 94.5 5.84685299418 3.46191684817 11.1512774326 8.69455183377
240 1.51183795929 75.447368 91.599491 -0.66374929 72.5 93.5 5.84685299418 3.5069805512 13.0300329718 6.70706963498
243 1.50995397568 76.572595 90.665594 -0.69142624 73.5 92.5 5.84685299418 3.57853118009 14.6158053966 8.36516922064
246 1.5104868412 77.783785 89.658033 -0.71509647 74.5 91.5 5.84685299418 3.76511438808 15.9720096757 6.28863710279
249 1.51261305809 78.874801 88.696028 -0.74032963 76.5 90.5 5.67232006898 2.98228012876 7.41776324748 3.8287033909
252 1.50404882431 80.03236 87.613917 -0.7252394 77.5 89.5 5.67232006898 3.1575554235 6.5531567566 4.18679319751
255 1.50677084923 81.079285 86.604124 -0.70281223 79.5 88.5 5.67232006898 2.46748595104 5.26817456918 3.02865816148
258 1.5133190155 82.380517 85.593177 -0.66953842 80.5 88.5 5.84685299418 3.46207512059 13.3617256879 3.92318735864
261 1.51078009605 83.553536 84.670161 -0.64546431 81.5 87.5 5.84685299418 3.4964265857 11.9823807893 5.74283090572
264 1.51743006706 84.753159 83.736184 -0.60820056 82.5 85.5 5.67232006898 2.86142837778 -0.152674814507 5.41373824703
267 1.53417301178 85.938286 82.919631 -0.58097683 83.5 84.5 5.67232006898 2.90565049412 -1.71247964611 3.52080352161
270 1.52760696411 87.249998 82.030848 -0.55954063 85.5 83.5 5.67232006898 2.28492901402 -2.94068343491 4.76582548638
273 1.52415204048 88.578333 81.141585 -0.52544337 86.5 82.5 5.84685299418 2.48289334671 5.10568747413 5.90785555859
276 1.51340508461 89.874585 80.458812 -0.49549775 87.5 82.5 5.84685299418 3.13131000918 3.38992983323 5.18649366367
279 1.51553297043 91.229191 79.664539 -0.46697991 88.5 81.5 5.84685299418 3.28898169606 1.7559779604 3.3120221011
282 1.51297187805 92.640842 79.007823 -0.44436504 89.5 81.5 5.84685299418 4.00946812786 0.460241355162 1.71415687059
285 1.51690483093 93.942666 78.269838 -0.40450827 91.5 80.5 5.84685299418 3.30760332171 -1.82338335086 4.20216779129
288 1.53047084808 95.385584 77.620959 -0.38607018 92.5 79.5 6.02138591938 3.44345612731 7.12019190986 5.89883584979
291 1.52782702446 96.747733 77.074345 -0.36376533 94.5 79.5 6.02138591938 3.30697835165 5.84221814218 6.22021922052
294 1.51908493042 98.250871 76.540386 -0.33417824 96.5 79.5 6.02138591938 3.43873003995 4.14700275711 10.4013172479
297 1.53204083443 99.752933 76.027378 -0.30758365 97.5 78.5 6.02138591938 3.34508096425 2.62324499223 8.89277240018
300 1.45482301712 100.00981 75.897783 -0.33361957 98.5 78.5 6.02138591938 3.00849788951 4.11499332397 9.28663655952
303 1.34612011909 98.714105 76.429985 -0.36219797 97.5 79.5 6.02138591938 3.30136987495 5.75241502921 9.21772272744
306 1.52482104301 97.284888 77.028291 -0.39087517 95.5 79.5 6.02138591938 3.04879821458 7.39549755746 8.55849083299
309 1.52244997025 95.817851 77.649213 -0.42317241 95.5 80.5 6.02138591938 2.86845180848 9.24599309938 4.31820034047
312 1.52189993858 94.571565 78.35291 -0.46228827 93.5 80.5 6.02138591938 2.39963476749 11.4871667894 3.13669432627
315 1.52560186386 93.13187 79.138887 -0.4938927 91.5 80.5 6.02138591938 2.12500077545 13.2979672423 3.84103775152
318 1.51055002213 91.836662 79.862922 -0.52529077 89.5 80.5 6.02138591938 2.4219532779 15.0969441382 7.16654550182
321 1.51080393791 90.529269 80.702102 -0.55721841 88.5 80.5 6.02138591938 2.03930818975 16.92626316 3.14744147362
324 1.51253294945 89.308886 81.573217 -0.59808232 86.5 80.5 6.02138591938 3.00693120807 19.2675927374 4.80388796716
327 1.51170611382 88.100372 82.484783 -0.6409076 85.5 81.5 6.02138591938 2.78059923316 21.7213005379 6.08565871421
330 1.51222014427 86.96204 83.432583 -0.67310863 83.5 81.5 6.02138591938 3.96492093408 23.5662836528 3.75768175222
333 1.5335278511 85.711036 84.448892 -0.70015711 82.5 81.5 6.02138591938 4.35966927885 25.1160473991 2.27496960484
336 1.52724194527 84.630521 85.38864 -0.74348817 82.5 85.5 5.84685299418 2.13342934756 17.5987342589 5.16934544063
339 1.51531910896 83.531548 86.470864 -0.76732045 80.5 86.5 5.67232006898 3.03168800882 8.96422331908 5.28381845414
342 1.51778483391 82.436303 87.632765 -0.79615086 79.5 87.5 5.67232006898 2.9393029536 10.6160841337 2.88442972993
345 1.5138759613 81.390428 88.717115 -0.83255466 78.5 88.5 5.67232006898 2.8985708455 12.7018682319 2.24937343172
348 2.81905889511 80.091493 90.270385 -0.85191671 76.5 89.5 5.67232006898 3.67318867161 13.8112319797 1.97251047197
351 1.51781392097 79.121061 91.3195 -0.83027867 76.5 90.5 5.67232006898 2.74618663163 12.5714636107 1.58690120906
354 1.51134490967 78.091476 92.534394 -0.81038411 74.5 89.5 5.84685299418 4.70172806591 21.4315892875 3.70594315449
357 1.53057289124 77.093441 93.512556 -0.78090008 74.5 92.5 5.67232006898 2.78409875429 9.74227880543 5.35179417969
360 1.51034212112 76.051262 94.597058 -0.76703211 73.5 93.5 5.67232006898 2.77713414296 8.94770265401 4.21548899907
363 1.51249504089 75.027276 95.58972 -0.75132884 72.5 94.5 5.67232006898 2.7522016021 8.04797155846 5.63256267183
366 1.53390216827 73.852657 96.593273 -0.72312741 70.5 94.5 5.67232006898 3.95248033672 6.43214864323 3.20200873517
369 1.51987099648 72.811015 97.559971 -0.70587276 68.5 94.5 5.84685299418 5.28661260649 15.4435300213 2.01912586903
372 1.51739811897 71.630899 98.505259 -0.68120937 68.5 98.5 5.67232006898 3.13090341679 4.03042186577 3.78398211865
375 1.53064703941 70.538887 99.423882 -0.66641532 67.5 99.5 5.67232006898 3.03984015183 3.18278523886 6.3854501938
378 1.5113401413 69.331788 100.31013 -0.63648641 66.5 100.5 5.67232006898 2.83814620727 1.46798501043 5.43152734435
381 1.51218700409 68.205766 101.18772 -0.63190253 65.5 101.5 5.67232006898 2.72372694027 1.20534803264 7.65271486569
384 1.51916098595 66.997353 102.01418 -0.604237 64.5 102.5 5.67232006898 2.54416844549 -0.379770074354 3.89215665711
387 1.51904797554 65.749881 102.79371 -0.58263231 63.5 102.5 5.84685299418 2.26897114972 8.38237237096 5.58500250292
390 1.4290189743 64.390622 103.72927 -0.540005 62.5 103.5 5.84685299418 1.90447270387 5.94000741596 5.62134097741
393 1.27304291725 63.066948 104.49561 -0.5165186 60.5 105.5 5.84685299418 2.75645085333 4.59433582001 6.83066718473
396 1.27616000175 62.072466 105.11862 -0.50368551 59.5 105.5 5.84685299418 2.60058301647 3.85905392489 4.66876671205
399 1.28416204453 62.084059 105.11634 -0.50537083 59.5 105.5 5.84685299418 2.61238510007 3.95561564802 5.47404608871
402 1.2773399353 62.06969 105.12384 -0.50501376 59.5 105.5 5.84685299418 2.59707586368 3.93515704403 5.76036375463
405 1.28018403053 62.088061 105.11683 -0.50531554 59.5 105.5 5.84685299418 2.61627196381 3.95244776437 5.70141129578
408 1.28214097023 62.080145 105.11527 -0.50526072 59.5 105.5 5.84685299418 2.60867119314 3.94930680974 5.56388089465
411 1.28196382523 62.084425 105.11388 -0.50526675 59.5 106.5 5.84685299418 2.9326747578 3.94965230329 5.48375293781
414 1.28417301178 62.090561 105.10315 -0.50372534 59.5 106.5 5.84685299418 2.94316092275 3.86133601579 5.41635453377
