3 3.76159191132 58.425211 99.52669 -0.076600623 73.212350172 38.2482463494 0.827726975295 63.037347193 51.8141546795 0
6 3.76793599129 58.436309 99.5178 -0.082073852 44.1909673931 96.3164562672 -2.94759149012 14.6006287259 -164.182066784 0
9 4.10720801353 59.138497 99.506199 -0.079127672 129.654564116 139.478697783 -2.32384707324 81.0574881208 -128.612947882 0
12 4.41838693619 60.588187 99.398001 -0.084356487 59.4578864156 107.996744546 -0.167323951682 8.67271410648 -4.75368556318 0
15 4.06362915039 62.026729 99.268445 -0.080345137 87.3933198318 85.2732231015 -2.77056550723 28.9711954606 -154.138273174 0
18 3.64207983017 63.612811 99.142137 -0.077882356 84.1233233754 82.9253796434 -0.561652591249 26.1469756772 -27.7179927338 0
21 4.04860401154 65.109709 99.045111 -0.075303117 121.195460729 102.413991836 -1.47727695651 56.1868392519 -80.3271839915 0
24 3.28080701828 66.576646 98.887554 -0.079079542 34.724562622 88.4150641376 -2.70100745101 33.5295132598 -150.225403374 0
27 5.12921714783 68.114632 98.811042 -0.080004433 46.2997945748 19.0802208231 0.198955134825 82.6613027809 15.9832058911 0
30 3.34759497643 69.601579 98.673025 -0.074381156 75.621575977 26.4464276436 -1.53544238334 72.4770427742 -83.7126419365 0
33 3.02212405205 71.154315 98.514904 -0.080273853 69.8324938107 98.606449955 -0.224484433146 1.32498751627 -8.26265760349 0
36 3.0331299305 72.642873 98.438251 -0.077397051 70.4016534609 97.0533098136 2.24340464195 2.6346018887 132.972142093 0
39 3.01289820671 74.179887 98.27586 -0.078945335 72.4703742897 100.138508544 0.410763690394 2.52821939393 28.0582603445 0
42 3.03250598907 75.689674 98.17429 -0.079512997 72.9110699146 96.9246882075 -0.160757316171 3.04666133712 -4.65495659789 0
45 3.02512788773 77.259307 98.055637 -0.072379503 75.751922807 99.2755520951 0.0861673111214 1.93917506811 9.0840633044 0
48 3.02898216248 78.667542 97.976243 -0.066300397 75.2379696429 98.774293813 0.078777225638 3.52120031421 8.31233547895 0
51 3.04537892342 80.25432 97.827625 -0.077582567 75.7331316477 100.026770425 0.0172774999066 5.02766195336 5.43508147808 0
54 3.02480196953 81.813353 97.68277 -0.074716444 79.3631927836 98.9373262911 0.0471107806722 2.75267080734 6.98018580351 0
57 3.04411482811 82.622729 97.654646 -0.085105116 80.3604833486 99.5383435211 0.0149651404682 2.94381924345 5.73360335042 0
60 3.04280090332 81.436592 97.754867 -0.094486992 78.7111344885 98.6271825624 0.0271159487106 2.86165216049 6.9673352791 0
63 3.02708506584 79.890684 97.897701 -0.093381766 77.5646586912 99.4706190105 0.0198606385736 2.80792891732 6.48831184398 0
66 3.02666306496 78.411812 98.037468 -0.097953665 76.5208942228 99.0515235634 0.0228415328748 2.14566510105 6.92105502367 0
69 3.04981803894 76.931086 98.162597 -0.096433306 75.1952774471 99.1525689221 -0.0104900442065 1.99826818495 4.92418617835 0
72 3.03364610672 75.443161 98.337547 -0.10164342 72.4064277565 99.4174789268 0.0157701432523 3.22304231416 6.72730163195 0
75 3.05309391022 73.912871 98.553041 -0.10292365 72.0393254228 98.5848370976 0.0735681130722 1.87381536485 10.1122331429 0
78 3.01193904877 72.413468 98.668417 -0.11145399 69.951079305 100.075174217 -0.064464637042 2.83589914386 2.69229160654 0
81 3.008289814 70.926618 98.82512 -0.11572496 68.5555898017 97.9913919214 0.0332248334194 2.51333985488 8.53419452228 0
84 3.02724814415 69.460294 99.048845 -0.12091472 66.9676255878 98.8638787629 0.0219407546479 2.49952161861 8.18501577766 0
87 3.01956415176 67.984026 99.205817 -0.12024712 66.0232123996 98.6373013102 0.00383610701757 2.04156804077 7.10944521647 0
90 3.00025010109 66.409271 99.378533 -0.12589377 63.2546406686 98.6411487934 0.0315987208566 3.23966479685 9.02365503109 0
93 2.97830796242 64.97003 99.579245 -0.12534264 62.959493116 98.1788492274 0.0517993698359 2.45017690834 10.1494895381 0
96 3.00271105766 63.450289 99.830398 -0.13542326 60.69083582 98.9546353665 0.0143063241887 2.89508929786 8.57887324226 0
99 2.99417591095 62.015499 100.01094 -0.13023941 59.7968622319 98.4214939258 0.00655102474976 2.72922844985 7.83751458892 0
102 2.97945308685 60.420275 100.24313 -0.1356293 58.1307461483 97.5867888848 0.0344280776317 3.50686333967 9.74357001336 0
105 3.09758996964 58.989222 100.44438 -0.14088208 56.3259248421 99.024012277 -0.0160992023022 3.01837642112 7.14953224758 0
108 3.16068887711 58.528509 100.58832 -0.24160345 56.3622568542 99.6410161417 -0.109835555653 2.3643250536 7.54974422139 0
111 3.05572485924 58.390768 100.67023 -0.3827913 55.8891187294 100.063795461 -0.233220136838 2.57410410108 8.56979638602 0
114 3.01928496361 58.26024 100.80046 -0.53685502 56.8345999659 101.143214283 -0.392051693826 1.46626396182 8.29661944924 0
117 3.01082897186 58.2435 100.85046 -0.70040996 56.5223228022 101.801381928 -0.532347279521 1.9663935159 9.62928228508 0
120 3.04712104797 58.129433 100.95873 -0.85888639 57.2602669136 102.879496735 -0.76722415164 2.10826813653 5.25185939876 0
123 3.02321600914 58.21235 101.09089 -1.0276822 56.3390347125 101.500029364 -0.860425984877 1.91747364662 9.58307522391 0
126 3.0262169838 58.152327 101.12822 -1.1869287 55.7826993053 100.9442809 -1.04851058257 2.37675598333 7.93077393674 0
129 3.00521707535 58.049715 101.26081 -1.3398137 56.6107316569 102.85581931 -1.42512510944 2.14819174237 -4.88798370522 0
132 3.03873801231 58.024835 101.49733 -1.4943786 56.8658688653 102.032142912 -1.5596771329 1.2764119053 -3.74133034358 0
135 3.02136301994 58.064001 101.65215 -1.6522241 55.5253381343 103.112278315 -1.65598505533 2.92861466268 -0.215486867242 0
138 3.01883101463 58.104403 101.68885 -1.8037565 56.3038077642 102.190358918 -1.8011587085 1.86913199039 0.148842489137 0
141 3.01875519753 58.177183 101.78616 -1.9584038 56.0199991175 101.90807108 -1.90068061517 2.1606259774 3.30729487085 0
144 3.03014492989 58.164815 101.89412 -2.1101089 56.8664232722 102.559467917 -2.10770563487 1.45894103028 0.137696949161 0
147 2.80687189102 58.333441 101.96561 -2.2758326 56.1337075343 101.905852115 -2.25193001679 2.20054500636 1.36951713733 0
150 2.7499320507 58.547547 101.97367 -2.4518694 54.8458167854 102.757967985 -2.17659307127 3.78390405684 15.7721718358 0
153 2.75240516663 58.609003 102.09152 -2.5989269 54.1004092352 102.108097486 -2.39243591471 4.50862424131 11.8310619647 0
156 2.74952912331 58.561869 102.14088 -2.6173282 54.6667534144 102.123399671 -2.53070659584 3.89515480909 4.96305233302 0
159 2.76710486412 58.51155 102.01626 -2.5045701 53.7934884772 102.426953504 -2.30201103984 4.73590262637 11.6057792495 0
162 2.75562596321 58.437648 101.90068 -2.3721379 53.6107028959 102.958768508 -2.09058615518 4.94155343274 16.131726693 0
165 2.74815201759 58.147744 101.95537 -2.2082701 54.2072251365 102.592818694 -2.08773357449 3.99174520121 6.90623418884 0
168 2.73795080185 58.037351 101.82492 -2.0566813 54.4416108988 101.059613552 -1.99673334999 3.67628084265 3.4347645259 0
171 2.74665784836 57.944091 101.71587 -1.9011295 52.9101285888 100.544193422 -1.63095383081 5.16852044216 15.4799255719 0
174 2.7475271225 57.908577 101.57431 -1.7585036 53.5647277892 101.250091638 -1.5335759972 4.35593199126 12.8874023362 0
177 2.73742985725 57.841285 101.40683 -1.6171883 52.3893872303 99.9604989087 -1.39481302309 5.64048428037 12.7411648353 0
180 2.71924304962 57.86028 101.30305 -1.4556073 52.7270847975 100.79365254 -1.21913337612 5.15840854916 13.5489578033 0
183 2.74395298958 57.788579 101.03213 -1.3093986 51.1133550222 101.319840593 -0.98966390109 6.68142144596 18.3194488114 0
186 2.74143099785 57.852229 100.87925 -1.1701135 52.2764626376 100.98235229 -0.901486317474 5.57671952054 15.3912038212 0
189 2.74617004395 57.956865 100.8248 -1.0236231 50.6408338185 99.9634792954 -0.758356108359 7.36655859986 15.1986790651 0
192 2.76517081261 57.906072 100.67156 -0.85835482 51.9622011352 102.641502487 -0.582005651315 6.2618107812 15.8336410376 0
195 2.74350500107 57.990597 100.53155 -0.72265365 51.7505951216 101.355176699 -0.306134500172 6.29412300333 23.8647893715 0
198 2.73109698296 58.042848 100.37669 -0.56279892 51.4098680162 101.822174059 0.0187893158528 6.78865580435 33.3225513288 0
201 2.67968583107 58.157277 100.32166 -0.41301063 53.6694530432 102.451984936 0.00392266086967 4.96778101369 23.8885179053 0
204 2.703977108 58.686264 100.08548 -0.29965148 54.9935277404 102.260410018 0.0701148445563 4.28562966951 21.1860498031 0
207 2.71600580215 59.980629 99.666017 -0.30408986 56.0804051976 102.529007924 0.0922319574497 4.83822929771 22.7075674688 0
210 2.72052907944 61.363687 99.173884 -0.32636207 56.6901260859 103.366874882 -0.0703850304813 6.27880117166 14.6664040167 0
213 2.71960902214 62.885593 98.69498 -0.37512441 59.6663595648 100.421415446 -0.112976060094 3.65294993926 15.0199940559 0
216 2.72862792015 64.287236 98.118834 -0.4012694 61.7214522236 100.464943486 -0.341376128891 3.47670477719 3.43163165576 0
219 2.75010299683 66.572969 97.068508 -0.44319642 62.9690691837 98.1478114579 -0.271689009988 3.76204596471 9.82665074889 0
222 2.7138171196 67.896132 96.441291 -0.47211549 65.5229791504 97.6978570522 -0.337969218601 2.68529564311 7.68601518856 0
225 2.71346211433 69.150612 95.708615 -0.49267498 66.2222526505 97.2936442276 -0.451393718899 3.32980571986 2.36524203406 0
228 2.7120821476 70.465141 94.973778 -0.52461339 67.3853725828 96.1525779232 -0.440270834675 3.29765716265 4.8324724535 0
231 2.72892308235 71.675984 94.192345 -0.54871183 68.8647710079 95.3917343619 -0.493568664032 3.05637912049 3.15947067894 0
234 2.70632314682 72.999296 93.402727 -0.58180979 70.3220672875 95.2126814421 -0.466927795707 3.23163869595 6.58225341503 0
237 2.72272515297 74.284244 92.44261 -0.63095882 71.877452712 93.6257685409 -0.556931276828 2.68188523934 4.24146579146 0
240 2.68647789955 75.447368 91.599491 -0.66374929 73.0442052178 93.0482363515 -0.542956298935 2.80607456264 6.92092858279 0
243 2.71725702286 76.572595 90.665594 -0.69142624 73.694877565 92.3116818188 -0.574221317653 3.3152470108 6.71534738866 0
246 2.70339298248 77.783785 89.658033 -0.71509647 75.5734540252 91.8693407816 -0.675002398603 3.1265708249 2.29722107455 0
249 2.69534492493 78.874801 88.696028 -0.74032963 76.537550441 90.9060365323 -0.648623652071 3.21665632111 5.25436549143 0
252 2.71763801575 80.03236 87.613917 -0.7252394 77.7798684078 89.7806365451 -0.625577637568 3.12544268221 5.71019836621 0
255 2.70612311363 81.079285 86.604124 -0.70281223 79.4675276732 88.0803212767 -0.647364401743 2.18561663615 3.17692654228 0
258 2.73457789421 82.380517 85.593177 -0.66953842 80.5012239473 87.0226888008 -0.614233543336 2.36119596112 3.16873601932 0
261 2.69822001457 83.553536 84.670161 -0.64546431 81.1090711934 86.4626981388 -0.578172639215 3.03126996236 3.85552873238 0
264 2.69521999359 84.753159 83.736184 -0.60820056 81.523424193 84.8641508223 -0.540794288009 3.42103728073 3.86209489779 0
267 2.68065214157 85.938286 82.919631 -0.58097683 84.3170053198 85.0654424859 -0.541352884299 2.68943450874 2.27028485635 0
270 2.683770895 87.249998 82.030848 -0.55954063 84.8373944014 83.5718252265 -0.484878354503 2.86273766462 4.27783327484 0
273 2.64597511292 88.578333 81.141585 -0.52544337 86.1520738447 83.5046987622 -0.495107169708 3.38689240183 1.73813624318 0
276 2.66680502892 89.874585 80.458812 -0.49549775 87.8552851317 81.9299317752 -0.427169035812 2.49835252736 3.91494694252 0
279 2.65526986122 91.229191 79.664539 -0.46697991 88.5661942708 81.0218586101 -0.412865542807 2.98895769524 3.10052485117 0
282 2.66708898544 92.640842 79.007823 -0.44436504 90.0920601419 81.0641089082 -0.39495591545 3.27484361408 2.83093430615 0
285 2.6464009285 93.942666 78.269838 -0.40450827 90.7071202621 80.3876507256 -0.341752878109 3.8670255964 3.59561909705 0
288 2.6661901474 95.385584 77.620959 -0.38607018 93.153881445 80.6155839192 -0.309127182309 3.73473890663 4.4085090308 0
291 2.66956496239 96.747733 77.074345 -0.36376533 94.7303863636 79.3517942916 -0.264970829636 3.04244354545 5.66050790998 0
294 2.66785693169 98.250871 76.540386 -0.33417824 96.402377093 79.1297584721 -0.247030780998 3.181474426 4.99318159611 0
297 2.66095399857 99.752933 76.027378 -0.30758365 96.6974443554 78.9360105206 -0.197238919264 4.21854880222 6.32228736268 0
300 2.65771603584 100.00981 75.897783 -0.33361957 98.0038209986 78.3325766352 -0.184525993415 3.15471265248 8.54243269086 0
303 2.65083599091 98.714105 76.429985 -0.36219797 96.4539891934 79.5135754639 -0.225749029509 3.82317323807 7.81794840917 0
306 2.6612970829 97.284888 77.028291 -0.39087517 95.845523088 79.7720126927 -0.261093757781 3.09835118682 7.43592717939 0
309 2.66031193733 95.817851 77.649213 -0.42317241 92.5528215433 77.3561880793 -0.276800908333 3.27815206435 8.38646928653 0
312 2.66911697388 94.571565 78.35291 -0.46228827 92.8790305778 79.5902133032 -0.36972138579 2.0965667732 5.30369178793 0
315 2.6759750843 93.13187 79.138887 -0.4938927 91.5781897066 80.2326666713 -0.350340226047 1.90007274167 8.22495089618 0
318 2.67279696465 91.836662 79.862922 -0.52529077 90.0415702958 80.7924222172 -0.409677170885 2.02146602249 6.62417128363 0
321 2.69085407257 90.529269 80.702102 -0.55721841 88.402881137 82.3693898835 -0.478536420055 2.70210551798 4.50814594753 0
324 2.67736506462 89.308886 81.573217 -0.59808232 87.6630770756 82.0012648294 -0.423369821539 1.70056224812 10.01028879 0
327 2.68650388718 88.100372 82.484783 -0.6409076 85.9956402135 81.9306312533 -0.429434319993 2.17646044105 12.1165264242 0
330 2.67128491402 86.96204 83.432583 -0.67310863 85.1032706895 83.2547852785 -0.511123384292 1.86725343202 9.28107092246 0
333 2.69779109955 85.711036 84.448892 -0.70015711 83.4042689357 83.973911783 -0.512531772706 2.35516039697 10.7501399566 0
336 2.67776203156 84.630521 85.38864 -0.74348817 82.7298923421 86.8972359324 -0.623924000723 2.4265718581 6.85052228053 0
339 2.6986720562 83.531548 86.470864 -0.76732045 80.1264332002 86.3949741947 -0.582071172978 3.40596037297 10.6140017312 0
342 2.69954204559 82.436303 87.632765 -0.79615086 79.5004064354 88.3159610657 -0.675681649015 3.01433997787 6.90237735069 0
345 2.70277190208 81.390428 88.717115 -0.83255466 77.3647666229 87.8479275093 -0.66244242061 4.11842644913 9.74671336057 0
348 2.69643521309 80.091493 90.270385 -0.85191671 76.5754317266 88.6828302063 -0.65140951072 3.85785135809 11.4882162808 0
351 2.67093396187 79.121061 91.3195 -0.83027867 77.26597791 89.8093529396 -0.668990931991 2.39204460966 9.24110667515 0
354 2.67554807663 78.091476 92.534394 -0.81038411 75.7615426666 92.8379873467 -0.677722706818 2.34962938742 7.60093850661 0
357 2.66237783432 77.093441 93.512556 -0.78090008 75.3744254606 93.9267795337 -0.704396741041 1.7682181881 4.383318441 0
360 2.67288303375 76.051262 94.597058 -0.76703211 73.0960144716 94.100324184 -0.579817630401 2.9967035953 10.7265995447 0
363 2.68110799789 75.027276 95.58972 -0.75132884 72.3816499579 94.7012986774 -0.594938589706 2.79081163837 8.96050129883 0
366 2.68630504608 73.852657 96.593273 -0.72312741 70.4388823702 95.1393787697 -0.533067424395 3.71048051553 10.8896350295 0
369 2.66726899147 72.811015 97.559971 -0.70587276 69.6573611519 95.1004990678 -0.495328770496 3.99931678904 12.0632820004 0
372 2.69911289215 71.630899 98.505259 -0.68120937 68.4425225534 98.9212475717 -0.560528283277 3.21539901984 6.91451693627 0
375 2.66941809654 70.538887 99.423882 -0.66641532 67.4920371518 100.176669517 -0.563033296257 3.13846826387 5.923353638 0
378 2.68919801712 69.331788 100.31013 -0.63648641 66.2122662787 100.796824932 -0.516877964189 3.15725952792 6.85305913907 0
381 2.66512513161 68.205766 101.18772 -0.63190253 65.9992149822 102.138436287 -0.520437381625 2.40265038068 6.38648256471 0
384 2.69347906113 66.997353 102.01418 -0.604237 63.9849687328 102.651034045 -0.452429964208 3.07896769188 8.69790245128 0
387 2.68852210045 65.749881 102.79371 -0.58263231 63.9036816619 104.02516408 -0.441363045385 2.21921858947 8.09413263733 0
390 2.6895980835 64.390622 103.72927 -0.540005 61.9714245904 103.373055164 -0.354742751244 2.44528221602 10.6147449568 0
393 2.66516399384 63.066948 104.49561 -0.5165186 61.0603134954 104.351186448 -0.357407542696 2.01182509114 9.11639205737 0
396 2.65793514252 62.072466 105.11862 -0.50368551 59.38313029 105.40638925 -0.356638904507 2.70468809705 8.42514988649 0
399 2.6920580864 62.084059 105.11634 -0.50537083 58.7680360962 105.287527845 -0.35469437445 3.32043870246 8.63312497499 0
402 2.67901992798 62.06969 105.12384 -0.50501376 59.6525281144 106.007663078 -0.327900441643 2.57367729425 10.1478456374 0
405 2.68600511551 62.088061 105.11683 -0.50531554 58.2808106644 105.611986189 -0.339130966875 3.83931436193 9.52167466027 0
408 2.72501015663 62.080145 105.11527 -0.50526072 57.3886352886 105.142386314 -0.317129724744 4.69158807508 10.7791120238 0
411 2.70128202438 62.084425 105.11388 -0.50526675 57.7627538799 106.093362601 -0.341869301992 4.43127830731 9.36198415405 0
414 2.70341801643 62.090561 105.10315 -0.50372534 59.2680901147 106.577682545 -0.348862371808 3.18442901089 8.87299448029 0
