3 2.84198498726 72.513547 45.80148 1.6808269 2.5 17.5 1.4398966329 75.5173525338 -13.8042874621 1.74314741838 0.000179662874526
6 2.87228298187 72.505015 45.806851 1.6805552 18.5 28.5 1.4398966329 56.7103935508 -13.7887201988 2.84964801766 0.000359565880732
9 2.84482598305 72.51553 45.801787 1.6811119 80.5 140.5 4.31968989869 95.0342217655 151.179383241 3.25266468086 0.000516185154659
12 2.85749602318 72.511327 45.798497 1.6805172 80.5 140.5 4.31968989869 95.0378533362 151.213457041 3.4151355363 0.000572193603077
15 2.83003997803 72.518426 45.80176 1.6806948 80.5 140.5 4.31968989869 95.0340054013 151.20328131 3.52159675899 0.000622309856851
18 2.8297560215 72.509508 45.806599 1.6825332 80.5 140.5 4.31968989869 95.029932944 151.097948749 3.60934195337 0.000668759010833
21 2.82751893997 72.510969 45.800989 1.6811293 80.5 140.5 4.31968989869 95.0354002501 151.178386294 3.68609598821 0.000712673177011
24 2.82780694962 72.522343 45.818169 1.6838228 80.5 140.5 4.31968989869 95.0173254345 151.024060112 3.75679831335 0.000754596109751
27 2.83717513084 72.508499 45.799812 1.6808804 80.5 140.5 4.31968989869 95.0367807508 151.192647214 3.82345389166 0.000795418618098
30 2.81841492653 72.523901 45.815543 1.6832165 80.5 140.5 4.31968989869 95.0198113692 151.058798543 3.88520184989 0.000834941613974
33 2.81782102585 72.511009 45.802779 1.6808191 80.5 140.5 4.31968989869 95.0336132235 151.196159445 3.94229499066 0.000873486753412
36 2.81529808044 72.527172 45.853315 1.6851825 80.5 140.5 4.31968989869 94.9818981059 150.946155041 3.99719290108 0.000910893489503
39 5.27603912354 72.188088 49.017093 1.6798669 77.5 129.5 1.5271630955 80.6580109367 -8.74928351373 1.55125698223 0.00154408858701
42 5.27653503418 71.804616 53.279503 1.6643548 78.5 133.5 4.75602221168 80.4994180466 177.139494348 2.02349490922 0.00184954548153
45 5.27251911163 71.568933 57.324136 1.642571 77.5 130.5 4.66875574908 73.4158336322 173.387614149 5.38247886898 0.00158246653888
48 5.49562597275 71.37336 61.652431 1.6431927 50.5 107.5 2.92342649709 50.3755569786 73.3519933633 6.11116998213 0.00204004540947
51 5.3519179821 71.165072 65.844712 1.6344026 71.5 122.5 4.14515697349 56.6562779851 143.855628995 5.23053700398 0.00304340951463
54 5.26719999313 70.960331 70.343426 1.6128178 69.5 116.5 4.31968989869 46.1796696615 155.092346936 2.82899458942 0.00296736278311
57 5.30357408524 70.885213 74.631613 1.6236159 44.5 87.5 4.05789051089 29.3560019253 139.47366138 2.38621751501 0.00220822060824
60 5.25243902206 70.832043 79.069602 1.6124517 42.5 83.5 4.05789051089 28.6763506568 140.113322921 5.44359546559 0.00467988676446
63 5.33152294159 70.841819 83.283634 1.5826474 40.5 79.5 4.05789051089 30.5768191033 141.820983523 2.94544522601 0.00413328188406
66 5.3386349678 70.897044 87.066595 1.5142468 45.5 130.5 2.74889357189 50.3137209301 70.7400492188 2.18987821215 0.00815797137031
69 3.78292012215 70.898205 87.488163 1.2381173 45.5 131.5 2.39982772149 50.8144724792 66.5611041679 2.32888372792 0.0126124337096
72 3.79802918434 70.648486 87.373684 0.94938085 45.5 131.5 2.22529479629 50.7895472693 73.1044841445 4.77814678259 0.0133817187014
75 3.83688402176 70.490448 87.162959 0.64684814 45.5 131.5 1.96349540849 50.8949476459 75.4383315921 5.59632490304 0.0114034299441
78 7.5363612175 73.090524 88.460194 0.4660111 44.5 133.5 1.78896248329 53.347935172 75.7995307638 4.63497625223 0.00543666979493
81 5.46270108223 76.750616 90.291223 0.4640309 48.5 108.5 3.01069295969 33.6103684034 145.912987866 2.5152201298 0.00808222851427
84 5.37239813805 80.704264 92.172539 0.45240664 43.5 109.5 3.09795942229 41.0414201081 151.579008904 1.74943634324 0.0079829980984
87 5.36923003197 84.637734 93.972859 0.42386385 38.5 109.5 3.09795942229 48.6804129634 153.214390307 2.06231905565 0.00694056889813
90 5.32657694817 88.678811 95.730817 0.41656148 33.5 109.5 3.09795942229 56.8708324527 153.632785288 3.32170213775 0.00625586717786
93 5.41033816338 92.647535 97.41769 0.40779386 67.5 114.5 1.2653637077 30.4007209045 49.1351329107 4.26389360684 0.0102794245408
96 5.46779203415 96.759828 99.128022 0.39320766 69.5 119.5 1.2653637077 34.0310991627 49.9708606098 7.94676781472 0.0121144805683
99 5.47245502472 100.07577 100.58602 0.32958371 15.5 69.5 3.09795942229 90.1077217032 158.616244421 8.40824040714 0.0105276813967
102 3.80427908897 100.12714 100.52966 0.1390585 84.5 140.5 1.96349540849 42.9166119853 104.532534845 8.60566103529 0.0136534660695
105 3.80793809891 100.08551 100.52401 -0.14356162 14.5 68.5 2.66162710929 91.3806146753 160.725474926 8.72065810965 0.00783083259144
108 3.86549210548 99.772178 100.71077 -0.40700642 96.5 102.5 5.97775268808 3.72940918331 5.81975010073 8.66523639332 0.00720405615296
111 3.85416316986 99.760338 100.7618 -0.66729138 96.5 102.5 5.80321976288 3.69474533821 10.7329797795 9.13175835106 0.00554920107246
114 3.96401596069 99.638101 100.95548 -0.8821311 97.5 103.5 5.45415391248 3.32356102947 3.04238900723 9.39410575094 0.00965925859295
117 3.9265089035 99.549051 101.11221 -1.1251977 97.5 103.5 5.19235452468 3.14645055335 1.96907932783 5.55875561669 0.0130317752645
120 5.53066706657 100.80276 98.46873 -1.1938854 98.5 100.5 5.10508806208 3.07062883307 0.904594642288 3.58403168952 0.0215469157765
123 5.38747501373 102.35582 94.496879 -1.1822805 100.5 96.5 5.10508806208 2.73067054275 0.239682850617 2.15630309865 0.0477895084317
126 5.35797905922 103.84912 90.431736 -1.1842505 101.5 91.5 5.10508806208 2.58061092536 0.352555536258 3.43956628996 0.0575759000553
129 5.29415512085 105.46668 86.336829 -1.1831903 103.5 88.5 5.10508806208 2.92354904143 0.291810550818 1.55189237636 0.0699740311918
132 5.32029080391 106.96067 82.891423 -1.1821311 104.5 84.5 5.10508806208 2.93979877098 0.231122861158 0.774936078602 0.124003681519
135 5.37257790565 108.13488 79.987125 -1.1809983 106.5 81.5 5.10508806208 2.22747017489 0.166218202125 1.0419002546 0.222115413608
138 5.31940507889 109.11096 77.465416 -1.174964 107.5 78.5 5.10508806208 1.91456422579 -0.179521720191 0.732084512947 0.306977325221
141 5.34872984886 110.00241 75.115832 -1.1797573 108.5 76.5 5.10508806208 2.04283060001 0.0951141397494 2.49565153402 0.318582387214
144 5.35917210579 110.9669 72.896666 -1.1819268 109.5 75.5 5.10508806208 2.98816725194 0.219417333403 4.53935646707 0.40405957474
147 5.42658782005 111.79529 70.750926 -1.1680053 109.5 73.5 5.10508806208 3.58130758824 -0.578225861088 5.2588306362 0.261261709563
150 5.54894280434 112.62755 68.634671 -1.166408 110.5 71.5 5.10508806208 3.56883444289 -0.669744409705 4.19018696773 0.428465277802
153 5.45504999161 113.50263 66.493746 -1.1746568 111.5 69.5 5.10508806208 3.61221400659 -0.197122983657 3.26387261787 0.527170793304
156 5.43751907349 114.39844 64.423702 -1.1690506 112.5 67.5 5.10508806208 3.614925147 -0.518334582763 2.50664777404 0.570830696203
159 5.40222191811 114.9392 62.935672 -1.1627449 113.5 65.5 5.10508806208 2.94059088137 -0.879624579639 2.32703155077 0.588719215512
162 2.85585904121 115.58582 61.52951 -1.1720902 114.5 64.5 5.19235452468 3.16272286369 4.65582166864 1.65994426509 0.62470712185
165 2.86335992813 116.16312 60.165609 -1.1710096 114.5 63.5 5.10508806208 3.72614163382 -0.406092150697 3.62069404572 0.620857406562
168 2.89438700676 116.71267 58.758483 -1.1690165 115.5 61.5 5.10508806208 2.99774648531 -0.520288368845 3.74914516293 0.627389439384
171 2.91141891479 117.29804 57.404001 -1.1730259 115.5 60.5 5.10508806208 3.58024547337 -0.290566670465 6.3264751325 0.614833932955
174 3.01748394966 117.3062 57.346669 -1.1782941 115.5 60.5 5.10508806208 3.63398608082 0.0112789551658 7.07294517916 0.584745774444
177 2.83777499199 117.30973 57.394113 -1.1925087 115.5 60.5 5.01782159948 3.594670601 -4.17428445737 7.94650500669 0.562822737467
180 2.88957214355 117.3509 57.478875 -1.2542253 115.5 60.5 5.01782159948 3.54302513054 -0.63818375147 9.10643119152 0.532941799193
183 2.93861818314 117.31554 57.561663 -1.3141336 115.5 60.5 4.93055513688 3.45398462897 -2.20569100367 9.26238245612 0.518202960176
186 2.83893799782 117.31761 57.625945 -1.389572 115.5 60.5 4.84328867428 3.40057322449 -2.88338907045 9.69262547645 0.498078507123
189 2.83125305176 117.34247 57.653648 -1.4539696 115.5 60.5 4.75602221168 3.39063643123 -4.19367837968 9.04506364733 0.468720621822
192 2.91557717323 117.36058 57.739095 -1.5147103 115.5 60.5 4.75602221168 3.32931740082 -0.713492625005 8.36773778674 0.458014882788
195 2.85760688782 117.34118 57.80351 -1.5718326 115.5 60.5 4.66875574908 3.26511900434 -2.44062591893 8.0387070922 0.433753623479
198 2.84130597115 117.32521 57.826191 -1.6475747 115.5 60.5 4.58148928649 3.23738260213 -3.10092325747 8.1352633341 0.401475097086
201 2.82826113701 117.28663 57.948056 -1.7072698 115.5 60.5 4.58148928649 3.11519902029 0.319354030144 7.82799504201 0.394211365813
204 2.84410786629 117.37131 58.006137 -1.7818651 115.5 59.5 4.49422282389 2.39445772125 -0.406650108344 1.61435843646 0.341496985657
207 2.86760401726 117.40314 57.989067 -1.8555926 115.5 59.5 4.40695636129 2.4299918498 -1.18237552429 7.52905176681 0.29076046455
210 2.83929181099 117.02719 57.008887 -1.8977403 114.5 58.5 4.40695636129 2.93429842976 1.23250980189 5.6395108372 0.253719834742
213 5.49573302269 116.38504 55.250118 -1.9095407 114.5 57.5 4.40695636129 2.93519076306 1.90862291846 2.39191505627 0.350248803161
216 5.50706481934 115.67443 53.450651 -1.9075572 114.5 55.5 4.40695636129 2.36201548443 1.79497673979 3.66296924528 0.292834646544
219 5.43354392052 115.02136 51.574537 -1.9165104 114.5 53.5 4.40695636129 1.99479924152 2.30795731293 2.82395044251 0.369502583354
222 5.37944507599 114.35753 49.684701 -1.9233127 113.5 52.5 4.40695636129 2.94300291544 2.69770039391 3.81421024302 0.371071529779
225 5.40882515907 113.59486 47.870819 -1.9110101 112.5 50.5 4.40695636129 2.84803636746 1.99281333687 6.279211424 0.454046710293
228 5.45793914795 112.87829 45.986656 -1.9118326 111.5 48.5 4.40695636129 2.86645798616 2.03993911552 3.8735423078 0.325765383189
231 5.4428961277 112.17059 44.128463 -1.9122248 111.5 46.5 4.40695636129 2.46452402919 2.06241052025 1.49020004351 0.326228749184
234 5.56400918961 111.43202 42.277019 -1.9027456 110.5 44.5 4.40695636129 2.41045759282 1.51929236709 2.71559321998 0.425489458826
237 5.66674399376 110.82393 40.37458 -1.9174412 110.5 42.5 4.31968989869 2.14996298138 -2.6387117755 2.36415646208 0.338354320406
240 5.36263418198 110.14399 38.567468 -1.912432 110.5 40.5 4.31968989869 1.96505039404 -2.92571779424 1.74417187705 0.346692095133
243 5.38240504265 109.42625 36.696167 -1.9074722 109.5 38.5 4.31968989869 1.80534001074 -3.20989340147 1.32989954301 0.4638097703
246 5.37110900879 108.96452 35.308972 -1.917648 108.5 37.5 4.31968989869 2.23972822619 -2.6268630083 0.737011173857 0.519717300642
249 2.86469101906 108.91335 35.330429 -1.9171391 108.5 37.5 4.31968989869 2.2085960578 -2.65602083049 0.671744296835 0.520163190384
252 2.84872794151 108.9585 35.348205 -1.9450374 108.5 37.5 4.31968989869 2.20010090042 -1.0575659849 2.66864283273 0.499698627003
255 2.89240884781 108.97674 35.368834 -2.0165302 108.5 37.5 4.23242343609 2.1838382603 -1.96133027933 3.38498666683 0.483978609535
258 2.85587787628 108.99865 35.397074 -2.0803106 108.5 37.5 4.14515697349 2.16123797486 -3.30698254367 3.48715629741 0.463005232357
261 3.0558180809 109.05048 35.474836 -2.159245 108.5 37.5 4.05789051089 2.09864657751 -3.78437456527 0.489783789154 0.438666423524
264 2.89448094368 109.09365 35.518169 -2.2238592 108.5 37.5 4.05789051089 2.06883407625 -0.0822536086604 0.56149704761 0.436281843466
267 3.00415420532 109.14301 35.568827 -2.2920109 108.5 37.5 3.97062404829 2.03540929939 -1.17744883202 0.64998208308 0.424734501906
270 2.87977981567 109.24021 35.586114 -2.3597618 108.5 37.5 3.88335758569 2.05204056127 -2.29560820381 2.92194909051 0.407031649597
273 2.97276997566 109.32691 35.57971 -2.4292889 108.5 37.5 3.88335758569 2.09076393507 1.68800118798 2.90173781992 0.404003221445
276 2.88193011284 109.34422 35.612178 -2.4970016 108.5 37.5 3.79609112309 2.06798919535 0.567653117414 1.43310079569 0.383107703284
279 2.91266703606 109.45255 35.562283 -2.5751384 108.5 37.5 3.70882466049 2.15918935589 0.0445619820716 1.15433669194 0.356610423117
282 2.90690279007 109.51035 35.610832 -2.6455993 108.5 37.5 3.70882466049 2.14237318288 4.08167417276 1.00502553485 0.355235374412
285 2.91022205353 109.52669 35.619453 -2.7060079 108.5 37.5 3.62155819789 2.14255673794 2.54283199906 0.899873412654 0.325758028197
288 2.86072897911 109.56751 35.667144 -2.7779359 108.5 37.5 3.62155819789 2.12107018197 6.66400282788 0.757121546139 0.316883621029
291 2.91269898415 109.58407 35.725569 -2.8421247 108.5 37.5 3.53429173529 2.07937806535 5.34175015989 0.602614721827 0.273343180534
294 2.82450199127 109.62066 35.728072 -2.9074408 109.5 37.5 3.44702527269 1.77603143913 4.08408702414 1.35475902595 0.267899787985
297 2.90757894516 108.40689 35.538158 -2.9474042 108.5 36.5 3.35975881009 0.966338193938 1.37382117913 2.65384384782 0.294833528025
300 5.36051297188 106.63579 35.154474 -2.9731605 105.5 36.5 3.35975881009 1.76081206856 2.84954846501 0.875373118906 0.33090837044
303 5.36122703552 104.74277 34.838538 -2.9724974 103.5 36.5 3.35975881009 2.07483330664 2.81155563361 3.21220425484 0.325244222384
306 5.44461679459 102.71686 34.507066 -2.970186 101.5 36.5 3.44702527269 2.33506620633 7.67912216884 0.941607928642 0.311165100843
309 5.39229989052 100.87602 34.149296 -2.9774562 100.5 35.5 3.44702527269 1.4020671653 8.09567394506 0.343840501581 0.319914430114
312 5.51797199249 98.917573 33.856952 -2.9648121 98.5 35.5 3.44702527269 1.69527990038 7.37122037932 0.607216363953 0.406155908736
315 5.4548728466 96.872255 33.519705 -2.9713846 96.5 34.5 3.44702527269 1.04859528516 7.74779689017 0.398762091836 0.484291245173
318 5.48953700066 94.700759 33.157106 -2.9752463 94.5 33.5 3.44702527269 0.397341756322 7.96905600191 2.11383196671 0.402334222054
321 5.40944814682 92.656194 32.878926 -2.9695623 91.5 33.5 3.35975881009 1.31244713384 2.64338679116 2.84115807736 0.381528018128
324 5.35617685318 90.628889 32.525228 -2.9736018 89.5 33.5 3.35975881009 1.49149952273 2.8748330925 0.891647257757 0.461553231429
327 5.46286487579 88.510396 32.191288 -2.9695852 87.5 33.5 3.35975881009 1.65336843316 2.64469886451 3.25900295677 0.472350849244
330 2.90475511551 87.334812 32.006658 -2.9896435 85.5 33.5 3.27249234749 2.36571456527 -1.20604520128 1.9833575789 0.436987272492
333 2.94858193398 87.328365 31.983283 -3.0015998 85.5 33.5 3.27249234749 2.37557341106 -0.520999672688 5.48202640397 0.416415891217
336 2.8974480629 87.328448 32.00285 -3.0442403 85.5 33.5 3.18522588489 2.36319280026 -3.07787898636 2.44633963192 0.412004888855
339 23.7164468765 87.480424 31.977098 -3.121648 85.5 33.5 3.09795942229 2.49826133969 -3.64274447455 2.42947261382 0.193671598193
342 3.02084088326 87.509332 32.088761 3.0972389 85.5 33.5 3.01069295969 2.45540436616 -4.95871711374 1.31300261307 0.213628935473
345 3.01587700844 87.537767 32.004513 3.0032565 86.5 33.5 2.92342649709 1.82028616252 -4.57392224523 1.12819249229 0.216777780077
348 3.02050495148 87.588829 31.971963 2.902116 86.5 33.5 2.83616003449 1.87628507019 -3.77899845739 1.84455036853 0.217120001614
351 2.99273300171 87.696053 31.883789 2.7788249 86.5 33.5 2.74889357189 2.01064188142 -1.71493877586 4.38609829034 0.196648647977
354 2.93457698822 87.777704 31.698119 2.6376296 86.5 33.5 2.66162710929 2.20891435999 1.37495600122 4.82716704769 0.172662966879
357 2.94312310219 87.896098 31.65995 2.4917922 86.5 33.5 2.66162710929 2.30973453628 9.73082351638 7.71307436452 0.167819257441
360 2.89034891129 87.958395 31.594625 2.366513 86.5 33.5 2.57436064669 2.39945199299 11.9087929372 6.63157718727 0.226980854383
363 2.92279100418 87.964094 31.460561 2.2184109 86.5 33.5 2.39982772149 2.51055425664 10.3944182042 5.68968228695 0.247250752706
366 3.06925582886 87.708527 31.831987 2.1125682 85.5 34.5 2.31256125889 3.46350759749 11.4587582065 4.32158107244 0.263462244105
369 5.56207585335 86.721318 33.612273 2.0920166 84.5 36.5 2.31256125889 3.64324318206 12.6362781487 2.86932030717 0.272050600235
372 5.42799091339 85.724716 35.405361 2.0873093 83.5 36.5 2.05076187109 2.47943457687 -2.09401342841 1.1589178067 0.232274476597
375 5.5394859314 84.755772 37.248267 2.0862059 83.5 38.5 2.05076187109 1.77307608953 -2.03079326529 2.68414545007 0.312585714892
378 5.42565488815 83.690185 39.149374 2.0868314 81.5 40.5 2.05076187109 2.5731500007 -2.06663177538 3.4283510563 0.390886761217
381 5.37333106995 82.666747 40.97523 2.090975 80.5 41.5 2.05076187109 2.22938917978 -2.30404256737 4.91325028411 0.421554672779
384 5.35780000687 81.635815 42.877142 2.0910396 79.5 43.5 2.05076187109 2.22478264161 -2.30774387472 1.96438078123 0.477767860132
387 5.45354199409 80.624097 44.699122 2.0805048 79.5 45.5 2.13802833369 1.38021724243 3.29585570329 1.97744636398 0.482739393364
390 5.41322612762 79.602515 46.546403 2.0762437 77.5 47.5 2.13802833369 2.3086612059 3.53999874937 1.28785579228 0.562869565929
393 5.40003013611 78.599692 48.40129 2.0808805 76.5 49.5 2.13802833369 2.369782724 3.27432967893 0.811418233685 0.545169098472
396 5.73467493057 77.532669 50.298142 2.0919608 75.5 50.5 2.05076187109 2.04266735317 -2.36052474681 0.554366398885 0.596145399044
399 5.34081602097 76.53881 52.074716 2.0854653 74.5 52.5 2.13802833369 2.08269361567 3.01163998902 0.44304363538 0.655983012197
402 5.40489983559 75.533974 53.92833 2.0838411 73.5 54.5 2.13802833369 2.11278413984 3.1046997941 0.907408976356 0.633772030246
405 5.31580710411 74.451304 55.860797 2.0823704 74.5 56.5 2.05076187109 0.641055204819 -1.81103530297 0.34892865542 0.618362839646
408 5.30510783195 73.464188 57.689364 2.0801622 71.5 57.5 2.13802833369 1.97329501693 3.31548523735 4.52694280773 0.475176665549
411 5.32200789452 72.461178 59.521835 2.0808323 70.5 59.5 2.22529479629 1.96129954747 8.2770913355 6.62669230028 0.456937217009
414 5.29934978485 71.469371 61.42577 2.0898858 69.5 61.5 2.13802833369 1.97076945088 2.75836399568 8.72403934737 0.506154570085
417 5.31199598312 70.386885 63.322712 2.0827703 68.5 63.5 2.13802833369 1.8951955145 3.1660521148 7.72727750307 0.572764168828
420 5.31234884262 69.38246 65.186025 2.0922796 66.5 65.5 2.05076187109 2.89950960547 -2.37879064132 4.13141772645 0.529360529227
423 5.31110811234 68.400253 67.014087 2.0893798 65.5 67.5 2.13802833369 2.94067660711 2.78735566011 2.94627898927 0.623003214169
426 5.30979585648 67.30799 68.901204 2.089526 64.5 69.5 2.13802833369 2.87112599684 2.77897901715 4.87283208184 0.60383810001
429 5.30356502533 66.315197 70.741557 2.0869248 63.5 70.5 2.13802833369 2.82554135221 2.92801679882 8.01084533927 0.559893120741
432 5.29004597664 65.281228 72.464006 2.0745737 62.5 72.5 2.05076187109 2.7814609032 -1.36431729884 7.12703654244 0.629793237752
435 5.29554414749 64.283593 74.421326 2.0918621 61.5 74.5 2.05076187109 2.78470457821 -2.35486965337 5.81276863398 0.66350093442
438 5.306401968 63.28447 76.191493 2.091939 60.5 76.5 2.05076187109 2.80150847758 -2.35927569882 5.86630699304 0.65651914086
441 5.30256915092 62.204887 78.125252 2.0893553 59.5 77.5 2.05076187109 2.77621212199 -2.21124059329 8.59299099964 0.66320064167
444 5.31663513184 61.273659 79.948227 2.0960183 58.5 79.5 2.13802833369 2.80964262706 2.40699762781 2.67404298742 0.732685583089
447 5.3032040596 60.19879 81.787566 2.089809 56.5 81.5 2.13802833369 3.70995170702 2.76276431154 2.3067530574 0.720308536264
450 5.31241106987 59.161438 83.629466 2.0974137 56.5 83.5 2.05076187109 2.66458508459 -2.67295290292 2.15430012614 0.730499384084
453 5.30140185356 58.11891 85.485673 2.0964985 55.5 85.5 2.05076187109 2.61894918833 -2.62051580551 2.12572201082 0.742966965246
456 5.31900715828 57.036783 87.336936 2.0992423 54.5 87.5 2.05076187109 2.54201846122 -2.77772396534 1.94797231012 0.737781522394
459 5.3256251812 56.357629 88.602308 2.124456 53.5 89.5 2.05076187109 2.99531207531 -4.22236256124 1.33119229896 0.657825940262
462 2.81936407089 56.200217 88.720884 2.2094598 52.5 88.5 2.13802833369 3.70680395874 -4.09272154382 1.44831400458 0.515461097371
465 2.81466603279 56.199637 89.07416 2.3631742 53.5 88.5 2.39982772149 2.76001805019 2.1000920858 3.35908209234 0.47614671255
468 2.81943917274 56.109511 89.161307 2.4869631 53.5 88.5 2.48709418409 2.69200197016 0.00751056522828 4.85559672596 0.451517354909
471 2.83423805237 56.023191 89.233423 2.608836 53.5 88.5 2.66162710929 2.62762290282 3.02470775821 8.29802167728 0.383320366403
474 2.82163691521 54.873312 89.789936 2.6823278 52.5 89.5 2.74889357189 2.39095644742 3.81393778939 6.78311435115 0.385830515284
477 5.3092648983 52.997249 90.667048 2.6986067 50.5 90.5 2.74889357189 2.50282991877 2.88122552427 5.87755901555 0.530637019681
480 5.29573011398 51.122563 91.609157 2.7018871 47.5 91.5 2.74889357189 3.62420721533 2.69327244916 8.89812245673 0.533296365578
483 5.29160714149 49.137432 92.566213 2.7007601 46.5 91.5 2.74889357189 2.84479484603 2.75784479267 6.00366104972 0.334686539964
486 5.29634904861 47.308569 93.452781 2.7003868 44.5 92.5 2.74889357189 2.96578007643 2.77923330716 5.6381049953 0.496220612013
489 5.28486394882 45.360782 94.336008 2.7008969 42.5 93.5 2.74889357189 2.98043336238 2.75000673003 3.72302845687 0.562480765496
492 5.28330302238 43.468079 95.251019 2.7064338 40.5 94.5 2.74889357189 3.06162089237 2.43276572845 2.84683179028 0.562007910302
495 5.29111599922 41.590918 96.131677 2.7064065 38.5 94.5 2.74889357189 3.49516007002 2.43432990323 3.56297709214 0.553015724622
498 5.29905414581 39.606214 97.06058 2.704478 36.5 95.5 2.74889357189 3.4762012816 2.54482481402 4.58327842114 0.608160650653
501 5.30854201317 37.718719 97.944153 2.696243 34.5 96.5 2.74889357189 3.5278506046 3.01665555831 2.25073822036 0.644633427926
504 5.40898489952 35.769603 98.891663 2.7044976 32.5 97.5 2.74889357189 3.55345320543 2.54370181674 2.73625724714 0.614766196102
507 5.42323589325 33.862509 99.822852 2.7013631 31.5 98.5 2.74889357189 2.70765326233 2.72329543762 1.69953074729 0.603721219202
510 5.40382218361 31.979521 100.73965 2.7066945 29.5 99.5 2.74889357189 2.77213933848 2.41782871873 3.10958989394 0.588901613137
513 5.34889411926 30.015598 101.64307 2.7044148 27.5 100.5 2.74889357189 2.76312184359 2.54844590728 4.42082466792 0.488867854886
516 5.32367300987 28.083667 102.5122 2.7038251 25.5 101.5 2.74889357189 2.77486648452 2.58223322846 7.93833422119 0.461052455949
519 5.32045316696 26.231599 103.44351 2.6987262 23.5 102.5 2.74889357189 2.88995574653 2.87437867862 8.50767692698 0.480403980526
522 5.30423402786 24.326425 104.3449 2.7056645 21.5 103.5 2.74889357189 2.95000581196 2.47684337163 9.41913969328 0.508389170821
525 2.81887722015 23.072168 104.95788 2.6888385 20.5 104.5 2.66162710929 2.61260450789 -1.55909784229 10.9473376836 0.620953621103
528 2.82164406776 23.059574 104.94595 2.6093304 19.5 104.5 2.57436064669 3.58739995874 -2.00361927518 11.4649074032 0.605930752562
531 2.82692217827 23.148655 105.02795 2.4881616 19.5 104.5 2.48709418409 3.68665356543 -0.0611584265182 12.2116086517 0.560422111192
534 2.82548213005 23.15609 104.97342 2.3614352 19.5 104.5 2.39982772149 3.68661370156 2.19972944637 11.9417647813 0.50748798308
537 2.83004117012 23.189116 104.80794 2.2179164 19.5 104.5 2.22529479629 3.70194596193 0.422750967151 11.0684699934 0.544086845992
540 2.82490921021 23.170444 104.45908 2.0515088 19.5 104.5 2.13802833369 3.67067209153 4.95720412605 11.4229771027 0.516000278505
543 2.82435488701 23.203193 104.36781 1.9241471 19.5 104.5 1.96349540849 3.7055515907 2.25449200766 12.6995808872 0.453855287492
546 2.82613897324 23.268475 104.40083 1.8086424 19.5 104.5 1.87622894589 3.7697796374 3.87242383159 12.3892113232 0.55858499684
549 2.83149886131 23.269141 104.3114 1.6661585 19.5 104.5 1.70169602069 3.77385662657 2.03614995015 11.9219943348 0.563639716093
552 2.8338060379 23.273746 104.22596 1.531085 19.5 104.5 1.61442955809 3.78368296691 4.77529142421 12.2676169892 0.526917204715
555 2.85240697861 23.201513 103.9692 1.3630267 19.5 103.5 1.4398966329 3.73113215113 4.40432272636 11.4902814577 0.47873964245
558 2.83635997772 23.573375 105.47089 1.3112874 19.5 105.5 1.3526301703 4.07347901464 2.36876625132 8.09142367161 0.491585878245
561 5.33040118217 24.091257 107.45193 1.3021436 20.5 106.5 1.3526301703 3.71527893501 2.89266740003 10.9551565679 0.344791446618
564 5.31737303734 24.69734 109.54228 1.2971878 20.5 108.5 1.2653637077 4.32481336869 -1.82338617586 6.51653111603 0.331136109812
567 5.30146384239 25.24514 111.62222 1.291934 21.5 110.5 1.2653637077 3.90966128303 -1.52236560945 5.55213055806 0.49350665428
570 5.30842399597 25.838263 113.71051 1.2925571 22.5 113.5 1.2653637077 3.34489376771 -1.55806660967 4.02463181213 0.541178402936
573 5.30799221992 26.485855 115.66064 1.2984976 22.5 115.5 1.2653637077 3.98909078496 -1.89843218787 5.54567808478 0.618896029291
576 2.82966399193 26.666562 116.70228 1.2516028 22.5 116.5 1.2653637077 4.17146929729 0.788441933244 7.28601349807 0.625244252281
579 2.83263397217 26.671044 116.66524 1.1445574 22.5 116.5 1.1780972451 4.17431578915 1.92169156953 7.65300032985 0.574200674483
582 2.8320350647 26.68282 116.71548 1.0360889 22.5 116.5 1.0035643199 4.18836660081 -1.86352117035 7.71448555776 0.577728199514
585 2.84788203239 26.598988 116.54426 0.86252405 22.5 116.5 0.916297857297 4.09922694807 3.08101220647 5.01854653584 0.548534981795
588 2.83187580109 26.490987 116.49462 0.72378221 22.5 116.5 0.741764932098 3.99099062622 1.03033408035 4.74092752699 0.545865646908
591 2.83438396454 26.414554 116.44154 0.58967497 22.5 116.5 0.654498469498 3.91499049686 3.7141129345 4.26089976648 0.512126108794
594 2.82404494286 26.30131 116.37003 0.43724496 22.5 116.5 0.479965544298 3.80353124307 2.44770917863 4.19776316935 0.473444512837
597 2.82615590096 26.176025 116.35464 0.31453037 22.5 116.5 0.392699081699 3.67889784178 4.47873727031 4.34980895574 0.445735038204
600 2.81967616081 26.088883 116.46581 0.14702743 22.5 116.5 0.218166156499 3.58904585423 4.07594878834 4.48395550121 0.428564485582
603 2.82292509079 25.977812 116.45377 0.019989929 22.5 116.5 0.0436332312999 3.47811925043 1.35466143553 4.84109860152 0.405786596953
606 2.82184791565 25.890585 116.45549 -0.11586106 22.5 115.5 6.23955207588 3.52264499806 4.13834974791 4.52552244778 0.375730907194
609 5.31396484375 27.617035 116.21759 -0.13548047 23.5 115.5 6.15228561328 4.17910428194 0.262459137449 3.25890176765 0.394496760092
612 5.30691099167 29.732468 115.90829 -0.14344069 26.5 115.5 6.23955207588 3.25815133091 5.71854614744 4.43715479342 0.483405140527
615 5.29107904434 31.744289 115.6014 -0.14068963 28.5 115.5 6.15228561328 3.24587323775 0.560922020257 3.96510181301 0.50616958866
618 5.30002903938 33.87565 115.27561 -0.13567301 30.5 114.5 6.15228561328 3.46360849326 0.273490866836 5.63705688274 0.533931611489
621 5.30010008812 35.936054 114.9269 -0.14240112 32.5 114.5 6.15228561328 3.46247176175 0.658983173936 5.67117833666 0.610443274916
624 5.29883790016 38.113735 114.67885 -0.14674677 34.5 114.5 6.15228561328 3.61815809117 0.907970578177 4.3929398686 0.58216691887
627 5.30387091637 40.163768 114.30534 -0.14012204 36.5 114.5 6.15228561328 3.66893560497 0.528401508763 6.4211210132 0.626011668403
630 5.3112308979 42.346763 113.98058 -0.16006212 38.5 114.5 6.15228561328 3.88167266968 1.67088393592 7.43695264921 0.676954920032
633 5.31608510017 44.341947 113.67079 -0.15507802 40.5 114.5 6.15228561328 3.93041295221 1.38531604125 5.19803228684 0.649258339807
636 5.31516504288 46.544067 113.30502 -0.15009707 43.5 113.5 6.23955207588 3.05030508325 6.09992862828 2.86731366483 0.675073367445
639 5.31318688393 48.557097 112.97025 -0.14631805 45.5 113.5 6.23955207588 3.10265646341 5.88340673158 5.50247894283 0.663380223369
642 5.33529806137 50.586062 112.64729 -0.14866611 47.5 113.5 6.23955207588 3.20170158071 6.01794065963 5.68580729382 0.662116693251
645 5.31130099297 52.747394 112.3225 -0.14488479 50.5 113.5 6.23955207588 2.53718072696 5.80128698264 4.93479852588 0.692564733426
648 5.30132198334 54.919709 111.95097 -0.14565598 52.5 113.5 6.23955207588 2.87306205738 5.84547291484 5.85203140265 0.674801927858
651 5.30640101433 56.9199 111.70562 -0.14317608 54.5 112.5 6.15228561328 2.54695025362 0.703385111227 6.27728097252 0.567472186241
654 5.31427097321 58.963864 111.32719 -0.14485493 56.5 113.5 6.23955207588 3.28507672766 5.79957613066 6.38616565014 0.601306165635
657 5.30955386162 61.070196 111.0267 -0.15209978 57.5 111.5 6.15228561328 3.60143198859 1.21467545887 4.99397390298 0.584192807404
660 5.31151890755 63.25691 110.67843 -0.1447313 59.5 111.5 6.15228561328 3.84569239709 0.792492653442 6.39929317845 0.663859776635
663 5.308147192 65.338645 110.4192 -0.14848438 61.5 111.5 6.15228561328 3.98789719978 1.00752829762 6.17606350581 0.658412436757
666 5.31001496315 67.412523 110.08404 -0.1445869 63.5 111.5 6.15228561328 4.16086276476 0.78421914288 8.33350238357 0.686479464576
669 5.3095870018 69.507235 109.73429 -0.15139682 65.5 111.5 6.15228561328 4.37900264322 1.1743988177 9.14838364019 0.724807369691
672 5.30278301239 71.647859 109.39116 -0.14906575 68.5 110.5 6.15228561328 3.33744549461 1.04083834495 8.58151655563 0.719253830776
675 5.30333805084 73.702975 109.06139 -0.1559357 70.5 110.5 6.15228561328 3.51121739326 1.43445748542 7.26511793269 0.678699801528
678 5.30191707611 75.754203 108.72815 -0.15045699 72.5 110.5 6.15228561328 3.70530559977 1.12055052524 6.7194465407 0.653558760392
681 5.32736802101 77.860742 108.43703 -0.15243836 74.5 109.5 6.15228561328 3.52483928874 1.2340746639 5.99125424281 0.682221961362
684 5.30916595459 79.97813 108.08555 -0.15170568 76.5 109.5 6.15228561328 3.75473795349 1.19209519216 4.49248640204 0.665276011279
687 5.31332707405 82.120618 107.73965 -0.14888428 78.5 109.5 6.15228561328 4.02587963362 1.03044087984 6.57944508851 0.695624163069
690 5.30607390404 84.192494 107.42985 -0.14593359 80.5 108.5 6.15228561328 3.84444182718 0.861378796193 9.47559304281 0.718504729641
693 5.31072211266 86.28045 107.15458 -0.15823172 82.5 108.5 6.15228561328 4.01272440854 1.5660097411 5.08965497698 0.667901339973
696 5.29487609863 88.385341 106.75858 -0.15035877 84.5 108.5 6.15228561328 4.25774803185 1.11492293378 7.51909920329 0.650261119741
699 5.30401802063 90.512184 106.42958 -0.15443508 86.5 108.5 6.15228561328 4.51489306919 1.34847829277 8.08773371999 0.734778095118
702 5.30539608002 92.541412 106.11165 -0.15857271 89.5 108.5 6.15228561328 3.86709227667 1.58554702895 6.09520008463 0.705678332356
705 5.3099091053 94.624435 105.7799 -0.14991569 91.5 108.5 6.15228561328 4.14258833089 1.08953631979 4.85074467096 0.723876978756
708 5.32238698006 96.812614 105.41142 -0.16008539 93.5 107.5 6.15228561328 3.91606664006 1.67221720871 5.59894080532 0.696853489163
711 5.35280990601 98.833392 105.05687 -0.15857643 95.5 107.5 6.15228561328 4.13284241444 1.58576016925 7.71911094277 0.612787326567
714 5.32110595703 100.9283 104.72764 -0.15390186 97.5 107.5 6.15228561328 4.40899317981 1.31792703721 8.46391432086 0.439904112099
717 5.34337902069 103.02648 104.38009 -0.15580909 99.5 107.5 6.15228561328 4.70849228506 1.42720326677 6.83333965299 0.548657618363
720 2.83237695694 103.56436 104.3046 -0.21764658 99.5 106.5 6.15228561328 4.61939426436 4.97023045946 5.83832215798 0.527966218149
723 2.84094190598 103.46604 104.39779 -0.32798619 99.5 106.5 5.97775268808 4.48873703459 1.29222442558 5.49724222995 0.522044226243
726 2.8585319519 103.43166 104.43448 -0.46455789 99.5 106.5 5.89048622548 4.44120740633 4.1172064365 5.08831335909 0.490680946486
729 2.8261179924 103.35806 104.51276 -0.60050128 99.5 106.5 5.71595330028 4.33978683592 1.9061889362 4.69962189501 0.454483713584
732 2.81518292427 103.30537 104.5712 -0.75278089 100.5 106.5 5.62868683768 3.40446328764 5.6311678951 4.44595421092 0.361270395101
735 2.82346916199 103.24477 104.73622 -0.88717849 100.5 107.5 5.45415391248 3.89515625377 3.33158315179 4.94836861197 0.348287706494
738 2.82626986504 103.11543 104.83266 -1.0218313 100.5 106.5 5.36688744988 3.10169256383 6.04662086437 7.97237014566 0.347385066172
741 2.82819104195 103.3336 104.43355 -1.1359167 100.5 106.5 5.19235452468 3.50706494985 2.58323278843 8.78858071817 0.34327366279
744 5.31768321991 104.18264 102.5184 -1.1499809 101.5 104.5 5.19235452468 3.3351605553 3.38905209066 7.16912180277 0.454545664427
747 5.31097698212 105.02068 100.61649 -1.1544373 102.5 102.5 5.27962098728 3.14665498307 8.64438500248 5.34453879296 0.473763797099
750 5.31301307678 105.97315 98.645528 -1.1675657 103.5 101.5 5.27962098728 3.77683482844 9.39658691424 5.0974144173 0.539853588151
753 5.31231117249 106.66644 96.709247 -1.154133 104.5 99.5 5.27962098728 3.53295408697 8.62694989677 5.84390250667 0.542753586871
756 5.31546187401 107.65453 94.805864 -1.1707179 105.5 97.5 5.19235452468 3.44969104521 4.57719467042 7.69487458264 0.561833637025
759 5.31152105331 108.36584 92.821603 -1.1639211 106.5 95.5 5.19235452468 3.26422569612 4.18776671622 4.53151673258 0.565211455593
762 5.31216883659 109.18739 90.932737 -1.1605274 107.5 92.5 5.19235452468 2.30295425992 3.99332202929 3.57139080728 0.561274508183
765 5.31308078766 110.00551 88.971931 -1.1631703 108.5 90.5 5.19235452468 2.14512359291 4.14474904497 2.68348758262 0.629988408805
768 5.30944490433 110.83946 87.051439 -1.1600004 109.5 88.5 5.19235452468 1.97293741977 3.96312715349 0.794757000599 0.666592276518
771 5.30141782761 111.68317 85.129972 -1.1502451 110.5 86.5 5.19235452468 1.81021213389 3.4041896356 0.641826533946 0.67288202064
774 5.31403589249 112.49307 83.177328 -1.1488654 111.5 85.5 5.19235452468 2.52606279504 3.32513864861 5.46651156278 0.637682506594
777 5.30477690697 113.40329 81.226755 -1.149046 112.5 83.5 5.19235452468 2.44613483973 3.33548626639 5.80476200621 0.603373407053
780 5.30782580376 114.20236 79.347389 -1.1522317 112.5 81.5 5.10508806208 2.74440588961 -1.48198656882 2.81370435089 0.502650160675
783 5.30754184723 115.10134 77.33273 -1.146946 112.5 79.5 5.10508806208 3.38585721029 -1.78483487059 1.85280938997 0.436578276545
786 5.31042790413 115.87569 75.433999 -1.1405871 113.5 78.5 5.10508806208 3.87869373734 -2.14917300293 5.64485350952 0.419649946412
789 5.32244992256 116.74641 73.521868 -1.1514597 114.5 76.5 5.10508806208 3.73036567879 -1.5262189106 6.1340049026 0.483905436291
792 5.31849002838 117.66191 71.592443 -1.1472421 115.5 74.5 5.10508806208 3.62322267551 -1.76786959027 8.3548863806 0.404239245724
795 5.31742405891 118.47567 69.543126 -1.1411103 116.5 72.5 5.19235452468 3.55617432092 2.88080414891 7.86954191154 0.539311750516
798 5.31743097305 119.32773 67.660396 -1.1493947 117.5 70.5 5.19235452468 3.37697317575 3.35546530471 5.910061075 0.542204109479
801 5.31470489502 120.23613 65.736718 -1.1477983 118.5 68.5 5.19235452468 3.26341459034 3.26399832229 6.76020476803 0.55888768738
804 5.3161380291 121.05504 63.851108 -1.1435448 119.5 66.5 5.19235452468 3.07160841079 3.02029072413 7.77621688421 0.647294666774
807 5.31047391891 121.9387 61.889647 -1.1416966 120.5 64.5 5.19235452468 2.98057049482 2.91439666444 5.12925720583 0.679607719903
810 5.29636907578 122.75206 59.947854 -1.134592 121.5 62.5 5.19235452468 2.84272817007 2.50733306931 3.73647647853 0.676745211265
813 5.3098731041 123.61313 58.017737 -1.1345099 122.5 61.5 5.19235452468 3.65584655013 2.50262908581 2.11185144123 0.643896438858
816 5.31313300133 124.50226 56.14403 -1.1250591 123.5 59.5 5.19235452468 3.50243625902 1.96113813279 3.35717996284 0.659837574298
819 5.32039809227 125.37031 54.195354 -1.1346431 124.5 57.5 5.19235452468 3.41732712532 2.51026088364 2.02466577983 0.606412860264
822 5.315969944 126.19009 52.293812 -1.120627 124.5 56.5 5.19235452468 4.53303669734 1.70719750841 2.35164175373 0.559151451587
825 5.30705904961 127.09539 50.434417 -1.1252352 125.5 53.5 5.19235452468 3.45587447428 1.97122791956 4.89239325797 0.662908540859
828 5.29969120026 127.94916 48.435924 -1.125081 126.5 51.5 5.19235452468 3.3894876367 1.96239291036 3.97573041624 0.700786463792
831 5.31568598747 128.83417 46.49897 -1.1135569 127.5 49.5 5.19235452468 3.28423364726 1.30211061767 2.89102192576 0.681783025244
834 5.327491045 129.69028 44.561049 -1.1141866 128.5 47.5 5.19235452468 3.17083576661 1.33818977003 3.96385285896 0.632641272833
837 5.30576515198 130.6504 42.689185 -1.1179531 129.5 45.5 5.19235452468 3.03712053172 1.55399432357 3.20701731149 0.601389580224
840 5.31318497658 131.56218 40.752166 -1.1133477 130.5 43.5 5.19235452468 2.94598337469 1.2901243406 2.56427727811 0.537403044045
843 5.31597113609 131.80181 39.159633 -1.0655485 131.5 42.5 5.19235452468 3.35397390729 -1.4485680835 3.72566166329 0.496661913802
846 5.31713795662 89.526265 39.287264 -0.26055386 132.5 40.5 5.19235452468 42.990843542 -47.5713634862 11.6355258517 0.531151568173
849 5.32025003433 49.129117 22.860079 0.57174269 133.5 40.5 5.19235452468 86.1952012068 -95.2584431045 12.0197336576 0.324628043946
852 5.31057810783 45.693587 19.436118 1.0035584 135.5 39.5 5.36688744988 92.0203845723 -109.999660815 8.47834606187 0.0637802246944
855 5.32033205032 46.841947 21.209275 1.0214136 134.5 34.5 5.01782159948 88.6598986396 -131.022688417 7.82546849757 0.010653185742
858 5.3264529705 48.00008 22.972907 1.0079248 135.5 27.5 5.10508806208 87.6169536736 -125.249837107 8.121134527 0.00675183896845
861 5.29854607582 49.170996 24.731115 1.014741 135.5 28.5 5.01782159948 86.4112343725 -130.640376599 5.39171526129 0.00645637895149
864 5.31181812286 50.349541 26.532036 1.0144485 142.5 29.5 5.36688744988 92.1982424139 -110.623617583 6.270160152 0.00611197321116
867 5.31880903244 51.518278 28.351001 1.0069992 143.5 27.5 5.36688744988 91.9856585821 -110.196804133 5.20553072999 0.00849680003238
870 5.32465910912 52.642563 30.101924 1.0170679 144.5 26.5 5.36688744988 91.9280293964 -110.773698148 6.70635756039 0.00480135551181
873 5.31141805649 53.80357 31.912095 1.0183648 99.5 100.5 1.96349540849 82.4164087244 54.1519949553 4.14626843475 0.0105294918838
876 5.30840301514 54.946688 33.671099 1.0064723 35.5 102.5 1.61442955809 71.523361827 34.8333850132 5.21962111654 0.0183927324603
879 5.31307411194 56.161659 35.476636 1.0152563 35.5 104.5 1.70169602069 72.0494894535 39.3300988859 4.71607090639 0.0158260063956
882 5.30875897408 57.333476 37.252395 1.017552 37.5 105.5 1.5271630955 71.0711077617 29.1985649649 6.73753893352 0.00745735421568
885 5.30431199074 58.434052 39.044555 1.0099164 37.5 107.5 1.5271630955 71.5847922626 29.636052619 6.41288605268 0.0128655274946
888 5.30395197868 59.558673 40.733157 1.0155176 37.5 109.5 1.5271630955 72.218167733 29.3151274987 3.80131783854 0.00703064952985
891 5.30053710938 60.829575 42.673596 1.0256616 36.5 111.5 1.5271630955 73.0000144332 28.7339191114 4.38498394709 0.0087209554445
894 5.3039419651 61.938983 44.298725 1.0235902 36.5 113.5 1.5271630955 73.7289516927 28.852601589 5.78186650768 0.0137607285019
897 5.32520985603 63.08776 46.123861 1.0214801 35.5 116.5 1.70169602069 75.5902470056 38.9735014134 8.45176156678 0.00821542358974
900 5.31586408615 64.233274 47.872937 1.026201 61.5 48.5 1.0035643199 2.80428150603 -1.2969862321 6.33390515558 0.0130398861551
903 5.30999112129 65.367062 49.701179 1.0288308 62.5 50.5 1.0035643199 2.97626603345 -1.44766267307 3.09098313826 0.0204932023825
906 5.31254887581 66.47055 51.411163 1.0247772 63.5 52.5 1.0035643199 3.16381625811 -1.21540850123 3.69241153272 0.0238863437072
909 5.31821608543 67.601685 53.206336 1.0345375 65.5 53.5 1.0035643199 2.12210235006 -1.77463249802 1.5958447069 0.0475794164559
912 5.31821918488 68.713633 54.989386 1.0321621 66.5 55.5 1.0035643199 2.27176092837 -1.63853210336 0.993148569695 0.0707090990668
915 5.30305194855 69.889939 56.860516 1.0335194 66.5 58.5 1.0035643199 3.76558019566 -1.71629966489 3.62072145416 0.0417772863226
918 5.30276679993 70.97178 58.665246 1.0279054 68.5 59.5 1.0908307825 2.60892901569 3.60535884129 6.23123883259 0.0774202243699
921 5.31263494492 72.083269 60.388926 1.0348295 69.5 61.5 1.0908307825 2.81207470737 3.20863713437 7.77560026316 0.101868076356
924 5.35082912445 73.21006 62.180545 1.0389104 70.5 63.5 1.0035643199 3.01419752183 -2.02518121225 8.37163248896 0.150958610368
927 5.33203005791 74.211219 63.966291 1.0279221 71.5 65.5 1.0908307825 3.11495935168 3.60440200178 5.85481344943 0.218438348963
930 5.32701396942 75.394113 65.876292 1.0355825 72.5 67.5 1.0035643199 3.31848123786 -1.83450658761 4.33565815792 0.242647788897
933 5.30860900879 76.475569 67.55587 1.0353462 73.5 68.5 1.0035643199 3.12176109442 -1.82096759491 6.25923608242 0.285181017381
936 5.31130504608 77.652303 69.425792 1.0395167 74.5 70.5 1.0035643199 3.33030584648 -2.05991964337 2.5871679108 0.377105169974
939 5.31031894684 78.72098 71.209083 1.0347632 76.5 72.5 1.0035643199 2.56889448232 -1.78756415545 1.34527135271 0.46281005472
942 5.31450605392 79.923618 73.070281 1.0406815 77.5 74.5 1.0035643199 2.81389776447 -2.12665776734 0.86141386439 0.57024482483
945 5.32136678696 80.886825 74.813727 1.0240856 78.5 76.5 1.0035643199 2.92240486777 -1.17578274012 1.51867340108 0.612569079871
948 5.31825089455 82.003807 76.66259 1.0354781 79.5 77.5 1.0035643199 2.64013351961 -1.82852490823 1.52155369662 0.625257062552
951 5.34019899368 83.149971 78.458347 1.0359732 81.5 79.5 1.0035643199 1.95126760678 -1.85689204866 1.08849705964 0.677132661139
954 5.31821489334 84.209192 80.07724 1.046865 82.5 81.5 1.0035643199 2.22386674746 -2.48094621996 2.75888361434 0.654665103463
957 2.82985687256 84.421821 80.346791 1.1291589 82.5 81.5 1.0908307825 2.24126904983 -2.19603936963 1.2579733878 0.631163168526
960 2.86825680733 84.549549 80.462185 1.2384433 81.5 81.5 1.1780972451 3.22130549275 -3.45757425625 3.12331828339 0.588859119508
963 2.84646511078 84.477315 80.645515 1.377415 81.5 81.5 1.3526301703 3.09750693695 -1.42006613801 3.47797809159 0.535816324123
966 2.82761597633 84.491575 80.745704 1.5042297 81.5 81.5 1.5271630955 3.08520395375 1.31398677177 2.18294726981 0.468119248975
969 2.85435914993 84.58151 81.604236 1.6242617 81.5 81.5 1.61442955809 3.08327245371 -0.563340234744 4.01682515595 0.5368733395
972 5.32450294495 84.52138 83.606555 1.6450761 81.5 83.5 1.61442955809 3.02325835357 -1.75591750784 7.40885421656 0.590068569992
975 5.31930088997 84.450105 85.633891 1.6510189 81.5 86.5 1.61442955809 3.07461612415 -2.09641486633 7.25879136001 0.583596578219
978 5.3112051487 84.288283 87.799076 1.6553182 80.5 88.5 1.61442955809 3.85258128297 -2.34274661119 6.65525794904 0.570298211705
981 5.31428098679 84.219899 89.940013 1.6574582 81.5 90.5 1.61442955809 2.77694724659 -2.46535957935 6.51759066238 0.565305906261
984 5.32002305984 84.085061 91.960688 1.6559816 80.5 92.5 1.61442955809 3.62539926175 -2.38075663132 5.1212591854 0.562894876242
987 5.31765818596 83.972707 94.061302 1.6546883 80.5 95.5 1.70169602069 3.75892881591 2.69334400032 5.79544765314 0.499609168549
990 5.32203984261 83.850194 96.236204 1.650278 80.5 97.5 1.70169602069 3.58063963102 2.94603557671 8.01468686913 0.354191277353
993 5.30676007271 83.742141 98.372522 1.653672 79.5 99.5 1.61442955809 4.38941532603 -2.24842629896 5.83735103507 0.50704286173
996 5.32212686539 83.558608 100.37046 1.6603574 79.5 101.5 1.61442955809 4.21285645486 -2.63147150331 4.56019918517 0.555851657112
999 5.3195540905 83.448658 102.54165 1.6520527 79.5 103.5 1.61442955809 4.0632911197 -2.15564724319 6.41416312952 0.514403733071
1002 5.34469795227 83.308795 104.69204 1.6576029 79.5 105.5 1.61442955809 3.89354834484 -2.47365027865 5.49391243451 0.621046173644
1005 5.31024098396 83.194681 106.76107 1.661421 79.5 107.5 1.70169602069 3.76784888718 2.3075887056 5.30542444992 0.573657618753
1008 5.31892800331 83.066158 108.84686 1.6653468 78.5 109.5 1.70169602069 4.61263381817 2.08265693438 6.78258715133 0.546844508131
1011 5.31566095352 82.920912 111.09751 1.6564676 78.5 111.5 1.70169602069 4.43919599836 2.59139761984 7.6809153961 0.651506958804
1014 5.31996893883 82.798446 113.12029 1.6519674 78.5 113.5 1.70169602069 4.31518454982 2.8492400868 6.67641797909 0.678301620944
1017 5.31330013275 82.725101 115.25424 1.6521864 78.5 116.5 1.70169602069 4.40492865298 2.83669231109 6.44346954313 0.646937662149
1020 2.83334112167 82.605874 115.888 1.7134215 78.5 117.5 1.70169602069 4.41098008428 -0.671820476975 8.74586744981 0.653558285765
1023 2.8306388855 82.650086 115.98425 1.8265292 78.5 117.5 1.87622894589 4.41822496823 2.84758568259 7.91624829208 0.551262855492
1026 2.8318939209 82.697137 116.16336 1.9516157 78.5 117.5 1.96349540849 4.40483433132 0.68065715853 10.2695063076 0.542460778766
1029 2.83823084831 82.611261 116.28116 2.0730733 78.5 117.5 2.13802833369 4.28812755824 3.72164928874 11.9253009772 0.558499356157
1032 2.84142613411 82.517518 116.45008 2.1971216 78.5 117.5 2.13802833369 4.15244300222 -3.38579475703 11.2119905027 0.524531076022
1035 2.84075498581 82.418538 116.4581 2.3123831 78.5 117.5 2.31256125889 4.05468810976 0.0102077526222 12.8666131637 0.54069143634
1038 2.82899713516 82.414024 116.83182 2.4679277 78.5 117.5 2.48709418409 3.97064835826 1.09815864657 12.785565971 0.49624409232
1041 2.83106184006 82.282962 116.94587 2.5874118 78.5 117.5 2.57436064669 3.82333121117 -0.747776002347 13.1243793609 0.421402290868
1044 2.8297328949 82.208722 116.96752 2.707272 78.5 117.5 2.74889357189 3.74675243694 2.38474040606 12.9963439398 0.445225226639
1047 2.82911205292 82.043289 117.20312 2.8493508 78.5 117.5 2.83616003449 3.5557045254 -0.755775192225 11.1348548384 0.497566755097
1050 2.82981204987 81.832352 117.28824 2.9891727 78.5 117.5 3.01069295969 3.33907354659 1.23302005428 4.8956328636 0.483309568936
1053 2.82982707024 81.142386 117.29523 3.0875315 77.5 117.5 3.09795942229 3.64813740502 0.597475936304 7.11280655442 0.500436675658
1056 5.32333612442 79.131234 117.37152 3.1037602 75.5 117.5 3.18522588489 3.63350622308 4.66763991932 6.77608894765 0.560853300484
1059 5.35348296165 77.094643 117.50841 3.1079346 73.5 117.5 3.18522588489 3.59465283797 4.42846441732 4.187603969 0.56244580127
1062 5.34145712852 74.899205 117.59033 3.115912 71.5 117.5 3.18522588489 3.4004049966 3.97139306583 6.00339993487 0.640523643989
1065 5.31871294975 72.824078 117.69503 3.116944 69.5 116.5 3.18522588489 3.53236340868 3.91226382138 4.76027649686 0.687918222832
1068 5.31569695473 70.711208 117.83017 3.1174699 67.5 116.5 3.18522588489 3.4758033673 3.88213197093 3.46706083107 0.6719881115
1071 5.31477594376 68.550781 117.88294 3.1169773 65.5 116.5 3.18522588489 3.34959516264 3.91035587192 3.71198746089 0.659180188237
1074 5.32035398483 66.454241 117.99143 3.11617 63.5 117.5 3.09795942229 2.99483611087 -1.04338924528 3.05924064476 0.654706071814
1077 5.32055020332 64.352032 118.06903 3.1139299 60.5 117.5 3.09795942229 3.89383431465 -0.915040969594 3.23952926016 0.650252022179
1080 5.32020807266 62.204954 118.16997 3.1178991 58.5 117.5 3.09795942229 3.76504235607 -1.14245937764 2.97043431006 0.645092816982
1083 5.36250686646 60.134729 118.2293 3.1166836 56.5 117.5 3.09795942229 3.70717323488 -1.07281635764 7.67544959274 0.709785350635
1086 5.32084202766 58.034017 118.36643 3.1239361 54.5 117.5 3.09795942229 3.63867793315 -1.48835399856 11.6772714436 0.71758333765
1089 5.31037998199 55.858025 118.47896 3.1251128 52.5 117.5 3.09795942229 3.49781282836 -1.55577394231 3.45425041303 0.728776394833
1092 5.32939696312 53.766425 118.55 3.1243401 50.5 117.5 3.09795942229 3.43103953353 -1.51150149348 2.87097814884 0.728485894077
1095 5.32342004776 51.628528 118.603 3.1187628 47.5 117.5 3.09795942229 4.27333036949 -1.1919457424 2.7225247392 0.72988904186
1098 5.321570158 49.494235 118.64783 3.1200968 46.5 117.5 3.09795942229 3.20670499799 -1.26837831227 2.48712383503 0.709083708348
1101 5.31111288071 47.379245 118.80828 3.1260538 44.5 118.5 3.09795942229 2.8957016988 -1.60968927083 2.10415939973 0.635234679201
1104 5.31956505775 45.313934 118.87713 3.1250737 42.5 118.5 3.09795942229 2.83909344567 -1.55353367733 1.66191183572 0.572357555229
1107 5.32197999954 43.229975 118.9845 3.131291 40.5 117.5 3.09795942229 3.10749155278 -1.9097587273 1.68424433646 0.524587424829
1110 5.32428503036 41.038059 119.03542 3.1300111 38.5 117.5 3.09795942229 2.96635433889 -1.8364258591 4.382955082 0.554823273764
1113 5.32121801376 38.877743 119.09254 3.1262084 36.5 118.5 3.09795942229 2.45046228815 -1.61854719835 3.62322911139 0.544752607058
1116 5.32262992859 36.866989 119.17866 3.1252668 33.5 118.5 3.09795942229 3.43470440092 -1.56459749236 3.25524236576 0.5806047272
1119 5.31975293159 34.67231 119.25843 3.1314701 31.5 118.5 3.09795942229 3.26171224988 -1.92002040141 2.72260653331 0.595399207509
1122 5.32736706734 32.567479 119.34722 3.1353596 29.5 118.5 3.09795942229 3.18232762987 -2.14287233583 2.16931744099 0.531820106563
1125 5.325715065 30.502201 119.36971 3.1349527 27.5 118.5 3.09795942229 3.12563694765 -2.11955868314 4.11348099073 0.5132065243
1128 2.83322691917 29.15421 119.31018 -3.13185 25.5 118.5 3.18522588489 3.74294567907 1.94178706805 5.34165432211 0.492054957484
1131 2.83557915688 28.938717 119.39146 -3.028318 25.5 118.5 3.27249234749 3.5523901162 1.0098404235 2.84785152668 0.485562828932
1134 2.84430503845 28.80706 119.32785 -2.9089456 25.5 117.5 3.35975881009 3.77858193852 -0.829694286849 4.92429336543 0.4723771174
1137 2.83372402191 28.607415 119.34948 -2.7753086 26.5 118.5 3.53429173529 2.2721827067 1.51346962636 5.44982870971 0.466738965223
1140 2.83688092232 28.309413 119.3977 -2.6319404 26.5 117.5 3.62155819789 2.62206801868 -1.70092315003 5.93413564178 0.455464662403
1143 2.83691906929 28.176965 119.31562 -2.5155106 26.5 117.5 3.79609112309 2.47157593362 1.62814070042 9.93598106822 0.448896741598
1146 2.8408870697 28.13257 119.1422 -2.3876282 26.5 117.5 3.88335758569 2.31562208594 -0.698981093582 8.77033305323 0.436935677003
1149 2.83534097672 28.071656 119.10664 -2.2643471 26.5 117.5 4.05789051089 2.24753079444 2.23753218269 10.7825785872 0.392294679076
1152 2.83941411972 27.847582 119.05477 -2.1225081 25.5 118.5 4.14515697349 2.41224190321 -0.889243887669 7.60512342476 0.35729105756
1155 2.84259390831 27.651134 118.95518 -2.0012288 25.5 118.5 4.31968989869 2.19876472556 2.16196408003 2.5704088834 0.27294754157
1158 2.84744000435 27.585975 118.8068 -1.8653126 25.5 118.5 4.40695636129 2.10841597903 -0.625460547426 4.10143858287 0.277083549272
1161 2.83327007294 27.545652 118.66047 -1.7395281 26.5 117.5 4.31968989869 1.56207513456 -12.8323815256 2.05034761888 0.189138027524
1164 2.83361291885 27.426878 118.54472 -1.6078392 26.5 117.5 4.49422282389 1.39661831052 -10.3775997043 1.10037428296 0.231119958736
1167 2.83881783485 27.408113 118.27266 -1.4907581 26.5 117.5 4.58148928649 1.19233917002 -12.0858525951 3.46283091571 0.181976334144
1170 2.83380079269 27.619078 117.43976 -1.368489 26.5 116.5 4.75602221168 1.46132967796 -9.09135598992 1.05402075626 0.231280243522
1173 5.33266782761 28.00462 115.50954 -1.3464267 26.5 115.5 4.75602221168 1.50465024374 -10.3554326663 0.544728292579 0.155572022983
1176 5.33166193962 28.352772 113.43776 -1.3439724 27.5 113.5 4.84328867428 0.855040292375 -5.49605369793 2.2373174201 0.275170595439
1179 5.30450510979 28.777386 111.37552 -1.3470791 27.5 111.5 4.84328867428 1.28343689498 -5.31805289972 2.0733082821 0.364411466586
1182 5.30303287506 29.292879 109.18718 -1.3487141 27.5 109.5 4.75602221168 1.81996468676 -10.2243743002 3.93575528282 0.271691026484
1185 5.32117199898 29.664866 107.14961 -1.3582731 27.5 107.5 4.75602221168 2.19303851997 -9.67668394385 3.11436677518 0.461469710922
1188 5.32178688049 30.155372 105.1583 -1.3627181 27.5 105.5 4.75602221168 2.67726714177 -9.42200420391 3.29482111006 0.547341575097
1191 5.32308387756 30.584999 103.08809 -1.3538609 27.5 103.5 4.75602221168 3.11237669283 -9.92948438222 2.17420864679 0.594736367018
1194 5.31973791122 30.932942 101.04272 -1.3388863 28.5 101.5 4.84328867428 2.47554272307 -5.78746576211 5.45754759955 0.544494604763
1197 5.32485294342 31.46397 98.886394 -1.3633561 29.5 99.5 4.84328867428 2.05759337191 -4.38544949658 3.38611029484 0.583236574157
1200 5.31565189362 31.761459 96.890841 -1.3338862 30.5 96.5 4.93055513688 1.32061936074 -1.07395038926 0.956415394185 0.396382466131
1203 5.31429314613 32.148779 94.808879 -1.340085 30.5 95.5 4.84328867428 1.78776967965 -5.71878531121 0.952888777468 0.37746592367
1206 5.32917284966 32.63242 92.742465 -1.3409888 31.5 92.5 4.93055513688 1.15808649618 -0.667001385687 0.350713217013 0.461765251176
1209 5.3234910965 33.223163 90.635151 -1.3443959 32.5 91.5 5.01782159948 1.12735465465 4.52821106469 1.27016004636 0.31477515552
1212 5.31843113899 33.480467 88.544154 -1.3400822 32.5 88.5 4.93055513688 0.981460704157 -0.718945739394 4.11703508272 0.352265036681
1215 5.31243085861 33.996344 86.523674 -1.3537744 32.5 86.5 4.93055513688 1.49653126416 0.0655595328553 0.541268224814 0.492396808693
1218 5.31005191803 34.391099 84.502242 -1.3500462 32.5 84.5 4.93055513688 1.89110032901 -0.148050592325 0.862546141654 0.573535019098
1221 5.30985498428 34.871654 82.311763 -1.3462417 33.5 82.5 4.93055513688 1.38450997248 -0.366032385483 0.338967538616 0.556175575266
1224 5.32577395439 35.319079 80.358924 -1.358939 33.5 80.5 4.93055513688 1.82454127002 0.361469315729 0.595152077827 0.593531229653
1227 5.31554722786 35.776446 78.250756 -1.3606991 34.5 78.5 4.93055513688 1.30055256043 0.46231561725 0.206385619789 0.62615594992
1230 5.34054803848 36.167733 76.160289 -1.3496683 35.5 76.5 4.93055513688 0.749180167123 -0.169702667403 2.39413153139 0.535546654061
1233 5.34689307213 36.593873 74.026216 -1.3452321 35.5 74.5 4.93055513688 1.19206938505 -0.423878204479 0.467917416705 0.662825320108
1236 5.34162306786 37.096668 72.068535 -1.358637 35.5 72.5 4.93055513688 1.65393795181 0.344165990316 1.75898895338 0.672854532525
1239 5.39300704002 37.456761 70.030489 -1.3570922 35.5 69.5 4.93055513688 2.0273954203 0.255655470124 2.17739434993 0.688900535935
1242 5.32177901268 37.942935 67.912468 -1.3598503 35.5 67.5 4.84328867428 2.47751110295 -4.5863170404 0.588908539183 0.697398379221
1245 5.31861281395 38.381728 65.750541 -1.3597279 36.5 65.5 4.93055513688 1.8983337585 0.406669956186 0.851517354064 0.678455999884
1248 5.32294297218 38.78715 63.709446 -1.3638712 37.5 63.5 4.93055513688 1.30407927267 0.644063559443 0.324472725365 0.726352294815
1251 5.32777118683 39.284372 61.704874 -1.358189 38.5 61.5 4.93055513688 0.810686616554 0.318497481094 4.60243487743 0.705619804055
1254 5.34296584129 39.616785 59.610797 -1.3616912 38.5 59.5 4.93055513688 1.12226766479 0.519158760104 0.601763109722 0.736426729512
1257 5.31809687614 40.0981 57.483375 -1.3627524 38.5 58.5 4.93055513688 1.89405649351 0.579961041324 2.6410426201 0.685567333596
1260 5.31944704056 40.478176 55.366289 -1.371191 39.5 56.5 4.93055513688 1.49737400755 1.06345720632 0.733288355238 0.611124581036
1263 5.32087397575 40.927924 53.368372 -1.3697355 40.5 54.5 4.93055513688 1.2098350632 0.980063199242 0.125910352294 0.669499382636
1266 5.32188987732 41.311773 51.24524 -1.3687118 40.5 51.5 4.93055513688 0.850810238025 0.921409509754 0.0982846843163 0.703236967153
1269 5.33105516434 41.752813 49.127024 -1.3690442 41.5 49.5 4.93055513688 0.450583521164 0.940454626864 0.0 0.669897826682
1272 5.31329011917 42.124468 46.999249 -1.3746445 41.5 47.5 4.93055513688 0.800444780747 1.26132818087 1.34136700322 0.725897956937
1275 5.32097506523 42.489069 45.000812 -1.3756167 41.5 45.5 4.93055513688 1.10790168612 1.31703113771 2.07278461539 0.712977666983
1278 5.31513309479 42.919623 42.847052 -1.3693623 41.5 43.5 4.93055513688 1.56258457462 0.958680414327 1.63792844015 0.657640058937
1281 5.32051205635 43.26925 40.76156 -1.3849404 42.5 41.5 4.93055513688 1.0663204003 1.85123979716 1.12259391915 0.607312812531
1284 5.31811785698 43.723057 38.666685 -1.382086 43.5 39.5 4.93055513688 0.862651908057 1.68769472412 0.285575938894 0.624021721816
1287 5.32146310806 44.069109 36.638541 -1.3748634 43.5 37.5 4.93055513688 1.03247114369 1.27387022701 0.389869545549 0.627677938482
1290 5.31580805779 44.48264 34.512889 -1.372972 44.5 35.5 4.93055513688 0.987263640534 1.16550098964 0.0570472331818 0.624917938007
1293 2.83346605301 44.660959 33.544964 -1.3339999 44.5 33.5 4.93055513688 0.167121395928 -1.06743585913 0.0 0.656825038897
1296 2.82533597946 44.654294 33.324157 -1.2074321 44.5 33.5 5.10508806208 0.233938878951 1.68076337862 0.0 0.652857333893
1299 22.3328158855 44.699557 33.107025 -1.0711259 44.5 33.5 5.19235452468 0.440740679849 -1.12900660285 0.0 0.243893836141
1302 2.84324216843 44.829945 32.953901 -0.95914547 44.5 33.5 5.36688744988 0.638034341416 2.45498737009 0.471878848 0.248583416782
1305 2.84885382652 44.914184 32.826307 -0.82117543 44.5 33.5 5.45415391248 0.790829086532 -0.450113621159 0.396963791486 0.256268816913
1308 2.83989405632 44.932468 32.690373 -0.70238554 44.5 33.5 5.45415391248 0.917891306285 -7.25627296698 0.339618401845 0.262053436854
1311 2.83221316338 45.019913 32.619075 -0.56167342 44.5 33.5 5.62868683768 1.02290683016 -5.31848356932 3.68950372341 0.25849037856
1314 2.81857299805 45.164806 32.47066 -0.44585332 44.5 33.5 5.71595330028 1.22536029527 -6.9544864821 4.055197978 0.266776481265
1317 2.83703494072 45.307079 32.373178 -0.30795343 43.5 33.5 5.97775268808 2.12961553618 0.144431825577 2.46563888603 0.194141013508
1320 2.83171319962 45.468859 32.25314 -0.19105128 43.5 33.5 5.97775268808 2.3304646793 -6.55356798543 3.82048815281 0.21469460972
1323 2.83095622063 46.833289 32.057508 -0.10389315 44.5 33.5 6.06501915068 2.7431771229 -6.54736098468 3.86696436189 0.208886004036
1326 5.31349015236 48.863767 31.868312 -0.084237935 46.5 30.5 5.71595330028 2.73124004065 -27.6735218496 2.26446526432 0.245143617031
1329 5.32352089882 51.033972 31.691587 -0.08198003 48.5 29.5 5.71595330028 3.35023397323 -27.8028902766 5.6078800376 0.246157986934
1332 5.31515097618 53.111195 31.42619 -0.084122232 50.5 27.5 5.62868683768 4.71522080545 -32.6801511432 7.56820229 0.278396139847
1335 5.31862998009 55.206155 31.249451 -0.082409142 51.5 25.5 5.62868683768 6.84045113172 -32.7783039701 3.30416976721 0.205718335312
1338 5.32096600533 57.287235 31.07162 -0.080297126 56.5 32.5 6.23955207588 1.6309532089 2.10068642683 1.50454663837 0.362339362714
1341 5.3136138916 59.516372 30.847745 -0.092608556 58.5 32.5 6.23955207588 1.93983469074 2.8060794056 5.63685320116 0.477882116081
1344 5.30939221382 61.567611 30.670937 -0.091677002 60.5 32.5 6.23955207588 2.11784435341 2.75270529301 5.46661478725 0.553175702472
1347 5.31138110161 63.68279 30.502969 -0.089332225 62.5 32.5 6.15228561328 2.32101809538 -2.38164053299 2.60139981942 0.465256582623
1350 5.32255887985 65.773678 30.270465 -0.081918863 65.5 32.5 6.15228561328 2.24626934358 -2.80639488759 0.584658182631 0.542950808804
1353 5.31248378754 67.870787 30.052005 -0.080757136 67.5 31.5 6.15228561328 1.49471486224 -2.87295694164 0.419828814844 0.616637937842
1356 5.31552410126 69.978421 29.855203 -0.080851998 69.5 31.5 6.15228561328 1.71296346267 -2.8675217494 0.925518293274 0.63647538393
1359 5.31385302544 72.04312 29.748383 -0.089661546 70.5 30.5 6.15228561328 1.7164345164 -2.36277182958 0.226514715649 0.57156043748
1362 5.31883597374 74.192216 29.503442 -0.097083695 72.5 30.5 6.15228561328 1.96385407758 -1.93751401696 1.63176685583 0.55608518157
1365 5.30777096748 76.337484 29.313327 -0.092202589 74.5 30.5 6.15228561328 2.18735919757 -2.21718079012 3.24187050945 0.642631786204
1368 5.31289196014 78.469083 29.072242 -0.088851811 77.5 30.5 6.15228561328 1.72557664781 -2.40916622761 1.0269124856 0.642891158054
1371 5.30682992935 80.508884 28.860474 -0.08148585 79.5 30.5 6.15228561328 1.92506946112 -2.83120470496 1.05997717498 0.654222434564
1374 5.31798791885 82.648681 28.706332 -0.092016755 81.5 30.5 6.15228561328 2.12995608734 -2.22782829401 4.58456922958 0.648829250815
1377 5.37191200256 84.803463 28.469695 -0.089914919 83.5 30.5 6.15228561328 2.41270681712 -2.34825462604 6.07430202353 0.685532718779
1380 5.33128809929 86.909059 28.274418 -0.095059786 85.5 29.5 6.23955207588 1.86748453921 2.94652453922 2.12238180005 0.674301813443
1383 5.32375502586 88.999768 28.069648 -0.093100738 87.5 29.5 6.23955207588 2.07248905853 2.83427935695 6.521010354 0.73509126899
1386 5.31038308144 91.148907 27.8824 -0.087682683 89.5 29.5 6.23955207588 2.30987533314 2.52384767228 8.35147186821 0.747017312942
1389 5.33141493797 93.191686 27.680334 -0.085944106 91.5 29.5 6.23955207588 2.48454943081 2.42423454782 3.61206370385 0.660589011051
1392 5.31923508644 94.597595 27.536443 -0.026113958 93.5 29.5 6.23955207588 2.24950458463 -1.00378042022 3.89606574049 0.710334187734
1395 5.33508110046 66.734672 23.138609 0.64678418 94.5 29.5 6.23955207588 28.484745644 -39.5580037698 11.4809327129 0.589213442978
1398 5.32482981682 41.954155 8.6979942 1.5862633 97.5 31.5 0.0436332312999 60.0439203023 -88.3861922865 12.5241753408 0.647210303416
1401 5.3182349205 40.498777 7.6026468 1.6671323 100.5 31.5 0.0436332312999 64.5850621387 -93.0196446799 10.2538554678 0.519384141172
1404 5.3076210022 40.36551 9.5759073 1.6613912 102.5 31.5 0.0436332312999 65.8890027871 -92.6907038802 10.2044332656 0.541430267861
1407 5.31347894669 40.15753 11.693798 1.6450717 103.5 31.5 0.0436332312999 66.3668150763 -91.7556654064 9.98997657934 0.475620901714
1410 5.32289004326 40.017928 13.779826 1.6578436 103.5 30.5 6.23955207588 65.6470691197 -97.4874413728 8.99162761451 0.320905283796
1413 5.32540297508 39.937066 15.922073 1.6651068 106.5 32.5 0.0436332312999 68.5962961559 -92.9035920785 7.27458533173 0.241935248323
1416 5.31639885902 39.75755 17.953862 1.6630734 106.5 31.5 0.0436332312999 68.1032487237 -92.7870868405 7.92412388503 0.202434459552
1419 5.31039214134 39.645384 20.177858 1.663423 109.5 32.5 0.0436332312999 70.9330850871 -92.807117445 8.02561944926 0.134785813507
1422 5.3245100975 39.526919 22.292671 1.6684735 111.5 32.5 0.0436332312999 72.6932868561 -93.0964897794 9.08780047842 0.166849771439
1425 5.30322289467 39.303781 24.413998 1.6572417 114.5 33.5 0.1308996939 75.7431632838 -87.4529550431 10.047052968 0.13747569132
1428 5.31684303284 39.21094 26.55624 1.6661167 115.5 33.5 0.1308996939 76.6044155295 -87.9614550863 9.83863010089 0.121116267779
1431 5.31717205048 39.049874 28.673026 1.6660737 118.5 34.5 0.1308996939 79.6635182967 -87.9589913677 10.8548568252 0.114596363091
1434 5.32064294815 38.816051 30.701859 1.6598041 119.5 34.5 0.1308996939 80.7732969569 -87.5997697485 7.48346039099 0.168432368746
1437 5.32065916061 38.695572 32.853799 1.6647394 122.5 35.5 0.1308996939 83.8461956927 -87.8825416091 7.38369895557 0.239262148748
1440 5.32699108124 38.58982 35.008607 1.6723781 124.5 35.5 0.1308996939 85.9115853346 -88.3202068801 10.274262426 0.18337611199
1443 5.33554410934 38.393816 37.160762 1.6689022 126.5 35.5 0.1308996939 88.1218349188 -88.1210524801 7.99959022709 0.339265293869
1446 5.3244907856 38.314928 39.264936 1.6781402 128.5 36.5 0.1308996939 90.2274463937 -88.6503508912 7.72970287947 0.33945759782
1449 5.31698107719 38.042909 41.445131 1.6601298 130.5 37.5 0.1308996939 92.5412218138 -87.6184309839 6.98989110865 0.24528989882
1452 5.29540395737 37.893052 43.482766 1.6655679 135.5 27.5 6.23955207588 98.906850657 -97.9300111625 3.86813448559 0.0830033764417
1455 5.30294013023 37.737395 45.529248 1.6663309 137.5 27.5 6.15228561328 101.378652288 -102.973727842 3.99411649285 0.160894868252
1458 5.32376289368 37.667375 47.706088 1.6735516 140.5 26.5 6.15228561328 104.996413904 -103.387443477 5.4188495439 0.151815341
1461 5.31388497353 37.411337 49.793915 1.6717816 142.5 26.5 6.15228561328 107.63936811 -103.286029948 7.60633912116 0.102002695394
1464 5.31284499168 37.208006 51.943854 1.66906 139.5 37.5 0.1308996939 103.306713019 -88.1300937541 8.10316939403 0.0365183499272
1467 5.32237887383 37.03196 53.963531 1.6741645 141.5 37.5 0.1308996939 105.75736019 -88.4225600606 6.79333437912 0.0590731902972
1470 5.314193964 36.983983 56.143126 1.6856298 142.5 39.5 0.218166156499 106.82051997 -84.0794733615 3.51491708202 0.0212171403726
1473 5.3196439743 36.720012 58.206076 1.6746777 33.5 58.5 1.70169602069 3.23339892341 1.54803574532 4.44619415319 0.0196958394316
1476 5.35544610023 36.536888 60.398002 1.6787317 33.5 60.5 1.70169602069 3.03860038777 1.31575865518 3.78752810156 0.0430004865133
1479 5.33990502357 36.401835 62.417273 1.6766351 32.5 62.5 1.78896248329 3.90271189351 6.43588498651 3.58679744903 0.0351630127389
1482 5.31801700592 36.239068 64.615141 1.6886647 32.5 64.5 1.70169602069 3.74084040805 0.746639677275 2.87514596044 0.0457615828038
1485 5.31093788147 35.99676 66.655908 1.678851 33.5 66.5 1.70169602069 2.50162303357 1.30892326868 3.3973322481 0.064847499947
1488 5.31468391418 35.830181 68.859683 1.6854848 33.5 68.5 1.70169602069 2.35777763015 0.928834526548 2.08402365046 0.119762369142
1491 5.3275680542 35.575227 70.898859 1.683738 32.5 71.5 1.61442955809 3.1334312827 -3.9710812058 1.87932539845 0.198670749037
1494 5.29607605934 35.463169 73.006353 1.6935188 32.5 73.5 1.61442955809 3.00400697123 -4.53147976606 1.76037630164 0.273102376948
1497 5.29621005058 35.205801 75.07321 1.6913976 32.5 75.5 1.70169602069 2.73925332083 0.590056041443 5.57925393119 0.293436434352
1500 5.29760909081 34.978045 77.287591 1.6912075 31.5 76.5 1.70169602069 3.56610384107 0.600947969129 4.44439014237 0.227877873135
1503 5.29586005211 34.814043 79.320098 1.7000185 31.5 78.5 1.70169602069 3.41400669821 0.096114855839 5.80869808481 0.380060017168
1506 5.3020401001 34.580736 81.372215 1.6970036 30.5 80.5 1.70169602069 4.17290849503 0.268855901493 9.55458787725 0.438535879116
1509 5.30152201653 34.345965 83.441951 1.6955247 30.5 83.5 1.70169602069 3.84640305579 0.353590629815 7.17821317536 0.490216764801
1512 5.30187296867 34.142398 85.698773 1.7034669 30.5 85.5 1.70169602069 3.64781768951 -0.101463910234 5.79113288731 0.557269799625
1515 5.31388282776 33.910208 87.748137 1.7016389 30.5 87.5 1.70169602069 3.41922368002 0.00327277471605 7.82323799316 0.575416478709
1518 5.30530810356 33.670818 89.737713 1.6967853 30.5 89.5 1.70169602069 3.17971606586 0.281363570161 4.80187830528 0.647929500271
1521 5.29894590378 33.472926 91.900649 1.7056804 30.5 92.5 1.70169602069 3.03273978816 -0.228288118186 3.81247952129 0.682429307172
1524 5.30605196953 33.217902 94.036516 1.7078464 29.5 94.5 1.70169602069 3.74668022386 -0.352390776611 5.60474970778 0.68142322584
1527 5.29856705666 33.034075 96.178482 1.7177188 29.5 96.5 1.70169602069 3.54867016359 -0.918037630276 5.12989696513 0.664292739359
1530 5.2990500927 32.713254 98.174723 1.7080491 28.5 97.5 1.70169602069 4.26693805852 -0.364004631119 4.0697357021 0.519116148665
1533 5.28863286972 32.45653 100.24821 1.7068362 28.5 99.5 1.70169602069 4.02665467168 -0.294510580147 7.8337625756 0.652119162265
1536 5.30032801628 32.217075 102.39435 1.7082962 27.5 101.5 1.70169602069 4.80111012976 -0.378162418236 6.78889788391 0.724357501354
1539 5.29679918289 31.955228 104.48204 1.7110577 27.5 103.5 1.70169602069 4.56217701252 -0.536384713362 6.75673336932 0.661061787
1542 5.29640483856 31.741377 106.6002 1.7198575 27.5 105.5 1.70169602069 4.38174838348 -1.04057611392 8.98201521317 0.696556671101
1545 5.29413700104 31.439656 108.68741 1.7105287 27.5 107.5 1.70169602069 4.11470921286 -0.506075245999 7.03675943299 0.735354640773
1548 5.29393696785 31.216018 110.75498 1.7177022 27.5 110.5 1.70169602069 3.72475563987 -0.917086520336 7.35721515205 0.628140245023
1551 5.30486702919 30.916985 112.90957 1.719675 26.5 112.5 1.70169602069 4.43593328119 -1.03011963416 6.09673273902 0.694241259981
1554 5.30272102356 30.668641 114.94646 1.716506 26.5 114.5 1.70169602069 4.19248068791 -0.848549308883 3.56257623628 0.675852185626
1557 5.29585695267 30.419865 117.12266 1.716223 26.5 117.5 1.70169602069 3.93798515663 -0.832334603281 4.89196415318 0.571660943558
1560 5.30936002731 30.132888 119.21343 1.725557 26.5 118.5 1.70169602069 3.70227735123 -1.36713340926 7.9326092235 0.421827248219
1563 5.30364608765 29.88258 121.34383 1.72867 26.5 120.5 1.70169602069 3.48624389928 -1.54549517088 4.56726500284 0.538892354072
1566 2.8204600811 29.981486 120.5055 1.7055843 26.5 119.5 1.70169602069 3.62377910726 -0.222781993775 3.47500061365 0.539782670379
1569 5.31268000603 30.170653 118.4575 1.6900862 26.5 117.5 1.70169602069 3.79348121076 0.665193726697 3.92698536218 0.469109325837
1572 5.28911995888 30.502618 115.6086 1.6745202 26.5 114.5 1.61442955809 4.15330528783 -3.4429401694 2.67902955408 0.491405746489
1575 5.30105900764 30.699806 113.48782 1.6738205 26.5 112.5 1.61442955809 4.31441291372 -3.40285031248 2.13420273313 0.543156895472
1578 5.30825304985 30.8492 111.36091 1.6697397 26.5 110.5 1.61442955809 4.433588464 -3.16903769544 4.34401078332 0.522047483319
1581 5.31949305534 30.973164 109.37107 1.6787837 26.5 108.5 1.61442955809 4.55718763228 -3.68722072536 1.60781817675 0.496414066737
1584 5.31075596809 31.204408 107.09871 1.665475 27.5 107.5 1.61442955809 3.7260800172 -2.92468838455 2.00824744697 0.468469336537
1587 5.31141591072 31.322843 104.96751 1.6587885 27.5 105.5 1.61442955809 3.85975053634 -2.54158015484 6.35943286209 0.516921455424
1590 5.31459498405 31.457099 102.91722 1.6541397 27.5 103.5 1.61442955809 3.99978312215 -2.27522353504 4.97856914389 0.584146767122
1593 5.32433104515 31.546684 101.34427 1.631357 27.5 101.5 1.61442955809 4.04967939827 -0.969870979123 3.63055506456 0.534337755988
1596 2.83608198166 31.536552 101.09899 1.5279681 27.5 101.5 1.5271630955 4.05642220051 -0.0461233606233 2.88642883821 0.507074997149
1599 2.81851315498 31.522716 100.84711 1.3818466 27.5 101.5 1.3526301703 4.07535389491 -1.6739781145 3.53527892852 0.469580188035
1602 2.81302213669 31.33472 100.81397 1.2437751 27.5 101.5 1.2653637077 3.8956019611 1.23693610654 2.88266349808 0.474989364365
1605 2.81240701675 31.335612 100.76499 1.1262837 27.5 101.5 1.0908307825 3.90540127447 -2.03130254438 3.08309222287 0.43743294845
1608 7.1146030426 30.238332 99.003137 0.9296569 26.5 100.5 0.916297857297 4.0268753374 -0.765416765216 3.06335723287 0.391736675472
1611 7.10497498512 28.772289 97.32743 0.78863198 25.5 99.5 0.829031394697 3.92784109969 2.31471595695 3.62815601092 0.406941341599
1614 5.28709602356 27.005154 95.945316 0.6582802 23.5 98.5 0.567232006898 4.33733961128 -5.21667719703 6.66074055043 0.370507420952
1617 2.82842087746 26.209553 95.323497 0.64585939 23.5 96.5 0.654498469498 2.95395273639 0.494982794106 3.77121128593 0.376711673778
1620 2.83105111122 26.225548 95.299359 0.74214735 22.5 96.5 0.654498469498 3.91423641483 -5.02191093182 3.13732058584 0.288043925402
1623 2.83114504814 26.287241 95.304851 0.87876564 23.5 95.5 0.916297857297 2.79406433789 2.15043764689 1.9766627133 0.268342289738
1626 2.83376502991 26.503119 95.525486 1.0159202 23.5 95.5 1.0035643199 3.00322714165 -0.707939782087 1.94425944287 0.255862312884
1629 2.8323559761 26.584147 95.637624 1.1414331 23.5 95.5 1.1780972451 3.08721607326 2.10070077347 1.60307283636 0.250425774836
1632 2.82635211945 26.62792 95.717086 1.2595284 23.5 95.5 1.2653637077 3.13544412449 0.334338503135 1.56496099504 0.238281634814
1635 2.83416891098 26.756174 95.797181 1.3910555 23.5 95.5 1.3526301703 3.26970727513 -2.20160921846 2.63092645532 0.236818507281
1638 5.32285690308 26.381693 93.77201 1.3952992 23.5 93.5 1.4398966329 2.89450237284 2.55524468202 4.73324701968 0.338903645007
1641 5.32019209862 26.011804 91.856332 1.39866 22.5 92.5 1.3526301703 3.5703047249 -2.63731497377 5.49539852714 0.31265242716
1644 5.29040193558 25.609249 89.727224 1.3968171 21.5 90.5 1.3526301703 4.181280915 -2.5317245817 3.42926348988 0.400311275039
1647 5.28393387794 25.2462 87.568251 1.3940659 21.5 88.5 1.3526301703 3.86033296997 -2.37409243311 5.97803563515 0.478556420185
1650 5.28915715218 24.820481 85.505592 1.4017015 20.5 86.5 1.3526301703 4.43344147834 -2.81158008716 3.87410177755 0.488697505546
1653 5.30429911613 24.493958 83.448062 1.398475 20.5 83.5 1.3526301703 3.99429569031 -2.62671525456 6.39899745845 0.482912836071
1656 5.31436395645 24.080092 81.345956 1.3962744 19.5 82.5 1.3526301703 4.72324679457 -2.50063016216 4.28841851529 0.566853320531
1659 5.31721901894 23.622432 79.208855 1.3888608 19.5 79.5 1.3526301703 4.13270020757 -2.07586217116 4.47799359823 0.565675854147
1662 5.31491994858 23.236261 77.182266 1.3737053 18.5 77.5 1.3526301703 4.7469066933 -1.20751598475 5.75009095562 0.558041463575
1665 5.28316903114 22.741503 75.111069 1.3685019 18.5 75.5 1.3526301703 4.25929747984 -0.909383125634 6.96154249593 0.6160002619
1668 5.30614805222 22.23837 73.007777 1.3690406 18.5 73.5 1.3526301703 3.77063572075 -0.940248362058 7.13984189523 0.637352234223
1671 5.30830287933 21.796618 70.8705 1.3677106 17.5 71.5 1.3526301703 4.34248736186 -0.864044975306 5.98900803767 0.550472187502
1674 5.30968499184 21.306705 68.900927 1.3588762 18.5 69.5 1.3526301703 2.86992707509 -0.357871140775 3.53866520762 0.552855918752
1677 5.31954097748 20.800373 66.796896 1.3509317 18.5 67.5 1.4398966329 2.40542536237 5.09731517957 1.60824899231 0.562348421433
1680 5.31077504158 20.180988 64.758154 1.3339286 18.5 65.5 1.4398966329 1.83740473055 6.07152104821 2.94047493825 0.451249003377
1683 5.31175994873 19.716632 62.635567 1.3210663 18.5 63.5 1.4398966329 1.49246032943 6.80847655304 2.92645344123 0.50523253944
1686 5.31133818626 19.127208 60.642471 1.320188 17.5 61.5 1.4398966329 1.83933734293 6.85879943618 5.67716647088 0.522165840708
1689 5.31247520447 18.573484 58.538556 1.3117791 14.5 59.5 1.2653637077 4.18540875703 -2.65940608347 1.5251697046 0.33678490174
1692 5.31627893448 18.03732 56.562177 1.3046299 17.5 56.5 1.4398966329 0.540905501663 7.75021290343 4.87473072659 0.415838030619
1695 5.31074309349 17.470308 54.449011 1.30616 16.5 54.5 1.4398966329 0.971646794357 7.66254463119 2.50446924365 0.513613608842
1698 5.30755591393 16.865167 52.414515 1.2995721 14.5 52.5 1.3526301703 2.36671135188 3.04000349705 2.17072449576 0.424833269752
1701 5.31099390984 16.322269 50.452679 1.2871313 15.5 50.5 1.4398966329 0.823629519506 8.75280883081 3.59599867523 0.237275553283
1704 5.3075261116 15.679585 48.421133 1.2791916 15.5 48.5 1.4398966329 0.196139684699 9.20772013141 2.0019472994 0.377244204596
1707 5.30773091316 15.049517 46.343459 1.2810584 14.5 46.5 1.4398966329 0.571379049292 9.10076037022 3.83221368575 0.413468656032
1710 5.29633188248 14.370513 44.264129 1.2685694 12.5 44.5 1.2653637077 1.88532596964 -0.183672639443 3.93926888338 0.389591860253
1713 5.29674196243 13.728985 42.398373 1.2622613 12.5 42.5 1.3526301703 1.23317970197 5.1777548673 0.927519683546 0.529079567201
1716 5.29424285889 13.116178 40.310007 1.2578142 12.5 40.5 1.3526301703 0.644804363922 5.43255492838 1.15617727546 0.562378655118
1719 5.30156493187 12.482531 38.460523 1.239848 12.5 38.5 1.3526301703 0.0431694277238 6.46194236226 0.463478082188 0.517799551342
1722 2.81817483902 12.331027 38.238303 1.1567887 10.5 38.5 1.1780972451 1.84963380012 1.22088970157 1.908426259 0.335669891558
1725 2.83026909828 12.263795 38.100898 1.043782 11.5 37.5 1.1780972451 0.971833940768 7.69569666828 1.97085370198 0.292711504718
1728 2.82963514328 12.231882 38.075858 0.90529637 11.5 37.5 1.0035643199 0.931269938357 5.63033879049 3.13802436491 0.297042072553
1731 2.84541988373 12.170047 37.918491 0.7605547 10.5 37.5 0.829031394697 1.7216828103 3.92342560116 6.42716573996 0.233850375757
1734 2.82599306107 11.9457 37.868652 0.60051086 10.5 37.5 0.741764932098 1.4919627298 8.09326217023 2.73994016951 0.276788197233
1737 2.8290989399 11.861848 37.85602 0.47073445 10.5 37.5 0.567232006898 1.40761508073 5.52890274359 2.93890494618 0.307005865059
1740 2.8399579525 11.68598 37.868337 0.32347919 10.5 37.5 0.479965544298 1.2418617902 8.96600765269 1.94758839862 0.321802153959
1743 22.4033219814 11.634663 37.834152 0.18688423 10.5 37.5 0.305432619099 1.18284305074 6.79232236345 0.107946268163 0.164832890586
1746 2.80568194389 11.546787 37.799316 0.059161186 10.5 37.5 0.1308996939 1.08873922095 4.11031373121 0.0701406893754 0.200061376974
1749 2.80730485916 11.461332 37.784444 -0.088384018 10.5 37.5 6.23955207588 1.00253059971 2.56403120781 0.045848367533 0.229972656912
1752 2.81216096878 11.353119 37.809133 -0.22428348 10.5 37.5 6.06501915068 0.907400264409 0.350496818507 0.00354849484076 0.250133738191
1755 2.81847405434 11.259101 37.929753 -0.36642208 11.5 37.5 5.97775268808 0.492666184358 3.49443870441 0.0109920068287 0.279610991383
1758 2.8224260807 11.22919 38.083377 -0.50941267 11.5 37.5 5.89048622548 0.643169324695 6.68719602149 0.194438431963 0.273614732902
1761 2.82248902321 11.185129 38.110347 -0.64618684 11.5 37.5 5.71595330028 0.686780319353 4.5237787089 0.240587973084 0.249781337974
1764 2.83024311066 11.588805 37.741111 -0.76036767 11.5 37.5 5.62868683768 0.256945212732 6.0658583692 0.112736218389 0.288368955512
1767 5.3056910038 13.063467 36.224873 -0.77289998 12.5 36.5 5.54142037508 0.627048583619 1.78390683975 2.60324678399 0.283899189103
1770 5.29594612122 14.493375 34.807156 -0.77803694 14.5 35.5 5.45415391248 0.692875673524 -2.92176703273 0.147093784887 0.232093608266
1773 5.30996990204 15.892318 33.28564 -0.77023756 15.5 33.5 5.54142037508 0.447061095069 1.63136141045 0.0 0.323294867569
1776 5.31538796425 17.405154 31.857105 -0.77891679 17.5 32.5 5.54142037508 0.649853633321 2.12864465888 0.367887829883 0.433792371421
1779 5.30718302727 19.008966 30.381332 -0.78385491 18.5 30.5 5.54142037508 0.522616956652 2.41157809361 1.89163454995 0.423037017728
1782 5.30986189842 20.517371 28.856906 -0.78454873 20.5 29.5 5.45415391248 0.643328566502 -2.54866894865 0.376884309653 0.488527277469
1785 5.31142115593 22.037399 27.308602 -0.78653789 21.5 27.5 5.54142037508 0.57046549379 2.56530152412 0.200059159539 0.510958945889
1788 5.30776786804 23.470866 25.802264 -0.78746834 23.5 26.5 5.45415391248 0.698343980895 -2.38138761783 2.26509806324 0.508132389733
1791 5.30773210526 25.030138 24.239515 -0.79252133 25.5 24.5 5.45415391248 0.537236199701 -2.09187261691 0.0 0.549662309883
1794 5.30404114723 26.508975 22.80392 -0.79210599 26.5 23.5 5.45415391248 0.696137857773 -2.11566984597 2.26258884403 0.53260266374
1797 5.31994199753 27.961008 21.312251 -0.79564812 27.5 21.5 5.54142037508 0.497773103999 3.08727925352 0.423503936359 0.651285791873
1800 5.30712389946 29.36401 19.750057 -0.78815021 29.5 20.5 5.54142037508 0.762173066533 2.65768065535 0.312264213992 0.656905139258
1803 5.31327581406 31.016391 18.179875 -0.79578372 30.5 18.5 5.54142037508 0.607568663203 3.09504856122 0.436285767925 0.651054798507
1806 5.29475188255 32.405165 16.663972 -0.79079715 32.5 17.5 5.45415391248 0.841389620811 -2.19066085403 0.360138374097 0.661182947815
1809 5.46569108963 33.875627 15.226881 -0.79213801 33.5 15.5 5.45415391248 0.464423977945 -2.11383523511 0.0 0.661989670486
1812 2.89588499069 34.400964 14.714584 -0.72873329 34.5 15.5 5.54142037508 0.79163528367 -0.746658092317 1.95972282488 0.62262226285
1815 2.90507483482 34.541831 14.529671 -0.59347242 34.5 15.5 5.62868683768 0.971230251177 -3.49653507658 0.367795715579 0.547901449341
1818 2.82292199135 34.648846 14.435796 -0.47955783 33.5 14.5 5.80321976288 1.15063864238 -0.0233603085478 0.236932310067 0.599416013363
1821 2.85273909569 34.668797 14.324629 -0.34405458 34.5 15.5 5.89048622548 1.18742975154 -2.78712464385 0.288777855784 0.61370897581
1824 2.90342903137 34.864126 14.20779 -0.22615765 34.5 15.5 5.97775268808 1.34253284056 -4.5421211504 2.13235056454 0.54184582593
1827 2.96119809151 35.017605 14.088235 -0.094353638 35.5 15.5 6.15228561328 1.49190661613 -2.09393476089 0.321243829245 0.493833867417
1830 2.83211803436 36.599142 14.0692 -0.022879679 36.5 15.5 6.23955207588 1.43423072627 -1.18909095669 0.166640677182 0.527449266347
1833 5.31980085373 38.63985 14.009333 -0.014813302 38.5 15.5 6.23955207588 1.49721278628 -1.65126031475 0.0692843363968 0.598112827321
1836 5.32649803162 40.768535 13.925491 -0.0089087199 40.5 14.5 6.23955207588 0.634170038165 -1.98956794887 0.465102040787 0.601206111432
1839 5.30576300621 42.905865 13.952369 -0.011506708 42.5 14.5 6.23955207588 0.681634880553 -1.84071419551 2.25049772922 0.621886254721
1842 5.3071141243 45.04117 13.838962 -0.010052037 44.5 14.5 6.23955207588 0.854304516167 -1.92406070439 1.9996567065 0.592916232608
1845 5.30350494385 47.095509 13.764363 -0.008210261 46.5 14.5 6.23955207588 0.946463292923 -2.029586696 2.66652407261 0.532652443283
1848 5.2908270359 49.256947 13.750747 -0.012245698 48.5 14.5 6.23955207588 1.06505812931 -1.79837318741 3.36708553711 0.637142220184
1851 5.31087899208 51.347189 13.680192 -0.017629817 50.5 14.5 6.23955207588 1.17890388013 -1.48988589231 3.18090670724 0.676946822455
1854 5.29703593254 53.510554 13.649042 -0.0075411209 52.5 14.5 6.23955207588 1.32111653713 -2.06792559963 2.58550178133 0.614387361372
1857 5.30245614052 55.608657 13.581194 -0.0077936973 54.5 14.5 6.23955207588 1.4399044445 -2.05345403791 1.27481208473 0.661884539724
1860 5.30142092705 57.666716 13.591636 -0.01411162 56.5 14.5 6.23955207588 1.47863159075 -1.69146373191 0.68886763279 0.682979413624
1863 5.2876701355 59.905766 13.533857 -0.012519778 59.5 14.5 6.23955207588 1.04789233378 -1.78266956016 0.475192122543 0.717281530269
1866 5.29819703102 62.027534 13.447994 -0.021676244 61.5 14.5 6.23955207588 1.17686394506 -1.2580427031 4.48039551019 0.697808635717
1869 5.29931688309 64.181261 13.371995 -0.025327169 63.5 14.5 6.23955207588 1.31776774515 -1.04886010929 3.06886395103 0.692949977224
1872 5.29919099808 66.241252 13.310079 -0.024907545 65.5 14.5 6.23955207588 1.40191530192 -1.07290279347 3.34604275526 0.726569154466
1875 5.30460500717 68.444119 13.24669 -0.026304862 67.5 14.5 6.23955207588 1.56912288947 -0.992842426726 3.70803628237 0.687126115317
1878 5.30449008942 70.49734 13.123327 -0.017605166 69.5 14.5 6.23955207588 1.6999751835 -1.49129829057 3.81393240549 0.732568130544
1881 5.28791499138 72.634932 13.039101 -0.019360635 71.5 14.5 6.23955207588 1.84994500805 -1.39071732581 3.4101220853 0.748387650446
1884 5.29994606972 74.720419 12.994859 -0.019347658 73.5 14.5 6.23955207588 1.93774920086 -1.39146085314 4.24869214897 0.70918391719
1887 5.33056998253 76.914825 12.90632 -0.036038761 75.5 14.5 6.23955207588 2.13109026628 -0.435131095819 2.45762867062 0.738009373877
1890 5.31248116493 79.004774 12.78569 -0.032634565 78.5 14.5 6.23955207588 1.78708017928 -0.630177159255 4.83524585015 0.737063158288
1893 5.30912494659 81.177999 12.691712 -0.029848436 80.5 14.5 6.23955207588 1.93121416082 -0.789810592134 1.97655794562 0.716720983239
1896 5.31015181541 83.222919 12.597068 -0.02122413 82.5 14.5 6.23955207588 2.03562326504 -1.28394692716 5.01714817792 0.643486116684
1899 5.31365203857 85.390174 12.538762 -0.021700441 84.5 14.5 6.23955207588 2.15380227573 -1.25665631713 1.47494010848 0.717959310178
1902 5.30956888199 87.449986 12.512039 -0.030894579 86.5 14.5 6.23955207588 2.20328444322 -0.729871013466 3.02201875689 0.698175216177
1905 5.30803108215 89.572355 12.414566 -0.034322832 88.5 14.5 6.23955207588 2.34499045081 -0.533446585463 3.49128210711 0.602372306077
1908 5.30906605721 91.713838 12.339838 -0.030338307 90.5 14.5 6.23955207588 2.47784231873 -0.761743051328 4.37436102279 0.685339275205
1911 5.30562996864 93.866625 12.234111 -0.027880568 92.5 14.5 6.23955207588 2.64611353705 -0.902561123173 3.18748619943 0.725232100963
1914 5.30696392059 96.027017 12.118277 -0.016096141 95.5 14.5 6.23955207588 2.43933420568 -1.57775905425 4.17945046016 0.688214404641
1917 5.29986786842 98.003729 12.063433 -0.023465033 97.5 14.5 6.23955207588 2.48809196995 -1.15555264296 4.00595519806 0.70518805877
1920 5.2947781086 100.1865 11.996018 -0.023536261 99.5 14.5 6.23955207588 2.59638365931 -1.15147157918 6.8127653799 0.71778604556
1923 5.29641795158 102.26857 11.921444 -0.023061579 101.5 14.5 6.23955207588 2.69065993578 -1.17866885439 7.35489879928 0.712827317621
1926 5.30210590363 104.50291 11.810699 -0.022632517 104.5 14.5 6.23955207588 2.6893025744 -1.20325229614 7.42408348133 0.715043015338
1929 5.30188989639 106.528 11.779433 -0.025937223 106.5 14.5 6.23955207588 2.7207110838 -1.01390658981 7.14441864523 0.688279164495
1932 5.29892396927 108.61821 11.737233 -0.017267816 108.5 15.5 0.0436332312999 3.76462336767 3.48937297821 5.86615554391 0.70879441614
1935 5.29820489883 110.65428 11.638117 -0.015586443 109.5 15.5 0.0436332312999 4.03069505471 3.39303740152 5.72187496303 0.614126358363
1938 5.30887413025 112.94226 11.558687 -0.011710616 111.5 15.5 0.0436332312999 4.19691101545 3.1709688723 6.21856995835 0.666807983094
1941 5.31622695923 114.89636 11.528856 -0.01668203 113.5 14.5 6.23955207588 3.28291302327 -1.54419008729 4.95796006417 0.709163350304
1944 5.30767798424 117.03777 11.494892 -0.018548407 116.5 14.5 6.23955207588 3.05284632181 -1.43725456221 4.37926947481 0.650562691196
1947 5.29597687721 119.07747 11.406331 -0.016261061 118.5 15.5 0.0436332312999 4.13419852964 3.4316901657 5.13196363348 0.663431398789
1950 5.29897689819 121.291 11.334615 -0.012126455 120.5 15.5 0.0436332312999 4.23982466598 3.19479469196 8.34460146359 0.673130325548
1953 5.30504012108 123.43737 11.229443 0.0013807468 122.5 15.5 0.0436332312999 4.37222135843 2.42088903578 6.54932961027 0.702298660875
1956 5.3737859726 125.58554 11.258252 -0.0049853053 124.5 15.5 0.0436332312999 4.37844986121 2.78563695327 5.66744379623 0.659125856882
1959 5.46383905411 127.50849 11.183265 -0.012828209 126.5 15.5 0.0436332312999 4.4329733972 3.23500223441 8.01906818674 0.673179530383
1962 5.38575792313 130.28779 11.390648 -0.01314096 128.5 15.5 0.0436332312999 4.48140234123 3.25292154675 6.1794590821 0.703862147899
1965 5.394562006 132.78769 11.256475 0.0084755214 131.5 15.5 0.0436332312999 4.4345969334 2.01438839461 4.86448897289 0.717453089494
1968 5.43453288078 125.9239 10.596074 0.27888777 133.5 15.5 0.0436332312999 9.02473165382 -13.4790921788 12.7270045953 0.667598457188
1971 5.39594697952 93.936275 13.265891 0.84250578 133.5 15.5 0.0436332312999 39.6267533227 -45.7720254094 12.9812088139 0.436497231434
1974 5.49265694618 59.212281 6.4432491 1.3602712 133.5 15.5 0.0436332312999 74.8377573895 -75.4377987532 9.51465838988 0.105607141692
1977 5.38996005058 41.747696 3.5851691 1.5088422 139.5 13.5 6.15228561328 98.2538386481 -93.9502900112 10.4848722528 0.0471816306216
1980 5.44113993645 40.889782 2.6549702 1.6071612 139.5 13.5 6.15228561328 99.2047870083 -99.5835537572 8.83189884922 0.0164363193549
1983 5.38056397438 40.408125 3.8011614 1.6070032 139.5 13.5 6.15228561328 99.5653913828 -99.574501024 6.77595968514 0.00330748057418
1986 5.4001429081 40.388712 5.5337894 1.5172855 35.5 93.5 1.78896248329 88.1019506727 15.5659445336 7.13504494843 0.00441859683351
1989 5.54262709618 40.44034 7.6724587 1.5542124 34.5 95.5 1.87622894589 88.0282037197 18.4501890131 7.66215923634 0.00830012256142
1992 5.51164698601 40.554207 9.7439313 1.5604739 34.5 97.5 1.96349540849 87.9646577671 23.0914314897 6.18042287811 0.00598969201881
1995 5.41473007202 40.580821 11.876658 1.5652859 36.5 84.5 4.58148928649 72.7379055464 172.815724199 5.31594824274 0.0148135600429
1998 5.4914059639 40.665042 14.024391 1.567666 35.5 82.5 4.58148928649 68.670129509 172.679354514 6.35906711721 0.0113250262696
2001 5.45996618271 40.771617 16.174621 1.5548315 30.5 82.5 4.14515697349 67.1160339657 148.414717196 6.63907399544 0.0132259857385
2004 5.64068603516 40.847233 18.25792 1.5551713 56.5 79.5 5.97775268808 63.2107702649 -106.60475191 7.04804690884 0.0169797042379
2007 5.48556804657 40.88758 20.352438 1.5597309 59.5 77.5 6.06501915068 60.102129919 -101.865997746 5.30180275369 0.0108070443594
2010 5.58468008041 40.971014 22.508388 1.5678505 61.5 77.5 5.89048622548 58.6985234614 -112.331216557 5.65801540544 0.0220832482443
2013 5.53555297852 41.044823 24.54743 1.5705547 136.5 44.5 0.218166156499 97.5181822313 -77.4861558044 9.4975019321 0.0169034387531
2016 5.54896903038 41.105608 26.696222 1.5717508 64.5 75.5 5.89048622548 54.1212187975 -112.554687286 9.63665270069 0.0222486775091
2019 5.67120790482 41.160404 28.869777 1.5672714 139.5 45.5 0.218166156499 99.7358534253 -77.2980365716 8.02776888943 0.0121847620368
2022 6.65219497681 41.204205 31.003136 1.5608691 39.5 30.5 1.5271630955 1.77692445437 -1.93121180238 2.89539695447 0.0127958749361
2025 5.95176005363 41.244227 33.116661 1.5660557 38.5 32.5 1.61442955809 2.81265934952 2.77161790759 3.82731650012 0.0189426823263
2028 5.84414291382 41.277887 35.228156 1.5643441 39.5 35.5 1.5271630955 1.79854978944 -2.13031463619 3.22149625826 0.0222645484139
2031 5.8005771637 41.31792 37.33529 1.5797774 39.5 37.5 1.5271630955 1.82536640445 -3.01457759015 4.38931191505 0.0255858983622
2034 5.48128604889 41.419072 39.474789 1.5713492 39.5 39.5 1.5271630955 1.9192375923 -2.53167730126 3.09595334895 0.0564885351864
2037 5.50312399864 41.429937 41.518923 1.5745722 39.5 41.5 1.5271630955 1.93002976762 -2.71634159863 6.03090720869 0.0799359647918
2040 5.52340507507 41.494048 43.684079 1.5737379 38.5 43.5 1.61442955809 2.99970140256 2.33146027022 7.0042021188 0.0763373480813
2043 5.56948113441 41.508319 45.798644 1.5762653 38.5 45.5 1.61442955809 3.02310625756 2.18665091708 3.43476533613 0.143961888143
2046 5.48938393593 41.512588 47.943477 1.5772604 39.5 47.5 1.5271630955 2.06086930863 -2.87036411312 6.94224527252 0.211655782481
2049 5.30874109268 41.583607 50.107906 1.5744728 39.5 50.5 1.5271630955 2.12017825554 -2.71064639815 5.45442606229 0.320681184618
2052 5.3212351799 41.632502 52.265699 1.5728612 38.5 52.5 1.61442955809 3.14125225644 2.38169148012 5.55593712142 0.373217223879
2055 5.30362987518 41.660201 54.305408 1.5732479 38.5 54.5 1.61442955809 3.16618641379 2.35953520218 5.36332712698 0.516198061458
2058 5.32101607323 41.689009 56.508616 1.5685378 39.5 56.5 1.5271630955 2.18902595634 -2.37059594674 4.07890492814 0.576012879043
2061 5.30922007561 41.794127 58.57462 1.5657057 38.5 58.5 1.61442955809 3.29497205398 2.79167143042 4.46184593134 0.549781408698
2064 5.29337406158 41.856016 60.76704 1.5641567 39.5 60.5 1.5271630955 2.37110137992 -2.11957740711 2.88442059834 0.648420925233
2067 5.30415010452 41.858156 62.785084 1.5639758 39.5 62.5 1.5271630955 2.37532578974 -2.1092126006 6.50232318545 0.681744223358
2070 5.3061671257 41.958088 65.023529 1.5767642 39.5 64.5 1.5271630955 2.51322088754 -2.84193394732 4.67623021554 0.644600662032
2073 5.30554103851 41.99726 67.044355 1.5737097 39.5 66.5 1.5271630955 2.55590099058 -2.6669239888 3.11381690666 0.688521351341
2076 5.30941486359 42.044947 69.102812 1.5759217 39.5 68.5 1.5271630955 2.61536566089 -2.79366225308 5.98890321898 0.702220502579
2079 5.28355407715 42.097902 71.261122 1.5727544 38.5 71.5 1.61442955809 3.60582327638 2.38781066937 6.33705877342 0.746645108226
2082 5.29922699928 42.114798 73.459441 1.5684742 38.5 73.5 1.61442955809 3.61502553425 2.63304806484 5.81653107984 0.718615871723
2085 5.31212496758 42.172982 75.545483 1.5804547 38.5 75.5 1.61442955809 3.67326360007 1.94661597839 9.0424841582 0.675617714087
2088 5.33829188347 42.213453 77.648417 1.5799022 38.5 77.5 1.61442955809 3.71641773609 1.97827189657 6.23955131949 0.705203478828
2091 5.29457807541 42.308345 79.80823 1.5843424 38.5 80.5 1.61442955809 3.87066368623 1.72386717637 4.45024862868 0.733756912016
2094 5.29989695549 42.259747 81.948131 1.5870316 38.5 82.5 1.61442955809 3.80003380211 1.56978736611 5.62242222128 0.743184859664
2097 5.29642391205 42.325886 84.065588 1.5841531 38.5 84.5 1.61442955809 3.85046977273 1.73471326743 4.19615270921 0.72459650262
2100 5.30195593834 42.338042 86.100283 1.5789413 38.5 86.5 1.61442955809 3.85880034128 2.0333274111 5.10493855845 0.678056165309
