3 11.1642889977 31.520043 41.394881 -0.0070850614 109.227148848 15.3723712961 1.73399692482 81.9485528281 99.7566495964 0
6 11.3193249702 31.529937 41.402987 -0.0081764059 133.725857577 77.7111526323 -0.899812250586 108.454087402 -51.0869707631 0
9 11.7072849274 31.522543 41.401068 -0.0068718684 57.121248918 19.4435129681 -2.20936817448 33.7257760126 -126.193742732 0
12 11.6819829941 31.528168 41.375423 -0.0049451513 118.524833414 117.681745773 -1.18928392199 115.719811131 -67.8576130743 0
15 11.5221970081 31.523843 41.397689 -0.0081913964 133.811955688 60.4197537188 0.0132166214311 104.041803826 1.22658906946 0
18 12.2820880413 31.52518 41.394772 -0.0077822512 13.3762900219 62.9167060892 1.69499677433 28.152723747 97.5620516063 0
21 12.3643319607 31.646202 41.400982 -0.0069641742 118.438371493 8.40804830519 2.60642312286 92.8515716563 149.736062355 0
24 12.4462380409 32.968315 41.348607 -0.0066445448 105.537806181 111.872276557 -0.0581769696376 101.192484988 -2.95259045127 0
27 12.3191039562 34.520488 41.363888 -0.010157874 147.854245377 42.4875176935 -1.71195325294 113.339327265 -97.5056928082 0
30 12.8745350838 35.981317 41.339656 -0.012968194 97.854071211 85.560180757 -2.498357081 76.0505918678 -142.402293674 0
33 12.2855308056 37.47125 41.3168 -0.01805047 67.8354203731 7.53626566903 0.778460637105 45.4214414361 45.6367247724 0
36 12.273485899 39.051821 41.275587 -0.019803098 74.9464138304 35.2271462956 -3.02542479702 36.400624025 -172.209438167 0
39 12.2922179699 40.609584 41.247017 -0.013659721 81.1304252472 29.7780224397 -1.46825698763 42.1126633165 -83.3422842691 0
42 12.1970598698 42.081473 41.279186 -0.014178183 146.291110976 35.3337016769 -1.58597971663 104.379104378 -90.0575941094 0
45 12.2395458221 43.552295 41.213208 -0.0092852628 81.0762701836 111.793374029 -2.83708399036 79.9350270547 -162.020932402 0
48 12.3005959988 45.079977 41.189892 -0.010404952 79.8406302124 110.621761545 -3.00353257251 77.6471990493 -171.493580199 0
51 12.2439930439 46.640834 41.096545 -0.012029947 43.9153270589 42.1493355662 0.0419381591556 2.92177276019 3.09214471103 0
54 12.2937209606 48.21014 41.103056 -0.013219293 45.8860159161 42.1091781624 0.00649100010978 2.53255494766 1.12931660816 0
57 12.2729098797 49.69993 40.993437 -0.019411138 48.5546071245 42.4312799932 -0.00327588741813 1.83824834075 0.924481759727 0
60 12.3063290119 51.221815 41.026894 -0.026800957 48.3408670769 41.422431984 -0.0068734267305 2.90797373311 1.14176338056 0
63 12.1921980381 52.707826 40.957156 -0.02058299 50.7081881997 41.6147060065 0.019056590411 2.10497585346 2.27118065922 0
66 12.3182139397 54.31159 40.951842 -0.027308534 52.1414402266 41.8173575198 0.0092387009867 2.33637906904 2.09400231761 0
69 12.2977070808 55.778879 40.909196 -0.015002614 54.1884756443 41.9272012408 -0.00255484814014 1.88831075414 0.713204448137 0
72 12.3180890083 57.331901 40.836464 -0.018380323 55.3311477549 41.5935878741 0.0111687780473 2.13921717184 1.69303877841 0
75 12.306278944 58.848313 40.76075 -0.022921269 57.1056078139 42.0436237389 0.0169810455725 2.16397467537 2.28623421781 0
78 12.26324296 60.388876 40.75568 -0.012358794 58.3639888321 41.9301866268 0.0104998249959 2.34086177697 1.30970239396 0
81 12.2847080231 61.86858 40.735896 -0.015077049 59.9504447439 41.8340990908 0.00946884813539 2.21026986801 1.40637631022 0
84 12.1874940395 63.333062 40.668539 -0.013920495 61.3300916256 42.439217928 0.000295755724138 2.67342368267 0.814531166993 0
87 12.3010971546 64.876385 40.58717 -0.032109511 63.0353271153 42.267433031 0.00485542709196 2.49254448062 2.11793494263 0
90 12.3427488804 66.44697 40.579857 -0.020157695 64.9078456862 42.0902980249 0.00733919377134 2.15646371245 1.57545567634 0
93 12.3057129383 67.930314 40.55804 -0.02084507 66.2619128953 42.1308914887 -0.00379875333123 2.29290733603 0.976682001364 0
96 12.2696659565 69.414343 40.447992 -0.021831497 68.2940302249 41.8086441207 0.0167246105997 1.76251947724 2.20910223991 0
99 12.3784689903 70.999462 40.351868 -0.031419309 69.5045816307 41.600284647 0.00379472453342 1.94761686248 2.0176155011 0
102 12.2071449757 72.481812 40.325422 -0.028226015 71.2860842226 42.3129390483 0.0253139332177 2.31948031576 3.06761306822 0
105 12.3650259972 74.028193 40.279112 -0.026102315 72.8466296268 42.0267379399 0.0160814008606 2.10957067447 2.41694888299 0
108 12.1706559658 75.500101 40.224463 -0.026983514 74.6061172126 41.7276188145 0.00997205375349 1.74890949301 2.11739806178 0
111 11.1619138718 77.104162 40.159206 -0.035689283 76.165905081 41.9292384259 0.00362200056098 2.00333243246 2.25237063529 0
114 11.0447239876 78.584191 40.097894 -0.03659834 77.4402090668 41.8756809237 0.020225871644 2.11405321822 3.25578750136 0
117 10.9730510712 80.1084 40.071744 -0.024096447 78.6073950929 42.1517598713 -0.00266804382414 2.56505004938 1.22775706368 0
120 10.9310698509 80.881063 40.047709 -0.06972902 79.0260068306 42.0683275778 -0.0398475577377 2.74301528045 1.71208167331 0
123 11.143871069 80.819811 40.085383 -0.20196514 79.7165694122 41.9020743825 -0.173448955422 2.12544338441 1.63385702414 0
126 11.0928621292 80.673305 40.189426 -0.34415967 79.369389916 41.825207261 -0.306248605408 2.09188309423 2.17214399799 0
129 11.019400835 80.559381 40.228255 -0.49611957 78.9157282149 41.3823022055 -0.452001617674 2.00833747921 2.52777246903 0
132 11.0240299702 80.474435 40.358509 -0.64523249 79.273747847 41.8660240345 -0.616806453977 1.92723927381 1.62869189242 0
135 11.0654459 80.446897 40.445937 -0.81868337 78.8333465872 42.3629826364 -0.775015236283 2.50571524851 2.50199976122 0
138 11.0652480125 80.377523 40.602704 -0.97166139 79.1809341192 42.2249139704 -0.914700514598 2.01578524094 3.26361775791 0
141 11.0073020458 80.303277 40.677658 -1.1291983 80.0567072032 43.3709294692 -1.06729717128 2.70453468666 3.54667342278 0
144 11.044410944 80.24067 40.836497 -1.2914427 79.9748043077 42.7972739915 -1.18358253064 1.97871952955 6.17993248214 0
147 11.1581010818 80.334643 40.99259 -1.4510482 79.5086975994 43.1130948827 -1.34843809948 2.27568160385 5.87912569522 0
150 10.9976258278 80.305505 41.173119 -1.6076845 79.6510348387 43.3316343473 -1.49936747059 2.25555308 6.20610863469 0
153 11.1131279469 80.260339 41.240273 -1.7630876 78.868923554 41.9385053928 -1.63368232773 1.55678046549 7.41437594793 0
156 10.9632809162 80.351916 41.337649 -1.9138236 79.0098164692 41.5405154367 -1.74973247948 1.35734518144 9.40172866109 0
159 11.0110721588 80.458888 41.424429 -2.0695544 78.970896326 41.8140111726 -1.93509002766 1.53814612146 7.70424102994 0
162 10.8863120079 80.580246 41.530351 -2.2462491 79.1193004556 42.0741304262 -2.12000487144 1.55886431356 7.23326148447 0
165 11.0423910618 80.700832 41.575869 -2.3973477 79.1877013006 42.2779310312 -2.27525312667 1.66806942578 6.99550375327 0
168 11.0293951035 80.863789 41.557834 -2.56541 79.2863081232 42.6277080425 -2.14481295649 1.90606305864 24.0984354687 0
171 11.0208029747 80.910142 41.637692 -2.7112414 79.2274746943 42.7440987718 -2.38409422616 2.01382849477 18.7441523407 0
174 11.0204231739 81.000304 41.730578 -2.863125 79.2833110339 42.3469965289 -2.65297622077 1.82429072476 12.0406381199 0
177 11.0227310658 81.313486 41.614906 -3.0334876 79.5081507071 42.5673307044 -2.79097299918 2.0411634764 13.8950630975 0
180 11.014922142 81.419836 41.643078 3.1037871 79.618885712 42.2614325937 -3.01628433133 1.90414924403 9.34573666617 0
183 11.0621049404 81.472606 41.653948 2.9566422 78.7593381658 42.2780330197 -3.13384061697 2.78411645805 11.0410393908 0
186 10.9428570271 81.600227 41.551467 2.7956666 79.1408310538 43.4088010729 2.97502374536 3.08193417821 10.2764074545 0
189 11.0247421265 81.705618 41.391179 2.6371497 79.458828082 43.5374300916 2.84713087235 3.10716248106 12.0310349531 0
192 11.0316581726 81.817002 41.340993 2.4823985 78.9315547616 43.9501047452 2.70189143272 3.89015036528 12.5760186777 0
195 10.9522771835 81.903012 41.262396 2.332631 79.3671858974 43.592343901 2.56485944357 3.44370022562 13.3057096994 0
198 11.0964381695 81.909487 41.089487 2.1583794 79.6491352542 43.3815782649 2.34589728023 3.21914155972 10.7439831205 0
201 10.8952960968 81.924053 40.998223 1.9975831 79.6153895249 43.4945680122 2.13181418201 3.40024491194 7.69087447848 0
204 10.986415863 81.960862 40.844259 1.8446809 80.3338159268 43.2206802074 2.00565345655 2.880044562 9.22304810756 0
207 10.948130846 81.927588 40.703608 1.6857979 80.1831262623 43.2321461516 1.88645699765 3.07191340021 11.4969194165 0
210 10.9834501743 81.924928 40.686406 1.5459903 80.6871647161 43.9717357534 1.75102498136 3.51076195936 11.7476218957 0
213 10.94485116 81.81851 40.588718 1.3660151 80.59612732 43.3359341373 1.59014353524 3.00689473072 12.8416134081 0
216 10.9334671497 81.824065 40.431016 1.2110526 80.4374711556 43.2072901436 1.45503061626 3.10327900932 13.9789106258 0
219 10.9933359623 82.277545 41.390368 1.1504821 81.2362968714 45.3177861493 1.36485843437 4.0631036148 12.2828591871 0
222 10.9176950455 82.927041 42.739254 1.1137092 81.8647420914 47.8495180239 1.36901243374 5.21950930307 14.6277977893 0
225 11.0390620232 83.677797 44.09726 1.084748 81.8473718583 46.2496187821 1.21134642766 2.82543882013 7.25355559819 0
228 10.9699969292 84.372874 45.412874 1.0478677 81.6420769825 47.193896803 1.19765276301 3.26025989385 8.58205194481 0
231 10.9624888897 85.159381 46.677356 1.0274995 82.5895466006 48.0652131872 1.11384951151 2.92064999832 4.9474912205 0
234 10.9636850357 85.928298 47.908079 0.99952116 83.3246682233 49.6490873807 1.06319801628 3.13209166467 3.64841511739 0
237 10.9694709778 86.76373 49.194484 0.95689161 84.8535798428 50.839861973 1.03408030397 2.52109942231 4.42258639067 0
240 10.9441759586 87.649962 50.387631 0.93226665 85.6003377607 52.0646033698 0.977711752512 2.64824391842 2.6038125735 0
243 11.0115580559 88.570925 51.559268 0.90792052 86.5355160906 52.9678079113 0.940963280878 2.47525233265 1.89321074174 0
246 11.0063159466 89.47196 52.652014 0.8832857 87.1376247605 53.7748146731 0.931029673544 2.59032862046 2.73552818127 0
249 11.011398077 90.492516 53.754021 0.83763364 88.4415103871 56.1878589975 0.90283781386 3.1827961641 3.73592396884 0
252 10.9836390018 91.498687 54.898001 0.81217592 89.1620566144 57.4431448015 0.874474017334 3.45508299891 3.56941804894 0
255 10.9498441219 92.568948 55.94073 0.78340538 89.5335604889 58.1929435024 0.843262506416 3.77968821501 3.42956071743 0
258 10.9629509449 93.547241 56.960456 0.75288469 90.9381584188 59.9531682619 0.823514634288 3.97034489659 4.04679771493 0
261 11.0283989906 94.620679 57.928363 0.72990952 91.2248062793 60.2693570285 0.809183051208 4.12458538237 4.54203876532 0
264 10.9811370373 95.770396 58.899507 0.6896339 92.9459217433 61.7744157507 0.77304846711 4.03023016108 4.77930264531 0
267 11.0120961666 96.962501 59.840194 0.66858365 94.4641439444 61.7408189121 0.706724371257 3.1391341216 2.18530235563 0
270 10.9520349503 98.232224 60.772339 0.64204005 95.204557469 63.2643266733 0.69036094676 3.92132212232 2.76858344663 0
273 11.0906331539 99.416545 61.686454 0.60185601 97.1582344157 64.0676867577 0.628772744513 3.28180379389 1.54221528585 0
276 11.0668339729 100.66015 62.48684 0.57932353 99.044756744 64.7611702302 0.599234188724 2.78963678061 1.14079671219 0
279 11.0004358292 101.84252 63.245661 0.55317695 100.074126508 65.6819352405 0.5639969143 3.01042317936 0.619938288864 0
282 11.0454900265 103.2489 64.041483 0.52149049 100.86405233 66.0127953012 0.528375045044 3.09411871076 0.394455947839 0
285 10.9732918739 104.5021 64.838724 0.48902664 101.814007286 66.6716973047 0.537680278141 3.25355706495 2.78764812342 0
288 11.0695030689 105.89753 65.50297 0.45749312 103.314625642 67.9060944696 0.492109297567 3.52794588085 1.98336087747 0
291 11.0436980724 107.23441 66.106065 0.425495 104.619890806 68.6154276432 0.480347626637 3.6238945197 3.14282400151 0
294 11.0649468899 108.62185 66.694881 0.38650919 105.959326962 69.2141484323 0.444899962918 3.6654791395 3.34554485072 0
297 11.0711350441 110.08086 67.251857 0.35533208 106.88995274 69.4421181548 0.405813269666 3.87028849922 2.89235911267 0
300 11.0470619202 111.50781 67.766864 0.33459052 108.472285503 69.9383133835 0.362454783103 3.73223812191 1.59650467505 0
303 11.0020301342 112.87691 68.182524 0.30685182 109.599318665 70.2985391253 0.323964201072 3.90129785748 0.980467212869 0
306 11.103509903 114.36462 68.651393 0.28808498 111.338151373 71.0831501066 0.314131905345 3.88239036907 1.49237889155 0
309 11.0469880104 115.83449 69.001579 0.25083859 112.45794803 71.1976681759 0.25722112133 4.02788323399 0.36569210783 0
312 11.0239880085 117.19736 69.329841 0.23044123 114.398266474 71.8172238246 0.283105997945 3.74459582412 3.01746893231 0
315 11.0313360691 117.78731 69.484411 0.20147117 115.480073436 72.4018273163 0.26269808144 3.71949707933 3.50804361815 0
318 11.0378201008 116.42938 69.228806 0.13415298 114.292312641 71.8544295529 0.232258049883 3.38540336405 5.62100645315 0
321 10.9692289829 114.80773 69.128985 0.0979988 112.757968022 72.1978997331 0.166901148008 3.6904961465 3.94781373942 0
324 10.9764380455 113.35769 69.056433 0.067460522 111.663891757 71.4077904607 0.134228725026 2.897901723 3.82553623908 0
327 11.0079979897 111.81488 68.96352 0.032275621 110.529051819 71.0344635628 0.114739201326 2.4376548877 4.72481511624 0
330 11.0640079975 110.29576 68.94659 -0.0039959963 108.746649233 71.6331047263 0.0560973216517 3.10114584351 3.44309349557 0
333 10.9324009418 108.74459 69.016615 -0.039899491 107.526558231 71.5254083897 0.0236772726375 2.78884306891 3.64268023153 0
336 10.9869959354 107.27384 69.125159 -0.081381225 106.008409944 71.582978673 0.00912389356084 2.76445126066 5.18556131787 0
339 10.9616639614 105.77123 69.311189 -0.11875782 104.123234527 71.8794918401 -0.0512008827924 3.05156821262 3.87072737882 0
342 11.050347805 104.23308 69.487176 -0.13593074 102.785511675 71.8510412129 -0.0586097841256 2.77187892979 4.43016443952 0
345 10.939743042 102.67844 69.809947 -0.17996689 101.726251392 72.3819382762 -0.100494775325 2.74259043045 4.55341675985 0
348 10.9692080021 101.19539 70.111952 -0.20894349 99.4578815517 72.7791437482 -0.138258072433 3.18321338107 4.04997609973 0
351 11.0159189701 99.695937 70.47501 -0.24032587 98.0003987246 72.9378028554 -0.164668830397 2.99001650362 4.33482905968 0
354 10.9893660545 98.200311 70.897104 -0.28344925 96.6991823975 73.4462812872 -0.205287672578 2.95832586487 4.47832850638 0
357 10.9321630001 96.614615 71.415819 -0.3144709 95.4883014745 74.0998499159 -0.247928789569 2.91077380009 3.8125820876 0
360 11.0715579987 95.216051 71.909445 -0.34657274 93.7136440965 74.3882445878 -0.293500249346 2.89856411009 3.0408297227 0
363 10.9893949032 93.790761 72.497598 -0.38120404 91.9776640502 74.5763440304 -0.307681350798 2.75835197321 4.21253978975 0
366 11.0677640438 92.417114 73.016357 -0.35870282 90.5907922067 75.1465265832 -0.287524675951 2.80589981042 4.0782072476 0
369 10.9463329315 91.055309 73.519772 -0.33819517 89.6847860657 74.4786750734 -0.23118543349 1.67267098308 6.13120626884 0
372 11.0390541553 89.614615 74.074076 -0.31837694 88.0503755893 75.6172521036 -0.223452894977 2.19732506038 5.4387471541 0
375 11.0675289631 88.314109 74.556366 -0.29979055 86.6285161266 75.9843773187 -0.192799451523 2.20917171378 6.13013838818 0
378 10.9763278961 86.88131 74.994533 -0.2764152 84.8274257085 76.3730182979 -0.166562354096 2.47359301407 6.29410443778 0
381 11.0263459682 85.443672 75.387112 -0.25727157 83.6307692941 76.0310702742 -0.113375611835 1.92387590036 8.24463109187 0
384 10.8970880508 84.055287 75.832526 -0.23267107 82.0151585627 76.2052988494 -0.0807371504501 2.07390540721 8.70517235509 0
387 10.900331974 82.664555 76.128737 -0.22389476 80.5839471046 75.5193811284 -0.0277351771543 2.16800456471 11.2391162081 0
390 10.9042890072 81.173968 76.455415 -0.20673661 78.808094146 77.2326426368 -0.0646481009935 2.49026944174 8.14107188338 0
393 10.9817008972 79.819657 76.754609 -0.1833313 77.2317109899 77.8070050673 -0.0318594017063 2.79374337292 8.67870048706 0
396 10.9498000145 78.325485 77.027059 -0.15611548 76.0596885687 77.7700484125 0.00294944140968 2.38450555358 9.11374866535 0
399 10.9942550659 76.892215 77.264525 -0.13798763 74.169821222 77.7520027137 0.0349862544984 2.76569383768 9.91067354774 0
402 11.1145539284 75.420868 77.548324 -0.12557438 72.7501587005 77.8701787495 0.0535127443772 2.6900332047 10.2609363919 0
405 10.9295239449 73.926916 77.691819 -0.097717287 70.9460210132 77.2520375649 0.113083635091 3.01316156774 12.0780031533 0
408 11.0445737839 72.448195 77.857208 -0.08052134 69.8149558409 77.4947725358 0.0921279794141 2.65806469727 9.89207733823 0
411 10.8806519508 71.010734 77.97039 -0.05919809 68.9629678331 77.8314110058 0.116273591108 2.05247690249 10.0537867516 0
414 10.9642839432 70.665666 77.98114 -0.052809071 69.1960248531 78.65169701 0.113817570488 1.6153921519 9.5470033117 0
417 10.9492111206 70.65903 77.973391 -0.052747867 69.5345156325 79.3331634492 0.0989403709222 1.76451513916 8.69109583472 0
420 11.0243709087 70.662549 77.975477 -0.051931253 69.4718627428 79.1515426523 0.140020485191 1.67357825682 10.9980244685 0
423 10.9216549397 70.657477 77.975804 -0.053730261 69.5430057435 79.5636821556 0.11120371293 1.93994928249 9.45002060453 0
426 11.0310578346 70.657208 77.964864 -0.053397677 69.5513273671 79.9592354799 0.118815013401 2.2804581939 9.86706033859 0
