3 10.9538249969 58.425211 99.52669 -0.076600623 133.891750337 116.89335325 -0.934612011059 77.4390053654 -49.1604313099 0
6 11.1835618019 58.436309 99.5178 -0.082073852 120.054612655 22.1195538051 2.21176517707 98.9308033898 131.427295248 0
9 12.0784451962 59.138497 99.506199 -0.079127672 95.9242121149 47.4289608754 0.119873688453 63.7591371272 11.4019380713 0
12 11.4821250439 60.588187 99.398001 -0.084356487 61.9813120497 107.746644875 -2.00479191027 8.4640801014 -110.032844581 0
15 11.2002429962 62.026729 99.268445 -0.080345137 61.1641007012 110.626877481 -1.35440389742 11.3911419977 -72.9981898239 0
18 11.3375458717 63.612811 99.142137 -0.077882356 79.1384843418 116.669030009 2.81676681634 23.4144936158 165.851180746 0
21 11.542580843 65.109709 99.045111 -0.075303117 77.1515180688 8.2041148053 0.349670612892 91.63564675 24.3492011268 0
24 12.3606991768 66.576646 98.887554 -0.079079542 72.073061538 28.7867620048 -1.34529061106 70.3159414509 -72.5485502302 0
27 12.0009589195 68.114632 98.811042 -0.080004433 74.3529917127 27.0584035837 -1.11500426316 72.023317416 -59.3011220651 0
30 11.1172981262 69.601579 98.673025 -0.074381156 34.7984634879 74.0359612557 -1.34796062736 42.6408461371 -72.9707285835 0
33 11.3144221306 71.154315 98.514904 -0.080273853 66.4026548067 21.7166156509 3.0565390197 76.9451451876 179.726138728 0
36 11.8085870743 72.642873 98.438251 -0.077397051 35.1328161886 70.0404910916 -1.25801755056 47.0471798284 -67.6445718315 0
39 12.1619720459 74.179887 98.27586 -0.078945335 94.8713514774 12.4682963621 -0.496017903768 88.267064524 -23.8964979411 0
42 12.2590909004 75.689674 98.17429 -0.079512997 73.0719171222 99.5436878374 -0.0601003598574 2.95430220326 1.11226217749 0
45 12.1053791046 77.259307 98.055637 -0.072379503 74.5223359438 99.2623820801 -0.00494149566502 2.99119445223 3.86391319907 0
48 12.0715308189 78.667542 97.976243 -0.066300397 75.5244177241 99.3692076082 -0.0503479318619 3.43796169457 0.914008925243 0
51 12.1114342213 80.25432 97.827625 -0.077582567 77.0677475139 98.9367510826 -0.0190534123552 3.37407837432 3.35347353961 0
54 11.5335021019 81.813353 97.68277 -0.074716444 78.566666503 99.1338071918 -0.031710583939 3.55618927249 2.46405427583 0
57 10.9240071774 82.622729 97.654646 -0.085105116 80.3705786543 99.057485897 -0.0029921467502 2.65332639462 4.7047265813 0
60 10.8870658875 81.436592 97.754867 -0.094486992 78.9726472718 98.9811343355 -0.0228159737537 2.75222731652 4.10644685892 0
63 10.9303240776 79.890684 97.897701 -0.093381766 77.3880069945 98.8395044164 -0.0057594030029 2.67402054384 5.0203915907 0
66 10.9470729828 78.411812 98.037468 -0.097953665 75.9626832687 99.2199677539 -0.0212773316588 2.71965755394 4.39323028899 0
69 10.9954390526 76.931086 98.162597 -0.096433306 74.8253314803 99.390758726 -0.0202580957026 2.43774143879 4.36451805356 0
72 10.9652619362 75.443161 98.337547 -0.10164342 72.8839373998 99.2555426255 -0.0287857178359 2.71888605943 4.17443883902 0
75 10.9718980789 73.912871 98.553041 -0.10292365 71.6927169764 99.2650087061 -0.0167619415268 2.33151922639 4.93670225115 0
78 11.014013052 72.413468 98.668417 -0.11145399 69.8149232888 98.9291459186 -0.00569388109246 2.61159227005 6.05960788125 0
81 10.916508913 70.926618 98.82512 -0.11572496 68.6570571553 99.1784892647 -0.0170315856585 2.29690580235 5.65471381567 0
84 10.9733910561 69.460294 99.048845 -0.12091472 66.9256360058 98.749489851 0.00442294504211 2.55227440783 7.18131922094 0
87 10.9690599442 67.984026 99.205817 -0.12024712 65.7127289369 99.0894222161 -0.00704479265406 2.27427748849 6.48601558798 0
90 10.9817419052 66.409271 99.378533 -0.12589377 64.0433176004 99.0319654412 -0.0110840154353 2.39120148923 6.57811438349 0
93 11.0098412037 64.97003 99.579245 -0.12534264 62.6881579398 99.3921078086 -0.0211304619322 2.28953279673 5.97091797715 0
96 10.8650720119 63.450289 99.830398 -0.13542326 60.7860650253 98.9030460031 0.000908758998596 2.82100533739 7.81124930112 0
99 10.9536700249 62.015499 100.01094 -0.13023941 59.8874275503 99.0958934692 -0.00906791992041 2.31646244273 6.94261497887 0
102 10.9838700294 60.420275 100.24313 -0.1356293 57.8832304247 99.0161867392 -0.00443161620106 2.81815275352 7.51707356357 0
105 10.9808540344 58.989222 100.44438 -0.14088208 56.2243219662 99.2604821653 -0.00485273154923 3.00770448683 7.79390755614 0
108 10.9633281231 58.528509 100.58832 -0.24160345 56.1553913052 99.4931619331 -0.112263703397 2.61362942762 7.41062160363 0
111 11.0023601055 58.390768 100.67023 -0.3827913 56.1812623318 99.814383371 -0.245365234142 2.36947014124 7.87393356876 0
114 11.1026289463 58.26024 100.80046 -0.53685502 56.6260745777 100.542129175 -0.412918659214 1.65445805109 7.10103040124 0
117 11.1782519817 58.2435 100.85046 -0.70040996 56.2141320902 101.260483694 -0.547046103347 2.07037521786 8.78710171607 0
120 13.1212239265 58.129433 100.95873 -0.85888639 55.9510714511 100.926884173 -0.570470888867 2.17859431613 16.5249909611 0
123 13.2900118828 58.21235 101.09089 -1.0276822 56.420646912 101.264584414 -0.913045448106 1.80010269283 6.56820206063 0
126 22.7327680588 58.152327 101.12822 -1.1869287 56.3930509481 101.344333611 -1.06716070316 1.77250030176 6.86220073983 0
129 24.3557350636 58.049715 101.26081 -1.3398137 56.7083125517 100.726851582 -1.25389105195 1.44377010644 4.92300509796 0
132 22.6039180756 58.024835 101.49733 -1.4943786 56.7201397904 101.351117045 -1.41495334979 1.3128624521 4.55073162408 0
135 20.6803750992 58.064001 101.65215 -1.6522241 55.9297413415 101.337522035 -1.51739168647 2.15732590171 7.72532823682 0
138 19.3048551083 58.104403 101.68885 -1.8037565 55.8799634019 102.007133565 -1.71183596814 2.24709500319 5.26665852609 0
141 19.3781049252 58.177183 101.78616 -1.9584038 57.2137083016 101.41086324 -1.87221670398 1.03398798475 4.93815685052 0
144 19.5587129593 58.164815 101.89412 -2.1101089 57.0045651842 101.944024275 -2.04313369691 1.16132255284 3.83739646912 0
147 19.1354539394 58.333441 101.96561 -2.2758326 55.6264990688 101.981354993 -2.13860080896 2.70698772137 7.86280244153 0
150 18.9606690407 58.547547 101.97367 -2.4518694 55.6091823448 101.873051517 -2.29384267691 2.94008689092 9.05426428334 0
153 19.1117777824 58.609003 102.09152 -2.5989269 55.3819414646 102.070309961 -2.45843860095 3.22713123676 8.04938660667 0
156 18.8973300457 58.561869 102.14088 -2.6173282 54.8755123872 102.531759005 -2.49655475426 3.70702191432 6.91980871833 0
159 17.4971959591 58.51155 102.01626 -2.5045701 54.914724417 102.319673853 -2.39963356671 3.60960028827 6.01242047435 0
162 14.916536808 58.437648 101.90068 -2.3721379 55.0663860276 102.089553179 -2.25526753042 3.37654858754 6.69617892719 0
165 14.986522913 58.147744 101.95537 -2.2082701 54.7017386843 102.524619271 -2.08783351323 3.49270631002 6.90050812082 0
168 14.846173048 58.037351 101.82492 -2.0566813 55.3182164272 102.093562272 -1.97165117331 2.73237286893 4.87186739105 0
171 14.8604459763 57.944091 101.71587 -1.9011295 55.2108256501 102.910409317 -1.75481030518 2.98289517961 8.383472325 0
174 11.9105041027 57.908577 101.57431 -1.7585036 54.846771452 101.756894704 -1.65489003841 3.0672447552 5.93661977946 0
177 11.7323200703 57.841285 101.40683 -1.6171883 54.4307547303 102.257177378 -1.44310612192 3.51494059465 9.97417409239 0
180 11.5768201351 57.86028 101.30305 -1.4556073 54.4807624055 102.171968827 -1.32201914523 3.48943535548 7.65403746143 0
183 11.4256360531 57.788579 101.03213 -1.3093986 54.8709678379 101.699728334 -1.23025204887 2.99301560792 4.53476334277 0
186 11.2680339813 57.852229 100.87925 -1.1701135 54.7314536808 102.060167035 -1.0859909774 3.33673547598 4.81986550713 0
189 11.4213109016 57.956865 100.8248 -1.0236231 53.8911561071 101.698094898 -0.942923329216 4.15844114785 4.62375627361 0
192 12.0357511044 57.906072 100.67156 -0.85835482 54.5898146531 102.180734163 -0.756728801093 3.64351059344 5.82274197209 0
195 11.9213309288 57.990597 100.53155 -0.72265365 54.7752009781 100.640971926 -0.601913971609 3.21725733125 6.91787399158 0
198 11.5315549374 58.042848 100.37669 -0.56279892 54.9989227077 102.047795729 -0.270534345898 3.4724739799 16.7455265972 0
201 12.5472559929 58.157277 100.32166 -0.41301063 55.1179379325 102.405202536 -0.176449899778 3.68493303423 13.5539314403 0
204 13.1751470566 58.686264 100.08548 -0.29965148 54.7921766642 102.278553737 0.0204890542461 4.46917090676 18.3427014634 0
207 11.7343699932 59.980629 99.666017 -0.30408986 56.1521211781 101.793847486 0.0115688259094 4.38008387124 18.0859104693 0
210 13.1288709641 61.363687 99.173884 -0.32636207 57.2848224781 102.049905279 -0.0909723268052 4.99085505555 13.4868388257 0
213 13.5124080181 62.885593 98.69498 -0.37512441 59.9762455714 100.340708999 -0.196927503251 3.3425628486 10.209930679 0
216 13.0496470928 64.287236 98.118834 -0.4012694 61.1933432685 100.293869103 -0.266168161962 3.78192410466 7.74073074657 0
219 12.9403460026 66.572969 97.068508 -0.44319642 63.28194261 98.7531248151 -0.360976024326 3.69713247168 4.710881662 0
222 13.0870280266 67.896132 96.441291 -0.47211549 65.257168407 98.3292198912 -0.406565524006 3.24475027445 3.75573639868 0
225 13.1818671227 69.150612 95.708615 -0.49267498 66.5248209062 97.8158537941 -0.449203590243 3.36678395559 2.49072716267 0
228 13.0847501755 70.465141 94.973778 -0.52461339 67.4354746966 96.6312865498 -0.512951635867 3.45343488468 0.668169293558 0
231 12.8879539967 71.675984 94.192345 -0.54871183 68.8214092729 95.9261235167 -0.519294957504 3.33984802317 1.68546264049 0
234 13.0375370979 72.999296 93.402727 -0.58180979 70.2484814185 95.0659984902 -0.51916418302 3.21456885317 3.58932888496 0
237 12.9666509628 74.284244 92.44261 -0.63095882 71.6895672957 94.4765045134 -0.56617654277 3.2968278832 3.71175107252 0
240 13.0435400009 75.447368 91.599491 -0.66374929 73.1261822445 93.2327084175 -0.588073280219 2.83818647102 4.33591597085 0
243 13.1472089291 76.572595 90.665594 -0.69142624 74.0932704236 92.6419636312 -0.646084852763 3.17066038453 2.59787012594 0
246 13.1586420536 77.783785 89.658033 -0.71509647 75.2771612576 91.5152545504 -0.665066624539 3.11968499584 2.86649899461 0
249 13.0230748653 78.874801 88.696028 -0.74032963 76.5833212886 90.588798989 -0.687724333042 2.97211394207 3.0140614957 0
252 13.0250210762 80.03236 87.613917 -0.7252394 77.9254790802 89.8908232849 -0.65610839161 3.10213627041 3.96091501423 0
255 12.9091570377 81.079285 86.604124 -0.70281223 78.9094171103 88.1756136271 -0.657126290474 2.67916149324 2.61761151792 0
258 12.9780209064 82.380517 85.593177 -0.66953842 80.2805295264 87.8582573159 -0.622985187518 3.08877584599 2.6673037439 0
261 12.8955051899 83.553536 84.670161 -0.64546431 81.4175097968 87.1974233808 -0.584677425832 3.30902751307 3.48283191257 0
264 13.0641889572 84.753159 83.736184 -0.60820056 82.7066126983 85.5876917851 -0.575524392265 2.75978855045 1.8722065019 0
267 13.0445489883 85.938286 82.919631 -0.58097683 84.0322896424 84.4946293593 -0.558063597836 2.47253755218 1.31283149802 0
270 13.5238268375 87.249998 82.030848 -0.55954063 85.2951986397 83.4212764206 -0.524060893336 2.39886050698 2.0328391691 0
273 13.9791419506 88.578333 81.141585 -0.52544337 86.0357203997 82.8046607078 -0.495408611514 3.03820664948 1.72086489996 0
276 12.9501988888 89.874585 80.458812 -0.49549775 87.7595825102 82.0578956082 -0.445466309328 2.65147202849 2.86659039348 0
279 13.2291891575 91.229191 79.664539 -0.46697991 88.6851184956 81.4686786668 -0.428496479655 3.11884992345 2.20493813998 0
282 13.1217889786 92.640842 79.007823 -0.44436504 90.3241404523 80.9455582779 -0.393467209699 3.02025231864 2.91623086263 0
285 12.9650740623 93.942666 78.269838 -0.40450827 91.1786239736 80.3936517511 -0.361783557791 3.48575862227 2.4479456905 0
288 13.0950059891 95.385584 77.620959 -0.38607018 93.054767688 79.9713211879 -0.303501278265 3.31012191538 4.73084958845 0
291 13.0876460075 96.747733 77.074345 -0.36376533 95.0551603763 79.4718155087 -0.291584373027 2.93473455812 4.13566419578 0
294 11.8756148815 98.250871 76.540386 -0.33417824 96.1709029029 79.4867157701 -0.264960964856 3.60653939381 3.96585773517 0
297 11.765045166 99.752933 76.027378 -0.30758365 96.8204176959 78.8551973222 -0.215727049237 4.07384439165 5.26299554416 0
300 11.6560590267 100.00981 75.897783 -0.33361957 98.0054510872 78.9115329626 -0.190411499624 3.61941203632 8.20521802478 0
303 11.5995249748 98.714105 76.429985 -0.36219797 96.7169859876 79.1047332883 -0.222352940908 3.33807770362 8.01252995287 0
306 11.0520060062 97.284888 77.028291 -0.39087517 95.6667618054 79.4501863492 -0.252476625691 2.91271513612 7.92965247966 0
309 12.001019001 95.817851 77.649213 -0.42317241 94.3091415061 79.3069817366 -0.297236708625 2.24151768254 7.2155841788 0
312 11.4685959816 94.571565 78.35291 -0.46228827 93.3677870891 79.9515740614 -0.309593819053 2.00120164902 8.74874759432 0
315 11.3282887936 93.13187 79.138887 -0.4938927 91.0604502886 80.3678644926 -0.348784690484 2.40856083543 8.31407651879 0
318 11.4194140434 91.836662 79.862922 -0.52529077 89.9295101351 80.7747837306 -0.368367314628 2.11393473209 8.99105169944 0
321 11.3808090687 90.529269 80.702102 -0.55721841 88.0939573912 81.4490615188 -0.405384431264 2.54729094426 8.69944616825 0
324 11.4457139969 89.308886 81.573217 -0.59808232 87.5674137776 81.7085535058 -0.431359802016 1.74672306658 9.55249663027 0
327 11.2844629288 88.100372 82.484783 -0.6409076 85.6610505669 82.0868840681 -0.426162534992 2.47156076476 12.3039858962 0
330 11.3306879997 86.96204 83.432583 -0.67310863 84.4116792532 83.6602171241 -0.489396465677 2.5604994109 10.5259316609 0
333 11.6611709595 85.711036 84.448892 -0.70015711 83.5879519217 83.7936756869 -0.511360529702 2.22188983089 10.8172472376 0
336 11.7898011208 84.630521 85.38864 -0.74348817 81.9920376395 85.4223154268 -0.557431431747 2.63869825439 10.6602658519 0
339 11.2064518929 83.531548 86.470864 -0.76732045 80.5760150452 86.6535684495 -0.61884237328 2.96117476059 8.50716714628 0
342 11.6369769573 82.436303 87.632765 -0.79615086 79.5729887133 87.4420730592 -0.635952491107 2.86965714341 9.17869042246 0
345 12.0763809681 81.390428 88.717115 -0.83255466 77.7699224385 88.228586654 -0.661959056303 3.65331636539 9.77440809534 0
348 14.9727449417 80.091493 90.270385 -0.85191671 77.5218293002 89.9340441519 -0.701655202162 2.59158189071 8.60935022237 0
351 15.5139679909 79.121061 91.3195 -0.83027867 76.748403542 90.6007647608 -0.663397663654 2.47912963703 9.56157734451 0
354 14.7466020584 78.091476 92.534394 -0.81038411 75.2939589463 91.9477915258 -0.65347110705 2.85835689316 8.99045281977 0
357 15.2211050987 77.093441 93.512556 -0.78090008 74.8246127341 92.917857295 -0.636713969809 2.34547399258 8.26125557837 0
360 14.7890908718 76.051262 94.597058 -0.76703211 73.5060179843 93.8918264351 -0.604525304727 2.6411396517 9.31095408431 0
363 14.5709929466 75.027276 95.58972 -0.75132884 72.0857687979 94.5099986028 -0.572902279478 3.13341074799 10.223088871 0
366 14.5081820488 73.852657 96.593273 -0.72312741 70.5199184966 95.3141956157 -0.523098646896 3.56975978007 11.4608039071 0
369 14.8214700222 72.811015 97.559971 -0.70587276 69.4360358185 96.1984919354 -0.503150655814 3.63924576239 11.6151209839 0
372 14.5399260521 71.630899 98.505259 -0.68120937 68.9877292153 98.9071334724 -0.561879580094 2.67354625966 6.83709333181 0
375 14.6466090679 70.538887 99.423882 -0.66641532 67.2832546734 99.4196013268 -0.50639717069 3.25563514083 9.16836460097 0
378 14.5737791061 69.331788 100.31013 -0.63648641 66.3509556641 99.1885944248 -0.462724183185 3.18483962877 9.95584223532 0
381 14.8659119606 68.205766 101.18772 -0.63190253 65.5866958414 101.168582382 -0.459764574863 2.61914007718 9.86277832337 0
384 14.5934281349 66.997353 102.01418 -0.604237 63.9089654 101.813392738 -0.41662084424 3.09490767099 10.7496138935 0
387 14.8156790733 65.749881 102.79371 -0.58263231 63.1507057312 102.794209817 -0.394294279131 2.59917531687 10.7909742906 0
390 14.4162149429 64.390622 103.72927 -0.540005 62.1072763309 103.913790858 -0.39756866112 2.29078925079 8.16100106713 0
393 14.7676410675 63.066948 104.49561 -0.5165186 60.4668238259 104.272303869 -0.342016364903 2.609695643 9.99824158668 0
396 15.4706950188 62.072466 105.11862 -0.50368551 59.133213823 105.084447287 -0.336766963725 2.9394508219 9.56372822399 0
399 12.757117033 62.084059 105.11634 -0.50537083 58.5866606745 104.961290832 -0.314623553216 3.50083351378 10.9290139134 0
402 13.1113910675 62.06969 105.12384 -0.50501376 58.4854726346 104.78825302 -0.305861412005 3.59989343496 11.4105890203 0
405 12.1218619347 62.088061 105.11683 -0.50531554 58.6050837489 106.00662697 -0.331667023931 3.59483924246 9.94932708944 0
408 11.4484109879 62.080145 105.11527 -0.50526072 58.3280574541 105.573457697 -0.328426504217 3.77995990949 10.1318542379 0
411 11.780755043 62.084425 105.11388 -0.50526675 58.670953169 105.944460029 -0.321379410725 3.51306890423 10.5359684463 0
414 11.4418201447 62.090561 105.10315 -0.50372534 58.2914589365 105.508795674 -0.302931591403 3.82069691304 11.5046343472 0
