3 0.278073072433 58.425211 99.52669 -0.076600623 25.0869282041 101.686474766 -2.35583004409 33.4081692108 -130.59022637 0
6 0.282402038574 58.436309 99.5178 -0.082073852 23.5806669814 23.3205678613 -0.553077256801 83.7910136359 -26.9865072314 0
9 0.280213117599 59.138497 99.506199 -0.079127672 104.512667794 64.3812145917 0.041612167521 57.381006482 6.91788322364 0
12 0.286020040512 60.588187 99.398001 -0.084356487 112.080619306 63.9397296473 -0.821730323065 62.5200735135 -42.2484087299 0
15 0.286983966827 62.026729 99.268445 -0.080345137 102.25612598 90.2914334061 -2.31254593312 41.2188199552 -127.895684643 0
18 0.281197071075 63.612811 99.142137 -0.077882356 120.009515853 59.1035329408 0.379151212954 69.1641390699 26.1860945968 0
21 0.281512022018 65.109709 99.045111 -0.075303117 97.9662126675 91.412266717 -1.66863926251 33.7314414916 -91.2914364834 0
24 0.284353971481 66.576646 98.887554 -0.079079542 31.2104433534 48.008329677 -0.66592208417 61.9634065989 -33.623600905 0
27 0.280693054199 68.114632 98.811042 -0.080004433 40.0716219818 93.9928324776 2.37446201475 28.4539198333 140.630568413 0
30 0.284076929092 69.601579 98.673025 -0.074381156 92.6671218499 74.8142024018 0.738268217541 33.1852781024 46.5613793279 0
33 0.281713008881 71.154315 98.514904 -0.080273853 109.194052229 94.310355309 0.642979717256 38.271397128 41.4393770934 0
36 0.28319311142 72.642873 98.438251 -0.077397051 38.4645785648 100.677116995 -2.45622297062 34.2515449497 -136.296685391 0
39 0.280477046967 74.179887 98.27586 -0.078945335 70.4098952867 91.6921460873 0.203288216307 7.58670721744 16.1707913269 0
42 0.283503055573 75.689674 98.17429 -0.079512997 114.952677062 37.8512081958 -0.750884624499 71.97539585 -38.4667607405 0
45 0.289717197418 77.259307 98.055637 -0.072379503 104.932140539 22.859870716 -1.95176360356 80.1260817904 -107.680777046 0
48 0.286034107208 78.667542 97.976243 -0.066300397 37.6729754336 48.9275598536 -0.697302868528 63.9243913257 -36.1537784809 0
51 0.285238981247 80.25432 97.827625 -0.077582567 42.340134229 45.3202927919 0.120602645011 64.7650014922 11.3551762101 0
54 0.284818887711 81.813353 97.68277 -0.074716444 80.5702651056 98.3937236045 -0.869384962528 1.43203440636 -45.5311522236 0
57 0.287975072861 82.622729 97.654646 -0.085105116 109.416053163 130.58272384 -0.263498802167 42.4516257634 -10.2212053091 0
60 0.28418302536 81.436592 97.754867 -0.094486992 85.8782771328 128.633360834 1.1767085416 31.1963130558 72.8341390111 0
63 0.284385919571 79.890684 97.897701 -0.093381766 98.8020114219 122.891481681 0.112723434898 31.3421023162 11.8089581472 0
66 0.281817913055 78.411812 98.037468 -0.097953665 76.9757563914 93.4452664061 -1.59229293853 4.8115040466 -85.6193335339 0
69 0.279915094376 76.931086 98.162597 -0.096433306 108.923810052 105.958949496 0.960052865009 32.9289766698 60.5321987128 0
72 0.279979944229 75.443161 98.337547 -0.10164342 77.9560499234 123.146382482 2.26811498125 24.9357760803 135.777154857 0
75 0.278286933899 73.912871 98.553041 -0.10292365 73.1528163985 97.1243233089 -1.33375859295 1.61830690483 -70.5216475083 0
78 0.27885890007 72.413468 98.668417 -0.11145399 51.3378931209 43.6293955736 1.54926626427 58.9361835892 95.1522615218 0
81 0.280664920807 70.926618 98.82512 -0.11572496 86.6903012596 110.735301218 -0.242202019311 19.7571791141 -7.24660170372 0
84 0.28067111969 69.460294 99.048845 -0.12091472 80.3139545835 109.878819949 1.51070257028 15.3326548731 93.4847845134 0
87 0.28166103363 67.984026 99.205817 -0.12024712 75.7739026491 113.885244635 2.84119062966 16.6182963601 169.677884346 0
90 0.282277822495 66.409271 99.378533 -0.12589377 96.1429796964 15.2943219983 -2.95144517806 89.1865907669 -161.892170479 0
93 0.280035018921 64.97003 99.579245 -0.12534264 70.4917613361 113.026920451 1.38424566847 14.5371762042 86.4930388777 0
96 0.280470132828 63.450289 99.830398 -0.13542326 71.4387379425 111.486470465 3.10971673654 14.1307940973 -174.067174269 0
99 0.280946016312 62.015499 100.01094 -0.13023941 119.052409408 53.2625844523 -2.30193017289 73.7469856693 -124.428715121 0
102 0.281576871872 60.420275 100.24313 -0.1356293 93.5169440401 14.4195512917 -3.10104833532 91.9841082136 -169.905995212 0
105 0.278575897217 58.989222 100.44438 -0.14088208 92.8457514891 7.79620739203 1.58900907548 98.6405011982 99.1154622262 0
108 0.27920794487 58.528509 100.58832 -0.24160345 31.0367742545 86.0069863062 -1.51573076806 31.1192990218 -73.0021178872 0
111 0.278439044952 58.390768 100.67023 -0.3827913 62.0462889697 99.0475937647 1.32519031682 3.99947270423 97.8601381297 0
114 0.281652927399 58.26024 100.80046 -0.53685502 35.6206384383 94.8645478743 -3.13929546094 23.4048416281 -149.1088537 0
117 0.28168296814 58.2435 100.85046 -0.70040996 92.3922902434 88.7029147368 0.873463722097 36.2450373294 90.1763194709 0
120 0.28186583519 58.129433 100.95873 -0.85888639 99.1711667583 92.8073175266 -0.230578621924 41.8433917745 35.9993833461 0
123 0.28172492981 58.21235 101.09089 -1.0276822 89.4481357164 121.166040602 -0.0918674545746 37.1306609287 53.618235319 0
126 0.283224105835 58.152327 101.12822 -1.1869287 35.7710674616 101.679249723 2.82083710916 22.388041725 -130.371933858 0
129 0.281125068665 58.049715 101.26081 -1.3398137 52.6554351995 106.441878356 -1.62797482534 7.47942002256 -16.5104163015 0
132 0.282866954803 58.024835 101.49733 -1.4943786 93.2940094936 85.6469954481 1.37579667731 38.6671407641 164.448929853 0
135 0.291100978851 58.064001 101.65215 -1.6522241 51.5245403753 102.696528351 -1.81081013483 6.62233126644 -9.08631048558 0
138 0.282178163528 58.104403 101.68885 -1.8037565 53.7129108076 105.581337101 -2.08840118061 5.86827568459 -16.30893886 0
141 0.283664941788 58.177183 101.78616 -1.9584038 90.0870462314 87.4188081915 0.903264723904 34.9951449409 163.961528785 0
144 0.2833340168 58.164815 101.89412 -2.1101089 55.7749610574 102.259097642 -1.97503580648 2.41756293521 7.73911818437 0
147 0.289910078049 58.333441 101.96561 -2.2758326 58.6878725578 103.154580594 -2.52412757414 1.24067433415 -14.2262540924 0
150 0.283497810364 58.547547 101.97367 -2.4518694 52.3664976852 97.9339632242 -1.73772295843 7.38407756372 40.9175770561 0
153 0.285798072815 58.609003 102.09152 -2.5989269 52.3412620258 106.43486245 -2.28594474359 7.62556231092 17.9325566252 0
156 0.283205986023 58.561869 102.14088 -2.6173282 48.5658949853 98.4224667155 -2.41743718445 10.6651813795 11.4529115537 0
159 0.285756826401 58.51155 102.01626 -2.5045701 92.5410411967 85.22484322 0.397283540682 37.9467778419 166.263966376 0
162 0.28365111351 58.437648 101.90068 -2.3721379 51.3440866202 102.053420144 -0.69120758289 7.09520560661 96.310212826 0
165 0.280839204788 58.147744 101.95537 -2.2082701 101.956216751 80.5129270341 1.44709052847 48.7745901588 -150.56326339 0
168 0.281133890152 58.037351 101.82492 -2.0566813 88.4923329165 89.5618751172 0.367812662201 32.8312076131 138.913271489 0
171 0.283308029175 57.944091 101.71587 -1.9011295 94.2832315233 85.7899504341 2.22297566845 39.6757866713 -123.70617958 0
174 0.279356002808 57.908577 101.57431 -1.7585036 91.8546019315 85.9430766775 1.33043060566 37.3720224745 176.982893178 0
177 0.278078794479 57.841285 101.40683 -1.6171883 46.8642492498 96.2716099775 -0.365359669898 12.1188200144 71.7244971785 0
180 0.282007932663 57.86028 101.30305 -1.4556073 49.6179219198 103.108278663 -0.842825417153 8.43773175966 35.1098156492 0
183 0.282377958298 57.788579 101.03213 -1.3093986 54.1968753275 105.118971579 -1.19930604576 5.44082800326 6.30783871381 0
186 0.281425952911 57.852229 100.87925 -1.1701135 53.8610158544 101.734092338 -0.931699026542 4.0817322054 13.660143104 0
189 0.282326936722 57.956865 100.8248 -1.0236231 54.4794898471 95.5542106523 -1.37931110531 6.31436853737 -20.3794215276 0
192 0.282179117203 57.906072 100.67156 -0.85835482 49.9002238525 89.9032890423 1.54095517964 13.4182436995 137.470336723 0
195 0.288003921509 57.990597 100.53155 -0.72265365 97.9658866395 84.0169621907 2.9962089953 43.252229911 -146.924865836 0
198 0.284718036652 58.042848 100.37669 -0.56279892 56.4136789214 102.078752361 -0.430088238696 2.3561002034 7.60376193501 0
201 0.280712842941 58.157277 100.32166 -0.41301063 52.7683048109 106.754238276 -0.0677399526548 8.39160798234 19.7825526015 0
204 0.283162117004 58.686264 100.08548 -0.29965148 51.8437556667 104.748586306 0.140200112648 8.28036718489 25.2016398708 0
207 0.291758060455 59.980629 99.666017 -0.30408986 55.1201341442 102.021921818 0.0373754616184 5.40136073166 19.5645217788 0
210 0.281633853912 61.363687 99.173884 -0.32636207 58.3784917081 104.338368582 0.207781842122 5.96517325247 30.6041918172 0
213 0.28106212616 62.885593 98.69498 -0.37512441 63.5693408649 103.038051602 -0.714444428316 4.39656480488 -19.4416049538 0
216 0.286609888077 64.287236 98.118834 -0.4012694 63.105965428 99.8228239542 -0.471394346428 2.0733986419 -4.01786346891 0
219 0.279410123825 66.572969 97.068508 -0.44319642 63.4367215705 100.228175784 -0.340783365824 4.45191514352 5.86783577132 0
222 0.282871961594 67.896132 96.441291 -0.47211549 65.4560494248 95.665455984 -0.47833864374 2.56045366015 -0.356560444536 0
225 0.279659986496 69.150612 95.708615 -0.49267498 62.9969584264 95.0150831049 -0.41637316506 6.19261162945 4.37177196525 0
228 0.288631916046 70.465141 94.973778 -0.52461339 65.1341917105 93.350617596 -0.299348769989 5.57258198904 12.9067120002 0
231 0.295295953751 71.675984 94.192345 -0.54871183 71.5460966314 93.7017588324 0.0114736681269 0.507489424899 32.0962647871 0
234 0.300321102142 72.999296 93.402727 -0.58180979 58.3142238598 86.881569219 -1.06560088794 16.0678823299 -27.7191880778 0
237 0.298681020737 74.284244 92.44261 -0.63095882 72.0502345201 89.267872142 -0.50821503185 3.8819787252 7.03270102242 0
240 0.298557043076 75.447368 91.599491 -0.66374929 66.1792505067 87.535868135 -1.12714281178 10.119833628 -26.5504930518 0
243 0.296467065811 76.572595 90.665594 -0.69142624 68.2443274413 90.0611476445 -0.610771192567 8.35017340694 4.62119381433 0
246 0.294538021088 77.783785 89.658033 -0.71509647 67.1468443307 85.841744298 -1.29668210247 11.300821486 -33.322402166 0
249 0.291921854019 78.874801 88.696028 -0.74032963 78.1600644936 90.4752043829 -0.811316365812 1.91737238822 -4.06724036345 0
252 0.28192782402 80.03236 87.613917 -0.7252394 80.753541853 89.0823036905 -0.505079966494 1.63592870804 12.6142063599 0
255 0.283064126968 81.079285 86.604124 -0.70281223 82.4821450657 88.0339360669 -1.52966470015 2.00309233705 -47.3751568196 0
258 0.281844139099 82.380517 85.593177 -0.66953842 80.4376573564 86.5882946741 -0.49745735995 2.18287946994 9.85951847499 0
261 0.279671907425 83.553536 84.670161 -0.64546431 81.9206253508 85.8620601375 -0.542422645704 2.02163813331 5.90385247819 0
264 0.28080701828 84.753159 83.736184 -0.60820056 82.2542291713 85.0934135843 -0.608767383392 2.84371630671 -0.0324765880705 0
267 0.285173892975 85.938286 82.919631 -0.58097683 82.5014969101 83.7474436497 -0.850197153378 3.53508034296 -15.4251882887 0
270 0.28414106369 87.249998 82.030848 -0.55954063 80.4572699853 80.2530563293 -0.567272257443 7.02151672404 -0.442989621265 0
273 0.278892040253 88.578333 81.141585 -0.52544337 81.4030276189 79.851593287 -0.906476593939 7.29034196263 -21.831595586 0
276 0.281018972397 89.874585 80.458812 -0.49549775 85.0351262426 77.0152144725 -0.531702093669 5.93958963192 -2.07435609226 0
279 0.278434991837 91.229191 79.664539 -0.46697991 88.673252203 84.8404677712 -0.306006381447 5.77261308064 9.22310379939 0
282 0.2825319767 92.640842 79.007823 -0.44436504 90.4114974067 80.8240117656 -0.310798591819 2.87550325125 7.65279376531 0
285 0.293398857117 93.942666 78.269838 -0.40450827 90.8765982282 80.41071997 -0.528998784893 3.73953836597 -7.13278109278 0
288 0.295603990555 95.385584 77.620959 -0.38607018 88.1821382974 81.8121857772 0.0180691535034 8.33402735105 23.155478145 0
291 0.28461098671 96.747733 77.074345 -0.36376533 90.4164021644 72.738676187 -0.388067145122 7.67357636345 -1.39239144098 0
294 0.281207084656 98.250871 76.540386 -0.33417824 91.2587423792 71.8328312995 -0.592505470029 8.42917160267 -14.801060014 0
297 0.282399892807 99.752933 76.027378 -0.30758365 86.640632968 62.5926029516 -0.593747826449 18.7730016974 -16.3959995584 0
300 0.285836935043 100.00981 75.897783 -0.33361957 95.6931952726 74.9962320747 -0.488800484307 4.40975699737 -8.89121145076 0
303 0.296267032623 98.714105 76.429985 -0.36219797 93.6993425056 83.5000514292 -0.440334847474 8.66796874637 -4.47691330362 0
306 0.295961141586 97.284888 77.028291 -0.39087517 79.7963533029 70.6941123287 -0.787597636338 18.6002866991 -22.7305229592 0
309 0.299415111542 95.817851 77.649213 -0.42317241 84.2451974641 62.6829084909 -0.677353542307 18.9186833718 -14.563506113 0
312 0.29794883728 94.571565 78.35291 -0.46228827 89.629716061 93.7709830304 -0.118829675613 16.1907024834 19.6787278959 0
315 0.292578935623 93.13187 79.138887 -0.4938927 79.7950095551 96.8864030456 -0.359680022268 22.2001390157 7.68981999117 0
318 0.28083896637 91.836662 79.862922 -0.52529077 73.3308140699 75.8229098828 -2.17878808895 18.9417028147 -94.738417812 0
321 0.282601118088 90.529269 80.702102 -0.55721841 79.193374773 94.6023663556 -0.130499346486 17.9365505904 24.4492013771 0
324 0.281843900681 89.308886 81.573217 -0.59808232 75.6436891566 86.3769253356 0.207998791745 14.48493074 46.1850456482 0
327 0.284288883209 88.100372 82.484783 -0.6409076 74.0297725332 94.5604494094 -0.455351387366 18.5419386415 10.6315878464 0
330 0.285290002823 86.96204 83.432583 -0.67310863 74.1642804948 90.8954708648 3.07193314085 14.814767755 -145.42491243 0
333 0.284647941589 85.711036 84.448892 -0.70015711 87.495470487 92.6775093184 -0.0222160178069 8.41987823017 38.8431633412 0
336 0.290626049042 84.630521 85.38864 -0.74348817 80.795820813 88.3702748152 2.29728615679 4.85747585641 174.223535377 0
339 0.284204006195 83.531548 86.470864 -0.76732045 85.947650925 87.6078227288 -2.35483702322 2.67024877032 -90.9579995524 0
342 0.289694786072 82.436303 87.632765 -0.79615086 78.7696451058 86.4093300263 -0.622888597251 3.86538138451 9.9271964044 0
345 0.288501977921 81.390428 88.717115 -0.83255466 83.7328726784 91.875613742 -1.05050091063 3.93232264371 -12.4874003219 0
348 0.297759056091 80.091493 90.270385 -0.85191671 74.8944873502 91.189977385 -1.05357928577 5.27773795091 -11.5544144775 0
351 0.291133880615 79.121061 91.3195 -0.83027867 81.5457798931 90.1627206195 -0.956890999439 2.68652196079 -7.2543521112 0
354 0.292271852493 78.091476 92.534394 -0.81038411 69.6572133933 93.0485114224 1.00210716714 8.44991730395 103.848100584 0
357 0.295315980911 77.093441 93.512556 -0.78090008 77.7778151618 94.0486069815 -0.949625511608 0.869320797015 -9.66725512766 0
360 0.300404071808 76.051262 94.597058 -0.76703211 68.8473101571 87.0249006845 1.41297047684 10.4515304413 124.904947554 0
363 0.295392036438 75.027276 95.58972 -0.75132884 86.9763905628 105.371753043 -1.60185699075 15.4424580065 -48.7316733949 0
366 0.348919868469 73.852657 96.593273 -0.72312741 68.384520322 95.7873953063 -0.165346163267 5.52720160534 31.9585113293 0
369 0.388390779495 72.811015 97.559971 -0.70587276 82.7819868439 85.9199213784 2.18172167439 15.3268077141 165.446974036 0
372 0.291785001755 71.630899 98.505259 -0.68120937 67.9914976113 99.7569104861 -0.523110514579 3.848619741 9.05839716145 0
375 0.418904066086 70.538887 99.423882 -0.66641532 68.8195701289 102.762710064 -0.36232026254 3.75550573709 17.4233633633 0
378 0.514184951782 69.331788 100.31013 -0.63648641 46.7275978243 95.7909238355 0.257608410805 23.0515213784 51.2278597167 0
381 0.512729883194 68.205766 101.18772 -0.63190253 70.3464706673 107.951925835 -0.895732588938 7.09486413176 -15.1163488859 0
384 0.54043006897 66.997353 102.01418 -0.604237 66.7535390574 107.744644977 -0.555094550489 5.73564940422 2.8156549519 0
387 0.581913948059 65.749881 102.79371 -0.58263231 118.042875925 100.674449838 -2.89681625287 52.3359205694 -132.592972943 0
390 0.577370166779 64.390622 103.72927 -0.540005 117.622835583 85.305246737 -1.91756469714 56.3303931826 -78.9283566733 0
393 0.577837944031 63.066948 104.49561 -0.5165186 59.2976791902 68.6694184074 0.900046740154 36.0239280394 81.1632153953 0
396 0.581369876862 62.072466 105.11862 -0.50368551 61.2161227131 105.315347324 -0.198639833984 0.878649796573 17.4778297944 0
399 0.41295003891 62.084059 105.11634 -0.50537083 27.3598931743 74.4642715434 1.36893976142 46.3175667858 107.390086385 0
402 0.295531988144 62.06969 105.12384 -0.50501376 60.0235520118 108.386002939 -0.604325155717 3.85076456134 -5.69012383216 0
405 0.407067775726 62.088061 105.11683 -0.50531554 57.3311490332 106.158784817 -0.441321539881 4.86969006209 3.666586121 0
408 0.317420959473 62.080145 105.11527 -0.50526072 61.9295573193 106.644930359 -0.584295227004 1.53705480142 -4.52834368722 0
411 0.317289113998 62.084425 105.11388 -0.50526675 62.9366685413 110.040019914 -0.715542160093 4.99931730446 -12.0478935337 0
414 0.295466899872 62.090561 105.10315 -0.50372534 54.0528442123 104.857134866 -0.129381738568 8.04148087147 21.4483084498 0
