3 5.78245806694 31.520043 41.394881 -0.0070850614 19.6755453566 45.8820187146 2.01189593821 12.66595947 115.679090194 0
6 5.83566594124 31.529937 41.402987 -0.0081764059 58.4275182917 19.5049800139 2.4710981281 34.6843277188 142.051967053 0
9 5.73214697838 31.522543 41.401068 -0.0068718684 96.1896301927 73.7330946423 -0.31417029564 72.2993230452 -17.6069029319 0
12 5.85830307007 31.528168 41.375423 -0.0049451513 128.204205671 54.6023130135 -0.292440500198 97.576671798 -16.4722701215 0
15 5.90692210197 31.523843 41.397689 -0.0081913964 94.5351397823 56.935810085 -1.48719973637 64.8988191652 -84.7409357448 0
18 5.91638684273 31.52518 41.394772 -0.0077822512 30.2826297975 53.3588115789 -2.96790464721 12.0283903351 -169.602520134 0
21 6.01734089851 31.646202 41.400982 -0.0069641742 72.9765509627 107.094635077 -1.43468165675 77.6134898071 -81.8021860871 0
24 6.02010083199 32.968315 41.348607 -0.0066445448 65.9099167422 56.7345372145 1.52066012297 36.3576123241 87.5081114941 0
27 6.07134890556 34.520488 41.363888 -0.010157874 61.8349003595 71.9276525333 -1.00873538735 40.9904967644 -57.2142770314 0
30 6.13096284866 35.981317 41.339656 -0.012968194 138.816638504 103.331308978 -3.06982382202 120.075261348 -175.144926066 0
33 6.18993997574 37.47125 41.3168 -0.01805047 74.0597953072 38.4275148209 2.84344670485 36.7024470103 163.951711208 0
36 6.12300801277 39.051821 41.275587 -0.019803098 56.1899638257 62.2299918696 1.5667655012 27.0703347403 90.9036846421 0
39 6.16122198105 40.609584 41.247017 -0.013659721 65.2550851284 51.088942105 1.49215488736 26.5379768566 86.2768217883 0
42 6.90325808525 42.081473 41.279186 -0.014178183 146.270335984 36.0070010002 -1.5708289348 104.322169765 -89.1895182543 0
45 7.09525513649 43.552295 41.213208 -0.0092852628 64.5227250434 53.5752126135 1.60642772525 24.3429269865 92.5735351199 0
48 7.10451292992 45.079977 41.189892 -0.010404952 128.927693199 138.099310011 2.76491012716 128.147863076 159.013840855 0
51 6.15962600708 46.640834 41.096545 -0.012029947 42.9044968457 28.685155935 -0.0921295824446 12.9615891717 -4.58937105151 0
54 6.1121878624 48.21014 41.103056 -0.013219293 26.2176565592 96.9730282263 0.995104327777 60.0426775258 57.7726878539 0
57 6.38093495369 49.69993 40.993437 -0.019411138 124.077771415 59.7178523762 2.09774070996 76.6985464317 121.303865477 0
60 6.24612212181 51.221815 41.026894 -0.026800957 125.286659657 60.9370842051 1.89229514044 76.6943080553 109.956106863 0
63 6.15610599518 52.707826 40.957156 -0.02058299 29.9729577613 96.4623268743 -2.03205617542 59.9808154964 -115.248924128 0
66 6.167345047 54.31159 40.951842 -0.027308534 52.7268426046 43.052250614 -0.097513377245 2.63118616846 -4.02244121931 0
69 6.14342403412 55.778879 40.909196 -0.015002614 55.4498780521 42.5233237351 -0.107383071914 1.64731598941 -5.29301034798 0
72 6.16913986206 57.331901 40.836464 -0.018380323 133.572186114 5.59930173866 0.0201158493697 83.989515289 2.20566820419 0
75 6.1165599823 58.848313 40.76075 -0.022921269 57.1237790938 42.2040028507 -0.0733396431156 2.24877655289 -2.88876004674 0
78 6.10392403603 60.388876 40.75568 -0.012358794 58.8632595302 41.9038257376 -0.0608914275166 1.90938321132 -2.78071506916 0
81 6.08703708649 61.86858 40.735896 -0.015077049 60.1567637407 42.4849519371 -0.0708860796341 2.44734786592 -3.19762191405 0
84 6.09920501709 63.333062 40.668539 -0.013920495 62.4472256727 42.2339326519 -0.0565352126689 1.79865596607 -2.44164346757 0
87 6.13550305367 64.876385 40.58717 -0.032109511 63.3809658266 41.844217278 -0.0192290271674 1.95357271768 0.737997361692 0
90 6.10165405273 66.44697 40.579857 -0.020157695 65.0246562055 41.5980491291 -0.069122540748 1.74919745652 -2.80547900587 0
93 6.10494613647 67.930314 40.55804 -0.02084507 66.3418597355 42.036165569 -0.0291109879866 2.1698023293 -0.473602214436 0
96 6.14835000038 69.414343 40.447992 -0.021831497 68.3816846529 41.5066938918 -0.020211847049 1.47892966617 0.0927991064805 0
99 6.11465001106 70.999462 40.351868 -0.031419309 69.4927900975 41.798686273 -0.0410119191039 2.08886173239 -0.549616073467 0
102 6.17704200745 72.481812 40.325422 -0.028226015 71.3327243457 41.5058561727 -0.042412769937 1.6473698047 -0.812841182875 0
105 6.21712088585 74.028193 40.279112 -0.026102315 72.711835812 42.2759819678 -0.0182163947315 2.39171192141 0.451829948959 0
108 6.09705591202 75.500101 40.224463 -0.026983514 74.0771431016 41.9211342163 -0.0246364262629 2.21438533157 0.134478221485 0
111 6.15105319023 77.104162 40.159206 -0.035689283 76.0157462279 41.9325579631 -0.0322801510822 2.08072729544 0.195328870692 0
114 6.17509102821 78.584191 40.097894 -0.03659834 77.7409009353 42.0995863767 -0.011689082223 2.17207516083 1.42719534142 0
117 6.16580414772 80.1084 40.071744 -0.024096447 77.9816868844 42.4176432655 -0.0354365833757 3.16640996082 -0.649741953431 0
120 6.15907096863 80.881063 40.047709 -0.06972902 79.1308870352 42.0667769623 -0.0606642232949 2.67203131419 0.519374593344 0
123 6.19097018242 80.819811 40.085383 -0.20196514 78.6817915075 42.1105687148 -0.199412848525 2.94491163358 0.146235529621 0
126 6.17455482483 80.673305 40.189426 -0.34415967 78.7592179247 42.4216770355 -0.349727279206 2.94052274562 -0.319000509488 0
129 6.16137599945 80.559381 40.228255 -0.49611957 79.2363263759 42.1853919902 -0.520805172622 2.36238412137 -1.41438084496 0
132 6.16646695137 80.474435 40.358509 -0.64523249 77.9424656435 41.5693556627 -0.633041843323 2.8066026549 0.698472604151 0
135 6.1655459404 80.446897 40.445937 -0.81868337 78.7162850738 42.3121509344 -0.78788112641 2.54514677138 1.76483855723 0
138 6.18018603325 80.377523 40.602704 -0.97166139 79.0074618492 42.3612347922 -0.921074263231 2.22923711252 2.89842886153 0
141 6.09208393097 80.303277 40.677658 -1.1291983 79.4643350752 42.9257406233 -1.04893185721 2.39952058427 4.59892840851 0
144 6.13507890701 80.24067 40.836497 -1.2914427 79.9066700031 43.5539396266 -1.20446729367 2.73789160246 4.98332370432 0
147 6.12800598145 80.334643 40.99259 -1.4510482 80.0951257273 42.9389212919 -1.38165554313 1.96101351899 3.97590636812 0
150 6.1692841053 80.305505 41.173119 -1.6076845 79.5280577131 43.2398403289 -1.52337194478 2.20811261835 4.83075357421 0
153 6.14308595657 80.260339 41.240273 -1.7630876 79.1779171173 42.1029657576 -1.6551524822 1.38415169914 6.18422671144 0
156 6.20258402824 80.351916 41.337649 -1.9138236 78.8000992925 41.6912775032 -1.7404101344 1.59159926232 9.93585968986 0
159 6.14269900322 80.458888 41.424429 -2.0695544 78.3947196339 41.7629422328 -1.89428841998 2.09174144016 10.0420009474 0
162 6.14157009125 80.580246 41.530351 -2.2462491 78.9904725203 41.9692847623 -2.12544583265 1.64925515441 6.92151737061 0
165 6.16120195389 80.700832 41.575869 -2.3973477 78.8355083595 42.5515329439 -2.26278685839 2.10507776942 7.70976831199 0
168 6.17892098427 80.863789 41.557834 -2.56541 79.5248553572 42.8524913491 -2.27995948112 1.86249320847 16.3551099917 0
171 6.17464494705 80.910142 41.637692 -2.7112414 79.8561966454 42.906971405 -2.43857102533 1.64980938852 15.622861667 0
174 6.16332006454 81.000304 41.730578 -2.863125 79.1921818853 42.5072613259 -2.57035259951 1.96787768174 16.774622906 0
177 6.14070606232 81.313486 41.614906 -3.0334876 79.0436202741 42.1233968314 -2.7725793588 2.32612410227 14.9489410608 0
180 6.14293789864 81.419836 41.643078 3.1037871 79.2412467507 42.6959861672 -2.98933036897 2.41968318706 10.8900849504 0
183 6.1260061264 81.472606 41.653948 2.9566422 78.8953302009 42.5538156733 3.12891854393 2.72985574241 9.870707417 0
186 6.12619900703 81.600227 41.551467 2.7956666 79.4866779296 43.0432251614 2.98060189251 2.5869735378 10.5960117439 0
189 6.15074491501 81.705618 41.391179 2.6371497 78.5523510263 42.6916931652 2.78021782999 3.41092798245 8.19720003141 0
192 6.09748291969 81.817002 41.340993 2.4823985 79.0579103438 43.2113337369 2.65370502021 3.3332808522 9.81514061101 0
195 6.17452812195 81.903012 41.262396 2.332631 79.311518093 43.8820746362 2.5950805217 3.68490933771 15.0372499287 0
198 6.1400411129 81.909487 41.089487 2.1583794 79.4195709066 43.0344193062 2.27633472942 3.15950056626 6.75834254656 0
201 6.18159198761 81.924053 40.998223 1.9975831 79.9322615317 43.8373889618 2.22857422125 3.4681546407 13.2348163524 0
204 6.17597818375 81.960862 40.844259 1.8446809 80.201933908 43.0598874063 1.98822863248 2.82892864307 8.22467922965 0
207 6.13173103333 81.927588 40.703608 1.6857979 80.5029266574 43.9476080439 1.89135735085 3.54304900134 11.777688973 0
210 6.17175602913 81.924928 40.686406 1.5459903 79.7194372747 44.5557946853 1.76008518294 4.45380266039 12.2667332081 0
213 6.20056509972 81.81851 40.588718 1.3660151 80.1910723398 43.4339322066 1.54729651404 3.27777321054 10.3866599284 0
216 6.19866585732 81.824065 40.431016 1.2110526 80.5874257261 42.9786803662 1.45201843657 2.83193757284 13.8063254425 0
219 6.17852807045 82.277545 41.390368 1.1504821 81.265493806 46.0840715934 1.38325309086 4.80157276754 13.3367953694 0
222 7.05516314507 82.927041 42.739254 1.1137092 81.9953543193 48.4422941528 1.34922665512 5.77864231943 13.4941561798 0
225 6.42285919189 83.677797 44.09726 1.084748 81.7338435395 46.2834042966 1.22326766132 2.92543705153 7.93659197316 0
228 6.49289798737 84.372874 45.412874 1.0478677 81.3276290008 47.3898960946 1.19145994082 3.63072079174 8.22722937007 0
231 7.40187382698 85.159381 46.677356 1.0274995 82.9187341424 48.4685451234 1.12403994471 2.86859840624 5.53136003441 0
234 6.2310628891 85.928298 47.908079 0.99952116 83.7565474375 49.9483719252 1.08251920416 2.97981471342 4.75543763817 0
237 7.31403899193 86.76373 49.194484 0.95689161 85.177126635 51.1847102895 1.07336985763 2.54525262428 6.67371199421 0
240 9.06540083885 87.649962 50.387631 0.93226665 85.6643615964 52.1161049881 0.970913657735 2.63253324579 2.21431043402 0
243 12.2214250565 88.570925 51.559268 0.90792052 86.9059005105 52.8928515317 0.925097802347 2.13324906812 0.984185781997 0
246 12.1462788582 89.47196 52.652014 0.8832857 87.1578100119 53.7299701351 0.930684395178 2.55289631532 2.71574518814 0
249 6.81115198135 90.492516 53.754021 0.83763364 87.9422253333 56.1662747688 0.890305695935 3.5104060634 3.01788650333 0
252 6.24744391441 91.498687 54.898001 0.81217592 89.4480803772 57.1874178319 0.907694530046 3.07350239172 5.47281322058 0
255 6.14037203789 92.568948 55.94073 0.78340538 89.8574985092 58.0810858306 0.871273529906 3.45442924696 5.03447414321 0
258 6.37997698784 93.547241 56.960456 0.75288469 90.6322450287 59.3629028382 0.84964274108 3.77742667999 5.54382796081 0
261 6.84723496437 94.620679 57.928363 0.72990952 91.1222331152 59.8663160445 0.845424370653 3.99934814834 6.61851341348 0
264 7.16304087639 95.770396 58.899507 0.6896339 93.1215110176 61.4166685102 0.767989559169 3.654133785 4.48944857137 0
267 6.5491399765 96.962501 59.840194 0.66858365 93.6512805536 62.8191639861 0.738794192469 4.45403671097 4.0227677608 0
270 6.36022901535 98.232224 60.772339 0.64204005 95.3883302465 63.2458090487 0.712494848271 3.76905634908 4.0367625874 0
273 7.67721605301 99.416545 61.686454 0.60185601 98.1298066944 63.9712692233 0.630701785134 2.62222731123 1.65274117198 0
276 6.75166583061 100.66015 62.48684 0.57932353 98.738604787 65.6606782472 0.575640263353 3.71020015965 -0.211035633684 0
279 6.1860499382 101.84252 63.245661 0.55317695 99.9719023652 65.6442686948 0.562234599939 3.04179703615 0.518965113802 0
282 6.49551606178 103.2489 64.041483 0.52149049 100.865809041 66.0055121373 0.534083667345 3.08812774549 0.721535912508 0
285 6.16692185402 104.5021 64.838724 0.48902664 101.619018887 66.3383847171 0.521625226712 3.24979060455 1.86776143669 0
288 6.15083503723 105.89753 65.50297 0.45749312 103.415951145 67.7071784576 0.518069093758 3.31915177966 3.47074763624 0
291 6.15902018547 107.23441 66.106065 0.425495 104.731671454 68.8505617748 0.488654061523 3.71429169258 3.61874766325 0
294 6.13303899765 108.62185 66.694881 0.38650919 105.883288207 69.309936795 0.461208071906 3.78658652403 4.27993066758 0
297 5.65669679642 110.08086 67.251857 0.35533208 106.470806762 70.2043327422 0.430656589924 4.66364636184 4.31577651256 0
300 5.72762489319 111.50781 67.766864 0.33459052 108.531209935 69.6893753375 0.38584083154 3.54347256128 2.93642654997 0
303 5.78339099884 112.87691 68.182524 0.30685182 109.426363472 69.9832818758 0.340333948875 3.89217166511 1.91838467364 0
306 5.83788490295 114.36462 68.651393 0.28808498 111.443218819 70.9959962634 0.337056802589 3.7458976657 2.80587874939 0
309 5.75706100464 115.83449 69.001579 0.25083859 113.078241922 71.0821360798 0.31176683707 3.45334927739 3.49093141024 0
312 6.02226805687 117.19736 69.329841 0.23044123 115.109629731 72.2931013717 0.288135395552 3.6248489218 3.30563218864 0
315 5.69078803062 117.78731 69.484411 0.20147117 115.816129698 72.5619150128 0.272700966034 3.65466588526 4.08116668832 0
318 5.62058186531 116.42938 69.228806 0.13415298 114.749578762 71.8350960492 0.224481133425 3.10072249957 5.17542196248 0
321 5.80448484421 114.80773 69.128985 0.0979988 113.168422874 72.0696048137 0.196959085155 3.36668572085 5.67000667877 0
324 5.68016314507 113.35769 69.056433 0.067460522 111.842413115 71.4112527186 0.139650251081 2.80022140999 4.13616680055 0
327 6.05694890022 111.81488 68.96352 0.032275621 110.354842789 71.3388253298 0.115384995025 2.78815065351 4.76181636963 0
330 5.7012720108 110.29576 68.94659 -0.0039959963 109.161489974 71.2666938087 0.0955987408819 2.58252786518 5.70635810224 0
333 5.65405988693 108.74459 69.016615 -0.039899491 107.745415859 71.5667328414 0.042442987944 2.73887750187 4.71787651814 0
336 5.55589985847 107.27384 69.125159 -0.081381225 106.057119954 71.5564979794 -0.00336342042231 2.71878960234 4.47009092918 0
339 5.69789791107 105.77123 69.311189 -0.11875782 104.441188209 71.9412892191 -0.0443848903668 2.94727642551 4.26125497801 0
342 5.68313503265 104.23308 69.487176 -0.13593074 102.445036086 71.964840857 -0.0526776745106 3.05547446095 4.77004928407 0
345 5.90652489662 102.67844 69.809947 -0.17996689 101.892709947 73.0661964481 -0.123022299148 3.34970628339 3.26268472191 0
348 5.59865999222 101.19539 70.111952 -0.20894349 99.5492856345 72.6857519046 -0.12636628716 3.05517684122 4.7313252067 0
351 5.79530286789 99.695937 70.47501 -0.24032587 98.0977401992 72.8414586562 -0.134137121838 2.85557564365 6.08416710147 0
354 5.56528806686 98.200311 70.897104 -0.28344925 97.1302425137 73.5032970853 -0.194720713651 2.8173194642 5.08377065518 0
357 5.77835702896 96.614615 71.415819 -0.3144709 95.9850498006 74.1535585115 -0.272958443683 2.80919382979 2.37848854418 0
360 5.97652602196 95.216051 71.909445 -0.34657274 93.8993996512 74.1461270599 -0.274093396496 2.59544166023 4.15276048467 0
363 5.72107791901 93.790761 72.497598 -0.38120404 92.1082357979 75.0850871551 -0.323714189188 3.08642044823 3.29392581635 0
366 6.10096502304 92.417114 73.016357 -0.35870282 90.6225717412 75.0036035209 -0.280421544957 2.67759792598 4.48518667489 0
369 5.68590807915 91.055309 73.519772 -0.33819517 89.8447208455 74.2886778143 -0.210429668289 1.43413382604 7.32042401543 0
372 6.09595298767 89.614615 74.074076 -0.31837694 87.7665808717 75.479175898 -0.228395900944 2.32153739209 5.15553377409 0
375 5.69677209854 88.314109 74.556366 -0.29979055 86.3915404431 75.7029624078 -0.168761241058 2.23851584281 7.5074263949 0
378 6.53283786774 86.88131 74.994533 -0.2764152 84.5797379517 76.213730599 -0.170840330645 2.60454922756 6.04899443666 0
381 6.26292514801 85.443672 75.387112 -0.25727157 83.6493921166 76.647379431 -0.160522840532 2.19265006272 5.54329387175 0
384 5.78402400017 84.055287 75.832526 -0.23267107 81.8285191586 76.4321356786 -0.120477906005 2.30608473087 6.42819478715 0
387 6.2366540432 82.664555 76.128737 -0.22389476 80.6238514037 75.4766545219 -0.0196345858665 2.14235448189 11.7032459005 0
390 5.99133992195 81.173968 76.455415 -0.20673661 78.8103206687 76.9081200203 -0.0290838436513 2.40660976107 10.1787537306 0
393 5.56334209442 79.819657 76.754609 -0.1833313 77.1948564727 78.0618437026 -0.0438443336026 2.93230973391 7.99201447165 0
396 5.62014508247 78.325485 77.027059 -0.15611548 76.1339751075 78.0420294242 -0.0073554436442 2.41513572516 8.5233222434 0
399 6.53408908844 76.892215 77.264525 -0.13798763 74.6783372126 78.0692325445 0.0250111897441 2.35559102773 9.33914443695 0
402 6.07011389732 75.420868 77.548324 -0.12557438 73.2190799839 77.9392056404 0.0329140827374 2.23621531267 9.08072001637 0
405 5.64197015762 73.926916 77.691819 -0.097717287 70.9789720941 77.6825596524 0.062932537011 2.94795844745 9.20455689535 0
408 6.20364999771 72.448195 77.857208 -0.08052134 70.0429857288 77.3746136381 0.120499749184 2.45314674579 11.5176600034 0
411 5.746530056 71.010734 77.97039 -0.05919809 69.8689432348 77.6474921824 0.142332978989 1.18657033171 11.5468796939 0
414 5.67062497139 70.665666 77.98114 -0.052809071 69.2313618743 78.5546621852 0.140077391158 1.54471875172 11.0515802069 0
417 5.62033200264 70.65903 77.973391 -0.052747867 69.4872421809 79.4451428274 0.104118191465 1.8812602516 8.98776309888 0
420 5.90093684196 70.662549 77.975477 -0.051931253 69.5088816394 79.9474396581 0.101584017543 2.28464113244 8.79577709292 0
423 6.08294010162 70.657477 77.975804 -0.053730261 70.4895702551 79.7113757474 0.104593878377 1.74367484507 9.07130498136 0
426 6.24742913246 70.657208 77.964864 -0.053397677 70.8163678195 79.8845359884 0.108863724996 1.92625865122 9.29689351222 0
