3 0.288470983505 31.520043 41.394881 -0.0070850614 19.901465898 119.022851162 0.524220786813 78.4926307708 30.4415827332 0
6 0.288707971573 31.529937 41.402987 -0.0081764059 18.9017763422 125.974773701 2.4929620415 85.5094003449 143.304677014 0
9 0.288963079453 31.522543 41.401068 -0.0068718684 76.2926797879 49.158936366 -2.52251874754 45.4373158273 -144.13594892 0
12 0.296293973923 31.528168 41.375423 -0.0049451513 147.335104049 121.978204725 1.54247685439 141.095906599 88.6607500519 0
15 0.295548915863 31.523843 41.397689 -0.0081913964 61.1300545484 130.335434598 -0.322215891664 93.7360675211 -17.9922782424 0
18 0.288005828857 31.52518 41.394772 -0.0077822512 118.293717126 111.665397259 3.01890369761 111.654555704 173.416330779 0
21 0.287801980972 31.646202 41.400982 -0.0069641742 135.259174809 110.083958545 -1.75110694786 124.310093723 -99.9320197989 0
24 0.287603139877 32.968315 41.348607 -0.0066445448 91.1920680047 103.815104543 -1.37188882614 85.3936105877 -78.2227353251 0
27 0.28696513176 34.520488 41.363888 -0.010157874 46.6732615987 64.9856839831 2.64285582809 26.5646221808 152.00648812 0
30 0.291547060013 35.981317 41.339656 -0.012968194 61.5172367005 71.2750841629 1.11595136134 39.3473385916 64.6823259308 0
33 0.290647983551 37.47125 41.3168 -0.01805047 137.661395666 39.544467148 1.84198691705 100.205820451 106.572292014 0
36 0.290153980255 39.051821 41.275587 -0.019803098 86.3799169129 74.472667511 0.117251913424 57.809988905 7.85267371571 0
39 0.291005849838 40.609584 41.247017 -0.013659721 116.979725666 11.0319363201 -0.67623388808 82.1300775509 -37.9627033881 0
42 0.289488077164 42.081473 41.279186 -0.014178183 140.799523397 119.226828358 2.2225693634 125.781908172 128.156194245 0
45 0.289498806 43.552295 41.213208 -0.0092852628 81.236982391 102.903567159 -2.4359030059 72.2899445081 -139.034955171 0
48 0.291174888611 45.079977 41.189892 -0.010404952 22.3865741307 93.21036609 0.453533360196 56.7549139576 26.5817072433 0
51 0.291071891785 46.640834 41.096545 -0.012029947 132.013124432 19.9962636012 -1.67880629825 87.9411726599 -95.4992503191 0
54 0.29186296463 48.21014 41.103056 -0.013219293 111.750768611 74.7493292829 -2.2948019917 71.8991181457 -130.725059245 0
57 0.289187908173 49.69993 40.993437 -0.019411138 117.182839325 64.4681305287 -2.34524159101 71.4493127137 -133.26026882 0
60 0.291145086288 51.221815 41.026894 -0.026800957 41.7715014558 37.581594014 2.9180875369 10.0587533063 168.729681837 0
63 0.290729999542 52.707826 40.957156 -0.02058299 111.739757191 68.3659716336 0.229959022805 65.0846531413 14.3549999244 0
66 0.290785074234 54.31159 40.951842 -0.027308534 94.6354765174 111.282959784 3.12986051559 81.0708452686 -179.107538249 0
69 0.291082859039 55.778879 40.909196 -0.015002614 61.2322060126 83.203752492 2.96001323151 42.644674748 170.455851932 0
72 0.291124820709 57.331901 40.836464 -0.018380323 120.324805281 62.7395348295 1.48241721799 66.6922072021 85.9893650024 0
75 0.291402816772 58.848313 40.76075 -0.022921269 136.058952016 8.39256509063 -1.77624843901 83.7208586409 -100.458246947 0
78 0.292232036591 60.388876 40.75568 -0.012358794 62.2729792462 100.860755093 -2.36289330135 60.1345981697 -134.675706871 0
81 0.287793874741 61.86858 40.735896 -0.015077049 61.7974844224 101.887953149 -1.57612762574 61.1520984768 -89.4416096537 0
84 0.289531946182 63.333062 40.668539 -0.013920495 108.134468425 70.13288388 -1.04744336398 53.621951073 -59.2164984227 0
87 0.288640975952 64.876385 40.58717 -0.032109511 130.993315895 73.1421569165 0.708749369004 73.6971893909 42.448087039 0
90 0.290997028351 66.44697 40.579857 -0.020157695 123.535250973 56.1419461511 2.64135912121 59.1713650614 152.493680672 0
93 0.291420936584 67.930314 40.55804 -0.02084507 56.0613407434 99.254820437 0.274052715175 59.8847606644 16.8963984783 0
96 0.290359973907 69.414343 40.447992 -0.021831497 108.385373394 32.1726130239 -0.364061132631 39.8399687145 -19.6083137459 0
99 0.291657924652 70.999462 40.351868 -0.031419309 63.7181073189 105.700396092 1.41350395851 65.7529333925 82.7880049487 0
102 0.290366172791 72.481812 40.325422 -0.028226015 125.908756039 78.0150775308 1.25368476276 65.3830901947 73.4480772781 0
105 0.2940928936 74.028193 40.279112 -0.026102315 136.234976088 64.8309939801 1.34149612488 66.8765935952 78.3576186737 0
108 0.290252923965 75.500101 40.224463 -0.026983514 132.447096735 71.1296280518 1.63863661887 64.7926658668 95.4330038857 0
111 0.292154073715 77.104162 40.159206 -0.035689283 105.619408419 33.4443816197 -0.385161456426 29.2951897889 -20.0232805946 0
114 0.291491985321 78.584191 40.097894 -0.03659834 101.458244107 51.189254194 0.619040956736 25.4212622918 37.5653645859 0
117 0.291236877441 80.1084 40.071744 -0.024096447 71.7377412217 80.7486892738 -1.44743000061 41.5292885226 -81.5510054613 0
120 0.292033195496 80.881063 40.047709 -0.06972902 138.206126633 77.4385480469 1.03467539944 68.4414915472 63.2777121096 0
123 0.293329954147 80.819811 40.085383 -0.20196514 25.3546825828 84.4500186604 2.20026370188 71.0253572157 137.637574064 0
126 0.294825077057 80.673305 40.189426 -0.34415967 108.058189015 56.1697358204 -0.908349709314 31.706500508 -32.325708096 0
129 0.293041944504 80.559381 40.228255 -0.49611957 116.783184374 45.0070991337 -1.43572448421 36.5376693586 -53.8353959937 0
132 0.293931007385 80.474435 40.358509 -0.64523249 118.408336253 46.1653281198 -1.32261886864 38.3757737711 -38.8113805958 0
135 0.295304059982 80.446897 40.445937 -0.81868337 83.2304849828 89.8735084231 -1.46138765359 49.5058903449 -36.8242429247 0
138 0.289915084839 80.377523 40.602704 -0.97166139 112.311138175 66.659273336 -1.83150485353 41.215295507 -49.2654015024 0
141 0.291257143021 80.303277 40.677658 -1.1291983 26.2638276582 89.0761774282 0.952514670505 72.5443227827 119.273367368 0
144 0.291952848434 80.24067 40.836497 -1.2914427 73.8173636856 125.727161792 1.41338059367 85.133329741 154.974959056 0
147 0.290514945984 80.334643 40.99259 -1.4510482 117.771818139 46.3807766608 -1.31317490691 37.8229379859 7.89955780153 0
150 0.29173207283 80.305505 41.173119 -1.6076845 111.673004489 72.1232995814 2.31614153174 44.0662422065 -135.181328837 0
153 0.292298078537 80.260339 41.240273 -1.7630876 67.5987513567 111.089265271 2.82939957555 70.9873053648 -96.8698673728 0
156 0.291599035263 80.351916 41.337649 -1.9138236 80.9760288025 94.7092540124 -2.01352869146 53.375253989 -5.71268093648 0
159 0.291135072708 80.458888 41.424429 -2.0695544 115.097013961 66.4718462204 0.661202127243 42.7454427923 156.460823889 0
162 0.292906999588 80.580246 41.530351 -2.2462491 78.1783445852 96.5295381086 -2.26855163858 55.0516095407 -1.27784133323 0
165 0.291602134705 80.700832 41.575869 -2.3973477 81.4007930478 98.2724882678 -2.84532848124 56.7009398676 -25.6674080678 0
168 0.291177988052 80.863789 41.557834 -2.56541 75.0803563511 98.954342688 -2.76934418593 57.6871502397 -11.684568152 0
171 0.288866043091 80.910142 41.637692 -2.7112414 72.9694222279 109.390406464 1.54932391657 68.2164595072 -115.887589021 0
174 0.292159080505 81.000304 41.730578 -2.863125 109.974508163 55.8946262163 -1.51833692126 32.2509653923 77.0506812514 0
177 0.291929006577 81.313486 41.614906 -3.0334876 83.5336195395 94.9285390381 2.8739993083 53.3598393987 -21.5259326254 0
180 0.290968894958 81.419836 41.643078 3.1037871 106.608119089 55.9408972445 1.73049872695 28.9633775678 -78.6836278301 0
183 0.294422149658 81.472606 41.653948 2.9566422 113.024089256 70.6651900192 1.83023850635 42.8619675136 -64.5381776738 0
186 0.294496059418 81.600227 41.551467 2.7956666 72.3236414408 101.857723814 1.28370064948 61.0155689193 -86.6292677325 0
189 0.290022850037 81.705618 41.391179 2.6371497 71.8848376589 102.419417627 1.26421221562 61.8133774873 -78.66352339 0
192 0.291041851044 81.817002 41.340993 2.4823985 109.852845228 64.6117553493 2.90043345222 36.4353795896 23.9516384514 0
195 0.301164150238 81.903012 41.262396 2.332631 82.2661298855 98.0009756815 -3.02886350225 56.7397416179 52.8089931386 0
198 0.311436891556 81.909487 41.089487 2.1583794 107.243805012 64.4589549649 -2.49753161287 34.466791294 93.2359491739 0
201 0.312261104584 81.924053 40.998223 1.9975831 114.675418621 71.8610535896 1.7446178169 45.0018473182 -14.493843085 0
204 0.313696146011 81.960862 40.844259 1.8446809 111.374883788 68.6974473822 2.66969547476 40.5090703523 47.2698531707 0
207 0.312330007553 81.927588 40.703608 1.6857979 112.179262236 57.5830172416 1.84180295357 34.6421455802 8.93843115199 0
210 0.316259860992 81.924928 40.686406 1.5459903 99.6268252158 36.2781271533 -0.710733572567 18.2425351151 -129.300753425 0
213 0.313522815704 81.81851 40.588718 1.3660151 93.8204932481 37.5655952528 -0.811231615926 12.3768684663 -124.747047781 0
216 0.312418937683 81.824065 40.431016 1.2110526 109.231218646 45.486150024 2.32814255216 27.8694537254 64.0045395955 0
219 0.312550067902 82.277545 41.390368 1.1504821 94.5094715884 72.5539296435 2.08135278643 33.4781660545 53.3349616049 0
222 0.313817977905 82.927041 42.739254 1.1137092 96.331033854 30.8392409975 -1.1557619958 17.9242108304 -130.031121246 0
225 0.313511133194 83.677797 44.09726 1.084748 116.662792643 72.5356643159 1.46211854237 43.5517253113 21.6217393906 0
228 0.310622930527 84.372874 45.412874 1.0478677 112.37709331 79.3978627135 1.6389913007 44.0365275315 33.868887491 0
231 0.313787937164 85.159381 46.677356 1.0274995 79.9465370577 104.628106928 -0.276184246947 58.1847340377 -74.6955765199 0
234 0.309553146362 85.928298 47.908079 0.99952116 81.1991658371 100.603250871 0.215982198748 52.906954453 -44.8934755638 0
237 0.312013864517 86.76373 49.194484 0.95689161 115.757260625 92.4014000814 2.56745118371 52.0332818046 92.278266228 0
240 0.31029009819 87.649962 50.387631 0.93226665 90.8535327639 113.404787617 -0.158457636225 63.0985332136 -62.4938982131 0
243 0.310791015625 88.570925 51.559268 0.90792052 106.586670492 92.6861622523 -0.882526783165 44.8997607619 -102.585073912 0
246 0.311093091965 89.47196 52.652014 0.8832857 88.6001789693 62.401792342 2.9719495937 9.78867610476 119.67162593 0
249 0.310757160187 90.492516 53.754021 0.83763364 110.896075163 87.26962867 1.26613726051 39.2377520257 24.5514489615 0
252 0.312063932419 91.498687 54.898001 0.81217592 90.1476199286 59.7444197224 2.51355114186 5.03121820878 97.4816195806 0
255 0.309142112732 92.568948 55.94073 0.78340538 91.216704542 96.5672081858 -0.660442938102 40.6489765203 -82.7264148843 0
258 0.308276176453 93.547241 56.960456 0.75288469 90.5550820596 94.2608088148 -0.572694631896 37.4201728381 -75.9501005545 0
261 0.309880971909 94.620679 57.928363 0.72990952 89.6505113364 97.1444591503 -0.626888504387 39.5297958997 -77.7388004491 0
264 0.310956954956 95.770396 58.899507 0.6896339 92.3495405769 91.293050758 -0.490104663722 32.5736692595 -67.5940406301 0
267 0.308698892593 96.962501 59.840194 0.66858365 106.530808908 13.5638266962 -1.43530059649 47.2552080417 -120.543687908 0
270 0.311015844345 98.232224 60.772339 0.64204005 106.300744941 90.8762621098 1.48321949296 31.1664437621 48.1960318947 0
273 0.311579942703 99.416545 61.686454 0.60185601 103.759431133 103.838598794 0.900717703652 42.3752754649 17.1235137044 0
276 0.316236019135 100.66015 62.48684 0.57932353 108.399291036 101.113008982 0.643397608808 39.3938476696 3.67117429189 0
279 0.311825037003 101.84252 63.245661 0.55317695 106.865938841 98.1901878531 -0.230451760225 35.3037490055 -44.8986178012 0
282 0.313728094101 103.2489 64.041483 0.52149049 110.181677666 101.509819331 1.2008919264 38.104325654 38.9268349008 0
285 0.313836097717 104.5021 64.838724 0.48902664 111.368898205 105.594986915 1.03302570193 41.3306893766 31.1688503078 0
288 0.311218976974 105.89753 65.50297 0.45749312 93.1764366989 43.9870268387 -3.1400999677 24.9952400448 153.87309967 0
291 0.307382106781 107.23441 66.106065 0.425495 127.411180148 99.981699191 0.656378325656 39.429185199 13.22864012 0
294 0.310679197311 108.62185 66.694881 0.38650919 95.7900230552 86.1903220564 -0.799934861279 23.3394088341 -67.9782367667 0
297 0.323961019516 110.08086 67.251857 0.35533208 122.497926343 109.535500262 0.864471148466 44.0691504809 29.1715198083 0
300 0.315128087997 111.50781 67.766864 0.33459052 124.203861115 113.934271184 -0.31257389836 47.8813032404 -37.0797898231 0
303 0.307950019836 112.87691 68.182524 0.30685182 121.494576209 101.142136818 0.502478775511 34.067583536 11.2085989098 0
306 0.310023069382 114.36462 68.651393 0.28808498 116.440849717 102.416920183 -0.243930613266 33.8293002559 -30.4822481293 0
309 0.332613945007 115.83449 69.001579 0.25083859 126.544966228 103.165650471 0.31032365438 35.8036042952 3.40824313305 0
312 0.30920791626 117.19736 69.329841 0.23044123 109.415791713 95.9784206931 0.932955942999 27.7614769898 40.2511281007 0
315 0.309381961823 117.78731 69.484411 0.20147117 81.6914009795 81.4185036708 -2.38915737394 38.0175908744 -148.432081854 0
318 0.311372041702 116.42938 69.228806 0.13415298 91.331180094 99.4133999365 2.29820291864 39.2559466786 123.99092814 0
321 0.309015035629 114.80773 69.128985 0.0979988 129.175157037 116.649345832 0.301755444872 49.6448149681 11.6743957989 0
324 0.308445930481 113.35769 69.056433 0.067460522 96.2758202149 78.225527364 -1.00746251808 19.387175318 -61.5885534978 0
327 0.309779882431 111.81488 68.96352 0.032275621 109.561232442 81.6945261517 -1.87530959268 12.9289382762 -109.296581806 0
330 0.312162160873 110.29576 68.94659 -0.0039959963 101.287273628 75.9702207331 -1.63732913676 11.4229687642 -93.5830954869 0
333 0.319998979568 108.74459 69.016615 -0.039899491 90.40007798 76.1162150594 -1.72058822786 19.67042049 -96.296371297 0
336 0.321450948715 107.27384 69.125159 -0.081381225 95.7415444894 83.6859310407 -1.82278758905 18.5744427148 -99.7752350772 0
339 0.323991775513 105.77123 69.311189 -0.11875782 95.3511752959 92.7488375303 -0.431263457974 25.6495791128 -17.90525413 0
342 0.31321811676 104.23308 69.487176 -0.13593074 87.1499968927 72.1294209388 2.06768325169 17.2862137777 126.2577814 0
345 0.30998301506 102.67844 69.809947 -0.17996689 94.8717100765 87.2592665035 -2.49975095727 19.1160608712 -132.913836436 0
348 0.306614160538 101.19539 70.111952 -0.20894349 123.682990397 105.746160591 -0.74273308233 42.1365517518 -30.5838907885 0
351 0.305896997452 99.695937 70.47501 -0.24032587 93.318727291 75.7921518752 1.52388493574 8.30305976091 101.081833341 0
354 0.311388969421 98.200311 70.897104 -0.28344925 97.2454455403 82.7275344079 1.59207917977 11.8689027161 107.459863382 0
357 0.308647871017 96.614615 71.415819 -0.3144709 97.3863201562 91.404622498 -0.965981483819 20.003694512 -37.3288067609 0
360 0.311121940613 95.216051 71.909445 -0.34657274 90.5742951308 70.1207407848 0.688129945025 4.97447085821 59.2840969028 0
363 0.322648048401 93.790761 72.497598 -0.38120404 89.6816814633 71.1414628188 0.979323009789 4.32708184214 77.9524578663 0
366 0.309762001038 92.417114 73.016357 -0.35870282 95.5646679573 97.1867916195 -2.25026361051 24.3745154949 -108.378449989 0
369 0.311143875122 91.055309 73.519772 -0.33819517 92.0126762927 61.1785666323 2.47678943434 12.378283486 161.286737223 0
372 0.305449962616 89.614615 74.074076 -0.31837694 121.425284485 123.406214438 -1.27990319128 58.6990508949 -55.0913960895 0
375 0.3088991642 88.314109 74.556366 -0.29979055 104.865752217 99.8120870924 -2.16643727996 30.1961643441 -106.950979469 0
378 0.308108091354 86.88131 74.994533 -0.2764152 109.92729091 95.0746421943 0.145976523549 30.5667797018 24.2012630606 0
381 0.310566902161 85.443672 75.387112 -0.25727157 113.327791075 104.564675361 -1.64317358864 40.359067138 -79.4063364869 0
384 0.309401035309 84.055287 75.832526 -0.23267107 99.2304613888 93.9600694285 0.355968422964 23.6409337481 33.7265586016 0
387 0.310517072678 82.664555 76.128737 -0.22389476 69.0582738221 110.803375589 -1.23958701562 37.2486435826 -58.194879531 0
390 0.306678056717 81.173968 76.455415 -0.20673661 109.113755072 100.96962027 -2.03425121625 37.1695838238 -104.708873937 0
393 0.312968015671 79.819657 76.754609 -0.1833313 100.049320997 67.2660448469 0.815726111558 22.3443987418 57.2417731735 0
396 0.310579776764 78.325485 77.027059 -0.15611548 112.111425439 95.555714584 -2.9992814387 38.5331136704 -162.901409889 0
399 0.306843996048 76.892215 77.264525 -0.13798763 107.803307849 110.603308096 -0.983425112331 45.4639430695 -48.4399995797 0
402 0.307679891586 75.420868 77.548324 -0.12557438 107.633491089 109.813369989 -1.50876956444 45.5926121097 -79.2512463112 0
405 0.306224822998 73.926916 77.691819 -0.097717287 113.362712387 134.139073519 -1.16148734695 68.8583660813 -60.9495348077 0
408 0.306095838547 72.448195 77.857208 -0.08052134 72.7262773406 82.5246076918 0.318176899226 4.67567638653 22.8437264069 0
411 0.309252023697 71.010734 77.97039 -0.05919809 125.508024539 94.6218109213 -2.42694232083 56.9844232642 -135.661751393 0
414 0.308917045593 70.665666 77.98114 -0.052809071 112.226596092 64.0696332611 -1.29121047071 43.8273993048 -70.9551735462 0
417 0.310642957687 70.65903 77.973391 -0.052747867 69.6907765436 102.240322784 0.756647983533 24.2862408163 46.374966191 0
420 0.308477163315 70.662549 77.975477 -0.051931253 68.4512147595 107.500052982 0.278634902053 29.6072725196 18.9400455344 0
423 0.311008214951 70.657477 77.975804 -0.053730261 83.9658116945 75.7338857702 1.69783648301 13.4958500915 100.357381967 0
426 0.311460018158 70.657208 77.964864 -0.053397677 76.7450410429 138.439120079 -0.880676726027 60.7799091762 -47.3995979889 0
