3 0.555614948273 31.520043 41.394881 -0.0070850614 30.9123773819 72.8901750793 1.27498333893 31.5011556398 73.4571083857 0
6 0.564289093018 31.529937 41.402987 -0.0081764059 105.561667697 102.491567278 1.13491194754 95.9818305218 65.4941382628 0
9 0.571079015732 31.522543 41.401068 -0.0068718684 54.224531924 7.82749485081 -1.68945834745 40.5285715898 -96.4051039154 0
12 0.561952114105 31.528168 41.375423 -0.0049451513 95.6180741005 32.8845320844 -0.222297788851 64.6499133218 -12.4533887977 0
15 0.561210870743 31.523843 41.397689 -0.0081913964 70.5645041729 105.08538131 -1.57642612509 74.7013746636 -89.8532312395 0
18 0.561504125595 31.52518 41.394772 -0.0077822512 31.435234626 147.300371054 -2.39628057035 105.905637249 -136.850873061 0
21 0.556576967239 31.646202 41.400982 -0.0069641742 59.0971864013 51.8168769023 2.67858424265 29.360643917 153.870589964 0
24 0.564851045609 32.968315 41.348607 -0.0066445448 2.26884614013 22.8708861317 -0.786309900284 35.8313208906 -44.6715343018 0
27 0.561600923538 34.520488 41.363888 -0.010157874 33.6270287399 23.4896971813 -0.876779898415 17.8965071138 -49.6537844321 0
30 0.559267997742 35.981317 41.339656 -0.012968194 53.4816346764 63.8741141494 -1.44204845656 28.5317879366 -81.88026763 0
33 0.562501907349 37.47125 41.3168 -0.01805047 9.01598646559 100.128847892 -0.283980396523 65.334210029 -15.236662436 0
36 0.564543008804 39.051821 41.275587 -0.019803098 71.3068427567 17.3618541292 2.52025031293 40.1528709851 145.534340184 0
39 0.559194803238 40.609584 41.247017 -0.013659721 58.9224129602 61.4753392549 0.764589648621 27.2863468748 44.590404288 0
42 0.560667037964 42.081473 41.279186 -0.014178183 10.4758933853 131.071400417 -2.94024576359 95.1921973306 -167.651322938 0
45 0.560206890106 43.552295 41.213208 -0.0092852628 22.0781927851 130.381587601 -1.77022554243 91.7177026896 -100.894445998 0
48 0.557678937912 45.079977 41.189892 -0.010404952 104.243157727 73.1393634589 0.727672789164 67.2387587647 42.2887395213 0
51 0.55847287178 46.640834 41.096545 -0.012029947 68.5858236104 19.8707321438 -1.04931893851 30.5306026866 -59.4322813491 0
54 0.556651115417 48.21014 41.103056 -0.013219293 133.333009642 61.2419881201 2.33375048686 87.4727358843 134.471463031 0
57 0.560672998428 49.69993 40.993437 -0.019411138 102.486613983 64.0565446108 2.04773295469 57.605042649 118.438632156 0
60 0.557604074478 51.221815 41.026894 -0.026800957 121.319332972 68.5989391736 -0.497214990601 75.3251598136 -26.952738749 0
63 0.556385040283 52.707826 40.957156 -0.02058299 40.9015284705 84.3749423817 -2.66263786351 44.9943644876 -151.378593494 0
66 0.566540956497 54.31159 40.951842 -0.027308534 34.1306311841 88.4281905119 -2.5139921988 51.5875446862 -142.476478977 0
69 0.595883131027 55.778879 40.909196 -0.015002614 32.7105041675 96.6658137951 1.78320976507 60.3402879125 103.029979989 0
72 0.602089166641 57.331901 40.836464 -0.018380323 35.5313422923 95.8676275769 -2.71078159387 59.1920038907 -154.263229576 0
75 0.604851007462 58.848313 40.76075 -0.022921269 30.2907942358 91.8001261455 -2.99453829465 58.4854665305 -170.261113899 0
78 0.594449043274 60.388876 40.75568 -0.012358794 82.6864754959 134.022463497 -0.196409223392 95.8951294233 -10.5453128217 0
81 0.602581977844 61.86858 40.735896 -0.015077049 26.7473739487 93.8815779559 3.13568472499 63.7021398781 -179.474648099 0
84 0.617274045944 63.333062 40.668539 -0.013920495 27.7754523297 92.8461734023 -2.70907277164 63.1415009109 -154.420850596 0
87 0.60684299469 64.876385 40.58717 -0.032109511 83.9017550699 15.4693708614 -1.14926742079 31.5098165634 -64.0084332806 0
90 0.601722955704 66.44697 40.579857 -0.020157695 87.702551632 126.28132216 -0.840125895694 88.298023087 -46.9807172347 0
93 0.601669073105 67.930314 40.55804 -0.02084507 70.9487684052 33.2497289342 -2.90187940302 7.90711563283 -165.071107915 0
96 0.60396194458 69.414343 40.447992 -0.021831497 87.0384609095 128.648542167 -0.629279545547 89.9441303362 -34.8042094552 0
99 0.600919961929 70.999462 40.351868 -0.031419309 41.6450631151 107.933552414 -2.58175568683 73.6815092284 -146.123510788 0
102 0.599164962769 72.481812 40.325422 -0.028226015 92.8504846564 123.964172618 -0.48322163996 86.08323548 -26.0693290071 0
105 0.596440792084 74.028193 40.279112 -0.026102315 127.097352939 56.9591599789 -0.543577948946 55.6287671729 -29.649169826 0
108 0.599406003952 75.500101 40.224463 -0.026983514 98.5735109304 125.629351555 -0.510013967986 88.4668143138 -27.6756063897 0
111 0.598603963852 77.104162 40.159206 -0.035689283 69.7703831977 26.2190526586 -0.993885614636 15.7515772766 -54.9006057477 0
114 0.60183095932 78.584191 40.097894 -0.03659834 125.884991739 52.4192692207 -0.320053162424 48.8792597926 -16.2407650075 0
117 0.600453853607 80.1084 40.071744 -0.024096447 15.4088615524 78.111730798 -2.4633620903 75.0537865195 -139.759626472 0
120 0.602537870407 80.881063 40.047709 -0.06972902 68.8539029234 22.8143516475 -0.942710113454 21.015260768 -50.0181322496 0
123 0.603220939636 80.819811 40.085383 -0.20196514 136.747100842 74.6967937548 0.383153645742 65.7709016471 33.5248369368 0
126 0.606915950775 80.673305 40.189426 -0.34415967 79.90594318 86.3432897324 1.38046529816 46.1602424342 98.8137319184 0
129 0.606729984283 80.559381 40.228255 -0.49611957 80.5149903395 77.810948526 1.06060456187 37.5827197419 89.1937226222 0
132 0.607260942459 80.474435 40.358509 -0.64523249 59.7694517775 101.534276256 0.415507413095 64.5846021092 60.7759196085 0
135 0.608140945435 80.446897 40.445937 -0.81868337 102.212420646 84.3287789653 1.43398693161 48.9840978126 129.068500917 0
138 0.608534097672 80.377523 40.602704 -0.97166139 76.884104919 84.842414937 -0.512938944971 44.377426623 26.2828600681 0
141 0.601388931274 80.303277 40.677658 -1.1291983 87.9482481406 77.2959617068 2.03158591071 37.4078300641 -178.900404775 0
144 0.593477010727 80.24067 40.836497 -1.2914427 82.1400983795 75.8091337124 1.34800817916 35.0241794592 151.229395608 0
147 0.600433111191 80.334643 40.99259 -1.4510482 120.300825316 64.9859255876 -1.03595141849 46.6151893864 23.7832936702 0
150 0.601469039917 80.305505 41.173119 -1.6076845 55.6253792088 103.871712703 -1.08932848023 67.3811714159 29.6996122179 0
153 0.594799041748 80.260339 41.240273 -1.7630876 81.9335584426 75.6281809429 0.732535551225 34.4285909673 142.98867382 0
156 0.598937034607 80.351916 41.337649 -1.9138236 81.5078773906 78.9461770908 -0.29626321832 37.6262891061 92.6793829778 0
159 0.599807024002 80.458888 41.424429 -2.0695544 79.2731660378 74.1964422303 -0.226299937454 32.7934564774 105.610701273 0
162 0.60068488121 80.580246 41.530351 -2.2462491 31.9331878719 69.2276545434 -0.299997856687 55.9792540866 111.511982114 0
165 0.599929094315 80.700832 41.575869 -2.3973477 26.8115825025 67.9904726602 -0.291668875745 60.0148523112 120.64650964 0
168 0.596210002899 80.863789 41.557834 -2.56541 49.585239307 92.548817087 1.27322428728 59.8199634493 -140.062456245 0
171 0.597239017487 80.910142 41.637692 -2.7112414 54.2474557298 87.9740970722 1.37295863181 53.4599034245 -125.99257549 0
174 0.606369972229 81.000304 41.730578 -2.863125 33.3887768121 105.445424082 1.09843346576 79.5389158363 -133.019419618 0
177 0.598507881165 81.313486 41.614906 -3.0334876 92.9209454308 81.3820752217 -2.75990878993 41.4265719357 15.674911181 0
180 0.599082946777 81.419836 41.643078 3.1037871 36.7958729273 96.2860927887 1.14531107043 70.5489698402 -112.212410772 0
183 0.603364229202 81.472606 41.653948 2.9566422 91.7358855762 48.6916549684 -3.02686138122 12.4444456298 17.1704980949 0
186 0.604469060898 81.600227 41.551467 2.7956666 35.03328177 68.4971522763 -1.51597697577 53.8010254833 112.961020344 0
189 0.603179931641 81.705618 41.391179 2.6371497 92.5626902681 80.6851520513 -1.6644949111 40.7663137454 113.533918818 0
192 0.604819059372 81.817002 41.340993 2.4823985 35.5159638583 66.2790782578 -1.75682887978 52.5898681243 117.110162743 0
195 0.60001206398 81.903012 41.262396 2.332631 32.3013504577 64.7424920882 -1.61575492465 54.8784086875 133.774150629 0
198 0.607144832611 81.909487 41.089487 2.1583794 121.465375323 47.4440363603 2.60097182576 40.0630577792 25.3586780402 0
201 0.603205919266 81.924053 40.998223 1.9975831 56.5852905178 83.5110381768 -1.16793049201 49.4913359931 178.629431187 0
204 0.600484132767 81.960862 40.844259 1.8446809 57.5954484764 89.4944685665 -1.04207571551 54.4106264165 -165.39897055 0
207 0.591576814651 81.927588 40.703608 1.6857979 28.0832295112 66.2502789912 -2.16532888851 59.5973769541 139.346688648 0
210 0.606570005417 81.924928 40.686406 1.5459903 27.9029776595 64.8103986339 -2.35237976949 59.1636555597 136.639848038 0
213 0.602474927902 81.81851 40.588718 1.3660151 30.1917986144 66.136803954 -2.61496404884 57.6022744725 131.906696442 0
216 0.605530977249 81.824065 40.431016 1.2110526 104.206667839 46.1538605689 1.58958895514 23.1026375078 21.6885355418 0
219 0.603809118271 82.277545 41.390368 1.1504821 30.4443678362 67.4343581397 -2.81479376567 58.0083414458 132.806428292 0
222 0.597075939178 82.927041 42.739254 1.1137092 26.1541229706 67.9305966414 -2.66437010179 62.1109327385 143.532001342 0
225 0.603585958481 83.677797 44.09726 1.084748 88.1768605708 59.3287039125 2.14748150364 15.8820167698 60.8901445058 0
228 0.603497028351 84.372874 45.412874 1.0478677 26.2804063444 64.2427261572 -2.73503783439 61.0679795848 143.255478583 0
231 0.596253871918 85.159381 46.677356 1.0274995 108.213981343 94.3496848583 1.3244055922 52.954372206 17.0114659945 0
234 0.597859144211 85.928298 47.908079 0.99952116 22.5905209578 67.8838875756 -3.022959536 66.4131532822 129.528832946 0
237 0.595828056335 86.76373 49.194484 0.95689161 110.952228052 97.564563722 1.28960092985 54.0809398063 19.0628398323 0
240 0.598561048508 87.649962 50.387631 0.93226665 111.127582115 98.2268905961 1.28009489902 53.2897119991 19.9290906643 0
243 0.598015785217 88.570925 51.559268 0.90792052 40.3175319745 71.6359737144 -1.02869953197 52.2634102486 -110.960155498 0
246 0.599853038788 89.47196 52.652014 0.8832857 13.6049534504 62.5121232142 -2.72099429048 76.5050615091 153.489968362 0
249 0.599151849747 90.492516 53.754021 0.83763364 12.405365616 59.2522803069 -2.87794355372 78.2804823088 147.113108345 0
252 0.605333089828 91.498687 54.898001 0.81217592 16.2187165256 61.2592143953 -2.83974644034 75.5482560387 150.760261643 0
255 0.60137295723 92.568948 55.94073 0.78340538 13.5321033313 62.6518842255 -3.01309237872 79.3212607453 142.476701495 0
258 0.602568864822 93.547241 56.960456 0.75288469 15.7406732728 59.1594539973 -2.94314298471 77.8376359718 148.233213275 0
261 0.599807024002 94.620679 57.928363 0.72990952 14.0219718165 58.5587320194 -2.89020319126 80.6011722294 152.582820283 0
264 0.605615854263 95.770396 58.899507 0.6896339 9.90145279087 56.3054417868 -3.05497691844 85.9081170914 145.449604184 0
267 0.603950023651 96.962501 59.840194 0.66858365 11.1205910189 59.5403228831 -3.04188678021 85.8424337486 147.405704341 0
270 0.599198102951 98.232224 60.772339 0.64204005 111.258601065 105.642624786 1.35310229709 46.722896378 40.7408657293 0
273 0.597770929337 99.416545 61.686454 0.60185601 118.796735102 102.767136423 0.677426239529 45.422618118 4.32985520887 0
276 0.602504014969 100.66015 62.48684 0.57932353 112.331958545 109.170196015 1.19992258024 48.1203371089 35.5577063486 0
279 0.59928393364 101.84252 63.245661 0.55317695 113.35490975 111.517266993 1.29647090353 49.6254275835 42.5876064748 0
282 0.595058917999 103.2489 64.041483 0.52149049 105.227950906 115.253096292 0.962941262198 51.2498388142 25.2932661097 0
285 0.595716953278 104.5021 64.838724 0.48902664 110.731318806 113.911273705 0.497962728977 49.4663350315 0.512000183763 0
288 0.595405101776 105.89753 65.50297 0.45749312 114.451618868 115.911606518 0.736343149455 51.1292780314 15.9769298049 0
291 0.594479084015 107.23441 66.106065 0.425495 8.24319888855 58.7488712155 -3.08532098998 99.2642341314 158.845061127 0
294 0.593939065933 108.62185 66.694881 0.38650919 125.670934695 110.561086297 0.0254151186401 47.062886185 -20.6891662961 0
297 0.599602937698 110.08086 67.251857 0.35533208 123.383237238 109.4888625 0.585677619956 44.2822523569 13.1978272692 0
300 0.602369070053 111.50781 67.766864 0.33459052 125.975287343 109.228781103 0.140045572493 43.9135340242 -11.1466044178 0
303 0.602776050568 112.87691 68.182524 0.30685182 130.225439494 104.293064455 0.204365828045 40.0617349541 -5.87201479826 0
306 0.598466157913 114.36462 68.651393 0.28808498 115.324003433 66.8131588965 0.338040921633 2.07352868106 2.86226461718 0
309 0.601425170898 115.83449 69.001579 0.25083859 137.698185395 111.478298883 0.213014427314 47.7733493524 -2.16716488551 0
312 0.600360155106 117.19736 69.329841 0.23044123 99.3836629394 128.331900742 1.5985418046 61.6325470572 78.3863888742 0
315 0.598271131516 117.78731 69.484411 0.20147117 138.78662249 105.440901144 -0.0773252961003 41.6394081193 -15.9738608507 0
318 0.594752073288 116.42938 69.228806 0.13415298 59.2021595973 116.000214463 1.39780580157 73.9088587694 72.4019734457 0
321 0.607559919357 114.80773 69.128985 0.0979988 121.603584314 119.970674761 0.00802333402891 51.2938695523 -5.15521445987 0
324 0.607165813446 113.35769 69.056433 0.067460522 115.993415853 119.152008568 -0.307179681348 50.1648656162 -21.4653024877 0
327 0.601360082626 111.81488 68.96352 0.032275621 132.874541692 106.352795419 -0.397163748856 42.9123206893 -24.6050634495 0
330 0.605786085129 110.29576 68.94659 -0.0039959963 132.668693246 108.502302733 -0.113678332172 45.4444996873 -6.28433493261 0
333 0.6011531353 108.74459 69.016615 -0.039899491 91.4227100548 123.993787657 1.22887655388 57.6414524292 72.6955125191 0
336 0.598737001419 107.27384 69.125159 -0.081381225 92.2724608974 125.868014722 0.94716335469 58.6923593878 58.9312634573 0
339 0.595085859299 105.77123 69.311189 -0.11875782 92.8753967797 118.001827827 1.21985302438 50.3694433548 76.6967517936 0
342 0.590209007263 104.23308 69.487176 -0.13593074 99.8058807995 118.138808513 1.07656323497 48.8526502752 69.4707874508 0
345 0.599869966507 102.67844 69.809947 -0.17996689 55.053447879 94.9330786729 1.02916977088 53.8452562402 69.2784275232 0
348 0.601603984833 101.19539 70.111952 -0.20894349 92.3670244533 113.861356301 1.15200146848 44.6312717149 77.9764022705 0
351 0.601086854935 99.695937 70.47501 -0.24032587 61.3822297512 94.2842967215 1.09041343549 45.1090046148 76.2457458367 0
354 0.59418797493 98.200311 70.897104 -0.28344925 92.5072296366 109.168824579 0.958680946961 38.692838762 71.1688178916 0
357 0.594289064407 96.614615 71.415819 -0.3144709 90.4498955609 106.443264454 1.28806887014 35.5657939707 91.8187653308 0
360 0.602648973465 95.216051 71.909445 -0.34657274 91.7374006225 66.8204032111 0.92796539793 6.16436166828 73.0256561318 0
363 0.602909088135 93.790761 72.497598 -0.38120404 120.712868965 113.942798548 -0.56329339929 49.4217011622 -10.4329517816 0
366 0.601870059967 92.417114 73.016357 -0.35870282 83.6747577883 98.4206613172 0.886354137263 26.8664748334 71.3365089046 0
369 0.60213804245 91.055309 73.519772 -0.33819517 115.290014659 113.196947278 -0.538727212921 46.4930015856 -11.4896397165 0
372 0.602468013763 89.614615 74.074076 -0.31837694 91.5295738537 54.730700232 1.15080116388 19.4379333653 84.1777047053 0
375 0.597066879272 88.314109 74.556366 -0.29979055 115.838180378 120.224457161 -0.519867570859 53.3211876789 -12.609484463 0
378 0.60037612915 86.88131 74.994533 -0.2764152 116.277114834 124.584013699 -0.458016955891 57.6474625443 -10.4050141647 0
381 0.598686933517 85.443672 75.387112 -0.25727157 112.904059779 124.214421859 -0.533248836341 56.0194527375 -15.8123326029 0
384 0.59935593605 84.055287 75.832526 -0.23267107 98.739874429 126.215990554 -0.504295976068 52.4798114369 -15.5629607283 0
387 0.603451967239 82.664555 76.128737 -0.22389476 70.8500725195 111.54065467 -0.839778129078 37.3307635788 -35.2875177205 0
390 0.59401679039 81.173968 76.455415 -0.20673661 79.8526168206 100.181867877 0.715747035175 23.7632181125 52.8544195384 0
393 0.607896089554 79.819657 76.754609 -0.1833313 108.729591867 128.750517544 -0.584288324479 59.4925107834 -22.9731452688 0
396 0.601478099823 78.325485 77.027059 -0.15611548 85.5507197112 84.064724586 0.598424158091 10.086265589 43.2319367379 0
399 0.603492975235 76.892215 77.264525 -0.13798763 76.0564543006 118.827798264 -1.78321744336 41.5716752175 -94.2647246344 0
402 0.601109027863 75.420868 77.548324 -0.12557438 125.757065153 84.5090867051 -2.08780884187 50.8152040362 -112.42775308 0
405 0.607203006744 73.926916 77.691819 -0.097717287 74.4639419196 63.7798535822 0.542472728029 13.922326624 36.6801859476 0
408 0.604465961456 72.448195 77.857208 -0.08052134 73.5800987571 72.4351699386 0.513414295095 5.53892614634 34.0300051934 0
411 0.607323884964 71.010734 77.97039 -0.05919809 78.8454199385 87.6032196685 1.21368089789 12.4166706961 72.9305938368 0
414 0.599764823914 70.665666 77.98114 -0.052809071 81.393823649 74.181327168 1.87526164215 11.3812101334 110.470314466 0
417 0.605531930923 70.65903 77.973391 -0.052747867 84.7479259587 74.07119986 1.76597699321 14.619305217 104.205258586 0
420 0.610400915146 70.662549 77.975477 -0.051931253 87.8173346036 77.3438031632 1.78620090433 17.1664114171 105.317214802 0
423 0.607007980347 70.657477 77.975804 -0.053730261 68.7522567147 98.0713933334 1.07062346962 20.1857022418 64.4207234443 0
426 0.603353023529 70.657208 77.964864 -0.053397677 66.1866883984 98.3126209248 1.14350246372 20.8330688421 68.5773265621 0
