0.332834005356 2.5 22.5 1.1344640138 0.00180550514167
0.34122800827 23.5 16.5 0.959931088597 0.00253607398439
0.336660146713 22.5 17.5 0.785398163397 0.00295256693337
0.32101893425 22.5 17.5 0.785398163397 0.00330527563151
0.329087972641 22.5 17.5 0.785398163397 0.00368336126114
0.326003074646 22.5 17.5 0.785398163397 0.00408491843176
0.357531070709 22.5 17.5 0.785398163397 0.00439872703698
0.323660135269 22.5 18.5 0.610865238198 0.00453071018724
0.331982135773 23.5 18.5 0.785398163397 0.00481826100028
0.318357944489 30.5 4.5 2.53072741539 0.00731460529078
0.323217153549 38.5 22.5 5.49778714378 0.0126974200339
0.314404964447 39.5 21.5 5.49778714378 0.0118557592871
0.317688941956 39.5 21.5 5.49778714378 0.0134248330766
0.314922094345 39.5 21.5 5.49778714378 0.0150697639479
0.315469026566 40.5 22.5 5.32325421858 0.0177028743346
0.320274114609 40.5 22.5 5.32325421858 0.0198563719639
0.317281961441 40.5 22.5 5.32325421858 0.0215092555567
0.318005084991 45.5 24.5 0.959931088597 0.033656947485
0.315018892288 44.5 24.5 0.959931088597 0.035988472031
0.317195892334 44.5 24.5 0.959931088597 0.0378700665546
0.313896894455 43.5 23.5 6.19591884458 0.0340792001699
0.31632900238 41.5 16.5 4.45058959259 0.0351034533495
0.314540863037 50.5 30.5 0.785398163397 0.0955435910344
0.317615032196 19.5 22.5 6.02138591938 0.0795883654979
0.316162109375 20.5 22.5 6.02138591938 0.101051558177
0.320217132568 13.5 19.5 5.32325421858 0.138006285546
0.319747924805 14.5 19.5 5.14872129338 0.0823316280507
0.318156957626 23.5 21.5 6.19591884458 0.208897032929
0.319986820221 24.5 22.5 6.19591884458 0.204311694891
0.325653791428 25.5 20.5 0.261799387799 0.143433430297
0.315555095673 24.5 22.5 0.0872664625997 0.175026813915
0.316879987717 27.5 22.5 0.436332312999 0.201764001311
0.317957162857 27.5 22.5 0.610865238198 0.200557556064
0.3189868927 28.5 23.5 0.610865238198 0.231499944346
0.318074941635 30.5 21.5 0.610865238198 0.355052656491
0.321712970734 31.5 22.5 0.785398163397 0.364101695501
0.322813987732 31.5 23.5 0.785398163397 0.283738423414
0.323349952698 30.5 25.5 1.308996939 0.225240323419
0.353250980377 30.5 26.5 1.308996939 0.187600494111
0.324069976807 32.5 28.5 1.1344640138 0.173757503749
0.327387094498 34.5 27.5 0.785398163397 0.227766843024
0.324182987213 34.5 30.5 0.785398163397 0.243581505553
0.316689014435 35.5 29.5 0.610865238198 0.268914168023
0.327715873718 36.5 30.5 0.436332312999 0.266654624541
0.326544046402 37.5 30.5 0.436332312999 0.292386779423
0.32946395874 38.5 31.5 0.261799387799 0.301363049668
0.326781988144 38.5 32.5 0.261799387799 0.341202284553
0.320820093155 39.5 33.5 0.0872664625997 0.332786738251
0.315917015076 40.5 33.5 0.0872664625997 0.345595149836
0.318880081177 40.5 34.5 6.19591884458 0.317878863595
0.314215898514 41.5 34.5 6.02138591938 0.284978200318
0.319509029388 42.5 33.5 6.02138591938 0.318615713
0.314399003983 45.5 32.5 6.02138591938 0.31806163907
0.31932091713 45.5 32.5 5.84685299418 0.344131330792
0.320128917694 46.5 31.5 5.67232006898 0.34057848209
0.318928956985 47.5 30.5 5.67232006898 0.319159290655
0.313493967056 47.5 30.5 5.67232006898 0.283404314142
0.327185869217 48.5 28.5 5.49778714378 0.289751669354
0.323011159897 49.5 28.5 5.49778714378 0.227304338692
0.315845012665 48.5 28.5 5.32325421858 0.21993467155
0.317306995392 49.5 27.5 5.14872129338 0.202414228693
0.316950082779 49.5 25.5 5.14872129338 0.187128229654
0.314535856247 50.5 25.5 4.97418836818 0.157282821324
0.319112062454 50.5 24.5 4.97418836818 0.127168911152
0.317581176758 49.5 19.5 4.79965544298 0.231046341714
0.321729183197 49.5 18.5 4.79965544298 0.248659045994
0.315897941589 49.5 17.5 4.79965544298 0.251637093196
0.316467046738 49.5 15.5 4.79965544298 0.222316546885
0.318202972412 50.5 14.5 4.62512251778 0.217370706929
0.324476003647 50.5 14.5 4.62512251778 0.215227937761
0.325516939163 50.5 14.5 4.62512251778 0.165872339596
0.333220005035 49.5 15.5 4.27605666739 0.120323523965
0.325855970383 49.5 13.5 4.27605666739 0.138740333256
0.317916870117 48.5 12.5 4.10152374219 0.188340368227
0.326328992844 47.5 11.5 4.10152374219 0.242030931909
0.334680080414 45.5 11.5 3.92699081699 0.195388767221
0.334088802338 44.5 11.5 3.75245789179 0.186992654349
0.325461864471 45.5 9.5 3.40339204139 0.118891722428
0.324484825134 43.5 10.5 3.40339204139 0.161259805074
0.34272813797 42.5 10.5 3.22885911619 0.161552467534
0.325937986374 40.5 10.5 3.22885911619 0.156146539111
0.326027870178 40.5 9.5 3.05432619099 0.121927613998
0.320594072342 29.5 8.5 2.87979326579 0.230122362289
0.322381019592 28.5 9.5 2.70526034059 0.330150671792
0.327085018158 27.5 11.5 2.53072741539 0.377761637289
0.322538852692 26.5 12.5 2.35619449019 0.297213263928
0.323109865189 23.5 12.5 2.53072741539 0.398828788002
0.319183826447 23.5 10.5 2.35619449019 0.314693682465
0.319361925125 33.5 13.5 2.35619449019 0.233674345425
0.314838171005 33.5 14.5 2.35619449019 0.263800665228
0.314226150513 32.5 15.5 2.18166156499 0.31124849029
0.317712068558 31.5 15.5 2.00712863979 0.300463324906
0.320387125015 31.5 17.5 2.00712863979 0.311970613915
0.314847946167 30.5 18.5 2.00712863979 0.300065358171
0.336395025253 30.5 18.5 2.00712863979 0.259637428738
0.316903829575 29.5 19.5 2.00712863979 0.280015587935
0.317058086395 28.5 20.5 2.00712863979 0.258281695612
0.313858032227 28.5 22.5 2.00712863979 0.251752150193
0.3156208992 27.5 22.5 2.00712863979 0.22209744648
0.31507396698 27.5 23.5 2.00712863979 0.217432947195
0.320055007935 26.5 24.5 2.00712863979 0.199099757133
0.31737780571 26.5 26.5 2.00712863979 0.209191569129
0.31418800354 25.5 27.5 2.18166156499 0.22463318425
0.318413972855 25.5 27.5 2.18166156499 0.262485696794
0.31830906868 24.5 28.5 2.35619449019 0.256294938261
0.319756031036 23.5 29.5 2.35619449019 0.268697755541
0.315031051636 22.5 29.5 2.53072741539 0.284252926375
0.316159009933 22.5 30.5 2.53072741539 0.289712718112
0.314138174057 21.5 30.5 2.53072741539 0.327340165198
0.318212032318 20.5 30.5 2.70526034059 0.352262059548
0.314945220947 20.5 31.5 2.70526034059 0.459964722385
0.317767858505 19.5 31.5 2.87979326579 0.567366928076
0.315773010254 18.5 31.5 3.05432619099 0.597910851957
0.314718961716 16.5 31.5 3.22885911619 0.595834463744
0.312932014465 13.5 32.5 3.22885911619 0.741626194199
0.319510936737 12.5 32.5 3.40339204139 0.730186536213
0.32629108429 11.5 32.5 3.57792496659 0.688800151894
0.318727016449 10.5 31.5 3.75245789179 0.673663431557
0.32176399231 10.5 30.5 3.75245789179 0.626387968912
0.327517032623 9.5 29.5 3.92699081699 0.624506237424
0.315963029861 9.5 29.5 4.10152374219 0.570931958476
0.317073106766 8.5 28.5 4.27605666739 0.462631509944
0.331451892853 8.5 28.5 4.45058959259 0.448634180478
0.326159954071 8.5 27.5 4.45058959259 0.601180757455
0.323488950729 8.5 25.5 4.45058959259 0.611629954088
0.331187009811 7.5 24.5 4.62512251778 0.670335822905
0.331890106201 7.5 23.5 4.62512251778 0.698006148172
0.326164007187 7.5 21.5 4.79965544298 0.630411275319
0.32509303093 8.5 20.5 4.79965544298 0.649779669508
0.3200070858 8.5 19.5 4.79965544298 0.720430818355
0.320595026016 8.5 18.5 4.79965544298 0.790507775123
0.328526973724 8.5 17.5 4.97418836818 0.692476547805
0.326016902924 8.5 15.5 4.97418836818 0.715149831039
0.317041873932 9.5 15.5 4.97418836818 0.723858273711
0.316709041595 9.5 15.5 5.14872129338 0.625528097472
0.315049171448 10.5 13.5 5.14872129338 0.650535920499
0.318340063095 10.5 13.5 5.32325421858 0.566793469683
0.317461967468 11.5 11.5 5.32325421858 0.583534160547
0.318722963333 11.5 11.5 5.32325421858 0.579054637975
0.321094036102 12.5 9.5 5.32325421858 0.516606467208
0.316338062286 13.5 9.5 5.67232006898 0.477905045119
0.314189910889 14.5 8.5 5.67232006898 0.474917764732
0.313989162445 15.5 7.5 5.84685299418 0.406463926159
0.315207958221 16.5 7.5 6.02138591938 0.4008843643
0.314728021622 17.5 7.5 6.19591884458 0.430566354611
0.314952850342 18.5 7.5 0.0872664625997 0.485787954256
0.313780069351 19.5 7.5 0.261799387799 0.518608717028
0.316365003586 20.5 8.5 0.436332312999 0.537469285258
0.316841840744 21.5 8.5 0.436332312999 0.543417564351
0.318627119064 22.5 9.5 0.610865238198 0.539635373987
0.331146001816 22.5 10.5 0.959931088597 0.410661144311
0.316805124283 21.5 9.5 0.959931088597 0.441940421932
0.313344955444 24.5 12.5 0.959931088597 0.431444136217
0.323588132858 24.5 13.5 0.959931088597 0.475030746396
0.323621034622 25.5 14.5 0.959931088597 0.538018093313
0.33443903923 26.5 14.5 1.1344640138 0.525662414221
0.327879905701 26.5 15.5 0.959931088597 0.579166966496
0.32931303978 27.5 16.5 1.1344640138 0.432744734825
0.325547933578 28.5 17.5 0.959931088597 0.537116038409
0.328059911728 28.5 18.5 0.785398163397 0.558843771001
0.331683158875 29.5 19.5 0.610865238198 0.58652288122
0.326423883438 30.5 20.5 0.436332312999 0.515824785541
0.32542181015 31.5 20.5 0.261799387799 0.508678026018
0.32875585556 33.5 20.5 0.261799387799 0.462511216884
0.329674959183 34.5 19.5 6.19591884458 0.509178400872
0.330090999603 35.5 20.5 6.19591884458 0.468381138885
0.326605081558 36.5 19.5 6.19591884458 0.492302968583
0.326705932617 37.5 18.5 6.02138591938 0.42791280284
0.325635910034 38.5 20.5 6.19591884458 0.444386791967
0.32563495636 39.5 18.5 6.19591884458 0.394775578381
0.322947978973 40.5 19.5 0.0872664625997 0.378411005603
0.32341003418 41.5 19.5 0.0872664625997 0.511084116379
0.324408054352 42.5 19.5 0.0872664625997 0.469340008164
0.32555103302 43.5 19.5 0.0872664625997 0.422431030433
0.328676939011 44.5 20.5 0.0872664625997 0.393606361709
0.324292898178 44.5 20.5 0.0872664625997 0.367744562554
0.326220989227 44.5 20.5 0.0872664625997 0.345346786203
0.32599401474 44.5 20.5 0.0872664625997 0.325110266967
0.326378107071 46.5 21.5 0.0872664625997 0.26697521187
0.328896045685 46.5 21.5 0.0872664625997 0.253374208855
0.345074892044 45.5 21.5 0.0872664625997 0.271793894338
0.330127954483 45.5 21.5 0.0872664625997 0.259572535658
0.373651981354 45.5 21.5 0.0872664625997 0.248404529539
0.353521108627 44.5 22.5 0.261799387799 0.279364636988
0.317620038986 44.5 22.5 0.261799387799 0.277690248099
