0.323440074921 32.5 35.5 5.32325421858 0.00309968802836
0.336849927902 38.5 29.5 2.53072741539 0.00432434968877
0.32466506958 38.5 29.5 2.53072741539 0.00525418359057
0.326898097992 38.5 29.5 2.53072741539 0.00636415581836
0.329594135284 38.5 29.5 2.53072741539 0.00763736476059
0.379593133926 36.5 27.5 2.18166156499 0.0107393575641
0.32547211647 36.5 27.5 2.18166156499 0.0129435268001
0.335244894028 46.5 11.5 6.02138591938 0.0117753866078
0.328091859818 46.5 11.5 6.02138591938 0.0128833830817
0.334560871124 35.5 27.5 2.00712863979 0.0194442207791
0.326560020447 35.5 28.5 2.00712863979 0.0220231870365
0.326816082001 47.5 7.5 0.436332312999 0.0186257162451
0.3235039711 35.5 28.5 2.18166156499 0.037950153118
0.326541900635 10.5 13.5 3.22885911619 0.0426505298729
0.330090999603 10.5 13.5 3.22885911619 0.0482088108133
0.329576015472 34.5 31.5 2.00712863979 0.121257074249
0.329073190689 33.5 33.5 2.00712863979 0.115751552402
0.31894493103 33.5 34.5 2.00712863979 0.158589600007
0.315188884735 33.5 33.5 2.00712863979 0.136514416178
0.321432113647 15.5 19.5 0.0872664625997 0.134189250878
0.31711101532 16.5 19.5 0.0872664625997 0.189090988932
0.327991962433 17.5 19.5 0.0872664625997 0.239905075961
0.329404115677 18.5 19.5 0.0872664625997 0.269774616644
0.331802845001 19.5 19.5 0.0872664625997 0.299621642094
0.322705030441 20.5 20.5 6.19591884458 0.309188618681
0.33661198616 22.5 20.5 0.0872664625997 0.35968561447
0.333379983902 23.5 20.5 0.0872664625997 0.62592822919
0.323491096497 24.5 19.5 0.261799387799 0.579914868521
0.326411008835 25.5 19.5 0.261799387799 0.655297218023
0.324291229248 26.5 20.5 0.261799387799 0.698501283256
0.325248003006 27.5 20.5 0.436332312999 0.651121288271
0.327972888947 28.5 22.5 0.436332312999 0.625439803181
0.334894895554 29.5 22.5 0.610865238198 0.761681716077
0.330517053604 30.5 23.5 0.785398163397 0.719593399235
0.326686143875 30.5 23.5 0.959931088597 0.67645173278
0.327909946442 31.5 24.5 1.1344640138 0.779380633885
0.329027891159 31.5 26.5 1.1344640138 0.862156634705
0.329716920853 32.5 27.5 1.1344640138 0.851545144321
0.34574007988 32.5 28.5 1.1344640138 0.859702348267
0.323158979416 32.5 28.5 1.1344640138 0.82821767133
0.323224067688 33.5 29.5 0.959931088597 0.807150448845
0.334295034409 34.5 30.5 0.959931088597 0.7965396711
0.320987939835 34.5 31.5 0.785398163397 0.759716489635
0.327019929886 35.5 31.5 0.785398163397 0.725383247774
0.339789152145 36.5 32.5 0.610865238198 0.703896614526
0.333601951599 37.5 33.5 0.610865238198 0.65162073691
0.329346895218 38.5 33.5 0.436332312999 0.632933679039
0.324229955673 39.5 33.5 0.261799387799 0.596690174782
0.318027973175 40.5 33.5 0.0872664625997 0.573177678104
0.316737174988 41.5 33.5 6.19591884458 0.546835443201
0.320554971695 42.5 33.5 6.19591884458 0.518150509221
0.321435928345 43.5 33.5 6.02138591938 0.522412072341
0.320416927338 44.5 32.5 5.84685299418 0.500028530572
0.327348947525 45.5 32.5 5.84685299418 0.508738378231
0.326241016388 46.5 31.5 5.67232006898 0.439814214665
0.327075004578 47.5 31.5 5.67232006898 0.459136915115
0.323334932327 48.5 31.5 5.67232006898 0.488527902014
0.327487945557 48.5 31.5 5.49778714378 0.511111790837
0.332909107208 49.5 30.5 5.49778714378 0.483533348662
0.320072889328 51.5 29.5 5.49778714378 0.653405487695
0.318111896515 51.5 28.5 5.32325421858 0.790300226582
0.330597162247 52.5 27.5 5.14872129338 0.710008546015
0.342594146729 52.5 25.5 5.14872129338 0.645001729967
0.317213058472 50.5 25.5 4.97418836818 0.742470805623
0.327065229416 50.5 24.5 4.79965544298 0.747010136592
0.334078073502 50.5 23.5 4.79965544298 0.758048159867
0.328583955765 50.5 22.5 4.79965544298 0.751556981793
0.326272964478 50.5 21.5 4.79965544298 0.772168035365
0.323642015457 50.5 19.5 4.79965544298 0.682619692137
0.323762893677 50.5 18.5 4.79965544298 0.569125884907
0.335746049881 51.5 17.5 4.27605666739 0.558735364947
0.332847833633 51.5 16.5 4.27605666739 0.657832051899
0.329174041748 50.5 15.5 4.10152374219 0.713246792078
0.329343080521 49.5 14.5 4.10152374219 0.685061031955
0.315973043442 48.5 13.5 3.92699081699 0.790661343628
0.324528932571 47.5 13.5 3.92699081699 0.780829553722
0.327939033508 46.5 12.5 3.92699081699 0.729156878631
0.316437959671 45.5 11.5 3.75245789179 0.883318974425
0.324968099594 44.5 11.5 3.57792496659 0.851701175882
0.325104951859 43.5 10.5 3.40339204139 0.898863900512
0.329777002335 43.5 10.5 3.22885911619 0.724570243866
0.323028087616 42.5 10.5 3.05432619099 0.842916431278
0.315190792084 41.5 10.5 3.05432619099 0.825994130588
0.31897187233 40.5 10.5 2.87979326579 0.820734284075
0.316750049591 39.5 10.5 2.70526034059 0.745417544467
0.326215028763 38.5 11.5 2.70526034059 0.847476025913
0.325907945633 37.5 11.5 2.53072741539 0.781598088778
0.325608968735 36.5 12.5 2.53072741539 0.758897859485
0.328778982162 34.5 13.5 2.35619449019 0.703333857961
0.326459884644 34.5 14.5 2.53072741539 0.700268630098
0.326249837875 33.5 14.5 2.35619449019 0.807372103917
0.322948932648 32.5 15.5 2.18166156499 0.791398801834
0.331629991531 31.5 16.5 2.18166156499 0.771559337171
0.330291032791 31.5 17.5 2.18166156499 0.767013869195
0.340133190155 30.5 18.5 2.18166156499 0.768232189254
0.322458028793 30.5 20.5 2.00712863979 0.59347112889
0.317373991013 29.5 20.5 2.00712863979 0.729095834596
0.315732955933 29.5 21.5 2.18166156499 0.787349157835
0.316783189774 28.5 22.5 2.00712863979 0.825662755736
0.314654111862 28.5 23.5 2.18166156499 0.83309612398
0.319761037827 27.5 24.5 2.00712863979 0.902218049648
0.315107822418 27.5 25.5 2.00712863979 0.872788377539
0.32456111908 26.5 26.5 2.00712863979 0.843247040318
0.31835103035 26.5 27.5 2.00712863979 0.862218107148
0.330092191696 25.5 28.5 2.18166156499 0.825781445567
0.336453914642 24.5 29.5 2.35619449019 0.76438762422
0.322980880737 24.5 29.5 2.35619449019 0.715800088695
0.318793058395 23.5 30.5 2.53072741539 0.661189351944
0.326163053513 22.5 30.5 2.53072741539 0.622000891911
0.320406913757 21.5 31.5 2.70526034059 0.587650380696
0.315203905106 20.5 31.5 2.87979326579 0.544750398332
0.321357011795 20.5 31.5 2.87979326579 0.533309864086
0.31989979744 19.5 31.5 3.05432619099 0.529281523882
0.325511932373 18.5 31.5 3.22885911619 0.505938524871
0.318593978882 17.5 31.5 3.40339204139 0.457826139319
0.32605099678 16.5 31.5 3.40339204139 0.486157751217
0.319642066956 16.5 31.5 3.57792496659 0.435386397421
0.316667079926 16.5 31.5 3.75245789179 0.344878285465
0.318490982056 14.5 32.5 3.75245789179 0.433654935967
0.316395998001 15.5 32.5 3.92699081699 0.330463999417
0.31575012207 13.5 32.5 4.27605666739 0.354043532755
0.316171884537 14.5 30.5 4.27605666739 0.549879494508
0.320096969604 14.5 30.5 4.45058959259 0.527325797841
0.322951078415 13.5 30.5 4.79965544298 0.334284851269
0.329864025116 14.5 27.5 4.62512251778 0.4158421872
0.326373100281 14.5 26.5 4.62512251778 0.38906589164
0.322784900665 14.5 26.5 4.62512251778 0.304698907433
0.333276033401 12.5 25.5 4.62512251778 0.497797374047
0.3301820755 9.5 22.5 4.62512251778 0.62718744066
0.330482006073 12.5 23.5 4.62512251778 0.630146228765
0.324505090714 10.5 20.5 4.62512251778 0.740593381348
0.329261064529 11.5 20.5 4.62512251778 0.706104682165
0.328483104706 10.5 18.5 4.62512251778 0.595008775229
0.326115846634 10.5 17.5 4.79965544298 0.592891640407
0.327664136887 11.5 19.5 5.14872129338 0.405920755022
0.326866149902 12.5 18.5 5.14872129338 0.515945707036
0.323020219803 12.5 18.5 4.97418836818 0.254035384087
0.325632810593 13.5 17.5 5.67232006898 0.347857010466
0.328060865402 14.5 16.5 5.67232006898 0.30860433398
0.33531498909 12.5 11.5 5.32325421858 0.480957517633
0.325800180435 13.5 10.5 5.49778714378 0.611690401477
0.328990936279 14.5 9.5 5.67232006898 0.607583421187
0.328230857849 15.5 8.5 5.84685299418 0.779568268184
0.325564861298 16.5 8.5 6.02138591938 0.795763300476
0.330307006836 17.5 8.5 6.19591884458 0.68507885736
0.330617904663 18.5 9.5 6.19591884458 0.729114831422
0.326733112335 19.5 7.5 0.261799387799 0.673735517036
0.326920032501 20.5 8.5 0.436332312999 0.629394271886
0.326586008072 21.5 9.5 0.436332312999 0.731412137467
0.346164941788 21.5 10.5 0.610865238198 0.747283426001
0.341133117676 22.5 11.5 0.610865238198 0.6115583856
0.322498083115 23.5 12.5 0.785398163397 0.707517397626
0.326267957687 24.5 12.5 0.959931088597 0.734567925166
0.326816082001 24.5 12.5 0.959931088597 0.707939676294
0.329051017761 26.5 16.5 0.959931088597 0.730048288243
0.327549934387 26.5 17.5 0.959931088597 0.772235554918
0.334456205368 27.5 17.5 0.959931088597 0.749049708823
0.324774980545 28.5 18.5 0.959931088597 0.68406758177
0.326411962509 29.5 19.5 0.785398163397 0.699835353963
0.330849885941 29.5 20.5 0.610865238198 0.662711720872
0.327870130539 30.5 20.5 0.436332312999 0.742149060922
0.327100992203 31.5 20.5 0.261799387799 0.821465705142
0.331376075745 32.5 21.5 0.261799387799 0.799857625253
0.323198080063 33.5 21.5 0.0872664625997 0.736131528655
0.332372903824 34.5 20.5 0.0872664625997 0.837118718185
0.325845956802 35.5 20.5 0.0872664625997 0.832105204362
0.328602075577 36.5 20.5 0.0872664625997 0.821155808271
0.32551407814 37.5 21.5 0.0872664625997 0.809807986194
0.315909862518 39.5 20.5 0.0872664625997 0.751825266014
0.318923950195 40.5 20.5 0.0872664625997 0.755520120154
0.317240953445 41.5 21.5 6.19591884458 0.890020449812
0.32568693161 42.5 20.5 6.19591884458 0.894630092933
0.327435970306 43.5 20.5 0.0872664625997 0.750437520558
0.327366113663 44.5 20.5 0.0872664625997 0.823616117843
0.325023889542 44.5 20.5 0.0872664625997 0.847752805008
0.327434062958 44.5 20.5 0.0872664625997 0.849721819798
0.326812982559 44.5 20.5 0.0872664625997 0.840215440155
0.329694032669 44.5 20.5 0.0872664625997 0.8261189664
0.328318119049 44.5 20.5 0.0872664625997 0.810004356064
0.32576918602 44.5 20.5 0.0872664625997 0.793211115882
0.375533103943 46.5 20.5 0.261799387799 0.721735920113
0.321474790573 46.5 20.5 0.261799387799 0.722161775908
