0.347466945648 5.5 10.5 4.62512251778 0.00269685449659
0.323356866837 27.5 16.5 2.18166156499 0.00398734469828
0.337762832642 27.5 16.5 2.18166156499 0.00435869619795
0.331351041794 27.5 16.5 2.18166156499 0.00467099068863
0.323496103287 27.5 16.5 2.18166156499 0.00494723618323
0.328958034515 27.5 17.5 2.35619449019 0.00504586541965
0.325742006302 27.5 17.5 2.35619449019 0.00526578699695
0.364141941071 27.5 17.5 2.35619449019 0.00552516642004
0.33065700531 27.5 17.5 2.35619449019 0.00587430379223
0.324516057968 27.5 17.5 2.35619449019 0.0063134969421
0.32731795311 27.5 17.5 2.35619449019 0.00678635121989
0.325021982193 27.5 18.5 2.53072741539 0.00729296232119
0.32222700119 27.5 19.5 2.70526034059 0.00803547939408
0.325580835342 26.5 19.5 2.70526034059 0.00873925358433
0.326935052872 25.5 19.5 2.70526034059 0.0095006060391
0.330656051636 25.5 19.5 2.70526034059 0.0106919174912
0.325289011002 24.5 19.5 2.87979326579 0.0118685883013
0.330728054047 22.5 19.5 0.959931088597 0.0106815812428
0.324007987976 22.5 20.5 1.1344640138 0.0101990443158
0.323967218399 23.5 20.5 1.1344640138 0.0105502024637
0.324072122574 23.5 20.5 1.1344640138 0.0118783869732
0.331921100616 23.5 17.5 4.79965544298 0.017852431379
0.325286149979 23.5 16.5 4.79965544298 0.0164624210982
0.328677892685 23.5 20.5 1.4835298642 0.0191623451217
0.329242944717 23.5 20.5 1.4835298642 0.0200767088084
0.323118925095 15.5 21.5 3.05432619099 0.0305119171034
0.326638936996 14.5 21.5 3.05432619099 0.0303948595394
0.326642036438 22.5 21.5 6.19591884458 0.029260748475
0.325446128845 22.5 19.5 6.19591884458 0.0840383672889
0.328850984573 24.5 21.5 0.0872664625997 0.239883221403
0.33032989502 25.5 21.5 0.0872664625997 0.239790792317
0.325063943863 26.5 21.5 0.261799387799 0.382933476204
0.326960086823 27.5 21.5 0.436332312999 0.460021173712
0.328387975693 28.5 22.5 0.436332312999 0.488702567598
0.327219009399 28.5 23.5 0.610865238198 0.487095515542
0.33075594902 29.5 23.5 0.785398163397 0.406448258926
0.325326919556 30.5 24.5 0.785398163397 0.351921809459
0.326545953751 30.5 24.5 0.959931088597 0.763165980696
0.357531070709 30.5 25.5 1.1344640138 0.869105427854
0.323999881744 30.5 26.5 1.308996939 0.86583607453
0.33987402916 31.5 28.5 1.1344640138 0.826633049032
0.328457832336 32.5 29.5 1.1344640138 0.878759162557
0.32376909256 33.5 30.5 1.1344640138 0.709878353016
0.328114032745 33.5 31.5 0.959931088597 0.729022001991
0.321884155273 33.5 32.5 0.785398163397 0.641710907629
0.330173015594 35.5 32.5 0.785398163397 0.575813601161
0.330275058746 35.5 33.5 0.610865238198 0.594612313597
0.325269937515 37.5 34.5 0.436332312999 0.554195384154
0.32874584198 37.5 34.5 0.261799387799 0.542015316951
0.331168889999 38.5 34.5 0.0872664625997 0.519228460364
0.332878828049 40.5 34.5 0.0872664625997 0.557419424148
0.329473972321 41.5 34.5 6.19591884458 0.505995617459
0.326547861099 42.5 34.5 6.19591884458 0.532721944596
0.326004981995 43.5 34.5 6.19591884458 0.526044382936
0.324391126633 43.5 34.5 6.02138591938 0.581499909259
0.328033924103 43.5 33.5 5.84685299418 0.691249316677
0.324733018875 44.5 32.5 5.84685299418 0.566576383917
0.328392028809 44.5 31.5 5.49778714378 0.657620939527
0.32692193985 45.5 31.5 5.67232006898 0.675788531199
0.325911045074 46.5 30.5 5.67232006898 0.762337853899
0.32603096962 48.5 28.5 5.49778714378 0.773554419102
0.327919006348 47.5 29.5 5.49778714378 0.74366674785
0.332821130753 48.5 28.5 5.32325421858 0.846138652381
0.322066068649 49.5 27.5 5.14872129338 0.807656938924
0.32270693779 49.5 26.5 5.14872129338 0.871539645511
0.321487903595 49.5 24.5 5.14872129338 0.802467040956
0.322885036469 49.5 23.5 4.97418836818 0.93782250536
0.321405887604 50.5 23.5 4.79965544298 0.868630739589
0.328295946121 50.5 21.5 4.79965544298 0.842707086992
0.322564125061 50.5 20.5 4.79965544298 0.828991331395
0.323328971863 50.5 19.5 4.62512251778 0.701456013195
0.327453136444 50.5 18.5 4.62512251778 0.737396881081
0.328980922699 50.5 16.5 4.62512251778 0.685081328214
0.333539962769 49.5 15.5 4.45058959259 0.657068980353
0.329344987869 49.5 15.5 4.10152374219 0.481338035695
0.326979875565 48.5 14.5 3.92699081699 0.453113462674
0.324645042419 47.5 13.5 3.92699081699 0.680918473346
0.327132225037 46.5 13.5 3.92699081699 0.846838889641
0.334558010101 45.5 12.5 3.92699081699 0.824253999637
0.328841924667 44.5 11.5 3.57792496659 0.831844509231
0.338515043259 43.5 11.5 3.40339204139 0.853859399706
0.327991962433 42.5 10.5 3.40339204139 0.837938544269
0.340502977371 39.5 10.5 3.22885911619 0.830314284381
0.329988002777 38.5 10.5 3.05432619099 0.796410783977
0.326467990875 37.5 11.5 2.87979326579 0.758605216103
0.331391096115 36.5 11.5 2.87979326579 0.688572973628
0.329720020294 35.5 11.5 2.70526034059 0.646770638422
0.325709104538 34.5 12.5 2.70526034059 0.588729378233
0.322694063187 35.5 12.5 2.53072741539 0.681092837464
0.331727981567 34.5 13.5 2.35619449019 0.748470364825
0.326155900955 33.5 13.5 2.35619449019 0.699186187696
0.323616981506 32.5 15.5 2.18166156499 0.643782975536
0.32238817215 32.5 16.5 2.18166156499 0.675879866004
0.325487136841 31.5 17.5 2.18166156499 0.687291535377
0.363334178925 30.5 18.5 2.00712863979 0.599564196362
0.322263002396 29.5 19.5 2.00712863979 0.581728242436
0.321301221848 29.5 19.5 2.18166156499 0.634624835592
0.325918912888 28.5 20.5 2.18166156499 0.599678443141
0.32510304451 28.5 21.5 2.00712863979 0.528531195658
0.322876930237 26.5 22.5 2.00712863979 0.736069294525
0.327279806137 27.5 23.5 2.00712863979 0.788430169176
0.328682899475 26.5 24.5 2.00712863979 0.769786813265
0.328170061111 26.5 25.5 2.00712863979 0.75585231727
0.329996109009 25.5 26.5 2.00712863979 0.685139979068
0.337049007416 25.5 27.5 2.00712863979 0.831248041509
0.32811999321 25.5 28.5 2.18166156499 0.735554161514
0.337338924408 24.5 29.5 2.18166156499 0.756626318746
0.333729028702 23.5 30.5 2.18166156499 0.693285794386
0.328262090683 22.5 30.5 2.35619449019 0.615134885522
0.322326183319 22.5 31.5 2.35619449019 0.613978594373
0.324229955673 21.5 32.5 2.35619449019 0.5645562408
0.318144083023 20.5 32.5 2.53072741539 0.554323169288
0.323725938797 19.5 33.5 2.70526034059 0.523508236003
0.329457998276 19.5 33.5 2.70526034059 0.495228993212
0.336132049561 18.5 33.5 2.87979326579 0.479272672133
0.327651023865 17.5 33.5 3.05432619099 0.453319803257
0.325767993927 16.5 33.5 3.22885911619 0.428764298464
0.324352025986 15.5 33.5 3.40339204139 0.40665625765
0.323610067368 14.5 32.5 3.57792496659 0.384085809205
0.323213100433 14.5 33.5 3.57792496659 0.377917413371
0.323416948318 13.5 32.5 3.75245789179 0.368842113022
0.321574926376 13.5 31.5 3.92699081699 0.336999777871
0.329047203064 12.5 31.5 4.10152374219 0.320242496052
0.330497980118 12.5 30.5 4.27605666739 0.29578919509
0.343415021896 12.5 29.5 4.45058959259 0.285399797206
0.327614784241 12.5 28.5 4.62512251778 0.281112806709
0.329564094543 12.5 28.5 4.62512251778 0.273557626526
0.328222036362 12.5 26.5 4.79965544298 0.268524198636
0.327185153961 12.5 26.5 4.79965544298 0.271823218382
0.334160089493 15.5 24.5 5.14872129338 0.197514502505
0.326014995575 15.5 24.5 5.32325421858 0.160237763129
0.332293987274 16.5 23.5 5.14872129338 0.219258745236
0.32065320015 16.5 22.5 5.32325421858 0.252653284295
0.322483062744 17.5 21.5 5.32325421858 0.272591007339
0.32352399826 17.5 20.5 5.32325421858 0.282938098442
0.325619935989 18.5 19.5 5.32325421858 0.292878656571
0.326313972473 19.5 19.5 5.49778714378 0.306082792904
0.325662851334 19.5 18.5 5.49778714378 0.321063311102
0.325753927231 20.5 17.5 5.49778714378 0.313129552751
0.323951005936 21.5 16.5 5.67232006898 0.330989944712
0.323158979416 21.5 16.5 5.67232006898 0.334045103939
0.334085941315 22.5 15.5 5.67232006898 0.300134637416
0.326805114746 23.5 15.5 5.84685299418 0.327966661201
0.323215961456 24.5 15.5 6.02138591938 0.333537724733
0.324450016022 26.5 16.5 0.0872664625997 0.304461600819
0.321031093597 26.5 17.5 0.436332312999 0.325355266821
0.321557998657 25.5 17.5 0.436332312999 0.204203033564
0.322646856308 16.5 9.5 6.19591884458 0.573076122057
0.324049949646 17.5 10.5 6.19591884458 0.481380065668
0.325174093246 18.5 10.5 0.0872664625997 0.494571986649
0.344577074051 19.5 10.5 0.261799387799 0.485405919697
0.323976039886 19.5 10.5 0.436332312999 0.493523321671
0.332460165024 21.5 11.5 0.610865238198 0.45324637757
0.329469919205 21.5 12.5 0.785398163397 0.472306125476
0.317306041718 23.5 12.5 0.785398163397 0.500473034689
0.333172798157 23.5 14.5 0.785398163397 0.624270539602
0.32694196701 24.5 14.5 0.785398163397 0.718103248094
0.334784984589 25.5 15.5 0.785398163397 0.758603821569
0.322009086609 26.5 16.5 0.959931088597 0.811391848938
0.325592041016 27.5 17.5 0.959931088597 0.802207955702
0.319828033447 27.5 18.5 0.785398163397 0.77807474489
0.334115028381 28.5 18.5 0.610865238198 0.716861274485
0.322034835815 29.5 19.5 0.610865238198 0.743895392136
0.328701972961 29.5 20.5 0.436332312999 0.81573975499
0.316972017288 30.5 20.5 0.436332312999 0.836652828657
0.317567110062 32.5 20.5 0.261799387799 0.881035478314
0.31889295578 33.5 20.5 0.0872664625997 0.900480301488
0.324066877365 34.5 20.5 0.0872664625997 0.8698628554
0.317186832428 36.5 20.5 0.0872664625997 0.810091418914
0.315621137619 36.5 19.5 0.0872664625997 0.749430525575
0.317054033279 37.5 19.5 0.0872664625997 0.732354477501
0.317951917648 38.5 19.5 0.0872664625997 0.72680834476
0.315440893173 39.5 19.5 0.0872664625997 0.761715492248
0.317568063736 40.5 20.5 6.19591884458 0.752149906817
0.317437887192 41.5 21.5 6.19591884458 0.767347422546
0.321266889572 43.5 21.5 6.19591884458 0.75931019682
0.330505132675 43.5 21.5 6.19591884458 0.763963866746
0.327736854553 43.5 21.5 6.19591884458 0.763419208833
0.329602003098 43.5 21.5 6.19591884458 0.755004996186
0.32030415535 43.5 21.5 6.19591884458 0.744223700866
0.328380823135 43.5 21.5 6.19591884458 0.73319323691
0.325657844543 43.5 21.5 6.19591884458 0.722592750179
0.319357872009 42.5 21.5 6.19591884458 0.713645964434
0.358289957047 42.5 21.5 6.19591884458 0.704841387129
0.325353145599 42.5 21.5 6.19591884458 0.696509130878
