0.322340965271 7.5 9.5 5.32325421858 0.0115763440861
0.315325021744 5.5 7.5 5.67232006898 0.0137563340854
0.315764904022 16.5 8.5 5.67232006898 0.0193798609852
0.339745044708 16.5 8.5 5.67232006898 0.0212879274656
0.327257156372 16.5 8.5 5.67232006898 0.0229127546971
0.36189198494 18.5 11.5 5.14872129338 0.0285298188477
0.3194231987 17.5 9.5 5.32325421858 0.0265887656035
0.324429035187 18.5 9.5 5.14872129338 0.0277326302931
0.323834896088 20.5 12.5 4.45058959259 0.0405312452144
0.326146841049 16.5 8.5 5.32325421858 0.0311998577216
0.325428962708 17.5 8.5 5.14872129338 0.0347726164947
0.323637008667 7.5 16.5 0.0872664625997 0.031265454185
0.319418907166 8.5 15.5 0.0872664625997 0.195957496582
0.313917160034 9.5 18.5 0.0872664625997 0.316576157663
0.314200162888 9.5 18.5 0.0872664625997 0.3418106761
0.314684867859 10.5 18.5 0.0872664625997 0.384365844497
0.327914953232 12.5 18.5 0.0872664625997 0.430711540338
0.314274787903 13.5 18.5 0.0872664625997 0.462800508284
0.315168142319 14.5 18.5 0.0872664625997 0.485383852966
0.324309110641 15.5 18.5 0.0872664625997 0.497140544412
0.324365139008 16.5 18.5 0.0872664625997 0.496208211335
0.313832998276 17.5 18.5 6.19591884458 0.452951911716
0.315087080002 18.5 19.5 0.0872664625997 0.493920022182
0.314405202866 19.5 19.5 0.0872664625997 0.550663187941
0.315456151962 20.5 19.5 0.0872664625997 0.589207620855
0.319911956787 21.5 19.5 0.0872664625997 0.602413354827
0.315227985382 23.5 19.5 0.0872664625997 0.614914974566
0.314268112183 23.5 19.5 0.0872664625997 0.618093719281
0.322332859039 25.5 19.5 0.261799387799 0.619463709307
0.319051980972 26.5 19.5 0.436332312999 0.62411552427
0.322026968002 26.5 19.5 0.610865238198 0.591974880437
0.322643041611 27.5 21.5 0.610865238198 0.607620278651
0.327815055847 29.5 21.5 0.785398163397 0.581187859979
0.327684879303 29.5 22.5 0.785398163397 0.605944300376
0.322257041931 30.5 23.5 0.785398163397 0.504598549154
0.329554080963 31.5 24.5 0.959931088597 0.488749892682
0.334628105164 31.5 25.5 0.959931088597 0.449802654261
0.314484119415 32.5 26.5 1.1344640138 0.463570908763
0.334321022034 33.5 26.5 1.1344640138 0.562639994043
0.319807052612 33.5 28.5 1.1344640138 0.637905661878
0.314755916595 34.5 29.5 1.1344640138 0.660938132221
0.324248075485 34.5 29.5 1.1344640138 0.655086707556
0.317646980286 35.5 30.5 0.959931088597 0.585711786537
0.322343111038 36.5 31.5 0.785398163397 0.599237733002
0.324187994003 37.5 32.5 0.610865238198 0.650377109783
0.324356079102 38.5 32.5 0.785398163397 0.679707376503
0.318224906921 38.5 33.5 0.610865238198 0.734757860805
0.318681001663 38.5 33.5 0.261799387799 0.61054291122
0.316591024399 39.5 33.5 0.261799387799 0.664857028036
0.318209886551 40.5 33.5 6.19591884458 0.743412535783
0.313807010651 41.5 33.5 6.02138591938 0.760407223855
0.319931030273 42.5 33.5 5.84685299418 0.74424698484
0.312936067581 43.5 32.5 5.67232006898 0.694823112108
0.31439614296 43.5 32.5 5.67232006898 0.787044495632
0.319743156433 44.5 32.5 5.67232006898 0.783510216215
0.316024065018 45.5 31.5 5.49778714378 0.711371813623
0.320813894272 46.5 30.5 5.49778714378 0.665448111929
0.326157093048 46.5 30.5 5.49778714378 0.62554055812
0.321757793427 47.5 29.5 5.32325421858 0.674597343755
0.322766065598 47.5 27.5 5.32325421858 0.673416631242
0.326335906982 48.5 26.5 5.14872129338 0.677162345759
0.329122781754 49.5 25.5 5.14872129338 0.592967091259
0.315272808075 49.5 24.5 5.14872129338 0.455147954681
0.313690900803 49.5 24.5 4.97418836818 0.618677701057
0.313188076019 49.5 22.5 4.97418836818 0.574173147983
0.315841913223 49.5 21.5 4.79965544298 0.67070405211
0.319673061371 49.5 20.5 4.79965544298 0.581377049653
0.312622070312 49.5 19.5 4.79965544298 0.584944402475
0.31182384491 50.5 18.5 4.62512251778 0.620683033932
0.318781137466 49.5 17.5 4.62512251778 0.575605174211
0.315694093704 49.5 15.5 4.45058959259 0.579386202393
0.328506946564 48.5 14.5 4.27605666739 0.572551235782
0.324382066727 48.5 14.5 4.27605666739 0.418180450246
0.321128129959 46.5 13.5 3.75245789179 0.457412642723
0.321472167969 45.5 12.5 3.75245789179 0.47297488596
0.326354980469 44.5 11.5 3.75245789179 0.447722402748
0.323612928391 44.5 11.5 3.75245789179 0.449904887152
0.330327033997 42.5 11.5 3.40339204139 0.514360638728
0.322200059891 40.5 11.5 3.22885911619 0.524754952556
0.322717905045 40.5 11.5 3.22885911619 0.630293731172
0.325837850571 41.5 9.5 3.22885911619 0.631100745057
0.324733018875 40.5 9.5 3.05432619099 0.62288407698
0.323023080826 39.5 9.5 3.05432619099 0.640664006023
0.319693088531 38.5 9.5 2.87979326579 0.603288630345
0.322574138641 37.5 10.5 2.87979326579 0.723016090156
0.326675891876 35.5 10.5 2.70526034059 0.733233129328
0.316942930222 34.5 11.5 2.53072741539 0.692490576446
0.314097881317 34.5 12.5 2.53072741539 0.698848780835
0.318340063095 33.5 13.5 2.35619449019 0.709263921132
0.323901891708 33.5 13.5 2.35619449019 0.653923884325
0.314366817474 32.5 14.5 2.35619449019 0.650847465055
0.311486005783 31.5 15.5 2.18166156499 0.658377594321
0.315463066101 30.5 16.5 2.18166156499 0.56924444424
0.322117090225 30.5 17.5 2.18166156499 0.623766061257
0.343194961548 29.5 18.5 2.00712863979 0.699663752901
0.325323104858 29.5 19.5 2.18166156499 0.699544011245
0.321701049805 29.5 19.5 2.00712863979 0.68972671265
0.348026990891 28.5 21.5 2.18166156499 0.681151845948
0.347525119781 27.5 23.5 2.00712863979 0.570783833292
0.325245141983 27.5 24.5 2.00712863979 0.748440780363
0.32158780098 26.5 25.5 2.00712863979 0.719087517115
0.321346998215 26.5 26.5 2.00712863979 0.726953265151
0.335429906845 25.5 27.5 2.00712863979 0.70930821214
0.326984882355 25.5 28.5 2.00712863979 0.711995153408
0.324599981308 24.5 29.5 2.18166156499 0.775067147649
0.324684143066 24.5 30.5 2.35619449019 0.690203421204
0.32420706749 23.5 31.5 2.18166156499 0.75528585408
0.323698997498 23.5 31.5 2.18166156499 0.722209111038
0.319088935852 22.5 32.5 2.53072741539 0.792813427008
0.319978952408 21.5 32.5 2.53072741539 0.908087769541
0.321777105331 19.5 33.5 2.53072741539 0.845078345944
0.322804927826 18.5 34.5 2.87979326579 0.756421277553
0.31973695755 17.5 34.5 2.87979326579 0.766893759918
0.322212934494 16.5 34.5 3.05432619099 0.73498848341
0.324335098267 15.5 34.5 3.05432619099 0.706888443469
0.325753927231 15.5 34.5 3.22885911619 0.7479906477
0.321356058121 14.5 34.5 3.40339204139 0.683701125658
0.319879055023 13.5 33.5 3.40339204139 0.740047990647
0.322077035904 12.5 33.5 3.57792496659 0.758044140419
0.323921918869 10.5 32.5 3.75245789179 0.62868555518
0.314157962799 10.5 32.5 3.92699081699 0.797256258951
0.312768936157 9.5 31.5 4.10152374219 0.748394289737
0.321139097214 9.5 30.5 4.27605666739 0.669986169042
0.316755056381 8.5 29.5 4.45058959259 0.66208003607
0.318337917328 8.5 28.5 4.45058959259 0.789985878311
0.316499948502 8.5 27.5 4.45058959259 0.854207741146
0.326270103455 8.5 25.5 4.62512251778 0.696792364724
0.328378915787 8.5 24.5 4.79965544298 0.856723183408
0.316100120544 8.5 23.5 4.79965544298 0.933403614932
0.319205999374 7.5 22.5 4.79965544298 0.933052107473
0.312144994736 7.5 21.5 4.79965544298 0.921078713139
0.315071105957 8.5 19.5 4.79965544298 0.916481828131
0.317641973495 8.5 19.5 4.79965544298 0.911053994663
0.324280977249 8.5 17.5 4.97418836818 0.86739625952
0.326015949249 8.5 16.5 5.14872129338 0.757359381481
0.323236942291 9.5 15.5 5.14872129338 0.769037167364
0.323719978333 10.5 14.5 5.14872129338 0.746631767919
0.320539951324 10.5 14.5 5.32325421858 0.707743793633
0.323757886887 11.5 13.5 5.32325421858 0.707360550137
0.332624197006 11.5 12.5 5.49778714378 0.644328940999
0.3223528862 12.5 11.5 5.67232006898 0.573502429572
0.324936151505 13.5 11.5 5.67232006898 0.635636551498
0.323616027832 13.5 10.5 5.84685299418 0.599310006102
0.322494029999 14.5 10.5 5.84685299418 0.632434199614
0.319770097733 14.5 9.5 6.02138591938 0.624581143601
0.318356990814 16.5 9.5 6.02138591938 0.626990594054
0.322796821594 15.5 9.5 6.19591884458 0.596784227713
0.326504945755 19.5 10.5 0.0872664625997 0.522329056959
0.31964802742 19.5 10.5 0.261799387799 0.663513629391
0.319201946259 19.5 10.5 0.436332312999 0.693014879412
0.337640047073 21.5 11.5 0.610865238198 0.56462044946
0.3218729496 21.5 12.5 0.785398163397 0.711174208838
0.321878910065 22.5 13.5 0.959931088597 0.777646502894
0.320553064346 22.5 14.5 0.959931088597 0.766606971832
0.322678804398 24.5 15.5 0.959931088597 0.759983608432
0.323610067368 25.5 15.5 0.959931088597 0.698823234786
0.325443983078 25.5 17.5 0.959931088597 0.72951511054
0.322962999344 26.5 18.5 0.959931088597 0.690222926409
0.321291923523 26.5 19.5 0.785398163397 0.683242566308
0.322533845901 27.5 19.5 0.785398163397 0.642016541975
0.321660041809 28.5 20.5 0.610865238198 0.666005310746
0.333045005798 28.5 20.5 0.436332312999 0.652149390064
0.330210924149 30.5 21.5 0.261799387799 0.678762541838
0.314404964447 31.5 21.5 0.261799387799 0.60935952407
0.316130876541 33.5 21.5 0.0872664625997 0.628303050174
0.330559015274 33.5 22.5 6.19591884458 0.59423395907
0.322999000549 34.5 20.5 6.19591884458 0.589916318241
0.323692798615 35.5 20.5 6.19591884458 0.613250347259
0.324706077576 36.5 20.5 6.19591884458 0.616439623393
0.320263147354 37.5 21.5 6.19591884458 0.637303744898
0.321074962616 39.5 22.5 6.19591884458 0.580573466381
0.320237874985 40.5 21.5 6.19591884458 0.602361099169
0.322186946869 41.5 21.5 6.19591884458 0.691956804113
0.324557781219 42.5 21.5 6.19591884458 0.740524380432
0.335065126419 44.5 21.5 6.19591884458 0.752225299821
0.316409111023 44.5 21.5 6.19591884458 0.7414760942
0.358721017838 44.5 21.5 6.19591884458 0.723282994001
0.317549228668 44.5 21.5 6.19591884458 0.703920658085
