0.340778112411 54.5 20.5 5.14872129338 0.00370766239677
0.322418928146 43.5 21.5 5.84685299418 0.0130526763369
0.323275089264 43.5 21.5 5.84685299418 0.018084739444
0.32269692421 43.5 21.5 5.84685299418 0.0231074796913
0.327057123184 56.5 20.5 3.57792496659 0.0247680213432
0.328634977341 56.5 20.5 3.57792496659 0.0297348777099
0.325916051865 56.5 20.5 3.57792496659 0.0348046119414
0.332592010498 48.5 24.5 4.97418836818 0.0653732125026
0.32307100296 47.5 24.5 5.14872129338 0.0830723474339
0.415628910065 45.5 22.5 5.67232006898 0.0798867516371
0.336661100388 26.5 13.5 0.261799387799 0.0559662853673
0.32394194603 53.5 16.5 1.1344640138 0.13825897818
0.32091999054 53.5 18.5 1.1344640138 0.185809348081
0.328720808029 53.5 18.5 1.308996939 0.268252461824
0.320307970047 54.5 19.5 1.308996939 0.25988414021
0.324869155884 54.5 20.5 1.308996939 0.260481836025
0.329071998596 54.5 20.5 1.308996939 0.198857324491
0.325078010559 54.5 20.5 1.308996939 0.133150836033
0.316362142563 51.5 23.5 0.261799387799 0.0532223331105
0.313101053238 40.5 20.5 1.4835298642 0.187749356376
0.321784973145 41.5 21.5 1.65806278939 0.185514718738
0.323625087738 40.5 22.5 1.65806278939 0.146221800971
0.324358940125 16.5 20.5 0.261799387799 0.246099802831
0.323570966721 17.5 20.5 0.0872664625997 0.292467056192
0.330513954163 18.5 20.5 0.0872664625997 0.321623747673
0.327007055283 19.5 20.5 0.0872664625997 0.335619530738
0.327124118805 20.5 20.5 0.0872664625997 0.350720224367
0.324714899063 22.5 21.5 6.19591884458 0.378633015149
0.322160959244 23.5 21.5 6.19591884458 0.408977549722
0.329100131989 20.5 19.5 0.0872664625997 0.335380352369
0.319249153137 26.5 20.5 0.0872664625997 0.771923965835
0.321507930756 27.5 20.5 0.261799387799 0.751614332805
0.322337865829 28.5 21.5 0.436332312999 0.86475849314
0.316987991333 29.5 21.5 0.610865238198 0.814365616192
0.314723968506 30.5 22.5 0.785398163397 0.61022425931
0.318530797958 30.5 23.5 0.785398163397 0.864855555399
0.315618038177 31.5 24.5 0.959931088597 0.912830146964
0.320026874542 31.5 25.5 0.959931088597 0.836541836932
0.341329097748 32.5 26.5 1.1344640138 0.854389474709
0.32125711441 32.5 27.5 1.1344640138 0.811434740205
0.326669216156 34.5 28.5 1.1344640138 0.897247578065
0.339155197144 34.5 29.5 0.959931088597 0.873883583087
0.320111036301 34.5 29.5 1.1344640138 0.643221489422
0.32391500473 35.5 30.5 0.959931088597 0.666190874058
0.325028181076 36.5 31.5 0.785398163397 0.683641799714
0.324375867844 37.5 32.5 0.610865238198 0.785810729418
0.313732862473 38.5 32.5 0.436332312999 0.756254794144
0.321945905685 38.5 32.5 0.436332312999 0.642691905162
0.320568084717 39.5 32.5 0.261799387799 0.945629448688
0.316447973251 40.5 32.5 0.0872664625997 0.93006873688
0.327813863754 40.5 32.5 0.0872664625997 0.853689933738
0.325222015381 41.5 32.5 6.19591884458 0.899855739652
0.324971914291 42.5 32.5 6.19591884458 0.806133389753
0.325408935547 43.5 32.5 6.02138591938 0.833685255172
0.323179960251 44.5 32.5 6.02138591938 0.743827681967
0.323923826218 45.5 31.5 5.84685299418 0.767834166431
0.323967933655 46.5 30.5 5.67232006898 0.752878415782
0.325627088547 47.5 29.5 5.67232006898 0.773304419165
0.328521966934 48.5 28.5 5.67232006898 0.770463908623
0.330499887466 49.5 28.5 5.49778714378 0.716103604843
0.328316926956 50.5 27.5 5.49778714378 0.775856834052
0.326996803284 50.5 26.5 5.32325421858 0.8242797043
0.321922063828 51.5 25.5 5.14872129338 0.820835422945
0.327136039734 51.5 24.5 5.14872129338 0.808556967673
0.325124979019 51.5 22.5 4.97418836818 0.795338075251
0.320619106293 51.5 21.5 4.97418836818 0.788433642992
0.319626092911 52.5 20.5 4.97418836818 0.744077028818
0.31898522377 52.5 20.5 4.62512251778 0.679056167325
0.328608036041 51.5 18.5 4.62512251778 0.778846447013
0.32315993309 51.5 17.5 4.45058959259 0.770364478193
0.318756103516 50.5 16.5 4.45058959259 0.734831314534
0.329895973206 49.5 16.5 4.27605666739 0.746031331374
0.323444843292 48.5 15.5 4.27605666739 0.872586075908
0.32807803154 47.5 14.5 4.10152374219 0.854846302522
0.326907157898 46.5 13.5 3.92699081699 0.77290217955
0.32805109024 45.5 12.5 3.92699081699 0.736434027062
0.330629110336 45.5 11.5 3.92699081699 0.693866302281
0.325061798096 44.5 10.5 3.75245789179 0.683047126677
0.322551965714 42.5 10.5 3.57792496659 0.576662425951
0.322597026825 42.5 9.5 3.40339204139 0.570938088801
0.321033000946 42.5 8.5 3.40339204139 0.626624495637
0.322414875031 40.5 6.5 3.40339204139 0.576623543545
0.321874141693 40.5 9.5 3.05432619099 0.792257803869
0.324440002441 39.5 9.5 2.87979326579 0.812018871544
0.325326919556 38.5 9.5 2.70526034059 0.780177065644
0.321978092194 36.5 10.5 2.70526034059 0.795925155953
0.324364185333 35.5 11.5 2.70526034059 0.70883380565
0.320560932159 34.5 11.5 2.53072741539 0.780815925524
0.322849035263 34.5 12.5 2.35619449019 0.771244623667
0.322842121124 33.5 13.5 2.35619449019 0.756173374346
0.323446989059 32.5 13.5 2.35619449019 0.766042681625
0.320626020432 31.5 15.5 2.35619449019 0.790856808176
0.322634935379 30.5 15.5 2.18166156499 0.797224701491
0.326884031296 30.5 17.5 2.18166156499 0.847926494402
0.340032815933 29.5 18.5 2.00712863979 0.806551308785
0.325715065002 29.5 19.5 2.00712863979 0.840289357254
0.327127933502 28.5 20.5 2.00712863979 0.825209534425
0.323515892029 28.5 20.5 2.00712863979 0.804748537942
0.313133001328 28.5 21.5 2.00712863979 0.787870863661
0.312983036041 28.5 22.5 2.00712863979 0.941160411081
0.315033197403 27.5 23.5 2.00712863979 0.950272450506
0.313452005386 27.5 24.5 2.00712863979 0.975542041273
0.322141170502 26.5 25.5 2.00712863979 0.979829525098
0.319216012955 25.5 26.5 2.00712863979 0.974425740889
0.317656993866 25.5 27.5 2.00712863979 0.886279441851
0.316085100174 24.5 28.5 2.18166156499 0.955841528721
0.326062202454 23.5 29.5 2.18166156499 0.911051768428
0.336869001389 23.5 30.5 2.18166156499 0.84256173668
0.324294805527 22.5 31.5 2.35619449019 0.789897488631
0.317809820175 21.5 31.5 2.35619449019 0.746109301432
0.315031051636 20.5 32.5 2.53072741539 0.706863819281
0.330476045609 19.5 32.5 2.70526034059 0.629255799031
0.325845003128 19.5 33.5 2.70526034059 0.67357166074
0.321699142456 18.5 33.5 2.87979326579 0.652491157654
0.317818880081 17.5 33.5 3.05432619099 0.573812589174
0.323046922684 16.5 33.5 3.05432619099 0.611060551255
0.319608926773 16.5 34.5 3.22885911619 0.576275807073
0.31969499588 15.5 34.5 3.40339204139 0.495377175293
0.321918010712 14.5 34.5 3.57792496659 0.519445741931
0.324891090393 13.5 33.5 3.75245789179 0.772033108475
0.321969985962 15.5 34.5 3.92699081699 0.480109162978
0.322402000427 10.5 30.5 3.92699081699 0.682634178534
0.320596933365 9.5 30.5 4.27605666739 0.741780856258
0.328267097473 9.5 29.5 4.27605666739 0.782942155224
0.319073200226 8.5 28.5 4.45058959259 0.803105051912
0.320537090302 8.5 27.5 4.62512251778 0.680535355408
0.314544200897 8.5 26.5 4.62512251778 0.800610347794
0.318797111511 9.5 25.5 4.62512251778 0.750098931575
0.318956136703 8.5 24.5 4.79965544298 0.750332278478
0.31725692749 8.5 23.5 4.79965544298 0.748656984255
0.32066488266 9.5 22.5 4.79965544298 0.728655244888
0.321763038635 9.5 21.5 4.79965544298 0.729466589453
0.322765827179 8.5 19.5 4.79965544298 0.751906541899
0.316534042358 8.5 18.5 4.79965544298 0.743345677851
0.312566995621 9.5 17.5 4.79965544298 0.699635101184
0.31730389595 9.5 16.5 4.97418836818 0.705722242689
0.314334869385 9.5 15.5 4.97418836818 0.672396142343
0.315684080124 10.5 14.5 5.14872129338 0.649701550786
0.312741994858 10.5 14.5 5.14872129338 0.640131411205
0.324813127518 10.5 13.5 5.14872129338 0.560553401014
0.327675819397 11.5 12.5 5.32325421858 0.577464413497
0.323900938034 13.5 12.5 5.49778714378 0.531296978438
0.315234899521 13.5 12.5 5.84685299418 0.494229670805
0.314894914627 14.5 11.5 5.84685299418 0.525219977361
0.315566062927 15.5 11.5 6.02138591938 0.487052857635
0.31374001503 13.5 11.5 6.19591884458 0.391953366227
0.316967010498 18.5 9.5 6.02138591938 0.140487261596
0.322563886642 19.5 9.5 6.19591884458 0.647242443583
0.320744037628 20.5 9.5 0.0872664625997 0.772889160465
0.322042942047 20.5 9.5 0.261799387799 0.770824175916
0.338033914566 21.5 10.5 0.436332312999 0.763549125411
0.328073978424 22.5 10.5 0.610865238198 0.785869473983
0.319024801254 22.5 11.5 0.785398163397 0.792732753739
0.320303916931 23.5 12.5 0.959931088597 0.798850457593
0.320583105087 24.5 14.5 0.959931088597 0.72474033506
0.321188926697 25.5 14.5 0.959931088597 0.829035915484
0.320877790451 26.5 16.5 0.959931088597 0.876445890619
0.320151090622 27.5 17.5 0.959931088597 0.898541706608
0.324028968811 27.5 17.5 0.785398163397 0.94158013571
0.327086925507 28.5 17.5 0.610865238198 0.869251721824
0.319485187531 29.5 19.5 0.610865238198 0.922488589452
0.324425935745 30.5 20.5 0.436332312999 0.861996214466
0.319784879684 31.5 20.5 0.436332312999 0.865362184824
0.32661819458 33.5 20.5 0.261799387799 0.845608140844
0.330821037292 33.5 21.5 0.0872664625997 0.765950577336
0.317588090897 34.5 20.5 0.0872664625997 0.804583243829
0.316297054291 35.5 21.5 6.19591884458 0.690779902741
0.312870979309 36.5 21.5 6.19591884458 0.770384387744
0.315402030945 37.5 21.5 6.19591884458 0.872893454523
0.31417798996 38.5 21.5 6.19591884458 0.881839960572
0.313022851944 39.5 21.5 6.19591884458 0.864601976532
0.315407991409 41.5 21.5 6.19591884458 0.859858030309
0.324440956116 42.5 21.5 6.19591884458 0.880541444708
0.326292037964 43.5 21.5 6.19591884458 0.871105680049
0.335454940796 45.5 21.5 6.19591884458 0.861904359034
0.324414014816 45.5 21.5 6.19591884458 0.831396389641
0.326982975006 45.5 21.5 6.19591884458 0.808408299434
0.328471183777 46.5 20.5 6.19591884458 0.826994472412
0.361945867538 46.5 20.5 6.19591884458 0.810551989846
0.334889888763 46.5 20.5 6.19591884458 0.79479047531
0.323061943054 46.5 20.5 6.19591884458 0.779598591953
0.317896127701 46.5 20.5 6.19591884458 0.764986374106
0.329895973206 46.5 20.5 6.19591884458 0.751137430226
0.330424070358 46.5 21.5 6.02138591938 0.719720576354
0.348131895065 46.5 21.5 6.02138591938 0.708924675531
0.327186822891 46.5 21.5 6.02138591938 0.698077381991
