   3.1526708e-01   4.1393820e-01  -6.7321183e-03
   3.1537901e-01   4.1378715e-01  -5.2651144e-03
   3.1521697e-01   4.1396318e-01  -6.4681222e-03
   3.1520043e-01   4.1394881e-01  -7.0850614e-03
   3.1520790e-01   4.1400029e-01  -7.1586175e-03
   3.1527599e-01   4.1396144e-01  -7.6325914e-03
   3.1529937e-01   4.1402987e-01  -8.1764059e-03
   3.1522264e-01   4.1395599e-01  -6.1066590e-03
   3.1527832e-01   4.1397237e-01  -7.6840783e-03
   3.1522543e-01   4.1401068e-01  -6.8718684e-03
   3.1526766e-01   4.1391187e-01  -7.3014742e-03
   3.1525661e-01   4.1398880e-01  -7.4638201e-03
   3.1528168e-01   4.1375423e-01  -4.9451513e-03
   3.1521986e-01   4.1392197e-01  -6.7145876e-03
   3.1520587e-01   4.1398435e-01  -6.5085200e-03
   3.1523843e-01   4.1397689e-01  -8.1913964e-03
   3.1522729e-01   4.1397371e-01  -7.1307857e-03
   3.1527710e-01   4.1401044e-01  -7.5376396e-03
   3.1525180e-01   4.1394772e-01  -7.7822512e-03
   3.1527274e-01   4.1382507e-01  -4.4313557e-03
   3.1525994e-01   4.1396541e-01  -7.3737365e-03
   3.1646202e-01   4.1400982e-01  -6.9641742e-03
   3.2063112e-01   4.1398905e-01  -2.9171849e-03
   3.2508580e-01   4.1409632e-01  -3.4045873e-03
   3.2968315e-01   4.1348607e-01  -6.6445448e-03
   3.3468620e-01   4.1372340e-01  -8.6247926e-03
   3.3918619e-01   4.1375959e-01  -8.0844854e-03
   3.4520488e-01   4.1363888e-01  -1.0157874e-02
   3.5015228e-01   4.1326955e-01  -9.1438894e-03
   3.5503868e-01   4.1326120e-01  -8.5939123e-03
   3.5981317e-01   4.1339656e-01  -1.2968194e-02
   3.6469598e-01   4.1332319e-01  -1.1105096e-02
   3.6979899e-01   4.1324112e-01  -1.8054829e-02
   3.7471250e-01   4.1316800e-01  -1.8050470e-02
   3.8009527e-01   4.1326640e-01  -1.1468639e-02
   3.8526701e-01   4.1242247e-01  -1.4671386e-02
   3.9051821e-01   4.1275587e-01  -1.9803098e-02
   3.9551728e-01   4.1272471e-01  -1.9261958e-02
   4.0012165e-01   4.1239211e-01  -1.7807187e-02
   4.0609584e-01   4.1247017e-01  -1.3659721e-02
   4.1137460e-01   4.1230146e-01  -2.0729182e-02
   4.1588884e-01   4.1202275e-01  -1.8711672e-02
   4.2081473e-01   4.1279186e-01  -1.4178183e-02
   4.2609262e-01   4.1218860e-01  -1.5227346e-02
   4.3069419e-01   4.1234770e-01  -9.7503342e-03
   4.3552295e-01   4.1213208e-01  -9.2852628e-03
   4.4107333e-01   4.1199507e-01  -8.7697410e-03
   4.4630046e-01   4.1145208e-01  -1.7148876e-02
   4.5079977e-01   4.1189892e-01  -1.0404952e-02
   4.5627466e-01   4.1120131e-01  -1.6583447e-02
   4.6137041e-01   4.1112990e-01  -1.3981753e-02
   4.6640834e-01   4.1096545e-01  -1.2029947e-02
   4.7201721e-01   4.1099212e-01  -1.5920632e-02
   4.7715187e-01   4.1114566e-01  -1.3235045e-02
   4.8210140e-01   4.1103056e-01  -1.3219293e-02
   4.8707869e-01   4.1104817e-01  -1.5873725e-02
   4.9198250e-01   4.1058842e-01  -1.7173422e-02
   4.9699930e-01   4.0993437e-01  -1.9411138e-02
   5.0195140e-01   4.1028112e-01  -2.5544420e-02
   5.0706403e-01   4.1033434e-01  -2.3829635e-02
   5.1221815e-01   4.1026894e-01  -2.6800957e-02
   5.1753871e-01   4.0996274e-01  -1.9780115e-02
   5.2252108e-01   4.0958644e-01  -1.9120137e-02
   5.2707826e-01   4.0957156e-01  -2.0582990e-02
   5.3268977e-01   4.0961537e-01  -2.2471782e-02
   5.3824071e-01   4.0977920e-01  -1.7180816e-02
   5.4311590e-01   4.0951842e-01  -2.7308534e-02
   5.4831433e-01   4.0884913e-01  -2.1284241e-02
   5.5349486e-01   4.0870240e-01  -1.9814406e-02
   5.5778879e-01   4.0909196e-01  -1.5002614e-02
   5.6263370e-01   4.0895854e-01  -1.6249195e-02
   5.6798622e-01   4.0867222e-01  -2.6139164e-02
   5.7331901e-01   4.0836464e-01  -1.8380323e-02
   5.7811041e-01   4.0829509e-01  -2.3683921e-02
   5.8332409e-01   4.0785882e-01  -2.3571969e-02
   5.8848313e-01   4.0760750e-01  -2.2921269e-02
   5.9297467e-01   4.0807195e-01  -1.0567113e-02
   5.9912234e-01   4.0777152e-01  -1.2578808e-02
   6.0388876e-01   4.0755680e-01  -1.2358794e-02
   6.0867801e-01   4.0719668e-01  -1.2570503e-02
   6.1365598e-01   4.0725438e-01  -1.5319814e-02
   6.1868580e-01   4.0735896e-01  -1.5077049e-02
   6.2369029e-01   4.0699635e-01  -1.8366885e-02
   6.2853100e-01   4.0693362e-01  -1.6941329e-02
   6.3333062e-01   4.0668539e-01  -1.3920495e-02
   6.3900805e-01   4.0613203e-01  -2.6731219e-02
   6.4339977e-01   4.0651091e-01  -1.7504770e-02
   6.4876385e-01   4.0587170e-01  -3.2109511e-02
   6.5381837e-01   4.0609483e-01  -3.3394887e-02
   6.5962448e-01   4.0518523e-01  -2.7520210e-02
   6.6446970e-01   4.0579857e-01  -2.0157695e-02
   6.6982451e-01   4.0551464e-01  -2.6889276e-02
   6.7502160e-01   4.0532263e-01  -2.7626634e-02
   6.7930314e-01   4.0558040e-01  -2.0845070e-02
   6.8450093e-01   4.0491895e-01  -2.8612924e-02
   6.8966021e-01   4.0492901e-01  -3.4689355e-02
   6.9414343e-01   4.0447992e-01  -2.1831497e-02
   6.9990922e-01   4.0398411e-01  -2.6492603e-02
   7.0493782e-01   4.0402524e-01  -2.9856775e-02
   7.0999462e-01   4.0351868e-01  -3.1419309e-02
   7.1469468e-01   4.0336576e-01  -2.4974814e-02
   7.1995739e-01   4.0369834e-01  -3.1272420e-02
   7.2481812e-01   4.0325422e-01  -2.8226015e-02
   7.3056963e-01   4.0376259e-01  -1.9525392e-02
   7.3551924e-01   4.0311444e-01  -2.8573414e-02
   7.4028193e-01   4.0279112e-01  -2.6102315e-02
   7.4524806e-01   4.0247438e-01  -1.3458266e-02
   7.4973501e-01   4.0286728e-01  -1.5811019e-02
   7.5500101e-01   4.0224463e-01  -2.6983514e-02
   7.5994271e-01   4.0305980e-01  -2.2504153e-02
   7.6552604e-01   4.0188468e-01  -2.8528055e-02
   7.7104162e-01   4.0159206e-01  -3.5689283e-02
   7.7562658e-01   4.0133408e-01  -3.4172792e-02
   7.8091525e-01   4.0147826e-01  -3.8357455e-02
   7.8584191e-01   4.0097894e-01  -3.6598340e-02
   7.9081442e-01   4.0137924e-01  -2.8715763e-02
   7.9657394e-01   4.0061358e-01  -2.9244806e-02
   8.0108400e-01   4.0071744e-01  -2.4096447e-02
   8.0609657e-01   4.0077836e-01  -3.1723821e-02
   8.0869144e-01   4.0052999e-01  -5.6008132e-02
   8.0881063e-01   4.0047709e-01  -6.9729020e-02
   8.0865527e-01   4.0057726e-01  -1.0134332e-01
   8.0850425e-01   4.0090333e-01  -1.5719884e-01
   8.0819811e-01   4.0085383e-01  -2.0196514e-01
   8.0774748e-01   4.0086696e-01  -2.4272838e-01
   8.0745177e-01   4.0127686e-01  -2.9153027e-01
   8.0673305e-01   4.0189426e-01  -3.4415967e-01
   8.0624278e-01   4.0227509e-01  -3.9108951e-01
   8.0575226e-01   4.0229873e-01  -4.3811022e-01
   8.0559381e-01   4.0228255e-01  -4.9611957e-01
   8.0556883e-01   4.0279226e-01  -5.5110356e-01
   8.0525819e-01   4.0331317e-01  -5.9500046e-01
   8.0474435e-01   4.0358509e-01  -6.4523249e-01
   8.0508856e-01   4.0336454e-01  -7.0987913e-01
   8.0489530e-01   4.0419789e-01  -7.5902132e-01
   8.0446897e-01   4.0445937e-01  -8.1868337e-01
   8.0420564e-01   4.0464264e-01  -8.6487815e-01
   8.0388986e-01   4.0514634e-01  -9.1826534e-01
   8.0377523e-01   4.0602704e-01  -9.7166139e-01
   8.0331452e-01   4.0630330e-01  -1.0213526e+00
   8.0278011e-01   4.0681320e-01  -1.0672924e+00
   8.0303277e-01   4.0677658e-01  -1.1291983e+00
   8.0300404e-01   4.0747996e-01  -1.1831461e+00
   8.0245490e-01   4.0779754e-01  -1.2392826e+00
   8.0240670e-01   4.0836497e-01  -1.2914427e+00
   8.0285359e-01   4.0893426e-01  -1.3445896e+00
   8.0352832e-01   4.0931560e-01  -1.4028380e+00
   8.0334643e-01   4.0992590e-01  -1.4510482e+00
   8.0317403e-01   4.1036947e-01  -1.5058210e+00
   8.0350510e-01   4.1093910e-01  -1.5565111e+00
   8.0305505e-01   4.1173119e-01  -1.6076845e+00
   8.0303199e-01   4.1158362e-01  -1.6611756e+00
   8.0329947e-01   4.1201901e-01  -1.7159507e+00
   8.0260339e-01   4.1240273e-01  -1.7630876e+00
   8.0264705e-01   4.1243628e-01  -1.8193774e+00
   8.0387766e-01   4.1266487e-01  -1.8746787e+00
   8.0351916e-01   4.1337649e-01  -1.9138236e+00
   8.0395228e-01   4.1351555e-01  -1.9691398e+00
   8.0384595e-01   4.1417980e-01  -2.0191590e+00
   8.0458888e-01   4.1424429e-01  -2.0695544e+00
   8.0495291e-01   4.1452045e-01  -2.1333359e+00
   8.0575001e-01   4.1489442e-01  -2.1808685e+00
   8.0580246e-01   4.1530351e-01  -2.2462491e+00
   8.0600404e-01   4.1551635e-01  -2.2924806e+00
   8.0672533e-01   4.1587994e-01  -2.3416887e+00
   8.0700832e-01   4.1575869e-01  -2.3973477e+00
   8.0746846e-01   4.1581161e-01  -2.4519735e+00
   8.0856301e-01   4.1564875e-01  -2.5168293e+00
   8.0863789e-01   4.1557834e-01  -2.5654100e+00
   8.0878800e-01   4.1590054e-01  -2.6098313e+00
   8.0911253e-01   4.1625350e-01  -2.6538195e+00
   8.0910142e-01   4.1637692e-01  -2.7112414e+00
   8.0931667e-01   4.1635121e-01  -2.7561439e+00
   8.0953438e-01   4.1706289e-01  -2.8115840e+00
   8.1000304e-01   4.1730578e-01  -2.8631250e+00
   8.1162905e-01   4.1641937e-01  -2.9291183e+00
   8.1177829e-01   4.1676658e-01  -2.9718498e+00
   8.1313486e-01   4.1614906e-01  -3.0334876e+00
   8.1409297e-01   4.1601437e-01  -3.0806929e+00
   8.1374821e-01   4.1646882e-01  -3.1341155e+00
   8.1419836e-01   4.1643078e-01   3.1037871e+00
   8.1455535e-01   4.1647394e-01   3.0566861e+00
   8.1494314e-01   4.1649727e-01   3.0094886e+00
   8.1472606e-01   4.1653948e-01   2.9566422e+00
   8.1512477e-01   4.1672837e-01   2.9112794e+00
   8.1599962e-01   4.1641545e-01   2.8647581e+00
   8.1600227e-01   4.1551467e-01   2.7956666e+00
   8.1604924e-01   4.1539925e-01   2.7442252e+00
   8.1630517e-01   4.1557359e-01   2.7023795e+00
   8.1705618e-01   4.1391179e-01   2.6371497e+00
   8.1710722e-01   4.1359015e-01   2.5838489e+00
   8.1795453e-01   4.1390927e-01   2.5345607e+00
   8.1817002e-01   4.1340993e-01   2.4823985e+00
   8.1840885e-01   4.1308458e-01   2.4328377e+00
   8.1883044e-01   4.1308170e-01   2.3734811e+00
   8.1903012e-01   4.1262396e-01   2.3326310e+00
   8.1950231e-01   4.1240527e-01   2.2784096e+00
   8.1896540e-01   4.1195401e-01   2.2157947e+00
   8.1909487e-01   4.1089487e-01   2.1583794e+00
   8.1912129e-01   4.1028761e-01   2.1023080e+00
   8.1910505e-01   4.0991853e-01   2.0490258e+00
   8.1924053e-01   4.0998223e-01   1.9975831e+00
   8.1941449e-01   4.0907844e-01   1.9422236e+00
   8.1914630e-01   4.0815992e-01   1.8978921e+00
   8.1960862e-01   4.0844259e-01   1.8446809e+00
   8.1966199e-01   4.0759680e-01   1.7885290e+00
   8.1972978e-01   4.0765123e-01   1.7406716e+00
   8.1927588e-01   4.0703608e-01   1.6857979e+00
   8.1862563e-01   4.0713742e-01   1.6309717e+00
   8.1923850e-01   4.0704995e-01   1.5915827e+00
   8.1924928e-01   4.0686406e-01   1.5459903e+00
   8.1818319e-01   4.0631346e-01   1.4637633e+00
   8.1791641e-01   4.0618451e-01   1.4155628e+00
   8.1818510e-01   4.0588718e-01   1.3660151e+00
   8.1851493e-01   4.0503441e-01   1.3104196e+00
   8.1846917e-01   4.0452219e-01   1.2579233e+00
   8.1824065e-01   4.0431016e-01   1.2110526e+00
   8.1930884e-01   4.0628032e-01   1.1844856e+00
   8.2080421e-01   4.1002670e-01   1.1609474e+00
   8.2277545e-01   4.1390368e-01   1.1504821e+00
   8.2534211e-01   4.1825967e-01   1.1413222e+00
   8.2698545e-01   4.2275431e-01   1.1256375e+00
   8.2927041e-01   4.2739254e-01   1.1137092e+00
   8.3204158e-01   4.3192635e-01   1.1086530e+00
   8.3430561e-01   4.3667706e-01   1.0990776e+00
   8.3677797e-01   4.4097260e-01   1.0847480e+00
   8.3899006e-01   4.4493766e-01   1.0786268e+00
   8.4066136e-01   4.4919244e-01   1.0599801e+00
   8.4372874e-01   4.5412874e-01   1.0478677e+00
   8.4611517e-01   4.5801866e-01   1.0482172e+00
   8.4879523e-01   4.6233988e-01   1.0394743e+00
   8.5159381e-01   4.6677356e-01   1.0274995e+00
   8.5401273e-01   4.7018904e-01   1.0208433e+00
   8.5641982e-01   4.7465035e-01   1.0069605e+00
   8.5928298e-01   4.7908079e-01   9.9952116e-01
   8.6162014e-01   4.8328601e-01   9.8016079e-01
   8.6440689e-01   4.8703059e-01   9.7180512e-01
   8.6763730e-01   4.9194484e-01   9.5689161e-01
   8.7046480e-01   4.9576553e-01   9.4643668e-01
   8.7360908e-01   5.0010922e-01   9.4462193e-01
   8.7649962e-01   5.0387631e-01   9.3226665e-01
   8.7932318e-01   5.0723850e-01   9.2924871e-01
   8.8215302e-01   5.1199689e-01   9.1797875e-01
   8.8570925e-01   5.1559268e-01   9.0792052e-01
   8.8875622e-01   5.1881202e-01   8.9509654e-01
   8.9136110e-01   5.2346055e-01   8.8428300e-01
   8.9471960e-01   5.2652014e-01   8.8328570e-01
   8.9833817e-01   5.3090825e-01   8.6327130e-01
   9.0183593e-01   5.3428219e-01   8.5408577e-01
   9.0492516e-01   5.3754021e-01   8.3763364e-01
   9.0798496e-01   5.4126925e-01   8.1883460e-01
   9.1168693e-01   5.4517221e-01   8.2608258e-01
   9.1498687e-01   5.4898001e-01   8.1217592e-01
   9.1819001e-01   5.5192475e-01   7.9816205e-01
   9.2157242e-01   5.5536274e-01   7.8417287e-01
   9.2568948e-01   5.5940730e-01   7.8340538e-01
   9.2888566e-01   5.6240755e-01   7.7069800e-01
   9.3180371e-01   5.6595200e-01   7.6131207e-01
   9.3547241e-01   5.6960456e-01   7.5288469e-01
   9.3891126e-01   5.7208012e-01   7.3907565e-01
   9.4299051e-01   5.7563094e-01   7.3351838e-01
   9.4620679e-01   5.7928363e-01   7.2990952e-01
   9.5095528e-01   5.8294436e-01   7.1330385e-01
   9.5456738e-01   5.8612153e-01   7.0488326e-01
   9.5770396e-01   5.8899507e-01   6.8963390e-01
   9.6222832e-01   5.9213888e-01   6.8339678e-01
   9.6601361e-01   5.9465039e-01   6.7755040e-01
   9.6962501e-01   5.9840194e-01   6.6858365e-01
   9.7415887e-01   6.0187693e-01   6.5531275e-01
   9.7834115e-01   6.0504806e-01   6.4951895e-01
   9.8232224e-01   6.0772339e-01   6.4204005e-01
   9.8669071e-01   6.1065819e-01   6.2023347e-01
   9.9003006e-01   6.1340630e-01   6.1171105e-01
   9.9416545e-01   6.1686454e-01   6.0185601e-01
   9.9817154e-01   6.1923725e-01   5.9316328e-01
   1.0033197e+00   6.2192581e-01   5.9648511e-01
   1.0066015e+00   6.2486840e-01   5.7932353e-01
   1.0106955e+00   6.2746080e-01   5.6518537e-01
   1.0150444e+00   6.2991125e-01   5.6651403e-01
   1.0184252e+00   6.3245661e-01   5.5317695e-01
   1.0226528e+00   6.3493932e-01   5.4282189e-01
   1.0276746e+00   6.3792480e-01   5.3152790e-01
   1.0324890e+00   6.4041483e-01   5.2149049e-01
   1.0365993e+00   6.4306077e-01   5.1698304e-01
   1.0409393e+00   6.4612313e-01   4.9113031e-01
   1.0450210e+00   6.4838724e-01   4.8902664e-01
   1.0492687e+00   6.5037006e-01   4.8194909e-01
   1.0537282e+00   6.5249114e-01   4.6355098e-01
   1.0589753e+00   6.5502970e-01   4.5749312e-01
   1.0636500e+00   6.5706556e-01   4.3912885e-01
   1.0679641e+00   6.5875054e-01   4.3741267e-01
   1.0723441e+00   6.6106065e-01   4.2549500e-01
   1.0767874e+00   6.6304117e-01   4.1455282e-01
   1.0821074e+00   6.6595678e-01   4.0368389e-01
   1.0862185e+00   6.6694881e-01   3.8650919e-01
   1.0907180e+00   6.6866788e-01   3.8127973e-01
   1.0960891e+00   6.7096121e-01   3.6289881e-01
   1.1008086e+00   6.7251857e-01   3.5533208e-01
   1.1055752e+00   6.7467445e-01   3.5134810e-01
   1.1100110e+00   6.7563359e-01   3.4462681e-01
   1.1150781e+00   6.7766864e-01   3.3459052e-01
   1.1199126e+00   6.7898735e-01   3.2410854e-01
   1.1244105e+00   6.8057946e-01   3.1742719e-01
   1.1287691e+00   6.8182524e-01   3.0685182e-01
   1.1335893e+00   6.8354400e-01   2.9779767e-01
   1.1384101e+00   6.8483727e-01   2.9297635e-01
   1.1436462e+00   6.8651393e-01   2.8808498e-01
   1.1480578e+00   6.8718152e-01   2.7703639e-01
   1.1533115e+00   6.8906221e-01   2.7624625e-01
   1.1583449e+00   6.9001579e-01   2.5083859e-01
   1.1626671e+00   6.9089532e-01   2.5437801e-01
   1.1677047e+00   6.9279613e-01   2.4547093e-01
   1.1719736e+00   6.9329841e-01   2.3044123e-01
   1.1778943e+00   6.9441170e-01   2.2342369e-01
   1.1809848e+00   6.9515417e-01   2.1552996e-01
   1.1778731e+00   6.9484411e-01   2.0147117e-01
   1.1727407e+00   6.9373276e-01   1.5435325e-01
   1.1687873e+00   6.9252293e-01   1.4603370e-01
   1.1642938e+00   6.9228806e-01   1.3415298e-01
   1.1585233e+00   6.9130206e-01   1.2356101e-01
   1.1528982e+00   6.9167071e-01   1.1128018e-01
   1.1480773e+00   6.9128985e-01   9.7998800e-02
   1.1435661e+00   6.9085483e-01   8.6575687e-02
   1.1378358e+00   6.9054807e-01   7.6806837e-02
   1.1335769e+00   6.9056433e-01   6.7460522e-02
   1.1285212e+00   6.9013701e-01   5.6380859e-02
   1.1227172e+00   6.8951130e-01   4.0745824e-02
   1.1181488e+00   6.8963520e-01   3.2275621e-02
   1.1127811e+00   6.8931685e-01   1.9186409e-02
   1.1080138e+00   6.8957935e-01   2.0446291e-03
   1.1029576e+00   6.8946590e-01  -3.9959963e-03
   1.0988770e+00   6.8921396e-01  -1.4810181e-02
   1.0913457e+00   6.8959674e-01  -3.0260041e-02
   1.0874459e+00   6.9016615e-01  -3.9899491e-02
   1.0830787e+00   6.9046669e-01  -5.8835470e-02
   1.0781851e+00   6.9052947e-01  -6.6149833e-02
   1.0727384e+00   6.9125159e-01  -8.1381225e-02
   1.0687863e+00   6.9169909e-01  -8.8365299e-02
   1.0628782e+00   6.9211230e-01  -9.6587372e-02
   1.0577123e+00   6.9311189e-01  -1.1875782e-01
   1.0523037e+00   6.9356872e-01  -1.2237695e-01
   1.0475557e+00   6.9448986e-01  -1.2948384e-01
   1.0423308e+00   6.9487176e-01  -1.3593074e-01
   1.0376232e+00   6.9582164e-01  -1.5725647e-01
   1.0313124e+00   6.9683489e-01  -1.6879751e-01
   1.0267844e+00   6.9809947e-01  -1.7996689e-01
   1.0219744e+00   6.9903147e-01  -1.9103328e-01
   1.0171748e+00   7.0031233e-01  -1.9938755e-01
   1.0119539e+00   7.0111952e-01  -2.0894349e-01
   1.0070248e+00   7.0250124e-01  -2.1962996e-01
   1.0018173e+00   7.0346482e-01  -2.3474291e-01
   9.9695937e-01   7.0475010e-01  -2.4032587e-01
   9.9207645e-01   7.0589963e-01  -2.5318486e-01
   9.8651695e-01   7.0731137e-01  -2.6452872e-01
   9.8200311e-01   7.0897104e-01  -2.8344925e-01
   9.7673213e-01   7.1037319e-01  -2.8475015e-01
   9.7217524e-01   7.1186002e-01  -3.0154598e-01
   9.6614615e-01   7.1415819e-01  -3.1447090e-01
   9.6156735e-01   7.1572213e-01  -3.2281718e-01
   9.5670257e-01   7.1701451e-01  -3.3097912e-01
   9.5216051e-01   7.1909445e-01  -3.4657274e-01
   9.4690515e-01   7.2100453e-01  -3.6356099e-01
   9.4262187e-01   7.2300825e-01  -3.6737209e-01
   9.3790761e-01   7.2497598e-01  -3.8120404e-01
   9.3337850e-01   7.2663733e-01  -3.7437278e-01
   9.2877931e-01   7.2854934e-01  -3.7156758e-01
   9.2417114e-01   7.3016357e-01  -3.5870282e-01
   9.1970408e-01   7.3146111e-01  -3.4938574e-01
   9.1539795e-01   7.3305257e-01  -3.4564671e-01
   9.1055309e-01   7.3519772e-01  -3.3819517e-01
   9.0597504e-01   7.3741638e-01  -3.3610904e-01
   9.0087841e-01   7.3917166e-01  -3.2459735e-01
   8.9614615e-01   7.4074076e-01  -3.1837694e-01
   8.9198364e-01   7.4232950e-01  -3.1037217e-01
   8.8749736e-01   7.4415437e-01  -3.0862642e-01
   8.8314109e-01   7.4556366e-01  -2.9979055e-01
   8.7844119e-01   7.4677945e-01  -2.9093829e-01
   8.7344428e-01   7.4825032e-01  -2.8006480e-01
   8.6881310e-01   7.4994533e-01  -2.7641520e-01
   8.6405182e-01   7.5111138e-01  -2.7520039e-01
   8.5978130e-01   7.5256601e-01  -2.6668710e-01
   8.5443672e-01   7.5387112e-01  -2.5727157e-01
   8.4971727e-01   7.5600310e-01  -2.5284751e-01
   8.4516508e-01   7.5730785e-01  -2.4189985e-01
   8.4055287e-01   7.5832526e-01  -2.3267107e-01
   8.3625672e-01   7.5948737e-01  -2.2490358e-01
   8.3081627e-01   7.6051846e-01  -2.2337509e-01
   8.2664555e-01   7.6128737e-01  -2.2389476e-01
   8.2154962e-01   7.6251544e-01  -2.1576741e-01
   8.1654224e-01   7.6352572e-01  -2.1057490e-01
   8.1173968e-01   7.6455415e-01  -2.0673661e-01
   8.0700046e-01   7.6576820e-01  -1.9356843e-01
   8.0295706e-01   7.6697075e-01  -1.9119657e-01
   7.9819657e-01   7.6754609e-01  -1.8333130e-01
   7.9249141e-01   7.6841702e-01  -1.8380621e-01
   7.8755610e-01   7.6992625e-01  -1.6580923e-01
   7.8325485e-01   7.7027059e-01  -1.5611548e-01
   7.7813289e-01   7.7127413e-01  -1.5151056e-01
   7.7331018e-01   7.7248541e-01  -1.4609851e-01
   7.6892215e-01   7.7264525e-01  -1.3798763e-01
   7.6450425e-01   7.7349533e-01  -1.3393712e-01
   7.5919111e-01   7.7393904e-01  -1.2453280e-01
   7.5420868e-01   7.7548324e-01  -1.2557438e-01
   7.4963899e-01   7.7573314e-01  -1.1431242e-01
   7.4486966e-01   7.7623556e-01  -1.0957784e-01
   7.3926916e-01   7.7691819e-01  -9.7717287e-02
   7.3431607e-01   7.7782726e-01  -9.7201132e-02
   7.2961003e-01   7.7811764e-01  -8.9011975e-02
   7.2448195e-01   7.7857208e-01  -8.0521340e-02
   7.1955504e-01   7.7897054e-01  -7.8182110e-02
   7.1482045e-01   7.7938058e-01  -7.0027750e-02
   7.1010734e-01   7.7970390e-01  -5.9198090e-02
   7.0670470e-01   7.7975947e-01  -5.0160377e-02
   7.0661500e-01   7.7981328e-01  -5.3325852e-02
   7.0665666e-01   7.7981140e-01  -5.2809071e-02
   7.0659198e-01   7.7970544e-01  -5.3815139e-02
   7.0663817e-01   7.7966936e-01  -5.2776439e-02
   7.0659030e-01   7.7973391e-01  -5.2747867e-02
   7.0671856e-01   7.7968482e-01  -5.4329249e-02
   7.0659351e-01   7.7975136e-01  -5.3110718e-02
   7.0662549e-01   7.7975477e-01  -5.1931253e-02
   7.0656385e-01   7.7977395e-01  -5.2847116e-02
   7.0659555e-01   7.7972007e-01  -5.3726043e-02
   7.0657477e-01   7.7975804e-01  -5.3730261e-02
   7.0659991e-01   7.7966852e-01  -5.2724385e-02
   7.0662275e-01   7.7990614e-01  -5.2126819e-02
   7.0657208e-01   7.7964864e-01  -5.3397677e-02
   7.0670710e-01   7.7979962e-01  -5.5123012e-02
   7.0656116e-01   7.7974136e-01  -5.3001574e-02
