  -3.9085823e-01   9.2045089e-01
  -3.9030416e-01   9.2068598e-01
  -3.8978633e-01   9.2090533e-01
  -3.8926044e-01   9.2112774e-01
  -3.8871023e-01   9.2136006e-01
  -3.8820845e-01   9.2157159e-01
  -3.8770800e-01   9.2178225e-01
  -3.8720712e-01   9.2199276e-01
  -3.8661428e-01   9.2224151e-01
  -3.8611683e-01   9.2244988e-01
  -3.8559936e-01   9.2266632e-01
  -3.8509819e-01   9.2287560e-01
  -3.8459660e-01   9.2308475e-01
  -3.8409516e-01   9.2329351e-01
  -3.8353996e-01   9.2352428e-01
  -3.8302319e-01   9.2373873e-01
  -3.8252328e-01   9.2394585e-01
  -3.8202143e-01   9.2415346e-01
  -3.8151944e-01   9.2436081e-01
  -3.8101704e-01   9.2456801e-01
  -3.8052366e-01   9.2477119e-01
  -3.8095782e-01   9.2459242e-01
  -3.7992685e-01   9.2501653e-01
  -3.7919286e-01   9.2531766e-01
  -3.7871167e-01   9.2551470e-01
  -3.7900556e-01   9.2539440e-01
  -3.7917725e-01   9.2532406e-01
  -3.7925397e-01   9.2529261e-01
  -3.7917567e-01   9.2532471e-01
  -3.7941876e-01   9.2522506e-01
  -3.8037139e-01   9.2483382e-01
  -3.8062133e-01   9.2473099e-01
  -3.8104437e-01   9.2455675e-01
  -3.8049103e-01   9.2478461e-01
  -3.8036827e-01   9.2483511e-01
  -3.7986294e-01   9.2504278e-01
  -3.7952621e-01   9.2518099e-01
  -3.7928795e-01   9.2527869e-01
  -3.7911067e-01   9.2535134e-01
  -3.7906809e-01   9.2536878e-01
  -3.7932105e-01   9.2526512e-01
  -3.7923892e-01   9.2529879e-01
  -3.7935488e-01   9.2525125e-01
  -3.7964870e-01   9.2513073e-01
  -3.7957453e-01   9.2516116e-01
  -3.7991277e-01   9.2502232e-01
  -3.8045189e-01   9.2480071e-01
  -3.8015013e-01   9.2492479e-01
  -3.7988189e-01   9.2503500e-01
  -3.8003865e-01   9.2497061e-01
  -3.7979547e-01   9.2507048e-01
  -3.7991477e-01   9.2502149e-01
  -3.8026339e-01   9.2487824e-01
  -3.8011606e-01   9.2493880e-01
  -3.8014846e-01   9.2492548e-01
  -3.8015627e-01   9.2492227e-01
  -3.8028350e-01   9.2486997e-01
  -3.8106914e-01   9.2454654e-01
  -3.8172087e-01   9.2427765e-01
  -3.8192951e-01   9.2419146e-01
  -3.8202473e-01   9.2415210e-01
  -3.8145787e-01   9.2438623e-01
  -3.8067051e-01   9.2471074e-01
  -3.8065414e-01   9.2471748e-01
  -3.8029699e-01   9.2486442e-01
  -3.8010380e-01   9.2494384e-01
  -3.7986594e-01   9.2504155e-01
  -3.8007366e-01   9.2495622e-01
  -3.7996753e-01   9.2499983e-01
  -3.7988163e-01   9.2503511e-01
  -3.7992011e-01   9.2501930e-01
  -3.8013527e-01   9.2493090e-01
  -3.8027283e-01   9.2487436e-01
  -3.8061038e-01   9.2473550e-01
  -3.8065035e-01   9.2471905e-01
  -3.8032680e-01   9.2485216e-01
  -3.8029769e-01   9.2486413e-01
  -3.8021933e-01   9.2489635e-01
  -3.7996802e-01   9.2499962e-01
  -3.8009578e-01   9.2494713e-01
  -3.8003801e-01   9.2497087e-01
  -3.8027747e-01   9.2487245e-01
  -3.8051424e-01   9.2477506e-01
  -3.8062225e-01   9.2473061e-01
  -3.8100173e-01   9.2457432e-01
  -3.8157362e-01   9.2433845e-01
  -3.8188053e-01   9.2421170e-01
  -3.8223819e-01   9.2406383e-01
  -3.8165774e-01   9.2430372e-01
  -3.8102930e-01   9.2456296e-01
  -3.8106957e-01   9.2454636e-01
  -3.8047896e-01   9.2478958e-01
  -3.8005485e-01   9.2496395e-01
  -3.8030625e-01   9.2486061e-01
  -3.8026680e-01   9.2487684e-01
  -3.8010418e-01   9.2494368e-01
  -3.8002303e-01   9.2497702e-01
  -3.8004695e-01   9.2496720e-01
  -3.8006127e-01   9.2496132e-01
  -3.8056999e-01   9.2475212e-01
  -3.8051829e-01   9.2477339e-01
  -3.8044390e-01   9.2480400e-01
  -3.8052962e-01   9.2476873e-01
  -3.8042563e-01   9.2481152e-01
  -3.8009961e-01   9.2494556e-01
  -3.8021035e-01   9.2490004e-01
  -3.8040057e-01   9.2482182e-01
  -3.8025531e-01   9.2488156e-01
  -3.8048710e-01   9.2478623e-01
  -3.8057766e-01   9.2474896e-01
  -3.8053614e-01   9.2476605e-01
  -3.8111445e-01   9.2452787e-01
  -3.8170251e-01   9.2428523e-01
  -3.8205437e-01   9.2413985e-01
  -3.8278487e-01   9.2383751e-01
  -3.8250579e-01   9.2395309e-01
  -3.8191174e-01   9.2419880e-01
  -3.8135100e-01   9.2443032e-01
  -3.8110225e-01   9.2453289e-01
  -3.8988264e-01   9.2086455e-01
  -4.0325631e-01   9.1508707e-01
  -4.2022935e-01   9.0741793e-01
  -4.3934934e-01   8.9831629e-01
  -4.6197906e-01   8.8689083e-01
  -4.8245665e-01   8.7591985e-01
  -5.0279219e-01   8.6440732e-01
  -5.2327053e-01   8.5216662e-01
  -5.4369110e-01   8.3928541e-01
  -5.6584293e-01   8.2451305e-01
  -5.8524008e-01   8.1086007e-01
  -6.0463670e-01   7.9650139e-01
  -6.2400550e-01   7.8141995e-01
  -6.4293433e-01   7.6592131e-01
  -6.6183444e-01   7.4965003e-01
  -6.8023353e-01   7.3299546e-01
  -7.0010724e-01   7.1403771e-01
  -7.1744139e-01   6.9661887e-01
  -7.3460130e-01   6.7849903e-01
  -7.5093466e-01   6.6037652e-01
  -7.6699216e-01   6.4165647e-01
  -7.8263682e-01   6.2247860e-01
  -7.9925663e-01   6.0098988e-01
  -8.1365597e-01   5.8134669e-01
  -8.2762064e-01   5.6128788e-01
  -8.4115246e-01   5.4079805e-01
  -8.5415225e-01   5.2002301e-01
  -8.6666325e-01   4.9889359e-01
  -8.7844240e-01   4.7784825e-01
  -8.9131299e-01   4.5338852e-01
  -9.0215343e-01   4.3141533e-01
  -9.1251153e-01   4.0905097e-01
  -9.2220300e-01   3.8670612e-01
  -9.3144779e-01   3.6387499e-01
  -9.4013166e-01   3.4081148e-01
  -9.4890703e-01   3.1555578e-01
  -9.5625440e-01   2.9253637e-01
  -9.6309810e-01   2.6915063e-01
  -9.6932601e-01   2.4577855e-01
  -9.7503564e-01   2.2204843e-01
  -9.8016011e-01   1.9820734e-01
  -9.8459891e-01   1.7482846e-01
  -9.8907192e-01   1.4743383e-01
  -9.9239507e-01   1.2309357e-01
  -9.9512530e-01   9.8618596e-02
  -9.9727213e-01   7.3812553e-02
  -9.9879026e-01   4.9173287e-02
  -9.9975312e-01   2.2219247e-02
  -9.9999763e-01  -2.1755726e-03
  -9.9964823e-01  -2.6521909e-02
  -9.9870708e-01  -5.0834806e-02
  -9.9716602e-01  -7.5232486e-02
  -9.9501651e-01  -9.9710302e-02
  -9.9225663e-01  -1.2420455e-01
  -9.8857120e-01  -1.5075469e-01
  -9.8456473e-01  -1.7502085e-01
  -9.7995543e-01  -1.9921688e-01
  -9.7480229e-01  -2.2307059e-01
  -9.6906513e-01  -2.4680514e-01
  -9.6277294e-01  -2.7031142e-01
  -9.5512807e-01  -2.9619312e-01
  -9.4783096e-01  -3.1877339e-01
  -9.3984139e-01  -3.4161111e-01
  -9.3123186e-01  -3.6442726e-01
  -9.2208185e-01  -3.8699492e-01
  -9.1237784e-01  -4.0934908e-01
  -9.0222502e-01  -4.3126560e-01
  -8.9013051e-01  -4.5570569e-01
  -8.7871902e-01  -4.7733939e-01
  -8.6676093e-01  -4.9872386e-01
  -8.5415252e-01  -5.2002257e-01
  -8.4107039e-01  -5.4092568e-01
  -8.2753914e-01  -5.6140802e-01
  -8.1198656e-01  -5.8367613e-01
  -7.9760286e-01  -6.0318296e-01
  -7.8248956e-01  -6.2266370e-01
  -7.6682533e-01  -6.4185584e-01
  -7.5075213e-01  -6.6058401e-01
  -7.3426745e-01  -6.7886031e-01
  -7.1807738e-01  -6.9596327e-01
  -6.9864288e-01  -7.1547056e-01
  -6.8082352e-01  -7.3244749e-01
  -6.6278573e-01  -7.4880910e-01
  -6.4410592e-01  -7.6493631e-01
  -6.2491172e-01  -7.8069542e-01
  -6.0378134e-01  -7.9714998e-01
  -5.8400969e-01  -8.1174668e-01
  -5.6403657e-01  -8.2574981e-01
  -5.4394790e-01  -8.3911899e-01
  -5.2331905e-01  -8.5213683e-01
  -5.0232655e-01  -8.6467799e-01
  -4.8111674e-01  -8.7665654e-01
  -4.5991433e-01  -8.8796329e-01
  -4.3547663e-01  -9.0020004e-01
  -4.1369263e-01  -9.1041661e-01
  -3.9128234e-01  -9.2027068e-01
  -3.6848787e-01  -9.2963256e-01
  -3.4554893e-01  -9.3840074e-01
  -3.2573369e-01  -9.4546156e-01
  -3.1443689e-01  -9.4927838e-01
  -3.0496743e-01  -9.5236278e-01
  -2.9814282e-01  -9.5452127e-01
  -2.9205263e-01  -9.5640225e-01
  -2.8721940e-01  -9.5786482e-01
  -2.8176599e-01  -9.5948316e-01
  -2.7552151e-01  -9.6129491e-01
  -2.7154442e-01  -9.6242591e-01
  -2.6688678e-01  -9.6372789e-01
  -2.6091203e-01  -9.6536258e-01
  -2.5524064e-01  -9.6687756e-01
  -2.5148359e-01  -9.6786156e-01
  -2.4461293e-01  -9.6962081e-01
  -2.3921275e-01  -9.7096718e-01
  -2.3483538e-01  -9.7203516e-01
  -2.2883309e-01  -9.7346567e-01
  -2.2269250e-01  -9.7488874e-01
  -2.1813826e-01  -9.7591788e-01
  -2.1503781e-01  -9.7660572e-01
  -2.0882273e-01  -9.7795351e-01
  -2.0553677e-01  -9.7864939e-01
  -1.9967656e-01  -9.7986186e-01
  -1.9430834e-01  -9.8094050e-01
  -1.8985699e-01  -9.8181176e-01
  -1.8572447e-01  -9.8260186e-01
  -1.8040615e-01  -9.8359220e-01
  -1.7523756e-01  -9.8452618e-01
  -1.7027561e-01  -9.8539648e-01
  -1.6500957e-01  -9.8629197e-01
  -1.6100454e-01  -9.8695367e-01
  -1.5513840e-01  -9.8789275e-01
  -1.4915796e-01  -9.8881338e-01
  -1.4382939e-01  -9.8960250e-01
  -1.3971309e-01  -9.9019203e-01
  -1.3414559e-01  -9.9096163e-01
  -1.2881472e-01  -9.9166868e-01
  -1.2505733e-01  -9.9214952e-01
  -1.1868475e-01  -9.9293199e-01
  -1.1284817e-01  -9.9361224e-01
  -1.0772295e-01  -9.9418095e-01
  -1.0297500e-01  -9.9468394e-01
  -9.8386748e-02  -9.9514825e-01
  -9.4100164e-02  -9.9556273e-01
  -8.7736303e-02  -9.9614374e-01
  -8.2033693e-02  -9.9662956e-01
  -7.6853273e-02  -9.9704241e-01
  -7.0447462e-02  -9.9751549e-01
  -6.5464485e-02  -9.9785490e-01
  -6.1513474e-02  -9.9810625e-01
  -5.6081589e-02  -9.9842619e-01
  -5.0397984e-02  -9.9872921e-01
  -4.7317620e-02  -9.9887989e-01
  -4.1847605e-02  -9.9912401e-01
  -3.7017972e-02  -9.9931460e-01
  -3.1388478e-02  -9.9950726e-01
  -2.7466249e-02  -9.9962273e-01
  -2.2175604e-02  -9.9975409e-01
  -1.7418367e-02  -9.9984829e-01
  -1.1562230e-02  -9.9993316e-01
  -5.9510498e-03  -9.9998229e-01
  -1.2241002e-03  -9.9999925e-01
   2.9947703e-03  -9.9999552e-01
   9.5441283e-03  -9.9995445e-01
   1.4972394e-02  -9.9988791e-01
   1.8910203e-02  -9.9982119e-01
   2.4641055e-02  -9.9969636e-01
   2.9444562e-02  -9.9956641e-01
   3.3275523e-02  -9.9944622e-01
   3.8730836e-02  -9.9924968e-01
   4.4967316e-02  -9.9898846e-01
   5.1043293e-02  -9.9869644e-01
   5.4628705e-02  -9.9850674e-01
   6.0237995e-02  -9.9818404e-01
   6.6343598e-02  -9.9779684e-01
   7.2181537e-02  -9.9739151e-01
   7.7583791e-02  -9.9698584e-01
   8.1758674e-02  -9.9665216e-01
   8.7870009e-02  -9.9613195e-01
   9.3322620e-02  -9.9563592e-01
   9.6835771e-02  -9.9530037e-01
   1.0067678e-01  -9.9491919e-01
   1.0641492e-01  -9.9432181e-01
   1.1207513e-01  -9.9369974e-01
   1.1722418e-01  -9.9310548e-01
   1.2104112e-01  -9.9264749e-01
   1.2664027e-01  -9.9194871e-01
   1.3234124e-01  -9.9120422e-01
   1.3726545e-01  -9.9053430e-01
   1.4158992e-01  -9.8992540e-01
   1.4767275e-01  -9.8903628e-01
   1.5302463e-01  -9.8822237e-01
   1.5896898e-01  -9.8728358e-01
   1.6386172e-01  -9.8648332e-01
   1.6897318e-01  -9.8562065e-01
   1.7303119e-01  -9.8491635e-01
   1.7777180e-01  -9.8407174e-01
   1.8309169e-01  -9.8309584e-01
   1.8329398e-01  -9.8305814e-01
   1.9546754e-01  -9.8071017e-01
   1.9911528e-01  -9.7997607e-01
   2.0420427e-01  -9.7892830e-01
   2.0972474e-01  -9.7776047e-01
   2.1390609e-01  -9.7685423e-01
   2.1997458e-01  -9.7550560e-01
   2.2598138e-01  -9.7413162e-01
   2.3024834e-01  -9.7313190e-01
   2.3473561e-01  -9.7205925e-01
   2.3891731e-01  -9.7103992e-01
   2.4534846e-01  -9.6943496e-01
   2.4955574e-01  -9.6836044e-01
   2.5455690e-01  -9.6705780e-01
   2.5996353e-01  -9.6561843e-01
   2.6373398e-01  -9.6459545e-01
   2.6790122e-01  -9.6344639e-01
   2.7333536e-01  -9.6191880e-01
   2.7923218e-01  -9.6022361e-01
   2.8406674e-01  -9.5880451e-01
   2.8957576e-01  -9.5715510e-01
   2.9489893e-01  -9.5552845e-01
   2.9870663e-01  -9.5434498e-01
   3.0346105e-01  -9.5284385e-01
   3.1041646e-01  -9.5060066e-01
   3.1446876e-01  -9.4926782e-01
   3.1912293e-01  -9.4771333e-01
   3.2421982e-01  -9.4598177e-01
   3.2879326e-01  -9.4440192e-01
   3.3246617e-01  -9.4311518e-01
   3.3865755e-01  -9.4090970e-01
   3.4335235e-01  -9.3920667e-01
   3.4876721e-01  -9.3720938e-01
   3.5297084e-01  -9.3563432e-01
   3.5894158e-01  -9.3336003e-01
   3.6340501e-01  -9.3163126e-01
   3.6785829e-01  -9.2988186e-01
   3.7293716e-01  -9.2785660e-01
   3.7659129e-01  -9.2637951e-01
   3.8079849e-01  -9.2465805e-01
   3.8389718e-01  -9.2337585e-01
   3.8918217e-01  -9.2116081e-01
   3.9516901e-01  -9.1860843e-01
   4.0069420e-01  -9.1621185e-01
   4.0438937e-01  -9.1458692e-01
   4.1051486e-01  -9.1185391e-01
   4.1438469e-01  -9.1010182e-01
   4.1965478e-01  -9.0768379e-01
   4.2380050e-01  -9.0575556e-01
   4.1970709e-01  -9.0765961e-01
   4.1551946e-01  -9.0958429e-01
   4.1089335e-01  -9.1168342e-01
   4.0662099e-01  -9.1359694e-01
   4.0230642e-01  -9.1550508e-01
   3.9661297e-01  -9.1798592e-01
   3.9221413e-01  -9.1987395e-01
   3.8780617e-01  -9.2174095e-01
   3.8327301e-01  -9.2363510e-01
   3.7886582e-01  -9.2545162e-01
   3.7419372e-01  -9.2735056e-01
   3.6927327e-01  -9.2932085e-01
   3.6475489e-01  -9.3110357e-01
   3.5938392e-01  -9.3318980e-01
   3.5465204e-01  -9.3499836e-01
   3.5005658e-01  -9.3672856e-01
   3.4532354e-01  -9.3848370e-01
   3.3982163e-01  -9.4048990e-01
   3.3400290e-01  -9.4257205e-01
   3.2869660e-01  -9.4443557e-01
   3.2350737e-01  -9.4622565e-01
   3.1858701e-01  -9.4789362e-01
   3.1399541e-01  -9.4942450e-01
   3.0941114e-01  -9.5092836e-01
   3.0510352e-01  -9.5231919e-01
   3.0010756e-01  -9.5390537e-01
   2.9531925e-01  -9.5539863e-01
   2.9088980e-01  -9.5675657e-01
   2.8601782e-01  -9.5822430e-01
   2.8133601e-01  -9.5960932e-01
   2.7663218e-01  -9.6097588e-01
   2.7130871e-01  -9.6249238e-01
   2.6665526e-01  -9.6379198e-01
   2.6195226e-01  -9.6508083e-01
   2.5636570e-01  -9.6657986e-01
   2.5149897e-01  -9.6785757e-01
   2.4673291e-01  -9.6908352e-01
   2.4197887e-01  -9.7028152e-01
   2.3662106e-01  -9.7160201e-01
   2.3210392e-01  -9.7269099e-01
   2.2725468e-01  -9.7383536e-01
   2.2241457e-01  -9.7495218e-01
   2.1758052e-01  -9.7604237e-01
   2.1231212e-01  -9.7720190e-01
   2.0688263e-01  -9.7836577e-01
   2.0209800e-01  -9.7936530e-01
   1.9804245e-01  -9.8019344e-01
   1.9179185e-01  -9.8143563e-01
   1.8719320e-01  -9.8232312e-01
   1.8629395e-01  -9.8249405e-01
   1.8559704e-01  -9.8262594e-01
   1.8499927e-01  -9.8273866e-01
   1.8446540e-01  -9.8283901e-01
   1.8393144e-01  -9.8293907e-01
   1.8339746e-01  -9.8303884e-01
   1.8286358e-01  -9.8313830e-01
   1.8227188e-01  -9.8324817e-01
   1.8163225e-01  -9.8336653e-01
   1.8107877e-01  -9.8346860e-01
   1.8047326e-01  -9.8357989e-01
   1.7993787e-01  -9.8367798e-01
   1.7940451e-01  -9.8377539e-01
   1.7887010e-01  -9.8387270e-01
   1.7834583e-01  -9.8396787e-01
   1.7774753e-01  -9.8407612e-01
