   6.0000000e+01
   6.0000000e+01
   6.0000000e+01
   6.1000000e+01
   6.0000000e+01
   5.9000000e+01
   6.0000000e+01
   6.0000000e+01
   6.0000000e+01
   6.0000000e+01
   6.0000000e+01
   6.0000000e+01
   6.0000000e+01
   6.0000000e+01
   6.0000000e+01
   6.0000000e+01
   6.0000000e+01
   6.1000000e+01
   6.0000000e+01
   6.0000000e+01
   6.0000000e+01
   6.0000000e+01
   5.9000000e+01
   5.9000000e+01
   1.3600000e+02
   5.5000000e+02
   7.5300000e+02
   7.6300000e+02
   7.6900000e+02
   7.5700000e+02
   7.5700000e+02
   7.5700000e+02
   7.6000000e+02
   7.6500000e+02
   7.6300000e+02
   7.6200000e+02
   6.5200000e+02
   1.9200000e+02
   6.0000000e+01
   5.9000000e+01
   5.9000000e+01
   6.0000000e+01
   5.9000000e+01
   6.0000000e+01
   5.8000000e+01
   5.9000000e+01
   5.9000000e+01
   5.9000000e+01
   1.8800000e+02
   6.4300000e+02
   7.6100000e+02
   7.7000000e+02
   7.7100000e+02
   7.7300000e+02
   6.0400000e+02
   1.4600000e+02
   6.0000000e+01
   6.0000000e+01
   6.0000000e+01
   6.1000000e+01
   2.2900000e+02
   6.5900000e+02
   7.5200000e+02
   7.4900000e+02
   7.5000000e+02
   7.4800000e+02
   4.9800000e+02
   1.0300000e+02
   6.2000000e+01
   6.1000000e+01
   6.0000000e+01
   6.1000000e+01
   2.9300000e+02
   6.9100000e+02
   7.5700000e+02
   7.5100000e+02
   7.5100000e+02
   7.5200000e+02
   4.6900000e+02
   9.0000000e+01
   5.9000000e+01
   6.0000000e+01
   6.0000000e+01
   6.0000000e+01
   6.0000000e+01
   6.0000000e+01
   6.0000000e+01
   6.2000000e+01
   5.9000000e+01
   5.9000000e+01
   6.1000000e+01
   5.8000000e+01
   5.8000000e+01
   5.8000000e+01
   5.8000000e+01
   7.4000000e+01
   4.3000000e+02
   7.2800000e+02
   7.4800000e+02
   7.5600000e+02
   7.5200000e+02
   7.3200000e+02
   3.4300000e+02
   6.4000000e+01
   5.9000000e+01
   5.9000000e+01
   6.0000000e+01
   8.3000000e+01
   4.7800000e+02
   7.6000000e+02
   7.7200000e+02
   7.6600000e+02
   7.6200000e+02
   7.6000000e+02
   7.6300000e+02
   7.6500000e+02
   7.6000000e+02
   7.5900000e+02
   7.5500000e+02
   6.8600000e+02
   5.0400000e+02
   4.7900000e+02
   4.3000000e+02
   2.8700000e+02
   1.0600000e+02
   6.1000000e+01
   5.9000000e+01
   5.9000000e+01
   5.9000000e+01
   5.9000000e+01
   6.0000000e+01
   5.9000000e+01
   5.9000000e+01
   6.0000000e+01
   6.0000000e+01
   5.9000000e+01
   5.9000000e+01
   6.0000000e+01
   6.0000000e+01
   6.0000000e+01
   7.1000000e+01
   1.2600000e+02
   1.1100000e+02
   6.4000000e+01
   6.0000000e+01
   5.9000000e+01
   5.9000000e+01
   5.9000000e+01
   6.0000000e+01
   1.1600000e+02
   4.6300000e+02
   7.1900000e+02
   7.5000000e+02
   7.5900000e+02
   7.6700000e+02
   7.7000000e+02
   7.6000000e+02
   6.5300000e+02
   2.7800000e+02
   7.0000000e+01
   6.0000000e+01
   6.5000000e+01
   9.4000000e+01
   1.7900000e+02
   3.6800000e+02
   5.8200000e+02
   7.1900000e+02
   7.5000000e+02
   7.5500000e+02
   7.5800000e+02
   7.6600000e+02
   7.5600000e+02
   7.5200000e+02
   7.4000000e+02
   6.3100000e+02
   2.7400000e+02
   7.4000000e+01
   6.1000000e+01
   5.9000000e+01
   5.9000000e+01
   5.9000000e+01
   6.0000000e+01
   6.0000000e+01
   6.0000000e+01
   6.0000000e+01
   6.0000000e+01
   6.0000000e+01
   5.9000000e+01
   5.9000000e+01
   6.0000000e+01
   8.4000000e+01
   3.4500000e+02
   6.5800000e+02
   7.3600000e+02
   7.4400000e+02
   7.4900000e+02
   7.4500000e+02
   7.4900000e+02
   7.4800000e+02
   7.4200000e+02
   6.7700000e+02
   4.7000000e+02
   2.4100000e+02
   1.1100000e+02
   6.8000000e+01
   6.2000000e+01
   6.1000000e+01
   5.9000000e+01
   5.9000000e+01
   5.8000000e+01
   5.8000000e+01
   5.9000000e+01
   5.9000000e+01
   5.9000000e+01
   5.8000000e+01
   6.4000000e+01
   2.7500000e+02
   6.4000000e+02
   7.3400000e+02
   7.5700000e+02
   7.6700000e+02
   7.6200000e+02
   7.6200000e+02
   7.6300000e+02
   7.6400000e+02
   7.6400000e+02
   7.6100000e+02
   7.6100000e+02
   7.3900000e+02
   4.3500000e+02
   9.8000000e+01
   6.0000000e+01
   5.9000000e+01
   6.1000000e+01
   6.0000000e+01
   1.4600000e+02
   5.0200000e+02
   7.4300000e+02
   7.7900000e+02
   7.8500000e+02
   7.7000000e+02
   7.6600000e+02
   7.6900000e+02
   7.5400000e+02
   6.2300000e+02
   7.0000000e+02
   7.5200000e+02
   7.5800000e+02
   7.6400000e+02
   7.6400000e+02
   7.5900000e+02
   7.6000000e+02
   7.6300000e+02
   7.6500000e+02
   7.6200000e+02
   7.6500000e+02
   7.6500000e+02
   7.6900000e+02
   7.6300000e+02
   7.6700000e+02
   7.7100000e+02
   7.4800000e+02
   5.8900000e+02
   2.9300000e+02
   1.0300000e+02
   6.4000000e+01
   2.0400000e+02
   6.3100000e+02
   7.4900000e+02
   7.5400000e+02
   7.6100000e+02
   7.5200000e+02
   7.2500000e+02
   6.6600000e+02
   7.4800000e+02
   7.6200000e+02
   7.6400000e+02
   7.7100000e+02
   7.7800000e+02
   7.7600000e+02
   7.6900000e+02
   7.6800000e+02
   7.6600000e+02
   7.6900000e+02
   7.7400000e+02
   7.3200000e+02
   3.2000000e+02
   6.9000000e+01
   6.1000000e+01
   6.0000000e+01
   6.0000000e+01
   6.0000000e+01
   6.0000000e+01
   6.0000000e+01
   6.1000000e+01
   6.0000000e+01
   6.1000000e+01
   7.4000000e+01
   4.6300000e+02
   7.5900000e+02
   7.7500000e+02
   7.6900000e+02
   7.5800000e+02
   7.2100000e+02
   3.4400000e+02
   7.0000000e+01
   6.5000000e+01
   7.4000000e+01
   9.3000000e+01
   1.5100000e+02
   4.5100000e+02
   5.4800000e+02
   4.7400000e+02
   4.1000000e+02
   3.3200000e+02
   3.0300000e+02
   5.8400000e+02
   7.3900000e+02
   7.4900000e+02
   7.5100000e+02
   7.3800000e+02
   4.6800000e+02
   9.6000000e+01
   6.1000000e+01
   6.0000000e+01
   6.1000000e+01
   6.2000000e+01
   1.9400000e+02
   6.3000000e+02
   7.5800000e+02
   7.5800000e+02
   7.5800000e+02
   7.4900000e+02
   6.6600000e+02
   2.5000000e+02
   6.2000000e+01
   6.1000000e+01
   6.1000000e+01
   6.1000000e+01
   6.0000000e+01
   6.0000000e+01
   6.0000000e+01
   5.9000000e+01
   6.0000000e+01
   6.0000000e+01
   7.3000000e+01
   1.9000000e+02
   2.5500000e+02
   2.3400000e+02
   2.3100000e+02
   2.0400000e+02
   1.8400000e+02
   1.4600000e+02
   1.2900000e+02
   1.2600000e+02
   1.1400000e+02
   9.3000000e+01
   1.1000000e+02
   4.7400000e+02
   7.4000000e+02
   7.4400000e+02
   7.4900000e+02
   7.5100000e+02
   7.5700000e+02
   7.5900000e+02
   7.5700000e+02
   7.5800000e+02
   7.5300000e+02
   7.5700000e+02
   7.5700000e+02
   6.4400000e+02
   2.3600000e+02
   6.1000000e+01
   6.0000000e+01
   6.1000000e+01
   6.1000000e+01
   7.8000000e+01
   3.8300000e+02
   7.2300000e+02
   7.5300000e+02
   7.5700000e+02
   7.5400000e+02
   7.4900000e+02
   5.6100000e+02
   1.4600000e+02
   6.0000000e+01
   6.1000000e+01
   6.4000000e+01
   7.8000000e+01
   1.9600000e+02
   4.5300000e+02
   3.6900000e+02
   2.2200000e+02
   1.2300000e+02
   7.5000000e+01
   6.2000000e+01
   6.0000000e+01
   6.1000000e+01
   6.1000000e+01
   6.1000000e+01
   6.0000000e+01
   6.1000000e+01
   6.2000000e+01
   6.1000000e+01
   6.1000000e+01
   6.1000000e+01
   6.1000000e+01
   6.1000000e+01
   6.1000000e+01
   6.1000000e+01
   6.1000000e+01
   6.0000000e+01
   6.2000000e+01
   6.2000000e+01
   6.3000000e+01
   6.3000000e+01
   6.2000000e+01
   6.2000000e+01
   6.2000000e+01
   6.2000000e+01
   6.3000000e+01
   6.2000000e+01
   6.2000000e+01
   6.2000000e+01
   6.3000000e+01
   6.2000000e+01
   6.2000000e+01
   6.3000000e+01
   6.3000000e+01
