   5.9499154e-01   9.9483513e-01  -8.0325038e-02
   5.8422824e-01   9.9530208e-01  -7.5272869e-02
   5.8435128e-01   9.9526464e-01  -8.1053217e-02
   5.8425211e-01   9.9526690e-01  -7.6600623e-02
   5.8450110e-01   9.9506444e-01  -8.1957031e-02
   5.8429691e-01   9.9535183e-01  -7.6907432e-02
   5.8436309e-01   9.9517800e-01  -8.2073852e-02
   5.8431053e-01   9.9525695e-01  -8.0502282e-02
   5.8713748e-01   9.9530866e-01  -7.5930224e-02
   5.9138497e-01   9.9506199e-01  -7.9127672e-02
   5.9569575e-01   9.9501721e-01  -7.6388394e-02
   6.0053322e-01   9.9455315e-01  -7.9543278e-02
   6.0588187e-01   9.9398001e-01  -8.4356487e-02
   6.1062758e-01   9.9335726e-01  -8.2822513e-02
   6.1540487e-01   9.9291917e-01  -7.5955142e-02
   6.2026729e-01   9.9268445e-01  -8.0345137e-02
   6.2538569e-01   9.9221052e-01  -7.8906664e-02
   6.3056278e-01   9.9198442e-01  -7.8673165e-02
   6.3612811e-01   9.9142137e-01  -7.7882356e-02
   6.4103294e-01   9.9123185e-01  -8.0604550e-02
   6.4568642e-01   9.9057053e-01  -7.5037606e-02
   6.5109709e-01   9.9045111e-01  -7.5303117e-02
   6.5630051e-01   9.8980546e-01  -7.4843775e-02
   6.6062225e-01   9.8960186e-01  -7.2029868e-02
   6.6576646e-01   9.8887554e-01  -7.9079542e-02
   6.7118581e-01   9.8895753e-01  -6.7301091e-02
   6.7601643e-01   9.8849114e-01  -7.7679897e-02
   6.8114632e-01   9.8811042e-01  -8.0004433e-02
   6.8644472e-01   9.8774959e-01  -7.0585036e-02
   6.9169303e-01   9.8691225e-01  -7.8801634e-02
   6.9601579e-01   9.8673025e-01  -7.4381156e-02
   7.0174550e-01   9.8616469e-01  -8.2315794e-02
   7.0685677e-01   9.8584729e-01  -8.0545479e-02
   7.1154315e-01   9.8514904e-01  -8.0273853e-02
   7.1651443e-01   9.8467826e-01  -7.8437038e-02
   7.2168737e-01   9.8443872e-01  -8.1229798e-02
   7.2642873e-01   9.8438251e-01  -7.7397051e-02
   7.3159095e-01   9.8359843e-01  -7.7187245e-02
   7.3686357e-01   9.8359148e-01  -7.2545151e-02
   7.4179887e-01   9.8275860e-01  -7.8945335e-02
   7.4694758e-01   9.8258721e-01  -7.3732400e-02
   7.5184964e-01   9.8220090e-01  -7.3348786e-02
   7.5689674e-01   9.8174290e-01  -7.9512997e-02
   7.6110944e-01   9.8173886e-01  -7.0194094e-02
   7.6716324e-01   9.8104938e-01  -7.8103810e-02
   7.7259307e-01   9.8055637e-01  -7.2379503e-02
   7.7720453e-01   9.8035394e-01  -7.5224309e-02
   7.8159959e-01   9.8027182e-01  -6.9980392e-02
   7.8667542e-01   9.7976243e-01  -6.6300397e-02
   7.9215573e-01   9.7907259e-01  -7.2843825e-02
   7.9714273e-01   9.7913198e-01  -7.0580661e-02
   8.0254320e-01   9.7827625e-01  -7.7582567e-02
   8.0735837e-01   9.7800098e-01  -7.0903566e-02
   8.1303918e-01   9.7745259e-01  -7.3292179e-02
   8.1813353e-01   9.7682770e-01  -7.4716444e-02
   8.2267492e-01   9.7677660e-01  -7.6857361e-02
   8.2802197e-01   9.7643359e-01  -8.1479268e-02
   8.2622729e-01   9.7654646e-01  -8.5105116e-02
   8.2286024e-01   9.7654675e-01  -8.9970028e-02
   8.1894637e-01   9.7680995e-01  -8.3338929e-02
   8.1436592e-01   9.7754867e-01  -9.4486992e-02
   8.0938972e-01   9.7768315e-01  -9.3769263e-02
   8.0459440e-01   9.7812571e-01  -9.6322741e-02
   7.9890684e-01   9.7897701e-01  -9.3381766e-02
   7.9403656e-01   9.7913259e-01  -9.2249162e-02
   7.8909463e-01   9.7988671e-01  -9.4364757e-02
   7.8411812e-01   9.8037468e-01  -9.7953665e-02
   7.7929434e-01   9.8096321e-01  -9.6081221e-02
   7.7455576e-01   9.8127904e-01  -9.7138386e-02
   7.6931086e-01   9.8162597e-01  -9.6433306e-02
   7.6382723e-01   9.8201210e-01  -9.8669993e-02
   7.5907385e-01   9.8299273e-01  -1.0417932e-01
   7.5443161e-01   9.8337547e-01  -1.0164342e-01
   7.4959673e-01   9.8391737e-01  -9.7672823e-02
   7.4432830e-01   9.8462036e-01  -1.0709635e-01
   7.3912871e-01   9.8553041e-01  -1.0292365e-01
   7.3450670e-01   9.8573070e-01  -1.0544277e-01
   7.2900314e-01   9.8580608e-01  -1.1004568e-01
   7.2413468e-01   9.8668417e-01  -1.1145399e-01
   7.1952246e-01   9.8728616e-01  -1.0910951e-01
   7.1439037e-01   9.8771872e-01  -1.1438805e-01
   7.0926618e-01   9.8825120e-01  -1.1572496e-01
   7.0426888e-01   9.8891628e-01  -1.0806961e-01
   6.9927423e-01   9.8935163e-01  -1.1106936e-01
   6.9460294e-01   9.9048845e-01  -1.2091472e-01
   6.8956696e-01   9.9094010e-01  -1.1926254e-01
   6.8469867e-01   9.9181249e-01  -1.1206657e-01
   6.7984026e-01   9.9205817e-01  -1.2024712e-01
   6.7454626e-01   9.9289552e-01  -1.1670812e-01
   6.6950039e-01   9.9327272e-01  -1.1864493e-01
   6.6409271e-01   9.9378533e-01  -1.2589377e-01
   6.5967756e-01   9.9457130e-01  -1.2277117e-01
   6.5478817e-01   9.9517968e-01  -1.2027532e-01
   6.4970030e-01   9.9579245e-01  -1.2534264e-01
   6.4397550e-01   9.9725644e-01  -1.3605299e-01
   6.3962739e-01   9.9747216e-01  -1.3434760e-01
   6.3450289e-01   9.9830398e-01  -1.3542326e-01
   6.2983168e-01   9.9899853e-01  -1.3356690e-01
   6.2444081e-01   9.9978792e-01  -1.3809727e-01
   6.2015499e-01   1.0001094e+00  -1.3023941e-01
   6.1493448e-01   1.0008914e+00  -1.3881420e-01
   6.0909837e-01   1.0017785e+00  -1.2847042e-01
   6.0420275e-01   1.0024313e+00  -1.3562930e-01
   5.9927504e-01   1.0029340e+00  -1.3502059e-01
   5.9416844e-01   1.0039311e+00  -1.3913817e-01
   5.8989222e-01   1.0044438e+00  -1.4088208e-01
   5.8814229e-01   1.0051549e+00  -1.6459062e-01
   5.8646660e-01   1.0054909e+00  -1.9305679e-01
   5.8528509e-01   1.0058832e+00  -2.4160345e-01
   5.8474443e-01   1.0060571e+00  -2.8559710e-01
   5.8393024e-01   1.0063934e+00  -3.2800297e-01
   5.8390768e-01   1.0067023e+00  -3.8279130e-01
   5.8345913e-01   1.0071232e+00  -4.3548974e-01
   5.8291014e-01   1.0075259e+00  -4.8382362e-01
   5.8260240e-01   1.0080046e+00  -5.3685502e-01
   5.8277202e-01   1.0075209e+00  -6.1479321e-01
   5.8284411e-01   1.0077747e+00  -6.6074608e-01
   5.8243500e-01   1.0085046e+00  -7.0040996e-01
   5.8201284e-01   1.0088656e+00  -7.4939966e-01
   5.8162493e-01   1.0090410e+00  -8.0963898e-01
   5.8129433e-01   1.0095873e+00  -8.5888639e-01
   5.8131832e-01   1.0103096e+00  -9.0274847e-01
   5.8118933e-01   1.0108858e+00  -9.5403806e-01
   5.8212350e-01   1.0109089e+00  -1.0276822e+00
   5.8180738e-01   1.0110124e+00  -1.0790294e+00
   5.8164580e-01   1.0115077e+00  -1.1272456e+00
   5.8152327e-01   1.0112822e+00  -1.1869287e+00
   5.8123022e-01   1.0117775e+00  -1.2296756e+00
   5.8108385e-01   1.0120585e+00  -1.2916737e+00
   5.8049715e-01   1.0126081e+00  -1.3398137e+00
   5.8087554e-01   1.0133646e+00  -1.3851543e+00
   5.8059622e-01   1.0140896e+00  -1.4413235e+00
   5.8024835e-01   1.0149733e+00  -1.4943786e+00
   5.8063179e-01   1.0149060e+00  -1.5478919e+00
   5.8076541e-01   1.0161894e+00  -1.5947161e+00
   5.8064001e-01   1.0165215e+00  -1.6522241e+00
   5.8080005e-01   1.0167596e+00  -1.6952143e+00
   5.8082754e-01   1.0175482e+00  -1.7474042e+00
   5.8104403e-01   1.0168885e+00  -1.8037565e+00
   5.8095902e-01   1.0176512e+00  -1.8547995e+00
   5.8114717e-01   1.0178024e+00  -1.9099313e+00
   5.8177183e-01   1.0178616e+00  -1.9584038e+00
   5.8140024e-01   1.0183689e+00  -2.0140543e+00
   5.8159281e-01   1.0184968e+00  -2.0593520e+00
   5.8164815e-01   1.0189412e+00  -2.1101089e+00
   5.8248739e-01   1.0193265e+00  -2.1746443e+00
   5.8268279e-01   1.0196332e+00  -2.2267336e+00
   5.8333441e-01   1.0196561e+00  -2.2758326e+00
   5.8528206e-01   1.0188325e+00  -2.3474539e+00
   5.8521216e-01   1.0192300e+00  -2.3929176e+00
   5.8547547e-01   1.0197367e+00  -2.4518694e+00
   5.8585844e-01   1.0200043e+00  -2.4978255e+00
   5.8581204e-01   1.0203663e+00  -2.5458465e+00
   5.8609003e-01   1.0209152e+00  -2.5989269e+00
   5.8610486e-01   1.0212572e+00  -2.6380404e+00
   5.8608251e-01   1.0214071e+00  -2.6341955e+00
   5.8561869e-01   1.0214088e+00  -2.6173282e+00
   5.8563999e-01   1.0212186e+00  -2.5845335e+00
   5.8525601e-01   1.0205148e+00  -2.5408901e+00
   5.8511550e-01   1.0201626e+00  -2.5045701e+00
   5.8483402e-01   1.0199519e+00  -2.4663060e+00
   5.8448472e-01   1.0194802e+00  -2.4184852e+00
   5.8437648e-01   1.0190068e+00  -2.3721379e+00
   5.8242210e-01   1.0199958e+00  -2.3062935e+00
   5.8188231e-01   1.0199561e+00  -2.2541954e+00
   5.8147744e-01   1.0195537e+00  -2.2082701e+00
   5.8150624e-01   1.0189829e+00  -2.1633308e+00
   5.8018460e-01   1.0187160e+00  -2.1025536e+00
   5.8037351e-01   1.0182492e+00  -2.0566813e+00
   5.7955560e-01   1.0180175e+00  -2.0059084e+00
   5.7949028e-01   1.0176094e+00  -1.9556665e+00
   5.7944091e-01   1.0171587e+00  -1.9011295e+00
   5.7895014e-01   1.0171431e+00  -1.8477429e+00
   5.7887739e-01   1.0160729e+00  -1.8040580e+00
   5.7908577e-01   1.0157431e+00  -1.7585036e+00
   5.7864607e-01   1.0159456e+00  -1.6960005e+00
   5.7856107e-01   1.0148830e+00  -1.6575295e+00
   5.7841285e-01   1.0140683e+00  -1.6171883e+00
   5.7932105e-01   1.0139498e+00  -1.5589670e+00
   5.7880343e-01   1.0129803e+00  -1.5101361e+00
   5.7860280e-01   1.0130305e+00  -1.4556073e+00
   5.7890579e-01   1.0122205e+00  -1.4103276e+00
   5.7820800e-01   1.0111705e+00  -1.3576888e+00
   5.7788579e-01   1.0103213e+00  -1.3093986e+00
   5.7829792e-01   1.0098503e+00  -1.2639570e+00
   5.7824803e-01   1.0093565e+00  -1.2218114e+00
   5.7852229e-01   1.0087925e+00  -1.1701135e+00
   5.7941273e-01   1.0090901e+00  -1.1135469e+00
   5.7934212e-01   1.0085215e+00  -1.0718255e+00
   5.7956865e-01   1.0082480e+00  -1.0236231e+00
   5.7866455e-01   1.0079111e+00  -9.4919858e-01
   5.7881811e-01   1.0074434e+00  -9.0384916e-01
   5.7906072e-01   1.0067156e+00  -8.5835482e-01
   5.7919121e-01   1.0060634e+00  -8.1549545e-01
   5.7947192e-01   1.0054808e+00  -7.7169123e-01
   5.7990597e-01   1.0053155e+00  -7.2265365e-01
   5.8047637e-01   1.0048559e+00  -6.7128016e-01
   5.8063143e-01   1.0041299e+00  -6.2512507e-01
   5.8042848e-01   1.0037669e+00  -5.6279892e-01
   5.8105132e-01   1.0039257e+00  -5.0362239e-01
   5.8119281e-01   1.0035644e+00  -4.5778315e-01
   5.8157277e-01   1.0032166e+00  -4.1301063e-01
   5.8233913e-01   1.0028736e+00  -3.6070831e-01
   5.8287995e-01   1.0021902e+00  -3.0919417e-01
   5.8686264e-01   1.0008548e+00  -2.9965148e-01
   5.9097579e-01   9.9962596e-01  -2.9840976e-01
   5.9540870e-01   9.9819262e-01  -3.0162620e-01
   5.9980629e-01   9.9666017e-01  -3.0408986e-01
   6.0436543e-01   9.9507918e-01  -3.1275029e-01
   6.0936698e-01   9.9351548e-01  -3.1979764e-01
   6.1363687e-01   9.9173884e-01  -3.2636207e-01
   6.1873588e-01   9.9018114e-01  -3.3660086e-01
   6.2297967e-01   9.8843503e-01  -3.4672858e-01
   6.2885593e-01   9.8694980e-01  -3.7512441e-01
   6.3287956e-01   9.8519942e-01  -3.8099986e-01
   6.3799446e-01   9.8330501e-01  -3.9003874e-01
   6.4287236e-01   9.8118834e-01  -4.0126940e-01
   6.4735978e-01   9.7931992e-01  -4.0531621e-01
   6.6082538e-01   9.7296120e-01  -4.3684446e-01
   6.6572969e-01   9.7068508e-01  -4.4319642e-01
   6.7036992e-01   9.6836382e-01  -4.6085818e-01
   6.7465178e-01   9.6609902e-01  -4.6747397e-01
   6.7896132e-01   9.6441291e-01  -4.7211549e-01
   6.8294485e-01   9.6192656e-01  -4.8709823e-01
   6.8745373e-01   9.5928322e-01  -4.8856918e-01
   6.9150612e-01   9.5708615e-01  -4.9267498e-01
   6.9612543e-01   9.5488908e-01  -5.0439352e-01
   7.0001777e-01   9.5255466e-01  -5.1803393e-01
   7.0465141e-01   9.4973778e-01  -5.2461339e-01
   7.0844519e-01   9.4746113e-01  -5.3378975e-01
   7.1313375e-01   9.4433303e-01  -5.4912726e-01
   7.1675984e-01   9.4192345e-01  -5.4871183e-01
   7.2132094e-01   9.3936173e-01  -5.5551627e-01
   7.2591521e-01   9.3651760e-01  -5.6599884e-01
   7.2999296e-01   9.3402727e-01  -5.8180979e-01
   7.3492111e-01   9.3041240e-01  -6.0778198e-01
   7.3872068e-01   9.2774201e-01  -6.1995513e-01
   7.4284244e-01   9.2442610e-01  -6.3095882e-01
   7.4636157e-01   9.2181147e-01  -6.3982828e-01
   7.5046660e-01   9.1861057e-01  -6.5230166e-01
   7.5447368e-01   9.1599491e-01  -6.6374929e-01
   7.5810432e-01   9.1285143e-01  -6.7016681e-01
   7.6214339e-01   9.1007674e-01  -6.8720902e-01
   7.6572595e-01   9.0665594e-01  -6.9142624e-01
   7.6982966e-01   9.0337927e-01  -7.0009257e-01
   7.7463036e-01   8.9980265e-01  -7.0708899e-01
   7.7783785e-01   8.9658033e-01  -7.1509647e-01
   7.8149065e-01   8.9333948e-01  -7.2865962e-01
   7.8550942e-01   8.9015689e-01  -7.3847083e-01
   7.8874801e-01   8.8696028e-01  -7.4032963e-01
   7.9240816e-01   8.8343618e-01  -7.5225511e-01
   7.9618172e-01   8.7951117e-01  -7.3366666e-01
   8.0032360e-01   8.7613917e-01  -7.2523940e-01
   8.0388224e-01   8.7302175e-01  -7.1783262e-01
   8.0774448e-01   8.6936306e-01  -7.0733557e-01
   8.1079285e-01   8.6604124e-01  -7.0281223e-01
   8.1469823e-01   8.6298760e-01  -6.9143403e-01
   8.2009150e-01   8.5921455e-01  -6.8533364e-01
   8.2380517e-01   8.5593177e-01  -6.6953842e-01
   8.2762177e-01   8.5245461e-01  -6.5953587e-01
   8.3123761e-01   8.4974382e-01  -6.5607768e-01
   8.3553536e-01   8.4670161e-01  -6.4546431e-01
   8.3915710e-01   8.4369607e-01  -6.3376385e-01
   8.4296564e-01   8.4041959e-01  -6.2717158e-01
   8.4753159e-01   8.3736184e-01  -6.0820056e-01
   8.5125493e-01   8.3532562e-01  -5.9199755e-01
   8.5519486e-01   8.3237616e-01  -5.8738221e-01
   8.5938286e-01   8.2919631e-01  -5.8097683e-01
   8.6293025e-01   8.2612724e-01  -5.7455966e-01
   8.6791197e-01   8.2343796e-01  -5.6418405e-01
   8.7249998e-01   8.2030848e-01  -5.5954063e-01
   8.7753927e-01   8.1795071e-01  -5.4405304e-01
   8.8121777e-01   8.1462238e-01  -5.3410849e-01
   8.8578333e-01   8.1141585e-01  -5.2544337e-01
   8.8993605e-01   8.0955964e-01  -5.1371847e-01
   8.9445333e-01   8.0723658e-01  -5.1151821e-01
   8.9874585e-01   8.0458812e-01  -4.9549775e-01
   9.0364567e-01   8.0178017e-01  -4.8291598e-01
   9.0772988e-01   7.9920410e-01  -4.7559947e-01
   9.1229191e-01   7.9664539e-01  -4.6697991e-01
   9.1670032e-01   7.9472812e-01  -4.5866389e-01
   9.2099390e-01   7.9237257e-01  -4.5913138e-01
   9.2640842e-01   7.9007823e-01  -4.4436504e-01
   9.3101414e-01   7.8737713e-01  -4.3322505e-01
   9.3456415e-01   7.8503847e-01  -4.1402881e-01
   9.3942666e-01   7.8269838e-01  -4.0450827e-01
   9.4399206e-01   7.8075430e-01  -3.9564957e-01
   9.4876551e-01   7.7888932e-01  -3.9521399e-01
   9.5385584e-01   7.7620959e-01  -3.8607018e-01
   9.5824237e-01   7.7453472e-01  -3.7159140e-01
   9.6294943e-01   7.7259065e-01  -3.6594748e-01
   9.6747733e-01   7.7074345e-01  -3.6376533e-01
   9.7243338e-01   7.6910592e-01  -3.5085137e-01
   9.7706845e-01   7.6720857e-01  -3.4556823e-01
   9.8250871e-01   7.6540386e-01  -3.3417824e-01
   9.8718069e-01   7.6328238e-01  -3.2360879e-01
   9.9242758e-01   7.6154195e-01  -3.1163846e-01
   9.9752933e-01   7.6027378e-01  -3.0758365e-01
   1.0026551e+00   7.5854352e-01  -2.9722069e-01
   1.0042057e+00   7.5787727e-01  -2.9810608e-01
   1.0000981e+00   7.5897783e-01  -3.3361957e-01
   9.9582097e-01   7.6069197e-01  -3.4051867e-01
   9.9107413e-01   7.6264896e-01  -3.5139431e-01
   9.8714105e-01   7.6429985e-01  -3.6219797e-01
   9.8232598e-01   7.6605425e-01  -3.7113701e-01
   9.7794055e-01   7.6803178e-01  -3.8027077e-01
   9.7284888e-01   7.7028291e-01  -3.9087517e-01
   9.6794088e-01   7.7220283e-01  -3.9743500e-01
   9.6312011e-01   7.7411796e-01  -4.0813614e-01
   9.5817851e-01   7.7649213e-01  -4.2317241e-01
   9.5416931e-01   7.7859827e-01  -4.4063364e-01
   9.5012445e-01   7.8106891e-01  -4.5505538e-01
   9.4571565e-01   7.8352910e-01  -4.6228827e-01
   9.4072824e-01   7.8583231e-01  -4.7493812e-01
   9.3685547e-01   7.8838492e-01  -4.8283636e-01
   9.3131870e-01   7.9138887e-01  -4.9389270e-01
   9.2767061e-01   7.9353349e-01  -5.0793296e-01
   9.2333006e-01   7.9610842e-01  -5.1558672e-01
   9.1836662e-01   7.9862922e-01  -5.2529077e-01
   9.1394651e-01   8.0155971e-01  -5.4220188e-01
   9.0995961e-01   8.0452645e-01  -5.5101436e-01
   9.0529269e-01   8.0702102e-01  -5.5721841e-01
   9.0116128e-01   8.0996291e-01  -5.7190376e-01
   8.9682947e-01   8.1279053e-01  -5.8682010e-01
   8.9308886e-01   8.1573217e-01  -5.9808232e-01
   8.8891766e-01   8.1856818e-01  -6.0668362e-01
   8.8562993e-01   8.2155385e-01  -6.2360893e-01
   8.8100372e-01   8.2484783e-01  -6.4090760e-01
   8.7757256e-01   8.2824586e-01  -6.5244779e-01
   8.7364493e-01   8.3081454e-01  -6.6488653e-01
   8.6962040e-01   8.3432583e-01  -6.7310863e-01
   8.6553616e-01   8.3745010e-01  -6.8714184e-01
   8.6141676e-01   8.4078225e-01  -6.9936137e-01
   8.5711036e-01   8.4448892e-01  -7.0015711e-01
   8.5385503e-01   8.4792553e-01  -7.1837795e-01
   8.4966136e-01   8.5109404e-01  -7.2722498e-01
   8.4630521e-01   8.5388640e-01  -7.4348817e-01
   8.4253795e-01   8.5763262e-01  -7.4569784e-01
   8.3862841e-01   8.6116420e-01  -7.5761019e-01
   8.3531548e-01   8.6470864e-01  -7.6732045e-01
   8.3136325e-01   8.6836078e-01  -7.8450990e-01
   8.2748204e-01   8.7189460e-01  -7.8741349e-01
   8.2436303e-01   8.7632765e-01  -7.9615086e-01
   8.2044003e-01   8.7968039e-01  -8.1533974e-01
   8.1734904e-01   8.8357286e-01  -8.1933330e-01
   8.1390428e-01   8.8717115e-01  -8.3255466e-01
   8.1018389e-01   8.9125489e-01  -8.4340083e-01
   8.0348540e-01   8.9923491e-01  -8.5562105e-01
   8.0091493e-01   9.0270385e-01  -8.5191671e-01
   7.9750821e-01   9.0621453e-01  -8.4750526e-01
   7.9413731e-01   9.0999183e-01  -8.3414842e-01
   7.9121061e-01   9.1319500e-01  -8.3027867e-01
   7.8791150e-01   9.1746071e-01  -8.1978524e-01
   7.8477565e-01   9.2130470e-01  -8.1620475e-01
   7.8091476e-01   9.2534394e-01  -8.1038411e-01
   7.7728397e-01   9.2805527e-01  -8.0161821e-01
   7.7429845e-01   9.3159501e-01  -7.9300334e-01
   7.7093441e-01   9.3512556e-01  -7.8090008e-01
   7.6739777e-01   9.3887821e-01  -7.8254390e-01
   7.6414785e-01   9.4231064e-01  -7.7480572e-01
   7.6051262e-01   9.4597058e-01  -7.6703211e-01
   7.5714752e-01   9.4907938e-01  -7.6048308e-01
   7.5305813e-01   9.5252401e-01  -7.5118534e-01
   7.5027276e-01   9.5589720e-01  -7.5132884e-01
   7.4671349e-01   9.5902607e-01  -7.4483069e-01
   7.4263104e-01   9.6290795e-01  -7.3187465e-01
   7.3852657e-01   9.6593273e-01  -7.2312741e-01
   7.3479601e-01   9.6951148e-01  -7.1402487e-01
   7.3195805e-01   9.7267088e-01  -7.1774836e-01
   7.2811015e-01   9.7559971e-01  -7.0587276e-01
   7.2450113e-01   9.7854845e-01  -6.9176566e-01
   7.2058621e-01   9.8167669e-01  -6.8873995e-01
   7.1630899e-01   9.8505259e-01  -6.8120937e-01
   7.1311305e-01   9.8776747e-01  -6.7976134e-01
   7.0923566e-01   9.9105038e-01  -6.7534281e-01
   7.0538887e-01   9.9423882e-01  -6.6641532e-01
   7.0237329e-01   9.9695873e-01  -6.5940244e-01
   6.9740601e-01   1.0001873e+00  -6.4736064e-01
   6.9331788e-01   1.0031013e+00  -6.3648641e-01
   6.8966888e-01   1.0060709e+00  -6.3476956e-01
   6.8547144e-01   1.0092714e+00  -6.2340506e-01
   6.8205766e-01   1.0118772e+00  -6.3190253e-01
   6.7832821e-01   1.0146345e+00  -6.2039573e-01
   6.7430222e-01   1.0174966e+00  -6.1298605e-01
   6.6997353e-01   1.0201418e+00  -6.0423700e-01
   6.6503984e-01   1.0231709e+00  -5.8257103e-01
   6.6152558e-01   1.0252211e+00  -5.8752438e-01
   6.5749881e-01   1.0279371e+00  -5.8263231e-01
   6.5273690e-01   1.0319912e+00  -5.5119629e-01
   6.4868724e-01   1.0346539e+00  -5.4643261e-01
   6.4390622e-01   1.0372927e+00  -5.4000500e-01
   6.4007942e-01   1.0399312e+00  -5.3720304e-01
   6.3517566e-01   1.0424093e+00  -5.1814407e-01
   6.3066948e-01   1.0449561e+00  -5.1651860e-01
   6.2692485e-01   1.0472648e+00  -5.0863865e-01
   6.2291484e-01   1.0500578e+00  -5.0386574e-01
   6.2072466e-01   1.0511862e+00  -5.0368551e-01
   6.2089168e-01   1.0510062e+00  -5.0347320e-01
   6.2091875e-01   1.0511578e+00  -5.0475817e-01
   6.2084059e-01   1.0511634e+00  -5.0537083e-01
   6.2079529e-01   1.0511487e+00  -5.0484900e-01
   6.2084788e-01   1.0511717e+00  -5.0560404e-01
   6.2069690e-01   1.0512384e+00  -5.0501376e-01
   6.2087056e-01   1.0510586e+00  -5.0392940e-01
   6.2075982e-01   1.0511683e+00  -5.0528947e-01
   6.2088061e-01   1.0511683e+00  -5.0531554e-01
   6.2084112e-01   1.0511666e+00  -5.0498490e-01
   6.2086407e-01   1.0511731e+00  -5.0560486e-01
   6.2080145e-01   1.0511527e+00  -5.0526072e-01
   6.2090662e-01   1.0511467e+00  -5.0525685e-01
   6.2090186e-01   1.0511938e+00  -5.0576712e-01
   6.2084425e-01   1.0511388e+00  -5.0526675e-01
   6.2081135e-01   1.0511751e+00  -5.0454828e-01
   6.2083429e-01   1.0511578e+00  -5.0561912e-01
   6.2090561e-01   1.0510315e+00  -5.0372534e-01
   6.2083468e-01   1.0511743e+00  -5.0578241e-01
