  -9.6148471e-01   2.7485842e-01
  -9.6131564e-01   2.7544915e-01
  -9.6111917e-01   2.7613391e-01
  -9.6091877e-01   2.7683047e-01
  -9.6072154e-01   2.7751419e-01
  -9.6055437e-01   2.7809226e-01
  -9.6038449e-01   2.7867836e-01
  -9.6019026e-01   2.7934684e-01
  -9.6002905e-01   2.7990038e-01
  -9.6011078e-01   2.7961992e-01
  -9.6017220e-01   2.7940891e-01
  -9.6019068e-01   2.7934540e-01
  -9.6019661e-01   2.7932504e-01
  -9.6025781e-01   2.7911455e-01
  -9.6028461e-01   2.7902233e-01
  -9.6040483e-01   2.7860825e-01
  -9.6062162e-01   2.7785986e-01
  -9.6072794e-01   2.7749202e-01
  -9.6049346e-01   2.7830255e-01
  -9.6036960e-01   2.7872968e-01
  -9.6024718e-01   2.7915114e-01
  -9.6021555e-01   2.7925992e-01
  -9.6002472e-01   2.7991522e-01
  -9.6002123e-01   2.7992720e-01
  -9.5997032e-01   2.8010173e-01
  -9.5998315e-01   2.8005775e-01
  -9.5996415e-01   2.8012288e-01
  -9.5995048e-01   2.8016972e-01
  -9.5996916e-01   2.8010571e-01
  -9.5999064e-01   2.8003210e-01
  -9.6007420e-01   2.7974548e-01
  -9.6013984e-01   2.7952010e-01
  -9.6003455e-01   2.7988152e-01
  -9.5986991e-01   2.8044562e-01
  -9.5986006e-01   2.8047935e-01
  -9.5980387e-01   2.8067156e-01
  -9.5981646e-01   2.8062852e-01
  -9.5972327e-01   2.8094707e-01
  -9.5986636e-01   2.8045780e-01
  -9.5982115e-01   2.8061246e-01
  -9.5986755e-01   2.8045373e-01
  -9.5998213e-01   2.8006127e-01
  -9.6004579e-01   2.7984296e-01
  -9.6020324e-01   2.7930225e-01
  -9.6042552e-01   2.7853694e-01
  -9.6031562e-01   2.7891560e-01
  -9.6016644e-01   2.7942872e-01
  -9.5999969e-01   2.8000108e-01
  -9.6003084e-01   2.7989425e-01
  -9.5986036e-01   2.8047833e-01
  -9.5987140e-01   2.8044054e-01
  -9.5994389e-01   2.8019230e-01
  -9.5990506e-01   2.8032532e-01
  -9.5988419e-01   2.8039676e-01
  -9.5992744e-01   2.8024864e-01
  -9.5989426e-01   2.8036229e-01
  -9.6003274e-01   2.7988774e-01
  -9.5967084e-01   2.8112608e-01
  -9.6007986e-01   2.7972605e-01
  -9.6010188e-01   2.7965046e-01
  -9.6005958e-01   2.7979565e-01
  -9.6014751e-01   2.7949374e-01
  -9.6014939e-01   2.7948731e-01
  -9.6025857e-01   2.7911196e-01
  -9.6033776e-01   2.7883936e-01
  -9.6033544e-01   2.7884733e-01
  -9.6034047e-01   2.7883002e-01
  -9.6021731e-01   2.7925385e-01
  -9.6004325e-01   2.7985167e-01
  -9.5987384e-01   2.8043219e-01
  -9.5973807e-01   2.8089649e-01
  -9.5969368e-01   2.8104811e-01
  -9.5981219e-01   2.8064311e-01
  -9.5989159e-01   2.8037144e-01
  -9.6003639e-01   2.7987519e-01
  -9.6013131e-01   2.7954938e-01
  -9.6008431e-01   2.7971076e-01
  -9.6017813e-01   2.7938854e-01
  -9.6020205e-01   2.7930632e-01
  -9.6020831e-01   2.7928481e-01
  -9.6031551e-01   2.7891598e-01
  -9.6017337e-01   2.7940490e-01
  -9.6001194e-01   2.7995904e-01
  -9.5993810e-01   2.8021215e-01
  -9.5983786e-01   2.8055531e-01
  -9.5983741e-01   2.8055687e-01
  -9.5997828e-01   2.8007445e-01
  -9.6009448e-01   2.7967586e-01
  -9.6009203e-01   2.7968426e-01
  -9.6015596e-01   2.7946472e-01
  -9.6021123e-01   2.7927478e-01
  -9.6017514e-01   2.7939880e-01
  -9.6021522e-01   2.7926103e-01
  -9.5989267e-01   2.8036772e-01
  -9.5998010e-01   2.8006823e-01
  -9.5995849e-01   2.8014228e-01
  -9.5980239e-01   2.8067662e-01
  -9.5968235e-01   2.8108679e-01
  -9.5974833e-01   2.8086141e-01
  -9.5974910e-01   2.8085881e-01
  -9.5982309e-01   2.8060584e-01
  -9.5975886e-01   2.8082545e-01
  -9.5988309e-01   2.8040052e-01
  -9.5997341e-01   2.8009117e-01
  -9.5997749e-01   2.8007716e-01
  -9.5997588e-01   2.8008268e-01
  -9.6379176e-01   2.6665604e-01
  -9.6825456e-01   2.4996619e-01
  -9.7294332e-01   2.3104394e-01
  -9.7779613e-01   2.0955841e-01
  -9.8224599e-01   1.8759746e-01
  -9.8642394e-01   1.6421881e-01
  -9.9005252e-01   1.4069831e-01
  -9.9314356e-01   1.1690112e-01
  -9.9592831e-01   9.0148785e-02
  -9.9780865e-01   6.6165612e-02
  -9.9912224e-01   4.1889766e-02
  -9.9984977e-01   1.7333112e-02
  -9.9997305e-01  -7.3419778e-03
  -9.9949202e-01  -3.1869937e-02
  -9.9825005e-01  -5.9134129e-02
  -9.9651255e-01  -8.3443053e-02
  -9.9416462e-01  -1.0787362e-01
  -9.9122027e-01  -1.3222091e-01
  -9.8769950e-01  -1.5636396e-01
  -9.8359124e-01  -1.8041140e-01
  -9.7897172e-01  -2.0399600e-01
  -9.7376005e-01  -2.2757716e-01
  -9.6709943e-01  -2.5439870e-01
  -9.6057769e-01  -2.7801168e-01
  -9.5347967e-01  -3.0145733e-01
  -9.4582601e-01  -3.2467393e-01
  -9.3654501e-01  -3.5054736e-01
  -9.2768137e-01  -3.7337285e-01
  -9.1830340e-01  -3.9587733e-01
  -9.0825613e-01  -4.1841464e-01
  -8.9780014e-01  -4.4040313e-01
  -8.8685832e-01  -4.6204148e-01
  -8.7553117e-01  -4.8316164e-01
  -8.6385239e-01  -5.0374502e-01
  -8.4977127e-01  -5.2715159e-01
  -8.3672413e-01  -5.4762463e-01
  -8.2328216e-01  -5.6763235e-01
  -8.0922193e-01  -5.8750307e-01
  -7.9457874e-01  -6.0716112e-01
  -7.7780251e-01  -6.2850876e-01
  -7.6210512e-01  -6.4745331e-01
  -7.4595588e-01  -6.6599536e-01
  -7.2922059e-01  -6.8427869e-01
  -7.1200411e-01  -7.0217530e-01
  -6.9442541e-01  -7.1956469e-01
  -6.7654233e-01  -7.3640375e-01
  -6.5610051e-01  -7.5467352e-01
  -6.3741222e-01  -7.7052298e-01
  -6.1992614e-01  -7.8466017e-01
  -6.2260495e-01  -7.8253631e-01
  -6.3074103e-01  -7.7599340e-01
  -6.4351376e-01  -7.6543454e-01
  -6.6080845e-01  -7.5055459e-01
  -6.7692491e-01  -7.3605208e-01
  -6.9362890e-01  -7.2033253e-01
  -7.1043791e-01  -7.0375988e-01
  -7.2685087e-01  -6.8679532e-01
  -7.4312419e-01  -6.6915353e-01
  -7.5868001e-01  -6.5146347e-01
  -7.7610147e-01  -6.3060805e-01
  -7.9107512e-01  -6.1171902e-01
  -8.0572548e-01  -5.9228917e-01
  -8.2018375e-01  -5.7210019e-01
  -8.3409641e-01  -5.5161869e-01
  -8.4753588e-01  -5.3073810e-01
  -8.6184904e-01  -5.0716490e-01
  -8.7411140e-01  -4.8572550e-01
  -8.8588551e-01  -4.6390395e-01
  -8.9712885e-01  -4.4176897e-01
  -9.0776242e-01  -4.1948467e-01
  -9.1783159e-01  -3.9696999e-01
  -9.2705388e-01  -3.7492812e-01
  -9.3700120e-01  -3.4932613e-01
  -9.4529622e-01  -3.2621322e-01
  -9.5299062e-01  -3.0299981e-01
  -9.6017192e-01  -2.7940990e-01
  -9.6673480e-01  -2.5578082e-01
  -9.7332469e-01  -2.2943203e-01
  -9.7859092e-01  -2.0581499e-01
  -9.8333931e-01  -1.8177954e-01
  -9.8746750e-01  -1.5782251e-01
  -9.9101760e-01  -1.3373152e-01
  -9.9395414e-01  -1.0979605e-01
  -9.9635335e-01  -8.5322934e-02
  -9.9829166e-01  -5.8427411e-02
  -9.9941083e-01  -3.4321890e-02
  -9.9995000e-01  -9.9996830e-03
  -9.9989446e-01   1.4528243e-02
  -9.9923734e-01   3.9047924e-02
  -9.9799382e-01   6.3311411e-02
  -9.9589049e-01   9.0565664e-02
  -9.9336751e-01   1.1498252e-01
  -9.9026435e-01   1.3919955e-01
  -9.8652826e-01   1.6359094e-01
  -9.8221756e-01   1.8774627e-01
  -9.7729493e-01   2.1188350e-01
  -9.7189398e-01   2.3541895e-01
  -9.6542429e-01   2.6068359e-01
  -9.6346662e-01   2.6782845e-01
  -9.6299083e-01   2.6953416e-01
  -9.6327419e-01   2.6851970e-01
  -9.6404052e-01   2.6575529e-01
  -9.6500289e-01   2.6223925e-01
  -9.6627302e-01   2.5751982e-01
  -9.6730845e-01   2.5360277e-01
  -9.6886047e-01   2.4760732e-01
  -9.7020316e-01   2.4229285e-01
  -9.7124609e-01   2.3807777e-01
  -9.7265264e-01   2.3226461e-01
  -9.7409148e-01   2.2615436e-01
  -9.7512450e-01   2.2165785e-01
  -9.7592163e-01   2.1812147e-01
  -9.7989515e-01   1.9951317e-01
  -9.8096344e-01   1.9419252e-01
  -9.8206257e-01   1.8855530e-01
  -9.8282775e-01   1.8452539e-01
  -9.8374881e-01   1.7955024e-01
  -9.8444844e-01   1.7567377e-01
  -9.8551026e-01   1.6961582e-01
  -9.8640095e-01   1.6435683e-01
  -9.8735683e-01   1.5851338e-01
  -9.8825029e-01   1.5284423e-01
  -9.8899056e-01   1.4797863e-01
  -9.8968602e-01   1.4325356e-01
  -9.9018584e-01   1.3975693e-01
  -9.9091988e-01   1.3445369e-01
  -9.9181452e-01   1.2768696e-01
  -9.9230353e-01   1.2382933e-01
  -9.9284798e-01   1.1938544e-01
  -9.9352989e-01   1.1357097e-01
  -9.9418082e-01   1.0772419e-01
  -9.9468503e-01   1.0296455e-01
  -9.9512348e-01   9.8636964e-02
  -9.9575292e-01   9.2065814e-02
  -9.9629638e-01   8.5985555e-02
  -9.9675020e-01   8.0554619e-02
  -9.9712140e-01   7.5821545e-02
  -9.9741815e-01   7.1812519e-02
  -9.9780758e-01   6.6181887e-02
  -9.9809311e-01   6.1726305e-02
  -9.9841447e-01   5.6289865e-02
  -9.9868112e-01   5.1342237e-02
  -9.9885334e-01   4.7874842e-02
  -9.9911013e-01   4.2177624e-02
  -9.9924012e-01   3.8976652e-02
  -9.9903847e-01   4.3842193e-02
  -9.9883404e-01   4.8275940e-02
  -9.9859329e-01   5.3022971e-02
  -9.9827282e-01   5.8748441e-02
  -9.9799743e-01   6.3254467e-02
  -9.9767606e-01   6.8135741e-02
  -9.9722609e-01   7.4431965e-02
  -9.9683860e-01   7.9453172e-02
  -9.9652819e-01   8.3255981e-02
  -9.9598936e-01   8.9471762e-02
  -9.9546674e-01   9.5110324e-02
  -9.9493840e-01   1.0048672e-01
  -9.9447293e-01   1.0499329e-01
  -9.9412267e-01   1.0825950e-01
  -9.9337341e-01   1.1493159e-01
  -9.9283039e-01   1.1953167e-01
  -9.9240297e-01   1.2302986e-01
  -9.9171387e-01   1.2846636e-01
  -9.9115295e-01   1.3272467e-01
  -9.9030032e-01   1.3894341e-01
  -9.8955764e-01   1.4413774e-01
  -9.8884358e-01   1.4895760e-01
  -9.8788688e-01   1.5517575e-01
  -9.8693782e-01   1.6110166e-01
  -9.8631553e-01   1.6486867e-01
  -9.8535287e-01   1.7052777e-01
  -9.8438047e-01   1.7605425e-01
  -9.8340425e-01   1.8142791e-01
  -9.8247995e-01   1.8636829e-01
  -9.8165124e-01   1.9068520e-01
  -9.8066619e-01   1.9568809e-01
  -9.7986247e-01   1.9967356e-01
  -9.7876514e-01   2.0498489e-01
  -9.7750112e-01   2.1093025e-01
  -9.7630935e-01   2.1637943e-01
  -9.7544051e-01   2.2026307e-01
  -9.7419863e-01   2.2569231e-01
  -9.7326625e-01   2.2967979e-01
  -9.7198277e-01   2.3505210e-01
  -9.7071398e-01   2.4023814e-01
  -9.6945717e-01   2.4526066e-01
  -9.6833957e-01   2.4963669e-01
  -9.6743813e-01   2.5310762e-01
  -9.6619623e-01   2.5780778e-01
  -9.6457040e-01   2.6382558e-01
  -9.6280734e-01   2.7018887e-01
  -9.6142833e-01   2.7505557e-01
  -9.5998275e-01   2.8005914e-01
  -9.5914671e-01   2.8290917e-01
  -9.5993168e-01   2.8023413e-01
  -9.6212393e-01   2.7261244e-01
  -9.6344360e-01   2.6791124e-01
  -9.6460929e-01   2.6368338e-01
  -9.6570981e-01   2.5962389e-01
  -9.6691725e-01   2.5509023e-01
  -9.6837601e-01   2.4949531e-01
  -9.6997799e-01   2.4319273e-01
  -9.7128908e-01   2.3790234e-01
  -9.7251402e-01   2.3284431e-01
  -9.7393591e-01   2.2682337e-01
  -9.7501757e-01   2.2212777e-01
  -9.7598264e-01   2.1784831e-01
  -9.7730493e-01   2.1183736e-01
  -9.7818255e-01   2.0774718e-01
  -9.7933014e-01   2.0226835e-01
  -9.8047133e-01   1.9666209e-01
  -9.8124223e-01   1.9277883e-01
  -9.8234423e-01   1.8708238e-01
  -9.8334225e-01   1.8176364e-01
  -9.8409753e-01   1.7762897e-01
  -9.8526123e-01   1.7105647e-01
  -9.8607634e-01   1.6629330e-01
  -9.8707829e-01   1.6023871e-01
  -9.8778851e-01   1.5580070e-01
  -9.8844488e-01   1.5158072e-01
  -9.8935540e-01   1.4551941e-01
  -9.9006344e-01   1.4062142e-01
  -9.9078980e-01   1.3540888e-01
  -9.9138004e-01   1.3101762e-01
  -9.9201016e-01   1.2615804e-01
  -9.9248717e-01   1.2234873e-01
  -9.9329319e-01   1.1562280e-01
  -9.9375050e-01   1.1162415e-01
  -9.9454346e-01   1.0432309e-01
  -9.9493120e-01   1.0055796e-01
  -9.9552320e-01   9.4517469e-02
  -9.9606490e-01   8.8626864e-02
  -9.9640646e-01   8.4700487e-02
  -9.9693234e-01   7.8268229e-02
  -9.9719014e-01   7.4912053e-02
  -9.9755866e-01   6.9833531e-02
  -9.9792313e-01   6.4416064e-02
  -9.9827426e-01   5.8723962e-02
  -9.9855657e-01   5.3710206e-02
  -9.9876847e-01   4.9613957e-02
  -9.9910463e-01   4.2307773e-02
  -9.9934167e-01   3.6279736e-02
  -9.9915633e-01   4.1068551e-02
  -9.9894254e-01   4.5976130e-02
  -9.9869493e-01   5.1072947e-02
  -9.9845735e-01   5.5524098e-02
  -9.9818020e-01   6.0301597e-02
  -9.9774305e-01   6.7147608e-02
  -9.9730207e-01   7.3407017e-02
  -9.9691411e-01   7.8500051e-02
  -9.9647737e-01   8.3862154e-02
  -9.9607970e-01   8.8460316e-02
  -9.9560660e-01   9.3634971e-02
  -9.9516116e-01   9.8256078e-02
  -9.9469250e-01   1.0289236e-01
  -9.9423217e-01   1.0724924e-01
  -9.9364553e-01   1.1255474e-01
  -9.9310864e-01   1.1719741e-01
  -9.9246973e-01   1.2249011e-01
  -9.9176683e-01   1.2805686e-01
  -9.9118970e-01   1.3244990e-01
  -9.9049385e-01   1.3755700e-01
  -9.8973157e-01   1.4293853e-01
  -9.8890194e-01   1.4856966e-01
  -9.8811431e-01   1.5372087e-01
  -9.8724558e-01   1.5920477e-01
  -9.8643465e-01   1.6415443e-01
  -9.8559355e-01   1.6913115e-01
  -9.8476882e-01   1.7386885e-01
  -9.8391132e-01   1.7865755e-01
  -9.8302219e-01   1.8348669e-01
  -9.8215062e-01   1.8809612e-01
  -9.8104717e-01   1.9376907e-01
  -9.8002760e-01   1.9886150e-01
  -9.7904410e-01   2.0364833e-01
  -9.7796485e-01   2.0876961e-01
  -9.7675453e-01   2.1436088e-01
  -9.7536402e-01   2.2060153e-01
  -9.7411938e-01   2.2603415e-01
  -9.7308849e-01   2.3043174e-01
  -9.7200460e-01   2.3496181e-01
  -9.7082163e-01   2.3980274e-01
  -9.6945047e-01   2.4528715e-01
  -9.6822769e-01   2.5007028e-01
  -9.6711043e-01   2.5435687e-01
  -9.6574069e-01   2.5950900e-01
  -9.6455381e-01   2.6388625e-01
  -9.6330796e-01   2.6839852e-01
  -9.6188495e-01   2.7345447e-01
  -9.6048185e-01   2.7834263e-01
  -9.5954832e-01   2.8154400e-01
  -9.5938688e-01   2.8209363e-01
  -9.5923869e-01   2.8259713e-01
  -9.5917894e-01   2.8279987e-01
  -9.5899422e-01   2.8342564e-01
  -9.5884019e-01   2.8394627e-01
  -9.5868589e-01   2.8446680e-01
  -9.5847814e-01   2.8516600e-01
  -9.5827280e-01   2.8585526e-01
  -9.5809627e-01   2.8644639e-01
  -9.5788861e-01   2.8714004e-01
  -9.5767565e-01   2.8784952e-01
  -9.5748729e-01   2.8847546e-01
  -9.5727814e-01   2.8916873e-01
  -9.5708613e-01   2.8980361e-01
  -9.5690185e-01   2.9041151e-01
  -9.5669129e-01   2.9110440e-01
  -9.5649816e-01   2.9173836e-01
  -9.5630067e-01   2.9238508e-01
  -9.5610653e-01   2.9301930e-01
