  -7.9670678e-02   1.9607419e-01
  -7.9621144e-02   1.9610507e-01
  -7.9563762e-02   1.9614095e-01
  -7.9505432e-02   1.9617754e-01
  -7.9448217e-02   1.9621355e-01
  -7.9399874e-02   1.9624406e-01
  -7.9350888e-02   1.9627506e-01
  -7.9295053e-02   1.9631050e-01
  -8.1152938e-02   1.9512799e-01
  -8.4723817e-02   1.9285679e-01
  -8.8559484e-02   1.9041738e-01
  -9.2594836e-02   1.8785154e-01
  -9.6633006e-02   1.8528509e-01
  -1.0128327e-01   1.8233017e-01
  -1.0541579e-01   1.7970786e-01
  -1.0960174e-01   1.7705485e-01
  -1.1380596e-01   1.7439587e-01
  -1.1801567e-01   1.7173797e-01
  -1.2275835e-01   1.6874262e-01
  -1.2701312e-01   1.6604863e-01
  -1.3126182e-01   1.6335242e-01
  -1.3553993e-01   1.6063459e-01
  -1.3978291e-01   1.5793576e-01
  -1.4399459e-01   1.5525297e-01
  -1.4823527e-01   1.5255014e-01
  -1.5291851e-01   1.4956380e-01
  -1.5709997e-01   1.4689779e-01
  -1.6135000e-01   1.4418774e-01
  -1.6557518e-01   1.4149244e-01
  -1.6975610e-01   1.3882760e-01
  -1.7398279e-01   1.3613588e-01
  -1.7865462e-01   1.3316295e-01
  -1.8283169e-01   1.3050128e-01
  -1.8706742e-01   1.2779879e-01
  -1.9132374e-01   1.2507866e-01
  -1.9552139e-01   1.2239465e-01
  -1.9975667e-01   1.1968634e-01
  -2.0387580e-01   1.1705259e-01
  -2.0859693e-01   1.1403407e-01
  -2.1282922e-01   1.1133073e-01
  -2.1707216e-01   1.0862039e-01
  -2.2124798e-01   1.0595491e-01
  -2.2541581e-01   1.0329699e-01
  -2.2960159e-01   1.0063479e-01
  -2.3425064e-01   9.7689322e-02
  -2.3847431e-01   9.5013938e-02
  -2.4273538e-01   9.2309892e-02
  -2.4703372e-01   8.9576283e-02
  -2.5128089e-01   8.6869920e-02
  -2.5552556e-01   8.4162506e-02
  -2.5966924e-01   8.1517743e-02
  -2.6439501e-01   7.8499729e-02
  -2.6860989e-01   7.5809752e-02
  -2.7284018e-01   7.3110041e-02
  -2.7707660e-01   7.0406141e-02
  -2.8130725e-01   6.7707047e-02
  -2.8596303e-01   6.4734882e-02
  -2.8528235e-01   6.5171448e-02
  -2.8236972e-01   6.7035552e-02
  -2.7899781e-01   6.9185918e-02
  -2.7518427e-01   7.1614375e-02
  -2.7120838e-01   7.4145966e-02
  -2.6706683e-01   7.6782152e-02
  -2.6247797e-01   7.9700401e-02
  -2.5840001e-01   8.2289422e-02
  -2.5416283e-01   8.4975994e-02
  -2.4994548e-01   8.7650686e-02
  -2.4577393e-01   9.0297741e-02
  -2.4158911e-01   9.2959964e-02
  -2.3692889e-01   9.5932332e-02
  -2.3278502e-01   9.8585055e-02
  -2.2854920e-01   1.0129710e-01
  -2.2430717e-01   1.0401054e-01
  -2.2001987e-01   1.0675024e-01
  -2.1579270e-01   1.0944715e-01
  -2.1162647e-01   1.1209956e-01
  -2.0685477e-01   1.1513549e-01
  -2.0264078e-01   1.1781735e-01
  -1.9838981e-01   1.2052152e-01
  -1.9415958e-01   1.2320951e-01
  -1.8996041e-01   1.2587742e-01
  -1.8571112e-01   1.2857627e-01
  -1.8105010e-01   1.3154053e-01
  -1.7691633e-01   1.3417739e-01
  -1.7267903e-01   1.3688335e-01
  -1.6845320e-01   1.3958281e-01
  -1.6420352e-01   1.4229622e-01
  -1.5996071e-01   1.4500057e-01
  -1.5558717e-01   1.4778521e-01
  -1.5106921e-01   1.5066114e-01
  -1.4683333e-01   1.5335642e-01
  -1.4262493e-01   1.5603231e-01
  -1.3837045e-01   1.5873771e-01
  -1.3402470e-01   1.6150635e-01
  -1.2947466e-01   1.6440747e-01
  -1.2531180e-01   1.6706174e-01
  -1.2118100e-01   1.6970129e-01
  -1.1699971e-01   1.7237734e-01
  -1.1278478e-01   1.7507756e-01
  -1.0851967e-01   1.7780730e-01
  -1.0425431e-01   1.8053561e-01
  -9.9505323e-02   1.8357117e-01
  -9.5292937e-02   1.8626435e-01
  -9.1028847e-02   1.8898717e-01
  -8.6780817e-02   1.9169815e-01
  -8.2584184e-02   1.9437604e-01
  -8.0968773e-02   1.9538907e-01
  -8.0288215e-02   1.9578305e-01
  -7.9941743e-02   1.9596706e-01
  -7.9743005e-02   1.9606355e-01
  -7.9603061e-02   1.9612253e-01
  -7.9543352e-02   1.9614509e-01
  -7.9507453e-02   1.9615651e-01
  -7.9505001e-02   1.9615734e-01
  -7.9484012e-02   1.9616189e-01
  -7.9496889e-02   1.9615959e-01
  -7.9518049e-02   1.9615767e-01
  -7.9511128e-02   1.9615782e-01
  -7.9507079e-02   1.9615772e-01
  -7.9506082e-02   1.9615822e-01
  -7.9472739e-02   1.9615522e-01
  -7.9447849e-02   1.9615134e-01
  -7.9443216e-02   1.9615075e-01
  -7.9432664e-02   1.9614825e-01
  -7.9433299e-02   1.9614827e-01
  -7.9446129e-02   1.9615242e-01
  -7.9438947e-02   1.9614935e-01
  -7.9448715e-02   1.9615351e-01
  -7.9470618e-02   1.9616478e-01
  -7.9457525e-02   1.9615713e-01
  -7.9465424e-02   1.9616235e-01
  -7.9467942e-02   1.9616408e-01
  -7.9454605e-02   1.9615314e-01
  -7.9452270e-02   1.9615105e-01
  -7.9452104e-02   1.9615059e-01
  -7.9448349e-02   1.9614671e-01
  -7.9459433e-02   1.9616044e-01
  -7.9468652e-02   1.9617292e-01
  -7.9484173e-02   1.9619631e-01
  -7.9498909e-02   1.9622029e-01
  -7.9506218e-02   1.9623358e-01
  -7.9531270e-02   1.9628850e-01
  -7.9533041e-02   1.9629228e-01
  -7.9549803e-02   1.9633856e-01
  -7.9551196e-02   1.9634365e-01
  -7.9547863e-02   1.9632966e-01
  -7.9544316e-02   1.9631152e-01
  -7.9541124e-02   1.9628999e-01
  -7.9537252e-02   1.9624620e-01
  -7.9536693e-02   1.9623514e-01
  -7.9536908e-02   1.9621063e-01
  -7.9538875e-02   1.9617947e-01
  -7.9541182e-02   1.9616006e-01
  -7.9541163e-02   1.9616102e-01
  -7.9538170e-02   1.9617295e-01
  -7.9550202e-02   1.9612220e-01
  -7.9556347e-02   1.9609420e-01
  -7.9561198e-02   1.9606650e-01
  -7.9551559e-02   1.9611601e-01
  -7.9549884e-02   1.9612817e-01
  -7.9550364e-02   1.9611672e-01
  -7.9550531e-02   1.9608672e-01
  -7.9550091e-02   1.9606367e-01
  -7.9547415e-02   1.9602522e-01
  -7.9541285e-02   1.9597710e-01
  -7.9533180e-02   1.9593358e-01
  -7.9523895e-02   1.9589526e-01
  -7.9515559e-02   1.9586775e-01
  -7.9514158e-02   1.9586424e-01
  -7.9528708e-02   1.9590122e-01
  -7.9542481e-02   1.9593180e-01
  -7.9564138e-02   1.9597475e-01
  -7.9586101e-02   1.9601191e-01
  -7.9605514e-02   1.9604181e-01
  -7.9608388e-02   1.9604672e-01
  -7.9618746e-02   1.9605967e-01
  -7.9629522e-02   1.9607161e-01
  -7.9629941e-02   1.9607235e-01
  -7.9629799e-02   1.9607248e-01
  -7.9650324e-02   1.9608968e-01
  -7.9644077e-02   1.9608496e-01
  -7.9650680e-02   1.9608943e-01
  -7.9636592e-02   1.9608085e-01
  -7.9641896e-02   1.9608386e-01
  -7.9639793e-02   1.9608313e-01
  -7.9655626e-02   1.9608980e-01
  -7.9656244e-02   1.9609037e-01
  -7.9675961e-02   1.9609688e-01
  -7.9707913e-02   1.9610451e-01
  -7.9708642e-02   1.9610474e-01
  -7.9708682e-02   1.9610457e-01
  -7.9677419e-02   1.9610180e-01
  -7.9630491e-02   1.9609995e-01
  -7.9613366e-02   1.9609984e-01
  -7.9577115e-02   1.9610184e-01
  -7.9560114e-02   1.9610397e-01
  -7.9569645e-02   1.9610246e-01
  -7.9579714e-02   1.9610039e-01
  -7.9590633e-02   1.9609764e-01
  -7.9596744e-02   1.9609583e-01
  -7.9618394e-02   1.9608821e-01
  -7.9641231e-02   1.9607865e-01
  -7.9652837e-02   1.9607282e-01
  -7.9865980e-02   1.9594981e-01
  -8.3049731e-02   1.9405674e-01
  -8.6720201e-02   1.9183273e-01
  -9.0661849e-02   1.8944224e-01
  -9.4766290e-02   1.8697723e-01
  -9.8941471e-02   1.8450741e-01
  -1.0368808e-01   1.8175643e-01
  -1.0788059e-01   1.7938043e-01
  -1.1230193e-01   1.7693282e-01
  -1.1667006e-01   1.7457878e-01
  -1.2098925e-01   1.7230209e-01
  -1.2548252e-01   1.6999981e-01
  -1.3000641e-01   1.6774173e-01
  -1.3505995e-01   1.6528280e-01
  -1.3955470e-01   1.6315079e-01
  -1.5353877e-01   1.5689379e-01
  -1.5868948e-01   1.5474163e-01
  -1.6337318e-01   1.5283725e-01
  -1.6791468e-01   1.5104430e-01
  -1.7260768e-01   1.4924883e-01
  -1.7721657e-01   1.4753612e-01
  -1.8203792e-01   1.4579582e-01
  -1.8676861e-01   1.4414678e-01
  -1.9203604e-01   1.4237728e-01
  -1.9683903e-01   1.4081977e-01
  -2.0160838e-01   1.3933065e-01
  -2.0638293e-01   1.3789230e-01
  -2.1109095e-01   1.3652024e-01
  -2.1599158e-01   1.3514573e-01
  -2.2146169e-01   1.3367357e-01
  -2.2620315e-01   1.3244776e-01
  -2.3100115e-01   1.3125717e-01
  -2.3594330e-01   1.3008785e-01
  -2.4088800e-01   1.2896933e-01
  -2.4575125e-01   1.2792177e-01
  -2.5055641e-01   1.2694249e-01
  -2.5602156e-01   1.2588871e-01
  -2.6094117e-01   1.2499739e-01
  -2.6581053e-01   1.2417586e-01
  -2.7067459e-01   1.2340540e-01
  -2.7556437e-01   1.2268444e-01
  -2.8065819e-01   1.2197905e-01
  -2.8621069e-01   1.2126767e-01
  -2.9126518e-01   1.2066509e-01
  -2.9626093e-01   1.2011945e-01
  -3.0111865e-01   1.1963840e-01
  -3.0621500e-01   1.1918370e-01
  -3.1128680e-01   1.1877477e-01
  -3.1618935e-01   1.1837268e-01
  -3.2172065e-01   1.1786300e-01
  -3.2671152e-01   1.1735012e-01
  -3.3177721e-01   1.1678243e-01
  -3.3668067e-01   1.1618185e-01
  -3.4162705e-01   1.1552829e-01
  -3.4715716e-01   1.1474034e-01
  -3.5209625e-01   1.1397900e-01
  -3.5689721e-01   1.1318534e-01
  -3.6193807e-01   1.1229915e-01
  -3.6692547e-01   1.1136931e-01
  -3.7186344e-01   1.1039709e-01
  -3.7672429e-01   1.0938290e-01
  -3.8140546e-01   1.0836646e-01
  -3.8695934e-01   1.0709785e-01
  -3.9177728e-01   1.0594534e-01
  -3.9648300e-01   1.0477541e-01
  -4.0135947e-01   1.0351419e-01
  -4.0613041e-01   1.0223188e-01
  -4.1160167e-01   1.0069952e-01
  -4.1638088e-01   9.9308297e-02
  -4.2114991e-01   9.7857748e-02
  -4.2604888e-01   9.6310623e-02
  -4.3087654e-01   9.4727635e-02
  -4.3546626e-01   9.3169419e-02
  -4.4023527e-01   9.1492424e-02
  -4.4547944e-01   8.9585498e-02
  -4.5020998e-01   8.7811893e-02
  -4.5493209e-01   8.5989402e-02
  -4.5951512e-01   8.4163605e-02
  -4.6416120e-01   8.2263637e-02
  -4.6870822e-01   8.0352951e-02
  -4.7379370e-01   7.8150529e-02
  -4.7844996e-01   7.6079247e-02
  -4.8302960e-01   7.3983042e-02
  -4.8747297e-01   7.1893358e-02
  -4.9203487e-01   6.9687951e-02
  -4.9640620e-01   6.7523117e-02
  -5.0084317e-01   6.5271411e-02
  -5.0580192e-01   6.2687401e-02
  -5.1024433e-01   6.0320633e-02
  -5.1456445e-01   5.7963659e-02
  -5.1880521e-01   5.5603979e-02
  -5.2313565e-01   5.3137747e-02
  -5.2758214e-01   5.0543408e-02
  -5.3241739e-01   4.7650156e-02
  -5.3666079e-01   4.5036945e-02
  -5.4088198e-01   4.2378689e-02
  -5.4307688e-01   4.0969536e-02
  -5.4065437e-01   4.2536654e-02
  -5.3712610e-01   4.4734474e-02
  -5.3358834e-01   4.6890829e-02
  -5.2913195e-01   4.9549583e-02
  -5.2509736e-01   5.1907605e-02
  -5.2092482e-01   5.4296934e-02
  -5.1655222e-01   5.6742659e-02
  -5.1216105e-01   5.9135362e-02
  -5.0733877e-01   6.1686429e-02
  -5.0286003e-01   6.3992836e-02
  -4.9831546e-01   6.6266648e-02
  -4.9380767e-01   6.8464423e-02
  -4.8934248e-01   7.0582298e-02
  -4.8467839e-01   7.2737005e-02
  -4.8018515e-01   7.4762074e-02
  -4.7512262e-01   7.6969120e-02
  -4.7050731e-01   7.8925705e-02
  -4.6595257e-01   8.0807627e-02
  -4.6123424e-01   8.2704856e-02
  -4.5652408e-01   8.4543479e-02
  -4.5199629e-01   8.6253108e-02
  -4.4666987e-01   8.8197908e-02
  -4.4197631e-01   8.9850380e-02
  -4.3717024e-01   9.1491320e-02
  -4.3246026e-01   9.3042523e-02
  -4.2779324e-01   9.4525225e-02
  -4.2291024e-01   9.6023413e-02
  -4.1814195e-01   9.7436253e-02
  -4.1276270e-01   9.8973624e-02
  -4.0809536e-01   1.0025274e-01
  -4.0326019e-01   1.0153573e-01
  -3.9850958e-01   1.0274310e-01
  -3.9348544e-01   1.0396815e-01
  -3.8867133e-01   1.0508281e-01
  -3.8309332e-01   1.0630684e-01
  -3.7832682e-01   1.0729521e-01
  -3.7329350e-01   1.0828750e-01
  -3.6831282e-01   1.0921269e-01
  -3.6351899e-01   1.1005032e-01
  -3.5843602e-01   1.1088508e-01
  -3.5372898e-01   1.1161184e-01
  -3.4825915e-01   1.1239963e-01
  -3.4328123e-01   1.1306816e-01
  -3.3824659e-01   1.1369281e-01
  -3.3324036e-01   1.1426294e-01
  -3.2828425e-01   1.1477775e-01
  -3.2261730e-01   1.1530028e-01
  -3.1269299e-01   1.1606290e-01
  -3.0769580e-01   1.1645346e-01
  -3.0268386e-01   1.1689045e-01
  -2.9770856e-01   1.1737256e-01
  -2.9274817e-01   1.1790486e-01
  -2.8739573e-01   1.1852660e-01
  -2.8239695e-01   1.1917129e-01
  -2.7744978e-01   1.1986582e-01
  -2.7257280e-01   1.2061204e-01
  -2.6758302e-01   1.2143002e-01
  -2.6266319e-01   1.2228554e-01
  -2.5716984e-01   1.2329701e-01
  -2.5223700e-01   1.2425411e-01
  -2.4730091e-01   1.2525967e-01
  -2.4239095e-01   1.2630847e-01
  -2.3747158e-01   1.2740828e-01
  -2.3260719e-01   1.2854778e-01
  -2.2769412e-01   1.2975054e-01
  -2.2234162e-01   1.3112358e-01
  -2.1758559e-01   1.3239732e-01
  -2.1275100e-01   1.3374420e-01
  -2.0793609e-01   1.3513836e-01
  -2.0316011e-01   1.3657926e-01
  -1.9842027e-01   1.3806405e-01
  -1.9310327e-01   1.3979382e-01
  -1.8836337e-01   1.4138880e-01
  -1.8359905e-01   1.4304413e-01
  -1.7884559e-01   1.4474406e-01
  -1.7416644e-01   1.4647421e-01
  -1.6949755e-01   1.4825536e-01
  -1.6487528e-01   1.5006828e-01
  -1.5971487e-01   1.5215675e-01
  -1.5510053e-01   1.5408060e-01
  -1.5049271e-01   1.5605858e-01
  -1.4591194e-01   1.5808018e-01
  -1.4137545e-01   1.6013992e-01
  -1.3635332e-01   1.6249113e-01
  -1.3188703e-01   1.6464586e-01
  -1.2753405e-01   1.6680387e-01
  -1.2308995e-01   1.6906442e-01
  -1.1863397e-01   1.7138570e-01
  -1.1408870e-01   1.7380751e-01
  -1.0964374e-01   1.7623560e-01
  -1.0534822e-01   1.7863706e-01
  -1.0047407e-01   1.8142553e-01
  -9.6156743e-02   1.8394962e-01
  -9.1851799e-02   1.8652525e-01
  -8.7564276e-02   1.8914865e-01
  -8.3314884e-02   1.9180750e-01
  -8.0547345e-02   1.9357214e-01
  -8.0487817e-02   1.9361040e-01
  -8.0449791e-02   1.9363490e-01
  -8.0371322e-02   1.9368557e-01
  -8.0330832e-02   1.9371176e-01
  -8.0287555e-02   1.9373982e-01
  -8.0244309e-02   1.9376793e-01
  -8.0186258e-02   1.9380577e-01
  -8.0129073e-02   1.9384316e-01
  -8.0080063e-02   1.9387530e-01
  -8.0022592e-02   1.9391310e-01
  -7.9963853e-02   1.9395185e-01
  -7.9912068e-02   1.9398612e-01
  -7.9854752e-02   1.9402417e-01
  -7.9802302e-02   1.9405909e-01
  -7.9752114e-02   1.9409259e-01
  -7.9694950e-02   1.9413087e-01
  -7.9642685e-02   1.9416597e-01
  -7.9589404e-02   1.9420186e-01
  -7.9537191e-02   1.9423713e-01
