   7.4000000e+01
   7.4000000e+01
   7.3000000e+01
   7.4000000e+01
   7.4000000e+01
   7.4000000e+01
   7.4000000e+01
   7.4000000e+01
   7.5000000e+01
   7.5000000e+01
   7.5000000e+01
   7.5000000e+01
   7.4000000e+01
   7.4000000e+01
   9.1000000e+01
   5.1900000e+02
   8.4900000e+02
   8.6100000e+02
   8.6800000e+02
   8.6400000e+02
   8.4400000e+02
   3.7800000e+02
   7.9000000e+01
   7.7000000e+01
   7.7000000e+01
   7.8000000e+01
   1.0000000e+02
   5.8800000e+02
   8.7200000e+02
   8.8200000e+02
   8.7800000e+02
   8.8600000e+02
   8.5800000e+02
   3.2300000e+02
   7.8000000e+01
   7.6000000e+01
   7.6000000e+01
   7.6000000e+01
   1.1800000e+02
   6.1100000e+02
   8.3500000e+02
   8.4600000e+02
   8.5000000e+02
   8.5200000e+02
   8.1300000e+02
   3.1600000e+02
   7.8000000e+01
   7.8000000e+01
   7.6000000e+01
   7.6000000e+01
   7.6000000e+01
   7.7000000e+01
   7.6000000e+01
   7.6000000e+01
   7.7000000e+01
   7.7000000e+01
   1.6000000e+02
   6.9500000e+02
   4.6800000e+02
   1.1500000e+02
   7.7000000e+01
   7.7000000e+01
   7.7000000e+01
   7.8000000e+01
   7.8000000e+01
   7.5000000e+01
   7.4000000e+01
   7.5000000e+01
   7.7000000e+01
   7.7000000e+01
   1.8800000e+02
   7.2500000e+02
   8.5100000e+02
   8.5300000e+02
   8.5400000e+02
   8.5000000e+02
   7.2900000e+02
   2.0200000e+02
   7.7000000e+01
   7.7000000e+01
   7.6000000e+01
   7.7000000e+01
   1.6900000e+02
   7.3200000e+02
   8.8200000e+02
   8.7700000e+02
   8.7600000e+02
   8.7400000e+02
   7.8100000e+02
   2.4100000e+02
   7.7000000e+01
   7.7000000e+01
   7.7000000e+01
   7.7000000e+01
   1.5600000e+02
   6.8700000e+02
   8.6400000e+02
   8.6400000e+02
   8.5600000e+02
   8.5800000e+02
   7.6800000e+02
   2.4000000e+02
   7.4000000e+01
   7.4000000e+01
   7.4000000e+01
   7.5000000e+01
   7.3000000e+01
   7.5000000e+01
   7.5000000e+01
   7.5000000e+01
   7.4000000e+01
   7.6000000e+01
   7.6000000e+01
   7.7000000e+01
   7.9000000e+01
   7.8000000e+01
   7.7000000e+01
   7.8000000e+01
   1.0500000e+02
   2.9200000e+02
   6.2300000e+02
   8.3800000e+02
   8.6700000e+02
   8.7000000e+02
   8.6500000e+02
   8.5900000e+02
   8.5400000e+02
   8.5700000e+02
   8.5800000e+02
   8.6300000e+02
   8.6700000e+02
   8.7000000e+02
   8.7300000e+02
   8.7100000e+02
   8.6600000e+02
   8.6100000e+02
   8.6400000e+02
   8.6700000e+02
   8.7100000e+02
   8.8300000e+02
   8.7800000e+02
   8.7400000e+02
   8.7200000e+02
   8.7400000e+02
   8.6800000e+02
   7.9800000e+02
   4.8100000e+02
   1.5000000e+02
   7.9000000e+01
   7.7000000e+01
   7.6000000e+01
   7.6000000e+01
   7.7000000e+01
   9.1000000e+01
   3.6800000e+02
   7.1300000e+02
   7.1200000e+02
   5.4300000e+02
   2.2100000e+02
   8.7000000e+01
   7.8000000e+01
   7.6000000e+01
   7.6000000e+01
   7.7000000e+01
   7.9000000e+01
   8.3000000e+01
   1.5000000e+02
   4.6500000e+02
   8.0200000e+02
   8.7100000e+02
   8.7600000e+02
   8.7400000e+02
   8.7500000e+02
   8.8000000e+02
   8.7700000e+02
   8.7600000e+02
   8.7100000e+02
   8.6800000e+02
   8.6400000e+02
   8.6200000e+02
   8.6800000e+02
   8.7100000e+02
   8.7300000e+02
   8.7300000e+02
   8.7200000e+02
   8.7400000e+02
   8.6400000e+02
   8.5900000e+02
   8.5500000e+02
   8.5500000e+02
   8.6100000e+02
   8.6900000e+02
   8.7300000e+02
   8.6700000e+02
   8.4500000e+02
   7.0200000e+02
   4.0100000e+02
   1.4700000e+02
   8.1000000e+01
   7.6000000e+01
   7.7000000e+01
   7.8000000e+01
   7.7000000e+01
   7.7000000e+01
   7.6000000e+01
   7.7000000e+01
   7.6000000e+01
   7.6000000e+01
   7.5000000e+01
   7.5000000e+01
   7.5000000e+01
   1.0100000e+02
   4.8900000e+02
   8.3900000e+02
   8.7000000e+02
   8.7300000e+02
   8.8000000e+02
   8.7400000e+02
   8.7000000e+02
   8.6500000e+02
   8.6600000e+02
   8.6700000e+02
   8.6400000e+02
   8.6400000e+02
   8.0700000e+02
   4.7600000e+02
   1.4600000e+02
   8.0000000e+01
   7.7000000e+01
   7.9000000e+01
   7.9000000e+01
   7.9000000e+01
   7.9000000e+01
   8.0000000e+01
   7.9000000e+01
   7.7000000e+01
   7.8000000e+01
   7.8000000e+01
   8.0000000e+01
   2.0800000e+02
   6.4300000e+02
   8.5200000e+02
   8.6400000e+02
   8.6200000e+02
   8.5500000e+02
   8.5300000e+02
   8.5700000e+02
   8.3200000e+02
   5.7000000e+02
   1.7700000e+02
   8.0000000e+01
   7.6000000e+01
   7.6000000e+01
   7.7000000e+01
   7.3000000e+01
   7.5000000e+01
   7.6000000e+01
   7.6000000e+01
   7.8000000e+01
   7.8000000e+01
   7.8000000e+01
   7.8000000e+01
   9.4000000e+01
   3.8700000e+02
   7.1800000e+02
   8.4200000e+02
   8.7200000e+02
   8.7500000e+02
   8.7700000e+02
   8.7900000e+02
   8.7800000e+02
   8.7700000e+02
   8.7000000e+02
   8.6700000e+02
   8.6200000e+02
   5.7800000e+02
   1.0300000e+02
   7.6000000e+01
   7.5000000e+01
   7.6000000e+01
   7.5000000e+01
   7.5000000e+01
   7.6000000e+01
   7.8000000e+01
   7.9000000e+01
   7.9000000e+01
   7.9000000e+01
   2.4500000e+02
   7.7500000e+02
   8.6900000e+02
   8.7200000e+02
   8.7400000e+02
   8.6600000e+02
   8.6700000e+02
   8.7100000e+02
   8.6600000e+02
   8.5400000e+02
   8.2700000e+02
   7.7400000e+02
   5.0400000e+02
   3.7600000e+02
   4.9100000e+02
   5.7400000e+02
   6.7600000e+02
   7.8400000e+02
   8.3400000e+02
   8.6200000e+02
   8.6600000e+02
   8.7000000e+02
   8.7300000e+02
   8.7200000e+02
   8.5700000e+02
   5.3200000e+02
   9.5000000e+01
   7.9000000e+01
   7.8000000e+01
   7.8000000e+01
   7.7000000e+01
   7.5000000e+01
   7.5000000e+01
   7.5000000e+01
   7.6000000e+01
   7.6000000e+01
   7.7000000e+01
   1.8800000e+02
   7.5300000e+02
   8.6700000e+02
   8.7200000e+02
   8.7500000e+02
   8.8300000e+02
   8.7500000e+02
   8.7200000e+02
   8.7000000e+02
   8.5600000e+02
   7.4200000e+02
   4.0700000e+02
   1.3400000e+02
   7.6000000e+01
   7.7000000e+01
   7.8000000e+01
   7.9000000e+01
   7.8000000e+01
   7.7000000e+01
   7.5000000e+01
   7.6000000e+01
   7.6000000e+01
   7.5000000e+01
   7.7000000e+01
   7.6000000e+01
   7.6000000e+01
   7.7000000e+01
   8.6000000e+01
   2.3000000e+02
   5.9200000e+02
   8.2300000e+02
   8.4900000e+02
   8.6200000e+02
   8.7200000e+02
   8.8200000e+02
   8.8100000e+02
   8.7200000e+02
   8.2900000e+02
   5.5200000e+02
   1.5800000e+02
   7.7000000e+01
   7.8000000e+01
   7.9000000e+01
   7.9000000e+01
   7.8000000e+01
   7.8000000e+01
   9.3000000e+01
   3.3400000e+02
   7.4800000e+02
   8.5500000e+02
   8.5400000e+02
   8.5200000e+02
   8.4700000e+02
   8.5400000e+02
   8.5000000e+02
   7.1600000e+02
   2.8000000e+02
   8.0000000e+01
   7.7000000e+01
   7.7000000e+01
   7.8000000e+01
   7.7000000e+01
   7.8000000e+01
   1.7700000e+02
   6.4100000e+02
   8.4700000e+02
   8.5800000e+02
   8.6000000e+02
   8.5600000e+02
   8.4700000e+02
   8.2000000e+02
   5.2000000e+02
   1.1800000e+02
   7.7000000e+01
   8.0000000e+01
   7.8000000e+01
   7.9000000e+01
   7.9000000e+01
   7.9000000e+01
   8.0000000e+01
   7.9000000e+01
   7.9000000e+01
   7.9000000e+01
   7.9000000e+01
   7.9000000e+01
   7.9000000e+01
   7.9000000e+01
   7.9000000e+01
   7.9000000e+01
   7.9000000e+01
   7.9000000e+01
   7.9000000e+01
