  -2.2806622e-01   9.7364562e-01
  -2.2750658e-01   9.7377654e-01
  -2.2697737e-01   9.7390003e-01
  -2.2636018e-01   9.7404367e-01
  -2.2571795e-01   9.7419269e-01
  -2.2514149e-01   9.7432608e-01
  -2.2455514e-01   9.7446138e-01
  -2.2398896e-01   9.7459168e-01
  -2.2342989e-01   9.7472000e-01
  -2.2286459e-01   9.7484941e-01
  -2.2223034e-01   9.7499419e-01
  -2.2173523e-01   9.7510691e-01
  -2.2098364e-01   9.7527752e-01
  -2.2043900e-01   9.7540076e-01
  -2.1985592e-01   9.7553235e-01
  -2.1925156e-01   9.7566836e-01
  -2.1865623e-01   9.7580195e-01
  -2.1803747e-01   9.7594040e-01
  -2.1750726e-01   9.7605870e-01
  -2.1685042e-01   9.7620484e-01
  -2.1625382e-01   9.7633718e-01
  -2.1608900e-01   9.7637367e-01
  -2.1608345e-01   9.7637490e-01
  -2.1648475e-01   9.7628600e-01
  -2.1723142e-01   9.7612013e-01
  -2.1788577e-01   9.7597428e-01
  -2.1779328e-01   9.7599492e-01
  -2.1858121e-01   9.7581876e-01
  -2.1842643e-01   9.7585342e-01
  -2.1851754e-01   9.7583302e-01
  -2.1719502e-01   9.7612823e-01
  -2.1853279e-01   9.7582960e-01
  -2.1718877e-01   9.7612962e-01
  -2.1626031e-01   9.7633574e-01
  -2.1659992e-01   9.7626045e-01
  -2.1656405e-01   9.7626841e-01
  -2.1632528e-01   9.7632135e-01
  -2.1703945e-01   9.7616283e-01
  -2.1592872e-01   9.7640913e-01
  -2.1582000e-01   9.7643317e-01
  -2.1691498e-01   9.7619050e-01
  -2.1523602e-01   9.7656206e-01
  -2.1692940e-01   9.7618730e-01
  -2.1676597e-01   9.7622360e-01
  -2.1646445e-01   9.7629050e-01
  -2.1696583e-01   9.7617920e-01
  -2.1801087e-01   9.7594634e-01
  -2.1669228e-01   9.7623996e-01
  -2.1742805e-01   9.7607635e-01
  -2.1699973e-01   9.7617166e-01
  -2.1708589e-01   9.7615251e-01
  -2.1644916e-01   9.7629389e-01
  -2.1665321e-01   9.7624863e-01
  -2.1684859e-01   9.7620525e-01
  -2.1643504e-01   9.7629702e-01
  -2.1763243e-01   9.7603080e-01
  -2.1658227e-01   9.7626437e-01
  -2.1704328e-01   9.7616198e-01
  -2.1633513e-01   9.7631916e-01
  -2.1633129e-01   9.7632002e-01
  -2.1620934e-01   9.7634703e-01
  -2.1710050e-01   9.7614926e-01
  -2.1811240e-01   9.7592366e-01
  -2.1861071e-01   9.7581215e-01
  -2.1842556e-01   9.7585361e-01
  -2.1784897e-01   9.7598249e-01
  -2.1776059e-01   9.7600222e-01
  -2.1749141e-01   9.7606224e-01
  -2.1784955e-01   9.7598236e-01
  -2.1663449e-01   9.7625278e-01
  -2.1646887e-01   9.7628952e-01
  -2.1654156e-01   9.7627340e-01
  -2.1608531e-01   9.7637449e-01
  -2.1574592e-01   9.7644954e-01
  -2.1527087e-01   9.7655438e-01
  -2.1637898e-01   9.7630945e-01
  -2.1494849e-01   9.7662539e-01
  -2.1680674e-01   9.7621455e-01
  -2.1601023e-01   9.7639110e-01
  -2.1681896e-01   9.7621183e-01
  -2.1601276e-01   9.7639054e-01
  -2.1710744e-01   9.7614771e-01
  -2.1643038e-01   9.7629805e-01
  -2.1719369e-01   9.7612853e-01
  -2.1745612e-01   9.7607010e-01
  -2.1697192e-01   9.7617785e-01
  -2.1701431e-01   9.7616842e-01
  -2.1562197e-01   9.7647691e-01
  -2.1688883e-01   9.7619631e-01
  -2.1779459e-01   9.7599463e-01
  -2.1568220e-01   9.7646361e-01
  -2.1705692e-01   9.7615895e-01
  -2.1736605e-01   9.7609016e-01
  -2.1647846e-01   9.7628739e-01
  -2.1676295e-01   9.7622427e-01
  -2.1640258e-01   9.7630422e-01
  -2.1706601e-01   9.7615693e-01
  -2.1632626e-01   9.7632113e-01
  -2.1758042e-01   9.7604240e-01
  -2.1880155e-01   9.7576938e-01
  -2.1776308e-01   9.7600166e-01
  -2.1902581e-01   9.7571907e-01
  -2.1859462e-01   9.7581576e-01
  -2.1762814e-01   9.7603176e-01
  -2.1855821e-01   9.7582391e-01
  -2.1841018e-01   9.7585706e-01
  -2.1787660e-01   9.7597633e-01
  -2.1731639e-01   9.7610122e-01
  -2.1648136e-01   9.7628675e-01
  -2.1673053e-01   9.7623147e-01
  -2.1680554e-01   9.7621481e-01
  -2.1612324e-01   9.7636609e-01
  -2.1629786e-01   9.7632742e-01
  -2.1568820e-01   9.7646229e-01
  -2.1704242e-01   9.7616217e-01
  -2.1613851e-01   9.7636271e-01
  -2.1614728e-01   9.7636077e-01
  -2.1543788e-01   9.7651755e-01
  -2.1642400e-01   9.7629947e-01
  -2.1658812e-01   9.7626307e-01
  -2.1774494e-01   9.7600571e-01
  -2.1684252e-01   9.7620660e-01
  -2.1759876e-01   9.7603831e-01
  -2.1697048e-01   9.7617817e-01
  -2.1708864e-01   9.7615190e-01
  -2.1607356e-01   9.7637709e-01
  -2.1720989e-01   9.7612492e-01
  -2.1698042e-01   9.7617596e-01
  -2.1723334e-01   9.7611970e-01
  -2.1596533e-01   9.7640103e-01
  -2.1612002e-01   9.7636680e-01
  -2.1701583e-01   9.7616808e-01
  -2.1632611e-01   9.7632116e-01
  -2.1730764e-01   9.7610317e-01
  -2.1820179e-01   9.7590367e-01
  -2.1664487e-01   9.7625048e-01
  -2.1863779e-01   9.7580609e-01
  -2.1827810e-01   9.7588661e-01
  -2.1930937e-01   9.7565537e-01
  -2.1856345e-01   9.7582274e-01
  -2.1781646e-01   9.7598975e-01
  -2.1828623e-01   9.7588479e-01
  -2.1907124e-01   9.7570887e-01
  -2.1835452e-01   9.7586951e-01
  -2.1800741e-01   9.7594711e-01
  -2.1786428e-01   9.7597908e-01
  -2.1811544e-01   9.7592298e-01
  -2.1737926e-01   9.7608722e-01
  -2.1648143e-01   9.7628674e-01
  -2.1763501e-01   9.7603023e-01
  -2.1671624e-01   9.7623464e-01
  -2.1598377e-01   9.7639695e-01
  -2.1794137e-01   9.7596186e-01
  -2.1711412e-01   9.7614623e-01
  -2.1677774e-01   9.7622098e-01
  -2.1729720e-01   9.7610549e-01
  -2.1744642e-01   9.7607226e-01
  -2.1780320e-01   9.7599271e-01
  -2.1899038e-01   9.7572702e-01
  -2.1766559e-01   9.7602341e-01
  -2.1821716e-01   9.7590024e-01
  -2.1787692e-01   9.7597625e-01
  -2.1757575e-01   9.7604344e-01
  -2.1695924e-01   9.7618066e-01
  -2.1561548e-01   9.7647835e-01
  -2.1640503e-01   9.7630367e-01
  -2.1680485e-01   9.7621496e-01
  -2.1565274e-01   9.7647012e-01
  -2.1686741e-01   9.7620107e-01
  -2.1679682e-01   9.7621675e-01
  -2.1685178e-01   9.7620454e-01
  -2.1769634e-01   9.7601655e-01
  -2.1716035e-01   9.7613595e-01
  -2.1633235e-01   9.7631978e-01
  -2.1781878e-01   9.7598923e-01
  -2.1900057e-01   9.7572473e-01
  -2.2008223e-01   9.7548132e-01
  -2.1991565e-01   9.7551889e-01
  -2.1890781e-01   9.7574555e-01
  -2.1856585e-01   9.7582220e-01
  -2.1682113e-01   9.7621135e-01
  -2.1673793e-01   9.7622982e-01
  -2.1598609e-01   9.7639644e-01
  -2.1657883e-01   9.7626513e-01
  -2.1562131e-01   9.7647706e-01
  -2.1679970e-01   9.7621611e-01
  -2.1699747e-01   9.7617217e-01
  -2.1698934e-01   9.7617397e-01
  -2.1698016e-01   9.7617601e-01
  -2.1662229e-01   9.7625549e-01
  -2.1678578e-01   9.7621920e-01
  -2.1693512e-01   9.7618603e-01
  -2.1677067e-01   9.7622256e-01
  -2.1701179e-01   9.7616898e-01
  -2.1762421e-01   9.7603263e-01
  -2.1768471e-01   9.7601914e-01
  -2.1747386e-01   9.7606615e-01
  -2.1724927e-01   9.7611616e-01
  -2.1803037e-01   9.7594198e-01
  -2.1754018e-01   9.7605137e-01
  -2.1769323e-01   9.7601724e-01
  -2.1738871e-01   9.7608511e-01
  -2.1708488e-01   9.7615273e-01
  -2.1657509e-01   9.7626596e-01
  -2.1645196e-01   9.7629327e-01
  -2.1650985e-01   9.7628043e-01
  -2.1749737e-01   9.7606091e-01
  -2.1710455e-01   9.7614836e-01
  -2.1722995e-01   9.7612046e-01
  -2.1756579e-01   9.7604566e-01
  -2.1742092e-01   9.7607794e-01
  -2.1797993e-01   9.7595325e-01
  -2.1809202e-01   9.7592821e-01
  -2.1860554e-01   9.7581331e-01
  -2.1961995e-01   9.7558551e-01
  -2.1846845e-01   9.7584401e-01
  -2.1949621e-01   9.7561335e-01
  -2.1851456e-01   9.7583369e-01
  -2.1787454e-01   9.7597679e-01
  -2.1702135e-01   9.7616686e-01
  -2.1682106e-01   9.7621136e-01
  -2.1666263e-01   9.7624654e-01
  -2.1606496e-01   9.7637899e-01
  -2.1667372e-01   9.7624408e-01
  -2.1609994e-01   9.7637125e-01
  -2.1690691e-01   9.7619229e-01
  -2.1545486e-01   9.7651380e-01
  -2.1686137e-01   9.7620241e-01
  -2.1578630e-01   9.7644061e-01
  -2.1674873e-01   9.7622743e-01
  -2.1610965e-01   9.7636910e-01
  -2.1619753e-01   9.7634964e-01
  -2.1715168e-01   9.7613787e-01
  -2.1602268e-01   9.7638835e-01
  -2.1676707e-01   9.7622336e-01
  -2.1522943e-01   9.7656351e-01
  -2.1541057e-01   9.7652357e-01
  -2.1664583e-01   9.7625027e-01
  -2.1592864e-01   9.7640915e-01
  -2.1532103e-01   9.7654332e-01
  -2.1557622e-01   9.7648702e-01
  -2.1493288e-01   9.7662882e-01
  -2.1606970e-01   9.7637794e-01
  -2.1575470e-01   9.7644760e-01
  -2.1662221e-01   9.7625551e-01
  -2.1512986e-01   9.7658545e-01
  -2.1585626e-01   9.7642515e-01
  -2.1570062e-01   9.7645955e-01
  -2.1609491e-01   9.7637236e-01
  -2.1668771e-01   9.7624097e-01
  -2.1733020e-01   9.7609814e-01
  -2.1750990e-01   9.7605812e-01
  -2.1791362e-01   9.7596806e-01
  -2.1822189e-01   9.7589918e-01
  -2.1680093e-01   9.7621584e-01
  -2.1667330e-01   9.7624417e-01
  -2.1691592e-01   9.7619029e-01
  -2.1593399e-01   9.7640796e-01
  -2.1669328e-01   9.7623974e-01
  -2.1520821e-01   9.7656819e-01
  -2.1593686e-01   9.7640733e-01
  -2.1452843e-01   9.7671775e-01
  -2.1484983e-01   9.7664710e-01
  -2.1545381e-01   9.7651403e-01
  -2.1549455e-01   9.7650504e-01
  -2.1535297e-01   9.7653628e-01
  -2.1563688e-01   9.7647362e-01
  -2.1529532e-01   9.7654899e-01
  -2.1552284e-01   9.7649880e-01
  -2.1583015e-01   9.7643092e-01
  -2.1668028e-01   9.7624262e-01
  -2.1653854e-01   9.7627407e-01
  -2.1648926e-01   9.7628500e-01
  -2.1639245e-01   9.7630646e-01
  -2.1608099e-01   9.7637544e-01
  -2.1527370e-01   9.7655375e-01
  -2.1561662e-01   9.7647810e-01
  -2.1535158e-01   9.7653658e-01
  -2.1611356e-01   9.7636824e-01
  -2.1613656e-01   9.7636314e-01
  -2.1500886e-01   9.7661210e-01
  -2.1601350e-01   9.7639038e-01
  -2.1582690e-01   9.7643164e-01
  -2.1482699e-01   9.7665212e-01
  -2.1613838e-01   9.7636274e-01
  -2.1505806e-01   9.7660127e-01
  -2.1591145e-01   9.7641295e-01
  -2.1721072e-01   9.7612474e-01
  -2.1669947e-01   9.7623836e-01
  -2.1691946e-01   9.7618950e-01
  -2.1648371e-01   9.7628623e-01
  -2.1613547e-01   9.7636338e-01
  -2.1587067e-01   9.7642197e-01
  -2.1522468e-01   9.7656456e-01
  -2.1618147e-01   9.7635320e-01
  -2.1553533e-01   9.7649604e-01
  -2.1552063e-01   9.7649929e-01
  -2.1522984e-01   9.7656342e-01
  -2.1583197e-01   9.7643052e-01
  -2.1480437e-01   9.7665709e-01
  -2.1557241e-01   9.7648786e-01
  -2.1590984e-01   9.7641331e-01
  -2.1514654e-01   9.7658178e-01
  -2.1550561e-01   9.7650260e-01
  -2.1637674e-01   9.7630994e-01
  -2.1560616e-01   9.7648041e-01
  -2.1591177e-01   9.7641288e-01
  -2.1689568e-01   9.7619479e-01
  -2.1663558e-01   9.7625254e-01
  -2.1765469e-01   9.7602584e-01
  -2.1639774e-01   9.7630529e-01
  -2.1504058e-01   9.7660512e-01
  -2.1539749e-01   9.7652646e-01
  -2.1587501e-01   9.7642101e-01
  -2.1531755e-01   9.7654409e-01
  -2.1556538e-01   9.7648941e-01
  -2.1621735e-01   9.7634525e-01
  -2.1521660e-01   9.7656634e-01
  -2.1560385e-01   9.7648092e-01
  -2.1641339e-01   9.7630182e-01
  -2.1530776e-01   9.7654625e-01
  -2.1528265e-01   9.7655178e-01
  -2.1633335e-01   9.7631956e-01
  -2.1488773e-01   9.7663876e-01
  -2.1592341e-01   9.7641030e-01
  -2.1656714e-01   9.7626773e-01
  -2.1753846e-01   9.7605175e-01
  -2.1672771e-01   9.7623209e-01
  -2.1732941e-01   9.7609832e-01
  -2.1629044e-01   9.7632907e-01
  -2.1560881e-01   9.7647982e-01
  -2.1563963e-01   9.7647302e-01
  -2.1565290e-01   9.7647008e-01
  -2.1571951e-01   9.7645537e-01
  -2.1532643e-01   9.7654213e-01
  -2.1491280e-01   9.7663324e-01
  -2.1513012e-01   9.7658539e-01
  -2.1510169e-01   9.7659166e-01
  -2.1582915e-01   9.7643114e-01
  -2.1539373e-01   9.7652729e-01
  -2.1540030e-01   9.7652584e-01
  -2.1497820e-01   9.7661885e-01
  -2.1517947e-01   9.7657452e-01
  -2.1525387e-01   9.7655812e-01
  -2.1657506e-01   9.7626597e-01
  -2.1598690e-01   9.7639626e-01
  -2.1516653e-01   9.7657737e-01
  -2.1637158e-01   9.7631109e-01
  -2.1653990e-01   9.7627377e-01
  -2.1565813e-01   9.7646893e-01
  -2.1567917e-01   9.7646428e-01
  -2.1552469e-01   9.7649839e-01
  -2.1580205e-01   9.7643713e-01
  -2.1474724e-01   9.7666966e-01
  -2.1492853e-01   9.7662978e-01
  -2.1501864e-01   9.7660994e-01
  -2.1456324e-01   9.7671010e-01
  -2.1508614e-01   9.7659508e-01
  -2.1478492e-01   9.7666137e-01
  -2.1506283e-01   9.7660021e-01
  -2.1608372e-01   9.7637484e-01
  -2.1565369e-01   9.7646991e-01
  -2.1712554e-01   9.7614369e-01
  -2.1649608e-01   9.7628349e-01
  -2.1591510e-01   9.7641214e-01
  -2.1688535e-01   9.7619708e-01
  -2.1697728e-01   9.7617666e-01
  -2.1707381e-01   9.7615519e-01
  -2.1638309e-01   9.7630854e-01
  -2.1489700e-01   9.7663672e-01
  -2.1632224e-01   9.7632202e-01
  -2.1543750e-01   9.7651763e-01
  -2.1511908e-01   9.7658783e-01
  -2.1484624e-01   9.7664789e-01
  -2.1486882e-01   9.7664292e-01
  -2.1525532e-01   9.7655780e-01
  -2.1456590e-01   9.7670951e-01
  -2.1394231e-01   9.7684630e-01
  -2.1323435e-01   9.7700108e-01
  -2.1266839e-01   9.7712443e-01
  -2.1208033e-01   9.7725224e-01
  -2.1154905e-01   9.7736738e-01
  -2.1102265e-01   9.7748117e-01
  -2.1050895e-01   9.7759193e-01
  -2.0997783e-01   9.7770615e-01
  -2.0942287e-01   9.7782517e-01
  -2.0887960e-01   9.7794136e-01
  -2.0820102e-01   9.7808606e-01
  -2.0765617e-01   9.7820188e-01
  -2.0710808e-01   9.7831807e-01
  -2.0657523e-01   9.7843072e-01
  -2.0604483e-01   9.7854255e-01
  -2.0551187e-01   9.7865462e-01
  -2.0492429e-01   9.7877783e-01
  -2.0439546e-01   9.7888840e-01
  -2.0388238e-01   9.7899539e-01
  -2.0336757e-01   9.7910246e-01
  -2.0283542e-01   9.7921284e-01
  -2.0230294e-01   9.7932299e-01
  -2.0177072e-01   9.7943278e-01
  -2.0118202e-01   9.7955388e-01
