   7.5300000e+02
   7.5300000e+02
   7.5300000e+02
   7.5300000e+02
   7.5900000e+02
   7.5300000e+02
   7.5300000e+02
   7.5300000e+02
   7.5800000e+02
   7.5300000e+02
   7.5300000e+02
   7.5300000e+02
   7.5300000e+02
   7.5300000e+02
   7.5400000e+02
   7.5300000e+02
   7.5400000e+02
   7.5300000e+02
   7.5300000e+02
   7.5400000e+02
   7.5300000e+02
   7.5300000e+02
   7.5100000e+02
   7.4800000e+02
   6.1000000e+02
   3.0600000e+02
   8.8000000e+01
   6.0000000e+01
   6.0000000e+01
   6.2000000e+01
   6.1000000e+01
   6.1000000e+01
   6.0000000e+01
   6.0000000e+01
   5.9000000e+01
   6.0000000e+01
   6.0000000e+01
   6.0000000e+01
   6.0000000e+01
   6.0000000e+01
   8.2000000e+01
   3.3400000e+02
   6.4400000e+02
   7.4400000e+02
   7.5400000e+02
   7.5600000e+02
   7.5200000e+02
   7.5000000e+02
   7.3800000e+02
   5.4800000e+02
   2.0200000e+02
   6.4000000e+01
   6.1000000e+01
   5.9000000e+01
   5.9000000e+01
   5.9000000e+01
   6.0000000e+01
   1.7500000e+02
   4.9100000e+02
   7.1600000e+02
   7.4600000e+02
   7.4800000e+02
   7.5300000e+02
   7.5600000e+02
   7.5800000e+02
   7.0400000e+02
   3.8700000e+02
   1.1000000e+02
   6.0000000e+01
   6.1000000e+01
   5.9000000e+01
   5.9000000e+01
   5.9000000e+01
   8.3000000e+01
   3.2600000e+02
   6.5400000e+02
   7.5600000e+02
   7.6000000e+02
   7.6000000e+02
   7.6300000e+02
   7.5000000e+02
   7.3700000e+02
   5.3800000e+02
   2.0800000e+02
   6.5000000e+01
   6.0000000e+01
   5.9000000e+01
   5.9000000e+01
   5.8000000e+01
   5.9000000e+01
   5.9000000e+01
   5.9000000e+01
   6.0000000e+01
   5.9000000e+01
   6.0000000e+01
   6.0000000e+01
   6.1000000e+01
   6.1000000e+01
   6.1000000e+01
   6.0000000e+01
   6.0000000e+01
   6.0000000e+01
   6.1000000e+01
   6.0000000e+01
   6.2000000e+01
   6.1000000e+01
   6.1000000e+01
   6.2000000e+01
   6.3000000e+01
   6.4000000e+01
   6.4000000e+01
   6.4000000e+01
   6.4000000e+01
   6.4000000e+01
   6.5000000e+01
   6.5000000e+01
   6.6000000e+01
   6.7000000e+01
   6.5000000e+01
   6.5000000e+01
   6.6000000e+01
   6.9000000e+01
   6.9000000e+01
   2.1300000e+02
   5.2900000e+02
   7.3700000e+02
   7.5300000e+02
   7.5300000e+02
   7.5400000e+02
   7.6500000e+02
   7.6200000e+02
   7.6600000e+02
   7.6500000e+02
   7.6000000e+02
   7.5700000e+02
   7.6100000e+02
   7.6800000e+02
   7.6800000e+02
   7.6700000e+02
   7.7500000e+02
   7.7900000e+02
   7.8000000e+02
   7.8300000e+02
   7.8300000e+02
   7.8000000e+02
   7.7200000e+02
   7.7200000e+02
   7.4800000e+02
   4.9100000e+02
   1.5000000e+02
   6.2000000e+01
   6.0000000e+01
   6.0000000e+01
   6.1000000e+01
   6.0000000e+01
   6.1000000e+01
   1.6400000e+02
   3.7100000e+02
   4.7900000e+02
   5.3900000e+02
   5.3200000e+02
   5.5800000e+02
   5.9200000e+02
   5.9200000e+02
   6.0000000e+02
   6.2200000e+02
   6.3000000e+02
   6.5100000e+02
   6.5000000e+02
   6.7800000e+02
   6.8600000e+02
   6.9300000e+02
   6.6000000e+02
   3.7600000e+02
   1.0900000e+02
   6.1000000e+01
   6.0000000e+01
   6.1000000e+01
   6.0000000e+01
   6.1000000e+01
   7.3000000e+01
   3.1600000e+02
   6.4800000e+02
   7.5200000e+02
   7.5600000e+02
   7.5400000e+02
   7.5400000e+02
   7.4900000e+02
   7.3500000e+02
   5.1500000e+02
   1.8000000e+02
   6.4000000e+01
   6.0000000e+01
   6.2000000e+01
   6.0000000e+01
   6.0000000e+01
   6.1000000e+01
   5.9000000e+01
   5.9000000e+01
   5.9000000e+01
   6.0000000e+01
   6.0000000e+01
   6.0000000e+01
   6.0000000e+01
   6.0000000e+01
   6.0000000e+01
   6.1000000e+01
   6.1000000e+01
   6.0000000e+01
   5.9000000e+01
   5.9000000e+01
   5.9000000e+01
   6.1000000e+01
   8.3000000e+01
   3.5500000e+02
   6.6900000e+02
   7.6700000e+02
   7.7000000e+02
   7.7700000e+02
   7.7900000e+02
   7.7700000e+02
   7.6200000e+02
   5.1500000e+02
   1.7800000e+02
   6.3000000e+01
   6.2000000e+01
   6.2000000e+01
   6.1000000e+01
   6.1000000e+01
   6.3000000e+01
   2.0700000e+02
   5.0500000e+02
   7.1900000e+02
   7.4700000e+02
   7.5100000e+02
   7.6000000e+02
   7.6400000e+02
   7.5900000e+02
   6.5700000e+02
   3.5000000e+02
   9.0000000e+01
   6.0000000e+01
   6.0000000e+01
   6.2000000e+01
   6.3000000e+01
   6.0000000e+01
   9.0000000e+01
   3.5300000e+02
   6.4800000e+02
   7.5000000e+02
   7.6100000e+02
   7.6400000e+02
   7.6700000e+02
   7.6400000e+02
   7.4800000e+02
   5.6300000e+02
   2.2300000e+02
   6.6000000e+01
   6.0000000e+01
   6.0000000e+01
   6.0000000e+01
   6.0000000e+01
   6.0000000e+01
   6.2000000e+01
   6.1000000e+01
   6.1000000e+01
   6.1000000e+01
   6.0000000e+01
   6.0000000e+01
   5.9000000e+01
   5.9000000e+01
   1.2900000e+02
   3.9800000e+02
   6.4800000e+02
   6.9300000e+02
   6.7600000e+02
   6.6000000e+02
   6.4000000e+02
   6.2800000e+02
   5.9100000e+02
   5.7700000e+02
   5.4700000e+02
   5.2600000e+02
   4.9900000e+02
   4.5500000e+02
   4.0900000e+02
   4.0000000e+02
   3.7000000e+02
   3.6400000e+02
   4.3300000e+02
   5.2300000e+02
   5.5900000e+02
   6.0200000e+02
   6.3600000e+02
   6.7000000e+02
   6.8900000e+02
   7.1300000e+02
   7.1700000e+02
   7.2600000e+02
   7.3700000e+02
   7.4500000e+02
   7.4800000e+02
   7.4500000e+02
   7.4300000e+02
   6.4400000e+02
   3.3100000e+02
   8.6000000e+01
   5.7000000e+01
   6.0000000e+01
   6.0000000e+01
   6.0000000e+01
   5.9000000e+01
   9.0000000e+01
   3.6300000e+02
   6.7200000e+02
   7.5800000e+02
   7.6300000e+02
   7.6700000e+02
   7.6600000e+02
   7.6400000e+02
   7.4900000e+02
   5.3600000e+02
   1.7800000e+02
   6.4000000e+01
   6.1000000e+01
   6.1000000e+01
   6.1000000e+01
   6.1000000e+01
   6.1000000e+01
   6.2000000e+01
   6.4000000e+01
   6.1000000e+01
   6.1000000e+01
   6.1000000e+01
   6.0000000e+01
   5.9000000e+01
   6.0000000e+01
   6.0000000e+01
   6.0000000e+01
   6.0000000e+01
   5.9000000e+01
   5.9000000e+01
   5.9000000e+01
   6.0000000e+01
   6.0000000e+01
   6.0000000e+01
   6.1000000e+01
   6.1000000e+01
   6.1000000e+01
   6.0000000e+01
   5.9000000e+01
   5.8000000e+01
   5.8000000e+01
   6.7000000e+01
   2.5200000e+02
   5.9900000e+02
   7.4300000e+02
   7.5400000e+02
   7.5700000e+02
   7.6500000e+02
   7.7000000e+02
   7.7000000e+02
   7.6800000e+02
   7.6500000e+02
   7.6400000e+02
   7.6400000e+02
   7.6200000e+02
   7.6600000e+02
   7.6100000e+02
   7.6100000e+02
   7.2600000e+02
   6.2400000e+02
   5.6700000e+02
   5.9200000e+02
   6.2300000e+02
   6.4500000e+02
   6.4200000e+02
   6.4300000e+02
   6.4200000e+02
   6.4400000e+02
   6.4400000e+02
   6.4300000e+02
   6.4400000e+02
   6.4400000e+02
   6.4300000e+02
   6.4400000e+02
   6.4400000e+02
   6.4400000e+02
   6.4400000e+02
   6.4400000e+02
   6.4300000e+02
   6.4400000e+02
   6.5000000e+02
   6.4400000e+02
   6.4400000e+02
   6.4400000e+02
   6.4400000e+02
   6.4400000e+02
   6.4400000e+02
   6.4400000e+02
   6.4400000e+02
