   8.7200000e+02
   8.7200000e+02
   8.7100000e+02
   8.7200000e+02
   8.7100000e+02
   8.7100000e+02
   8.7200000e+02
   8.7200000e+02
   8.7700000e+02
   8.7200000e+02
   8.7200000e+02
   8.7100000e+02
   8.7400000e+02
   8.7100000e+02
   8.7200000e+02
   8.7100000e+02
   8.7200000e+02
   8.7200000e+02
   8.7200000e+02
   8.7200000e+02
   8.7200000e+02
   8.7200000e+02
   8.7100000e+02
   8.6600000e+02
   7.0000000e+02
   3.1800000e+02
   8.9000000e+01
   7.6000000e+01
   7.1000000e+01
   7.7000000e+01
   7.6000000e+01
   7.8000000e+01
   7.8000000e+01
   7.8000000e+01
   7.5000000e+01
   7.6000000e+01
   7.5000000e+01
   7.3000000e+01
   7.6000000e+01
   7.5000000e+01
   1.1200000e+02
   4.6700000e+02
   8.0100000e+02
   8.6000000e+02
   8.6300000e+02
   8.6400000e+02
   8.6300000e+02
   8.6200000e+02
   8.4600000e+02
   5.7900000e+02
   1.7100000e+02
   7.6000000e+01
   7.6000000e+01
   7.4000000e+01
   7.5000000e+01
   7.5000000e+01
   7.7000000e+01
   2.5400000e+02
   6.7100000e+02
   8.6200000e+02
   8.7100000e+02
   8.6800000e+02
   8.7300000e+02
   8.7500000e+02
   8.7400000e+02
   8.5400000e+02
   7.3300000e+02
   6.4600000e+02
   5.9800000e+02
   5.4600000e+02
   5.3300000e+02
   5.1400000e+02
   5.0100000e+02
   5.4400000e+02
   7.1400000e+02
   8.5400000e+02
   8.7200000e+02
   8.7200000e+02
   8.7200000e+02
   8.7200000e+02
   8.7300000e+02
   8.6100000e+02
   6.8900000e+02
   4.8000000e+02
   3.9900000e+02
   3.5600000e+02
   3.6600000e+02
   3.5800000e+02
   3.5400000e+02
   3.3200000e+02
   2.4100000e+02
   1.1400000e+02
   7.6000000e+01
   7.5000000e+01
   7.5000000e+01
   7.5000000e+01
   7.6000000e+01
   7.6000000e+01
   7.5000000e+01
   7.5000000e+01
   7.5000000e+01
   7.5000000e+01
   7.5000000e+01
   7.4000000e+01
   7.3000000e+01
   7.4000000e+01
   7.5000000e+01
   7.5000000e+01
   7.6000000e+01
   7.5000000e+01
   7.5000000e+01
   7.5000000e+01
   7.5000000e+01
   7.5000000e+01
   7.5000000e+01
   7.4000000e+01
   7.4000000e+01
   7.3000000e+01
   7.4000000e+01
   7.4000000e+01
   7.4000000e+01
   7.4000000e+01
   8.8000000e+01
   3.5800000e+02
   7.3900000e+02
   8.5200000e+02
   8.5900000e+02
   8.5400000e+02
   8.5100000e+02
   8.5800000e+02
   8.5400000e+02
   8.6000000e+02
   8.6200000e+02
   8.6100000e+02
   8.6000000e+02
   8.6600000e+02
   8.7300000e+02
   8.7300000e+02
   8.7000000e+02
   8.7300000e+02
   8.7300000e+02
   8.7000000e+02
   8.6900000e+02
   8.7100000e+02
   8.6400000e+02
   8.6000000e+02
   8.6400000e+02
   7.5900000e+02
   3.8400000e+02
   9.4000000e+01
   7.5000000e+01
   7.4000000e+01
   7.4000000e+01
   7.4000000e+01
   7.5000000e+01
   7.3000000e+01
   7.4000000e+01
   7.5000000e+01
   7.5000000e+01
   7.5000000e+01
   7.6000000e+01
   7.4000000e+01
   7.6000000e+01
   7.5000000e+01
   7.4000000e+01
   7.4000000e+01
   7.4000000e+01
   7.4000000e+01
   7.4000000e+01
   7.5000000e+01
   7.5000000e+01
   7.3000000e+01
   7.4000000e+01
   7.4000000e+01
   7.4000000e+01
   7.5000000e+01
   7.5000000e+01
   7.5000000e+01
   7.5000000e+01
   7.6000000e+01
   1.5700000e+02
   5.6600000e+02
   8.4900000e+02
   8.7000000e+02
   8.6800000e+02
   8.6500000e+02
   8.6200000e+02
   8.6000000e+02
   8.6200000e+02
   8.6800000e+02
   8.6900000e+02
   8.6400000e+02
   8.6400000e+02
   8.6300000e+02
   8.6400000e+02
   8.6400000e+02
   8.6600000e+02
   8.6500000e+02
   8.6700000e+02
   8.6500000e+02
   8.6100000e+02
   8.5800000e+02
   8.6100000e+02
   8.6100000e+02
   8.6700000e+02
   8.6500000e+02
   8.7000000e+02
   8.7300000e+02
   8.6600000e+02
   8.5900000e+02
   8.5200000e+02
   8.5300000e+02
   8.5600000e+02
   7.4000000e+02
   3.2900000e+02
   8.6000000e+01
   7.3000000e+01
   7.5000000e+01
   7.4000000e+01
   7.6000000e+01
   7.6000000e+01
   7.6000000e+01
   7.7000000e+01
   7.7000000e+01
   7.7000000e+01
   7.7000000e+01
   7.7000000e+01
   7.7000000e+01
   7.7000000e+01
   7.8000000e+01
   7.8000000e+01
   7.7000000e+01
   7.8000000e+01
   7.8000000e+01
   7.8000000e+01
   7.9000000e+01
   8.0000000e+01
   8.9000000e+01
   3.4400000e+02
   7.1400000e+02
   8.2900000e+02
   8.2300000e+02
   8.1900000e+02
   8.0500000e+02
   7.8000000e+02
   7.4300000e+02
   7.4900000e+02
   8.1300000e+02
   8.5800000e+02
   8.6000000e+02
   8.6500000e+02
   8.5900000e+02
   8.6000000e+02
   8.5900000e+02
   8.1200000e+02
   5.7900000e+02
   3.0700000e+02
   2.3900000e+02
   2.4200000e+02
   2.1200000e+02
   1.8800000e+02
   1.6500000e+02
   1.6800000e+02
   1.1000000e+02
   8.0000000e+01
   7.6000000e+01
   7.6000000e+01
   7.5000000e+01
   7.5000000e+01
   7.2000000e+01
   8.4000000e+01
   3.3600000e+02
   7.1400000e+02
   8.5000000e+02
   8.5900000e+02
   8.6800000e+02
   8.6200000e+02
   8.6600000e+02
   8.6800000e+02
   8.6700000e+02
   8.7000000e+02
   8.7600000e+02
   8.7800000e+02
   8.7600000e+02
   8.7200000e+02
   8.7200000e+02
   8.6600000e+02
   7.6800000e+02
   3.8100000e+02
   9.8000000e+01
   7.5000000e+01
   7.4000000e+01
   7.5000000e+01
   7.5000000e+01
   7.5000000e+01
   7.6000000e+01
   7.6000000e+01
   7.6000000e+01
   7.4000000e+01
   7.6000000e+01
   7.7000000e+01
   7.6000000e+01
   7.7000000e+01
   7.6000000e+01
   7.6000000e+01
   7.6000000e+01
   7.6000000e+01
   7.4000000e+01
   7.5000000e+01
   7.5000000e+01
   7.5000000e+01
   7.7000000e+01
   2.8700000e+02
   6.7800000e+02
   8.4100000e+02
   8.4700000e+02
   8.5000000e+02
   8.5500000e+02
   8.5700000e+02
   8.5700000e+02
   7.1700000e+02
   3.2700000e+02
   8.4000000e+01
   7.6000000e+01
   7.6000000e+01
   7.7000000e+01
   7.5000000e+01
   7.6000000e+01
   1.3600000e+02
   4.9300000e+02
   8.2000000e+02
   8.5200000e+02
   8.4700000e+02
   8.4900000e+02
   8.5100000e+02
   8.4600000e+02
   8.0000000e+02
   4.7700000e+02
   1.2300000e+02
   7.4000000e+01
   7.5000000e+01
   7.4000000e+01
   7.4000000e+01
   7.4000000e+01
   7.9000000e+01
   2.2800000e+02
   4.4300000e+02
   4.8200000e+02
   4.3100000e+02
   3.2400000e+02
   3.0100000e+02
   2.4600000e+02
   2.0200000e+02
   2.7200000e+02
   5.7000000e+02
   7.8700000e+02
   8.1400000e+02
   8.2400000e+02
   8.3600000e+02
   8.4700000e+02
   8.5600000e+02
   8.5800000e+02
   8.6200000e+02
   8.6900000e+02
   8.7300000e+02
   8.7500000e+02
   8.7600000e+02
   8.7600000e+02
   8.6300000e+02
   8.3100000e+02
   5.0200000e+02
   1.3400000e+02
   7.7000000e+01
   7.6000000e+01
   7.5000000e+01
   7.5000000e+01
   7.6000000e+01
   7.5000000e+01
   7.5000000e+01
   7.6000000e+01
   7.5000000e+01
   7.5000000e+01
   7.5000000e+01
   7.5000000e+01
   7.5000000e+01
   7.5000000e+01
   7.5000000e+01
   7.5000000e+01
   7.5000000e+01
   7.5000000e+01
   7.5000000e+01
   7.5000000e+01
   7.5000000e+01
   7.6000000e+01
   7.5000000e+01
   7.5000000e+01
   7.5000000e+01
   7.5000000e+01
   7.5000000e+01
   7.5000000e+01
   7.5000000e+01
