   1.4645382e+00   8.8642053e-01   3.1247281e+00
   1.4645860e+00   8.8641811e-01   3.1248702e+00
   1.4644108e+00   8.8613715e-01   3.1232883e+00
   1.4643736e+00   8.8612715e-01   3.1220828e+00
   1.4643690e+00   8.8658187e-01   3.1266992e+00
   1.4645837e+00   8.8646531e-01   3.1244690e+00
   1.4644763e+00   8.8664212e-01   3.1279123e+00
   1.4645595e+00   8.8636654e-01   3.1239041e+00
   1.4644023e+00   8.8613382e-01   3.1229239e+00
   1.4645616e+00   8.8638225e-01   3.1248322e+00
   1.4645739e+00   8.8636932e-01   3.1242339e+00
   1.4643580e+00   8.8611239e-01   3.1222014e+00
   1.4644570e+00   8.8613019e-01   3.1230206e+00
   1.4646032e+00   8.8642822e-01   3.1261267e+00
   1.4645664e+00   8.8644706e-01   3.1255789e+00
   1.4645567e+00   8.8633802e-01   3.1241091e+00
   1.4643965e+00   8.8608703e-01   3.1225818e+00
   1.4645826e+00   8.8643611e-01   3.1249281e+00
   1.4645776e+00   8.8646081e-01   3.1244823e+00
   1.4646099e+00   8.8647334e-01   3.1250621e+00
   1.4643453e+00   8.8623360e-01   3.1218650e+00
   1.4645755e+00   8.8641979e-01   3.1258111e+00
   1.4645987e+00   8.8650658e-01   3.1244491e+00
   1.4646051e+00   8.8644818e-01   3.1258704e+00
   1.4644638e+00   8.8614969e-01   3.1226450e+00
   1.4644368e+00   8.8614190e-01   3.1242133e+00
   1.4646381e+00   8.8634400e-01   3.1254893e+00
   1.4645341e+00   8.8640696e-01   3.1256106e+00
   1.4643422e+00   8.8623930e-01   3.1220461e+00
   1.4645611e+00   8.8640419e-01   3.1242629e+00
   1.4645632e+00   8.8638673e-01   3.1247811e+00
   1.4645186e+00   8.8642469e-01   3.1239233e+00
   1.4645941e+00   8.8640910e-01   3.1248209e+00
   1.4644141e+00   8.8608665e-01   3.1232585e+00
   1.4646474e+00   8.8636969e-01   3.1259592e+00
   1.4644625e+00   8.8646104e-01   3.1235004e+00
   1.4644930e+00   8.8649261e-01   3.1237974e+00
   1.4644605e+00   8.8615534e-01   3.1230861e+00
   1.4645958e+00   8.8639282e-01   3.1245297e+00
   1.4645917e+00   8.8639033e-01   3.1249567e+00
   1.4643808e+00   8.8611442e-01   3.1228528e+00
   1.4646298e+00   8.8644535e-01   3.1261312e+00
   1.4645712e+00   8.8633552e-01   3.1252277e+00
   1.4645466e+00   8.8646311e-01   3.1247757e+00
   1.4642938e+00   8.8624407e-01   3.1217314e+00
   1.4646486e+00   8.8639285e-01   3.1260669e+00
   1.4646174e+00   8.8637919e-01   3.1253648e+00
   1.4645830e+00   8.8649451e-01   3.1253008e+00
   1.4645494e+00   8.8636486e-01   3.1257065e+00
   1.4645167e+00   8.8647298e-01   3.1239786e+00
   1.4646376e+00   8.8638804e-01   3.1259831e+00
   1.4643918e+00   8.8617299e-01   3.1215771e+00
   1.4643873e+00   8.8611443e-01   3.1226172e+00
   1.4645781e+00   8.8642664e-01   3.1252451e+00
   1.4644248e+00   8.8605479e-01   3.1220271e+00
   1.4645927e+00   8.8639704e-01   3.1254947e+00
   1.4645552e+00   8.8651581e-01   3.1240801e+00
   1.4625477e+00   8.8658835e-01   3.1329456e+00
   1.4594136e+00   8.8659855e-01   3.1342288e+00
   1.4555029e+00   8.8674868e-01   3.1337929e+00
   1.4522025e+00   8.8693485e-01   3.1283067e+00
   1.4489190e+00   8.8730948e-01   3.1290037e+00
   1.4450459e+00   8.8733909e-01   3.1294054e+00
   1.4409980e+00   8.8713920e-01   3.1278942e+00
   1.4380859e+00   8.8741629e-01   3.1302694e+00
   1.4342294e+00   8.8778994e-01   3.1358211e+00
   1.4305828e+00   8.8786394e-01   3.1386779e+00
   1.4268845e+00   8.8785645e-01   3.1332406e+00
   1.4234228e+00   8.8766555e-01   3.1337973e+00
   1.4194847e+00   8.8752298e-01   3.1313776e+00
   1.4160584e+00   8.8769751e-01   3.1293372e+00
   1.4124861e+00   8.8796441e-01   3.1319941e+00
   1.4082633e+00   8.8778440e-01   3.1343797e+00
   1.4052426e+00   8.8800905e-01   3.1354747e+00
   1.4015980e+00   8.8793823e-01   3.1339816e+00
   1.3976069e+00   8.8771721e-01   3.1268855e+00
   1.3940072e+00   8.8833238e-01   3.1303473e+00
   1.3901747e+00   8.8870653e-01   3.1365932e+00
   1.3863604e+00   8.8870801e-01   3.1382328e+00
   1.3832264e+00   8.8849095e-01   3.1351629e+00
   1.3796380e+00   8.8869345e-01   3.1304717e+00
   1.3755582e+00   8.8855149e-01   3.1272439e+00
   1.3729699e+00   8.8879322e-01   3.1266644e+00
   1.3690061e+00   8.8899136e-01   3.1283807e+00
   1.3649731e+00   8.8865563e-01   3.1275639e+00
   1.3615500e+00   8.8900204e-01   3.1333577e+00
   1.3574613e+00   8.8923372e-01   3.1355268e+00
   1.3535722e+00   8.8916465e-01   3.1390279e+00
   1.3498422e+00   8.8929546e-01  -3.1410498e+00
   1.3459398e+00   8.8942544e-01  -3.1395528e+00
   1.3420710e+00   8.8955893e-01  -3.1383543e+00
   1.3389473e+00   8.8965548e-01   3.1413787e+00
   1.3348231e+00   8.8935050e-01   3.1403260e+00
   1.3311366e+00   8.8937073e-01  -3.1405416e+00
   1.3277066e+00   8.8946790e-01  -3.1392118e+00
   1.3239910e+00   8.8964909e-01  -3.1344513e+00
   1.3204684e+00   8.8981352e-01  -3.1371754e+00
   1.3167943e+00   8.8962890e-01  -3.1382284e+00
   1.3127834e+00   8.8975711e-01  -3.1331582e+00
   1.3091189e+00   8.8999879e-01  -3.1332364e+00
   1.3057604e+00   8.8988682e-01  -3.1349270e+00
   1.3021503e+00   8.8981166e-01  -3.1406005e+00
   1.2987448e+00   8.8987875e-01   3.1413040e+00
   1.2945731e+00   8.9054103e-01  -3.1355455e+00
   1.2911176e+00   8.9000008e-01  -3.1385377e+00
   1.2874000e+00   8.9027540e-01  -3.1373078e+00
   1.2840141e+00   8.9071253e-01  -3.1333332e+00
   1.2805444e+00   8.9044288e-01  -3.1337133e+00
   1.2772114e+00   8.9072777e-01  -3.1284813e+00
   1.2732330e+00   8.9068308e-01  -3.1296445e+00
   1.2697092e+00   8.9082686e-01  -3.1260106e+00
   1.2661196e+00   8.9124470e-01  -3.1308056e+00
   1.2623843e+00   8.9093048e-01  -3.1313656e+00
   1.2585765e+00   8.9095777e-01  -3.1278274e+00
   1.2553347e+00   8.9067546e-01  -3.1327817e+00
   1.2508771e+00   8.8984626e-01  -3.1376480e+00
   1.2471206e+00   8.9092059e-01  -3.1319000e+00
   1.2437293e+00   8.9104606e-01  -3.1306094e+00
   1.2390312e+00   8.8982814e-01  -3.1369614e+00
   1.2367653e+00   8.9055316e-01  -3.1304627e+00
   1.2337763e+00   8.8932270e-01   3.1375092e+00
   1.2290721e+00   8.8997955e-01   3.1346560e+00
   1.2256611e+00   8.9029399e-01  -3.1412341e+00
   1.2214931e+00   8.9023225e-01  -3.1358468e+00
   1.2174273e+00   8.9035486e-01  -3.1354571e+00
   1.2137638e+00   8.9058898e-01  -3.1344438e+00
   1.2101019e+00   8.9063888e-01  -3.1305593e+00
   1.2062113e+00   8.9033489e-01  -3.1344976e+00
   1.2025139e+00   8.9024811e-01  -3.1325507e+00
   1.1990198e+00   8.9023120e-01  -3.1331951e+00
   1.1952355e+00   8.9071701e-01  -3.1276602e+00
   1.1918110e+00   8.9099664e-01  -3.1281712e+00
   1.1883522e+00   8.9060699e-01  -3.1311814e+00
   1.1847543e+00   8.9073665e-01  -3.1277969e+00
   1.1811020e+00   8.9067842e-01  -3.1277364e+00
   1.1765162e+00   8.9035652e-01  -3.1277781e+00
   1.1735684e+00   8.9036340e-01  -3.1278785e+00
   1.1700949e+00   8.9035921e-01  -3.1250391e+00
   1.1660276e+00   8.9074964e-01  -3.1233393e+00
   1.1626237e+00   8.9059701e-01  -3.1261188e+00
   1.1589345e+00   8.9051984e-01  -3.1246467e+00
   1.1552953e+00   8.9052999e-01  -3.1265348e+00
   1.1521349e+00   8.9029674e-01  -3.1290613e+00
   1.1485547e+00   8.8900197e-01  -3.1295128e+00
   1.1450472e+00   8.8900336e-01  -3.1293811e+00
   1.1410425e+00   8.9024595e-01  -3.1205648e+00
   1.1371813e+00   8.9000753e-01  -3.1212084e+00
   1.1340191e+00   8.8907749e-01  -3.1341083e+00
   1.1298747e+00   8.8890521e-01  -3.1407495e+00
   1.1255071e+00   8.9021113e-01  -3.1281761e+00
   1.1226183e+00   8.8980418e-01  -3.1289006e+00
   1.1191729e+00   8.8907157e-01  -3.1314890e+00
   1.1153363e+00   8.8896992e-01  -3.1291413e+00
   1.1115997e+00   8.9019355e-01  -3.1247235e+00
   1.1071643e+00   8.9055215e-01  -3.1215174e+00
   1.1043721e+00   8.8942806e-01  -3.1274511e+00
   1.1004824e+00   8.9033509e-01  -3.1254903e+00
   1.0966707e+00   8.9047340e-01  -3.1206006e+00
   1.0938444e+00   8.8937544e-01  -3.1262423e+00
   1.0899667e+00   8.8957122e-01  -3.1219661e+00
   1.0854355e+00   8.9004353e-01  -3.1146489e+00
   1.0813696e+00   8.8977482e-01  -3.1122790e+00
   1.0773474e+00   8.8989113e-01  -3.1103482e+00
   1.0737786e+00   8.8992024e-01  -3.1065321e+00
   1.0704488e+00   8.8946756e-01  -3.1127380e+00
   1.0671443e+00   8.8951399e-01  -3.1087875e+00
   1.0635841e+00   8.8870925e-01  -3.1157778e+00
   1.0599175e+00   8.8870860e-01  -3.1104228e+00
   1.0567614e+00   8.8829870e-01  -3.1137236e+00
   1.0530475e+00   8.8843292e-01  -3.1156208e+00
   1.0494285e+00   8.8835525e-01  -3.1145457e+00
   1.0458430e+00   8.8823056e-01  -3.1153165e+00
   1.0413700e+00   8.8901740e-01  -3.1136258e+00
   1.0378911e+00   8.8813537e-01  -3.1099544e+00
   1.0340295e+00   8.8825752e-01  -3.1118561e+00
   1.0308715e+00   8.8807360e-01  -3.1150285e+00
   1.0268532e+00   8.8882559e-01  -3.1070933e+00
   1.0229108e+00   8.8835371e-01  -3.1089334e+00
   1.0200051e+00   8.8743592e-01  -3.1180041e+00
   1.0163322e+00   8.8727616e-01  -3.1120487e+00
   1.0116524e+00   8.8831472e-01  -3.1072845e+00
   1.0081840e+00   8.8829431e-01  -3.1081249e+00
   1.0046831e+00   8.8798010e-01  -3.1058506e+00
   1.0015630e+00   8.8707499e-01  -3.1135085e+00
   9.9859839e-01   8.8699140e-01  -3.1125631e+00
   9.9436110e-01   8.8686303e-01  -3.1094412e+00
   9.9036086e-01   8.8661222e-01  -3.1155261e+00
   9.8663141e-01   8.8682201e-01  -3.1131567e+00
   9.8299342e-01   8.8681688e-01  -3.1117643e+00
   9.7929026e-01   8.8679111e-01  -3.1099075e+00
   9.7581719e-01   8.8665822e-01  -3.1082196e+00
   9.7220212e-01   8.8642380e-01  -3.1109963e+00
   9.6807214e-01   8.8667003e-01  -3.1078380e+00
   9.6463943e-01   8.8668292e-01  -3.1035576e+00
   9.6106113e-01   8.8604710e-01  -3.1077903e+00
   9.5805770e-01   8.8595984e-01  -3.1130870e+00
   9.5452380e-01   8.8605946e-01  -3.1119248e+00
   9.5004198e-01   8.8591651e-01  -3.1094690e+00
   9.4667407e-01   8.8594933e-01  -3.1064270e+00
   9.4277527e-01   8.8565982e-01  -3.1061451e+00
   9.3892062e-01   8.8566709e-01  -3.1047042e+00
   9.3550798e-01   8.8564117e-01  -3.0988430e+00
   9.3163346e-01   8.8533442e-01  -3.0982106e+00
   9.2807058e-01   8.8522126e-01  -3.1022130e+00
   9.2430561e-01   8.8509065e-01  -3.0986147e+00
   9.2024042e-01   8.8510052e-01  -3.0987282e+00
   9.1675525e-01   8.8505662e-01  -3.0997314e+00
   9.1352707e-01   8.8479223e-01  -3.0980309e+00
   9.1004017e-01   8.8455864e-01  -3.1019252e+00
   9.0599164e-01   8.8438115e-01  -3.1011336e+00
   9.0150132e-01   8.8478107e-01  -3.0972511e+00
   8.9817637e-01   8.8430138e-01  -3.1024447e+00
   8.9468391e-01   8.8441191e-01  -3.0984855e+00
   8.9114614e-01   8.8427672e-01  -3.1002685e+00
   8.8751949e-01   8.8396132e-01  -3.1039960e+00
   8.8428426e-01   8.8398230e-01  -3.1011510e+00
   8.8048252e-01   8.8408618e-01  -3.1003447e+00
   8.7685923e-01   8.8422700e-01  -3.0987055e+00
   8.7326802e-01   8.8377329e-01  -3.1050659e+00
   8.6942851e-01   8.8374992e-01  -3.1054039e+00
   8.6589569e-01   8.8419385e-01  -3.0932804e+00
   8.6220670e-01   8.8375560e-01  -3.0948330e+00
   8.5841567e-01   8.8367664e-01  -3.0979359e+00
   8.5464866e-01   8.8373361e-01  -3.0993007e+00
   8.5087665e-01   8.8319848e-01  -3.1051605e+00
   8.4726549e-01   8.8305706e-01  -3.0976216e+00
   8.4401110e-01   8.8308783e-01  -3.0997526e+00
   8.4016120e-01   8.8265648e-01  -3.1006031e+00
   8.3608677e-01   8.8280718e-01  -3.0961439e+00
   8.3212326e-01   8.8278954e-01  -3.1012596e+00
   8.2905906e-01   8.8240997e-01  -3.1063991e+00
   8.2519065e-01   8.8216935e-01  -3.1030922e+00
   8.2148992e-01   8.8209311e-01  -3.1034627e+00
   8.1816833e-01   8.8180200e-01  -3.1011577e+00
   8.1480724e-01   8.8171893e-01  -3.1004591e+00
   8.1069628e-01   8.8162144e-01  -3.0983363e+00
   8.0680229e-01   8.8136557e-01  -3.1003469e+00
   8.0315262e-01   8.8175114e-01  -3.0941800e+00
   7.9919007e-01   8.8168804e-01  -3.0964375e+00
   7.9554920e-01   8.8136268e-01  -3.0902511e+00
   7.9195659e-01   8.8113141e-01  -3.0906476e+00
   7.8830966e-01   8.8087229e-01  -3.0934514e+00
   7.8491866e-01   8.8061102e-01  -3.0941754e+00
   7.8089183e-01   8.8070473e-01  -3.0908753e+00
   7.7731593e-01   8.8061521e-01  -3.0900303e+00
   7.7342514e-01   8.8061149e-01  -3.0908046e+00
   7.6965745e-01   8.8066890e-01  -3.0878570e+00
   7.6565514e-01   8.8079826e-01  -3.0896492e+00
   7.6231193e-01   8.8008897e-01  -3.0845503e+00
   7.5852289e-01   8.7980442e-01  -3.0853944e+00
   7.5533197e-01   8.7957458e-01  -3.0879564e+00
   7.5169518e-01   8.7911194e-01  -3.0904230e+00
   7.4773710e-01   8.7933643e-01  -3.0862325e+00
   7.4453844e-01   8.7910144e-01  -3.0881541e+00
   7.4092828e-01   8.7909680e-01  -3.0856938e+00
   7.3693685e-01   8.7902483e-01  -3.0884800e+00
   7.3375956e-01   8.7843775e-01  -3.0843009e+00
   7.2959861e-01   8.7855201e-01  -3.0818034e+00
   7.2575788e-01   8.7792416e-01  -3.0935132e+00
   7.2196684e-01   8.7810140e-01  -3.0883536e+00
   7.1867284e-01   8.7782991e-01  -3.0865630e+00
   7.1534728e-01   8.7788274e-01  -3.0908083e+00
   7.1103535e-01   8.7770973e-01  -3.0926678e+00
   7.0712057e-01   8.7762521e-01  -3.0883268e+00
   7.0429122e-01   8.7732383e-01  -3.0923906e+00
   7.0032132e-01   8.7724892e-01  -3.0885833e+00
   6.9646592e-01   8.7715525e-01  -3.0902166e+00
   6.9324544e-01   8.7649711e-01  -3.0948081e+00
   6.8909960e-01   8.7637108e-01  -3.0876551e+00
   6.8576481e-01   8.7674525e-01  -3.0794480e+00
   6.8167443e-01   8.7621655e-01  -3.0870028e+00
   6.7799069e-01   8.7618770e-01  -3.0867736e+00
   6.7500506e-01   8.7582423e-01  -3.0840824e+00
   6.7116806e-01   8.7546719e-01  -3.0806080e+00
   6.6724344e-01   8.7535662e-01  -3.0853888e+00
   6.6352214e-01   8.7519420e-01  -3.0853874e+00
   6.5968729e-01   8.7491177e-01  -3.0801208e+00
   6.5621777e-01   8.7435675e-01  -3.0825455e+00
   6.5263046e-01   8.7445060e-01  -3.0803454e+00
   6.4884286e-01   8.7456061e-01  -3.0702710e+00
   6.4496056e-01   8.7425335e-01  -3.0793817e+00
   6.4122841e-01   8.7392432e-01  -3.0758069e+00
   6.3777551e-01   8.7373578e-01  -3.0742536e+00
   6.3369517e-01   8.7364398e-01  -3.0757280e+00
   6.3023611e-01   8.7321659e-01  -3.0785653e+00
   6.2664671e-01   8.7282432e-01  -3.0807558e+00
   6.2318199e-01   8.7312069e-01  -3.0808056e+00
   6.1969586e-01   8.7283513e-01  -3.0785094e+00
   6.1549962e-01   8.7252661e-01  -3.0807858e+00
   6.1217737e-01   8.7249967e-01  -3.0690452e+00
   6.0875683e-01   8.7237225e-01  -3.0831560e+00
   6.0488934e-01   8.7219570e-01  -3.0766076e+00
   6.0153618e-01   8.7211540e-01  -3.0728255e+00
   5.9700225e-01   8.7226954e-01  -3.0824468e+00
   5.9345884e-01   8.7128691e-01  -3.0781278e+00
   5.9003661e-01   8.7122517e-01  -3.0777800e+00
   5.8687035e-01   8.7122734e-01  -3.0762235e+00
   5.8193334e-01   8.7111777e-01  -3.0647338e+00
   5.7863389e-01   8.7128819e-01  -3.0741526e+00
   5.7533276e-01   8.7087665e-01  -3.0658857e+00
   5.7169822e-01   8.7058592e-01  -3.0674736e+00
   5.6834949e-01   8.7036053e-01  -3.0684886e+00
   5.6418522e-01   8.7026744e-01  -3.0635884e+00
   5.6068520e-01   8.7003607e-01  -3.0631593e+00
   5.5726533e-01   8.6976385e-01  -3.0752015e+00
   5.5380656e-01   8.6933913e-01  -3.0676705e+00
   5.4961188e-01   8.6944667e-01  -3.0665517e+00
   5.4582810e-01   8.6853602e-01  -3.0665335e+00
   5.4188146e-01   8.6981860e-01  -3.0640839e+00
   5.3866497e-01   8.6894370e-01  -3.0682617e+00
   5.3527954e-01   8.6833863e-01  -3.0684530e+00
   5.3141158e-01   8.6831182e-01  -3.0651624e+00
   5.2742413e-01   8.6790391e-01  -3.0666797e+00
   5.2338543e-01   8.6776407e-01  -3.0637629e+00
   5.1994841e-01   8.6760326e-01  -3.0563561e+00
   5.1640554e-01   8.6732791e-01  -3.0622487e+00
   5.1375539e-01   8.6694957e-01  -3.0681324e+00
   5.0963588e-01   8.6696764e-01  -3.0592441e+00
   5.0586493e-01   8.6682959e-01  -3.0612733e+00
   5.0117124e-01   8.6659806e-01  -3.0621487e+00
   4.9819644e-01   8.6580283e-01  -3.0594819e+00
   4.9461165e-01   8.6574293e-01  -3.0685223e+00
   4.9066976e-01   8.6510444e-01  -3.0612517e+00
   4.8704133e-01   8.6562310e-01  -3.0605649e+00
   4.8392926e-01   8.6517907e-01  -3.0607602e+00
   4.8014181e-01   8.6443000e-01  -3.0636044e+00
   4.7652799e-01   8.6455906e-01  -3.0579564e+00
   4.7242486e-01   8.6461483e-01  -3.0633476e+00
   4.6886444e-01   8.6408628e-01  -3.0631185e+00
   4.6583862e-01   8.6387462e-01  -3.0593139e+00
   4.6206658e-01   8.6323433e-01  -3.0624877e+00
   4.5762557e-01   8.6328827e-01  -3.0576755e+00
   4.5411864e-01   8.6309613e-01  -3.0594633e+00
   4.5033424e-01   8.6277344e-01  -3.0592081e+00
   4.4685885e-01   8.6251319e-01  -3.0561281e+00
   4.4349037e-01   8.6188439e-01  -3.0543365e+00
   4.3971452e-01   8.6183323e-01  -3.0525608e+00
   4.3625772e-01   8.6177818e-01  -3.0533699e+00
   4.3254886e-01   8.6122325e-01  -3.0522140e+00
   4.2832660e-01   8.6084809e-01  -3.0614527e+00
   4.2523436e-01   8.6085373e-01  -3.0572051e+00
   4.2147868e-01   8.6080308e-01  -3.0491407e+00
   4.1783650e-01   8.6061206e-01  -3.0563234e+00
   4.1356903e-01   8.6010860e-01  -3.0563895e+00
   4.1026266e-01   8.5957680e-01  -3.0580314e+00
   4.0704530e-01   8.5899184e-01  -3.0611887e+00
   4.0310898e-01   8.5915381e-01  -3.0580681e+00
   3.9941494e-01   8.5900305e-01  -3.0564935e+00
   3.9556317e-01   8.5879760e-01  -3.0499283e+00
   3.9226230e-01   8.5824841e-01  -3.0488335e+00
   3.8829719e-01   8.5779104e-01  -3.0467148e+00
   3.8372694e-01   8.5809228e-01  -3.0431227e+00
   3.8066060e-01   8.5733878e-01  -3.0443222e+00
   3.7666117e-01   8.5704235e-01  -3.0482218e+00
   3.7291417e-01   8.5643241e-01  -3.0519455e+00
   3.6900162e-01   8.5652372e-01  -3.0474172e+00
   3.6590987e-01   8.5618928e-01  -3.0423871e+00
   3.6179002e-01   8.5551054e-01  -3.0541152e+00
   3.5825357e-01   8.5543197e-01  -3.0509775e+00
   3.5460903e-01   8.5539986e-01  -3.0448485e+00
   3.5143766e-01   8.5491509e-01  -3.0548085e+00
   3.4781233e-01   8.5483048e-01  -3.0501955e+00
   3.4417835e-01   8.5425532e-01  -3.0524635e+00
   3.4030974e-01   8.5411988e-01  -3.0459684e+00
   3.3644659e-01   8.5404335e-01  -3.0508275e+00
   3.3353717e-01   8.5371498e-01  -3.0479285e+00
   3.2974671e-01   8.5366570e-01  -3.0456285e+00
   3.2607160e-01   8.5299040e-01  -3.0449997e+00
   3.2260311e-01   8.5298000e-01  -3.0442306e+00
   3.1862336e-01   8.5240672e-01  -3.0491072e+00
   3.1463693e-01   8.5209473e-01  -3.0473524e+00
   3.1105158e-01   8.5168353e-01  -3.0408709e+00
   3.0785761e-01   8.5142781e-01  -3.0439790e+00
   3.0405426e-01   8.5092488e-01  -3.0403865e+00
   3.0010740e-01   8.5051432e-01  -3.0415911e+00
   2.9677937e-01   8.5043728e-01  -3.0429270e+00
   2.9230951e-01   8.5030761e-01  -3.0471967e+00
   2.8936827e-01   8.4985005e-01  -3.0453999e+00
   2.8572026e-01   8.4966680e-01  -3.0401585e+00
   2.8210744e-01   8.4917874e-01  -3.0407325e+00
   2.7825979e-01   8.4902617e-01  -3.0385670e+00
   2.7469906e-01   8.4889198e-01  -3.0468465e+00
   2.7072022e-01   8.4847384e-01  -3.0468075e+00
   2.6745572e-01   8.4806614e-01  -3.0397010e+00
   2.6387818e-01   8.4756640e-01  -3.0429595e+00
   2.5965530e-01   8.4696064e-01  -3.0455304e+00
   2.5608598e-01   8.4738019e-01  -3.0328136e+00
   2.5254552e-01   8.4645940e-01  -3.0342147e+00
   2.4922369e-01   8.4626115e-01  -3.0332443e+00
   2.4509273e-01   8.4597673e-01  -3.0308940e+00
   2.4126813e-01   8.4546954e-01  -3.0329073e+00
   2.3808965e-01   8.4507146e-01  -3.0286472e+00
   2.3397706e-01   8.4437633e-01  -3.0335616e+00
   2.3011218e-01   8.4451536e-01  -3.0415400e+00
   2.2671530e-01   8.4418871e-01  -3.0373231e+00
   2.2269937e-01   8.4335839e-01  -3.0335167e+00
   2.1928231e-01   8.4315701e-01  -3.0317590e+00
   2.1539207e-01   8.4322724e-01  -3.0363271e+00
   2.1200578e-01   8.4302368e-01  -3.0297126e+00
   2.0883505e-01   8.4249677e-01  -3.0318277e+00
   2.0488122e-01   8.4194012e-01  -3.0349886e+00
   2.0166229e-01   8.4194927e-01  -3.0264285e+00
   1.9884875e-01   8.4120090e-01  -3.0246725e+00
   1.9849767e-01   8.4137491e-01  -3.0299404e+00
   1.9859180e-01   8.4150310e-01  -3.0283051e+00
   1.9859026e-01   8.4162788e-01  -3.0278905e+00
   1.9812524e-01   8.4150033e-01  -3.0262743e+00
   1.9849420e-01   8.4120466e-01  -3.0313508e+00
   1.9825608e-01   8.4163707e-01  -3.0256233e+00
   1.9809204e-01   8.4136867e-01  -3.0272519e+00
   1.9851223e-01   8.4154231e-01  -3.0280298e+00
   1.9812906e-01   8.4154020e-01  -3.0264989e+00
   1.9851504e-01   8.4170039e-01  -3.0260636e+00
   1.9850555e-01   8.4146166e-01  -3.0290072e+00
   1.9847181e-01   8.4126579e-01  -3.0309832e+00
   1.9850430e-01   8.4132323e-01  -3.0294367e+00
   1.9837353e-01   8.4141813e-01  -3.0295900e+00
   1.9839325e-01   8.4127848e-01  -3.0226718e+00
   1.9849753e-01   8.4143396e-01  -3.0287983e+00
   1.9835957e-01   8.4135670e-01  -3.0304583e+00
   1.9849563e-01   8.4129078e-01  -3.0308097e+00
   1.9850774e-01   8.4143287e-01  -3.0291563e+00
   1.9870933e-01   8.4096504e-01  -3.0276138e+00
   1.9811340e-01   8.4135801e-01  -3.0278765e+00
   1.9838083e-01   8.4143124e-01  -3.0296831e+00
   1.9851364e-01   8.4129878e-01  -3.0309743e+00
   1.9834653e-01   8.4124717e-01  -3.0303750e+00
