   2.7391439e-02   9.9962478e-01
   2.7993240e-02   9.9960811e-01
   2.8580241e-02   9.9959150e-01
   2.9135479e-02   9.9957547e-01
   2.9750881e-02   9.9955734e-01
   3.0293242e-02   9.9954105e-01
   3.0836443e-02   9.9952444e-01
   3.1378645e-02   9.9950757e-01
   3.2054472e-02   9.9948612e-01
   3.2622041e-02   9.9946776e-01
   3.3166584e-02   9.9944984e-01
   3.3708681e-02   9.9943170e-01
   3.4251951e-02   9.9941323e-01
   3.4794776e-02   9.9939448e-01
   3.5438714e-02   9.9937185e-01
   3.6035865e-02   9.9935050e-01
   3.6595999e-02   9.9933014e-01
   3.7139202e-02   9.9931010e-01
   3.7681227e-02   9.9928981e-01
   3.8224633e-02   9.9926917e-01
   3.8758077e-02   9.9924862e-01
   3.9436987e-02   9.9922206e-01
   3.9981422e-02   9.9920042e-01
   4.0535745e-02   9.9917809e-01
   4.1066319e-02   9.9915642e-01
   4.1608326e-02   9.9913400e-01
   4.2151529e-02   9.9911123e-01
   4.2752596e-02   9.9908569e-01
   4.3291051e-02   9.9906250e-01
   4.3894461e-02   9.9903617e-01
   4.4436418e-02   9.9901221e-01
   4.4979523e-02   9.9898791e-01
   4.5522629e-02   9.9896331e-01
   4.6054606e-02   9.9893892e-01
   4.6734634e-02   9.9890734e-01
   4.7277686e-02   9.9888178e-01
   4.7819735e-02   9.9885598e-01
   4.8362384e-02   9.9882986e-01
   4.8905325e-02   9.9880342e-01
   4.9505544e-02   9.9877385e-01
   5.0086089e-02   9.9874490e-01
   5.0645635e-02   9.9871669e-01
   5.1247605e-02   9.9868598e-01
   5.1790318e-02   9.9865798e-01
   5.2343824e-02   9.9862912e-01
   5.2875370e-02   9.9860112e-01
   5.3568376e-02   9.9856418e-01
   5.4154358e-02   9.9853258e-01
   5.4677952e-02   9.9850404e-01
   5.5220943e-02   9.9847416e-01
   5.5763516e-02   9.9844400e-01
   5.6305187e-02   9.9841360e-01
   5.6906546e-02   9.9837951e-01
   5.7486874e-02   9.9834626e-01
   5.8028501e-02   9.9831493e-01
   5.8571039e-02   9.9828324e-01
   5.9095584e-02   9.9825233e-01
   5.9489517e-02   9.9822893e-01
   5.9698852e-02   9.9821643e-01
   6.0126756e-02   9.9819075e-01
   6.0278475e-02   9.9818160e-01
   6.0111638e-02   9.9819166e-01
   6.0205615e-02   9.9818600e-01
   5.9682747e-02   9.9821740e-01
   5.8860460e-02   9.9826622e-01
   5.8671539e-02   9.9827734e-01
   5.7650557e-02   9.9833682e-01
   5.8071366e-02   9.9831243e-01
   5.9068430e-02   9.9825394e-01
   5.7901964e-02   9.9832227e-01
   5.9182669e-02   9.9824717e-01
   5.8963300e-02   9.9826015e-01
   5.9635337e-02   9.9822023e-01
   5.9373273e-02   9.9823585e-01
   5.8403953e-02   9.9829303e-01
   5.9703998e-02   9.9821613e-01
   5.9395092e-02   9.9823455e-01
   5.8474508e-02   9.9828890e-01
   5.9896774e-02   9.9820458e-01
   5.8839604e-02   9.9826745e-01
   5.8782252e-02   9.9827083e-01
   5.9133981e-02   9.9825006e-01
   5.7939358e-02   9.9832010e-01
   5.7480931e-02   9.9834660e-01
   5.6032996e-02   9.9842892e-01
   5.5815524e-02   9.9844110e-01
   5.7415193e-02   9.9835039e-01
   5.7900803e-02   9.9832234e-01
   5.8600806e-02   9.9828150e-01
   5.9485027e-02   9.9822920e-01
   5.9454537e-02   9.9823101e-01
   5.9255184e-02   9.9824287e-01
   5.9782592e-02   9.9821142e-01
   5.9722399e-02   9.9821502e-01
   6.0029443e-02   9.9819661e-01
   5.9512555e-02   9.9822756e-01
   6.0306394e-02   9.9817991e-01
   5.9730020e-02   9.9821457e-01
   5.9933923e-02   9.9820235e-01
   5.9983398e-02   9.9819937e-01
   5.9593134e-02   9.9822275e-01
   5.9355347e-02   9.9823692e-01
   5.9673908e-02   9.9821792e-01
   5.8338638e-02   9.9829685e-01
   5.9015871e-02   9.9825704e-01
   6.0095697e-02   9.9819262e-01
   5.8696057e-02   9.9827590e-01
   5.8891245e-02   9.9826440e-01
   5.9780361e-02   9.9821155e-01
   5.9071174e-02   9.9825377e-01
   5.9287531e-02   9.9824095e-01
   5.9382092e-02   9.9823533e-01
   5.9691585e-02   9.9821687e-01
   5.9058131e-02   9.9825455e-01
   6.0141029e-02   9.9818989e-01
   5.8973300e-02   9.9825956e-01
   5.8362864e-02   9.9829544e-01
   5.9350404e-02   9.9823721e-01
   5.8832983e-02   9.9826784e-01
   5.8299183e-02   9.9829916e-01
   5.8546804e-02   9.9828466e-01
   5.6788773e-02   9.9838622e-01
   5.8303279e-02   9.9829892e-01
   5.7337059e-02   9.9835488e-01
   5.6894900e-02   9.9838017e-01
   5.7486789e-02   9.9834627e-01
   5.7740056e-02   9.9833165e-01
   5.8486147e-02   9.9828822e-01
   5.7747646e-02   9.9833121e-01
   5.8384640e-02   9.9829416e-01
   5.8869880e-02   9.9826566e-01
   5.8673970e-02   9.9827720e-01
   5.8085638e-02   9.9831160e-01
   5.9243408e-02   9.9824357e-01
   5.8419451e-02   9.9829213e-01
   5.9209731e-02   9.9824556e-01
   5.9537400e-02   9.9822608e-01
   5.9726774e-02   9.9821476e-01
   5.9355729e-02   9.9823689e-01
   5.8922534e-02   9.9826256e-01
   5.8004542e-02   9.9831632e-01
   5.7600542e-02   9.9833971e-01
   5.8213486e-02   9.9830416e-01
   5.8195076e-02   9.9830523e-01
   5.8321657e-02   9.9829784e-01
   5.8730604e-02   9.9827387e-01
   5.9549109e-02   9.9822538e-01
   5.9075532e-02   9.9825352e-01
   5.9868984e-02   9.9820624e-01
   5.8759100e-02   9.9827219e-01
   5.8359222e-02   9.9829565e-01
   5.9177644e-02   9.9824747e-01
   5.7922156e-02   9.9832110e-01
   5.8922187e-02   9.9826258e-01
   5.8918401e-02   9.9826280e-01
   5.7933258e-02   9.9832046e-01
   5.9008375e-02   9.9825749e-01
   5.7956790e-02   9.9831909e-01
   5.6991829e-02   9.9837464e-01
   5.7276089e-02   9.9835838e-01
   5.5627035e-02   9.9845162e-01
   5.5463405e-02   9.9846072e-01
   5.6315280e-02   9.9841304e-01
   5.6973681e-02   9.9837568e-01
   5.8085208e-02   9.9831163e-01
   5.7637793e-02   9.9833756e-01
   5.8506448e-02   9.9828703e-01
   5.7158103e-02   9.9836514e-01
   5.8455339e-02   9.9829002e-01
   5.9091681e-02   9.9825256e-01
   5.9035248e-02   9.9825590e-01
   5.7756683e-02   9.9833069e-01
   5.8055400e-02   9.9831336e-01
   5.7694836e-02   9.9833427e-01
   5.8097829e-02   9.9831089e-01
   5.9125251e-02   9.9825057e-01
   5.8663374e-02   9.9827782e-01
   5.7495462e-02   9.9834577e-01
   5.7571484e-02   9.9834139e-01
   5.7464190e-02   9.9834757e-01
   5.7352545e-02   9.9835399e-01
   5.7883866e-02   9.9832332e-01
   5.6617591e-02   9.9839594e-01
   5.7293254e-02   9.9835739e-01
   5.8544795e-02   9.9828478e-01
   5.8704580e-02   9.9827540e-01
   5.7978052e-02   9.9831786e-01
   5.8721450e-02   9.9827441e-01
   5.7812522e-02   9.9832746e-01
   5.8721476e-02   9.9827441e-01
   5.7960486e-02   9.9831888e-01
   5.8138434e-02   9.9830853e-01
   5.8206379e-02   9.9830457e-01
   5.7770693e-02   9.9832988e-01
   5.8525363e-02   9.9828592e-01
   5.7033804e-02   9.9837225e-01
   5.6642952e-02   9.9839450e-01
   5.6226329e-02   9.9841805e-01
   5.5118564e-02   9.9847982e-01
   5.5670689e-02   9.9844918e-01
   5.6742555e-02   9.9838884e-01
   5.7281245e-02   9.9835808e-01
   5.7155072e-02   9.9836531e-01
   5.7311937e-02   9.9835632e-01
   5.7716021e-02   9.9833304e-01
   5.8628827e-02   9.9827985e-01
   5.7827726e-02   9.9832658e-01
   5.8127270e-02   9.9830918e-01
   5.8066012e-02   9.9831275e-01
   5.8073809e-02   9.9831229e-01
   5.7448931e-02   9.9834845e-01
   5.8464757e-02   9.9828947e-01
   5.9696998e-02   9.9821654e-01
   5.9078257e-02   9.9825335e-01
   5.7907653e-02   9.9832194e-01
   5.7787185e-02   9.9832892e-01
   5.8220877e-02   9.9830373e-01
   5.8177183e-02   9.9830627e-01
   5.6950466e-02   9.9837701e-01
   5.8014353e-02   9.9831575e-01
   5.7727706e-02   9.9833237e-01
   5.8939706e-02   9.9826154e-01
   5.8446028e-02   9.9829057e-01
   5.9106830e-02   9.9825166e-01
   5.8040485e-02   9.9831423e-01
   5.7547564e-02   9.9834277e-01
   5.9283013e-02   9.9824122e-01
   5.7870074e-02   9.9832412e-01
   5.8928106e-02   9.9826223e-01
   5.9564054e-02   9.9822449e-01
   5.7912489e-02   9.9832166e-01
   5.8160471e-02   9.9830725e-01
   5.7813002e-02   9.9832743e-01
   5.7151934e-02   9.9836549e-01
   5.5899780e-02   9.9843638e-01
   5.4847102e-02   9.9849476e-01
   5.4748662e-02   9.9850017e-01
   5.6145493e-02   9.9842260e-01
   5.6627846e-02   9.9839536e-01
   5.7816728e-02   9.9832721e-01
   5.7099250e-02   9.9836851e-01
   5.7441745e-02   9.9834886e-01
   5.8249672e-02   9.9830205e-01
   5.8038209e-02   9.9831436e-01
   5.7449341e-02   9.9834842e-01
   5.8432837e-02   9.9829134e-01
   5.7405523e-02   9.9835094e-01
   5.6988582e-02   9.9837483e-01
   5.8378381e-02   9.9829453e-01
   5.7281807e-02   9.9835805e-01
   5.7437227e-02   9.9834912e-01
   5.8206771e-02   9.9830455e-01
   5.7087877e-02   9.9836916e-01
   5.6810209e-02   9.9838500e-01
   5.7719615e-02   9.9833283e-01
   5.5915858e-02   9.9843548e-01
   5.7268387e-02   9.9835882e-01
   5.7520580e-02   9.9834432e-01
   5.8626610e-02   9.9827998e-01
   5.8338153e-02   9.9829688e-01
   5.8658838e-02   9.9827809e-01
   5.9076093e-02   9.9825348e-01
   5.8426510e-02   9.9829171e-01
   5.8041962e-02   9.9831414e-01
   5.7879114e-02   9.9832360e-01
   5.7721938e-02   9.9833270e-01
   5.7632171e-02   9.9833789e-01
   5.8306921e-02   9.9829870e-01
   5.7513564e-02   9.9834472e-01
   5.6900224e-02   9.9837987e-01
   5.6130465e-02   9.9842344e-01
   5.5478328e-02   9.9845989e-01
   5.5563355e-02   9.9845516e-01
   5.5688771e-02   9.9844818e-01
   5.7166317e-02   9.9836467e-01
   5.6896747e-02   9.9838007e-01
   5.7919456e-02   9.9832126e-01
   5.6947984e-02   9.9837715e-01
   5.7396863e-02   9.9835144e-01
   5.8922225e-02   9.9826258e-01
   5.8208625e-02   9.9830444e-01
   5.7074547e-02   9.9836992e-01
   5.7965475e-02   9.9831859e-01
   5.8252155e-02   9.9830190e-01
   5.9167006e-02   9.9824810e-01
   5.7012958e-02   9.9837344e-01
   5.8741376e-02   9.9827323e-01
   5.7104507e-02   9.9836821e-01
   5.7617413e-02   9.9833874e-01
   5.7149553e-02   9.9836563e-01
   5.5762327e-02   9.9844407e-01
   5.6837732e-02   9.9838343e-01
   5.5713241e-02   9.9844681e-01
   5.6679922e-02   9.9839240e-01
   5.7331060e-02   9.9835522e-01
   5.7129264e-02   9.9836679e-01
   5.7671494e-02   9.9833561e-01
   5.8582509e-02   9.9828257e-01
   5.7199302e-02   9.9836278e-01
   5.7800431e-02   9.9832816e-01
   5.8794917e-02   9.9827008e-01
   5.7630970e-02   9.9833795e-01
   5.8516390e-02   9.9828645e-01
   5.8120220e-02   9.9830959e-01
   5.6704734e-02   9.9839099e-01
   5.7821062e-02   9.9832696e-01
   5.8113919e-02   9.9830996e-01
   5.5801548e-02   9.9844188e-01
   5.6139255e-02   9.9842295e-01
   5.6269673e-02   9.9841561e-01
   5.4633467e-02   9.9850648e-01
   5.4643768e-02   9.9850591e-01
   5.6461765e-02   9.9840476e-01
   5.7109559e-02   9.9836792e-01
   5.7571407e-02   9.9834139e-01
   5.8288943e-02   9.9829975e-01
   5.8171263e-02   9.9830662e-01
   5.7889156e-02   9.9832302e-01
   5.7302165e-02   9.9835688e-01
   5.8546089e-02   9.9828471e-01
   5.7893362e-02   9.9832277e-01
   5.8823912e-02   9.9826837e-01
   5.8393093e-02   9.9829367e-01
   5.7560595e-02   9.9834201e-01
   5.8558573e-02   9.9828397e-01
   5.9133095e-02   9.9825011e-01
   5.7582525e-02   9.9834075e-01
   5.9053624e-02   9.9825481e-01
   5.7391988e-02   9.9835172e-01
   5.7732852e-02   9.9833207e-01
   5.8016922e-02   9.9831560e-01
   5.7516149e-02   9.9834458e-01
   5.8006338e-02   9.9831621e-01
   5.7923322e-02   9.9832103e-01
   5.7544683e-02   9.9834293e-01
   5.9060180e-02   9.9825442e-01
   5.8001916e-02   9.9831647e-01
   5.8931769e-02   9.9826201e-01
   5.8332182e-02   9.9829723e-01
   5.7458878e-02   9.9834787e-01
   5.7989108e-02   9.9831722e-01
   5.7626309e-02   9.9833822e-01
   5.8209744e-02   9.9830438e-01
   5.7401651e-02   9.9835117e-01
   5.7565781e-02   9.9834172e-01
   5.6935700e-02   9.9837785e-01
   5.6439021e-02   9.9840605e-01
   5.5822818e-02   9.9844069e-01
   5.7372830e-02   9.9835282e-01
   5.7152583e-02   9.9836546e-01
   5.7697750e-02   9.9833410e-01
   5.7445379e-02   9.9834865e-01
   5.8159909e-02   9.9830728e-01
   5.8399190e-02   9.9829331e-01
   5.9173025e-02   9.9824774e-01
   5.8503961e-02   9.9828718e-01
   5.8604360e-02   9.9828129e-01
   5.9544964e-02   9.9822562e-01
   5.9865416e-02   9.9820646e-01
   5.9689393e-02   9.9821700e-01
   6.0539155e-02   9.9816582e-01
   5.9421466e-02   9.9823298e-01
   5.8512054e-02   9.9828670e-01
   5.9278441e-02   9.9824149e-01
   5.8726689e-02   9.9827410e-01
   5.7996579e-02   9.9831678e-01
   5.8424136e-02   9.9829185e-01
   5.7643409e-02   9.9833724e-01
   5.8926689e-02   9.9826231e-01
   5.9819635e-02   9.9820920e-01
   5.8861217e-02   9.9826618e-01
   5.7696016e-02   9.9833420e-01
   5.8836444e-02   9.9826764e-01
   5.8863388e-02   9.9826605e-01
   5.9475892e-02   9.9822974e-01
   5.9339352e-02   9.9823787e-01
   5.8172292e-02   9.9830656e-01
   5.9111616e-02   9.9825138e-01
   5.9525997e-02   9.9822676e-01
   5.8152952e-02   9.9830769e-01
   5.9999550e-02   9.9819840e-01
   5.8806386e-02   9.9826941e-01
   5.7563249e-02   9.9834186e-01
   5.7963706e-02   9.9831869e-01
   5.7174230e-02   9.9836422e-01
   5.6567983e-02   9.9839875e-01
   5.6351612e-02   9.9841099e-01
   5.6034614e-02   9.9842883e-01
   5.6613908e-02   9.9839615e-01
   5.7877248e-02   9.9832371e-01
   5.8018081e-02   9.9831553e-01
   5.8047469e-02   9.9831382e-01
   5.9603120e-02   9.9822215e-01
   5.8193307e-02   9.9830533e-01
   5.8933682e-02   9.9826190e-01
   5.9801001e-02   9.9821032e-01
   5.8500299e-02   9.9828739e-01
   5.8528145e-02   9.9828576e-01
   5.8765092e-02   9.9827184e-01
   5.8617409e-02   9.9828052e-01
   5.9071117e-02   9.9825378e-01
   5.7683500e-02   9.9833492e-01
   5.7913333e-02   9.9832161e-01
   5.7085774e-02   9.9836928e-01
   5.7453747e-02   9.9834817e-01
   5.8170268e-02   9.9830668e-01
   5.8761173e-02   9.9827207e-01
   5.9304101e-02   9.9823996e-01
   5.9904913e-02   9.9820409e-01
   6.0442765e-02   9.9817166e-01
   6.0948862e-02   9.9814089e-01
   6.1490366e-02   9.9810768e-01
   6.2031822e-02   9.9807417e-01
   6.2574408e-02   9.9804030e-01
   6.3069375e-02   9.9800915e-01
   6.3569713e-02   9.9797740e-01
   6.4074690e-02   9.9794511e-01
   6.4479993e-02   9.9791900e-01
   6.5091622e-02   9.9787929e-01
   6.5634100e-02   9.9784376e-01
   6.6234609e-02   9.9780408e-01
   6.6767392e-02   9.9776857e-01
   6.7310900e-02   9.9773205e-01
   6.7851647e-02   9.9769542e-01
   6.8393955e-02   9.9765839e-01
   6.8887977e-02   9.9762440e-01
   6.9376420e-02   9.9759055e-01
