   8.7200000e+02
   8.7200000e+02
   8.7300000e+02
   8.7200000e+02
   8.7300000e+02
   8.7200000e+02
   8.7200000e+02
   8.7200000e+02
   8.7200000e+02
   8.7200000e+02
   8.7200000e+02
   8.7200000e+02
   8.7200000e+02
   8.7200000e+02
   8.7200000e+02
   8.7200000e+02
   8.7200000e+02
   8.7200000e+02
   8.7200000e+02
   8.7700000e+02
   8.7200000e+02
   8.7200000e+02
   8.7200000e+02
   8.7200000e+02
   8.7200000e+02
   8.7200000e+02
   8.7200000e+02
   8.7200000e+02
   8.7200000e+02
   8.7200000e+02
   8.7300000e+02
   8.7200000e+02
   8.7200000e+02
   8.7200000e+02
   8.7200000e+02
   8.7200000e+02
   8.7400000e+02
   8.7200000e+02
   8.7200000e+02
   8.7200000e+02
   8.7200000e+02
   8.7200000e+02
   8.7200000e+02
   8.7200000e+02
   8.7700000e+02
   8.7200000e+02
   8.7200000e+02
   8.7200000e+02
   8.7200000e+02
   8.7200000e+02
   8.7200000e+02
   8.7200000e+02
   8.7200000e+02
   8.7200000e+02
   8.7200000e+02
   8.7200000e+02
   8.7200000e+02
   8.7000000e+02
   8.7100000e+02
   8.2200000e+02
   5.0300000e+02
   1.4700000e+02
   7.8000000e+01
   7.7000000e+01
   7.7000000e+01
   7.7000000e+01
   7.7000000e+01
   7.8000000e+01
   7.6000000e+01
   7.9000000e+01
   7.9000000e+01
   7.9000000e+01
   7.8000000e+01
   7.9000000e+01
   7.9000000e+01
   7.9000000e+01
   7.9000000e+01
   7.9000000e+01
   7.8000000e+01
   7.9000000e+01
   7.9000000e+01
   7.9000000e+01
   7.9000000e+01
   7.9000000e+01
   7.8000000e+01
   7.7000000e+01
   7.7000000e+01
   7.7000000e+01
   7.8000000e+01
   7.8000000e+01
   7.8000000e+01
   7.7000000e+01
   7.7000000e+01
   7.6000000e+01
   7.8000000e+01
   7.6000000e+01
   7.4000000e+01
   7.5000000e+01
   7.5000000e+01
   7.6000000e+01
   7.6000000e+01
   7.7000000e+01
   7.7000000e+01
   7.7000000e+01
   7.8000000e+01
   7.8000000e+01
   7.7000000e+01
   7.8000000e+01
   8.1000000e+01
   2.7100000e+02
   6.8100000e+02
   8.6900000e+02
   8.7200000e+02
   8.6600000e+02
   8.6500000e+02
   8.7200000e+02
   8.6500000e+02
   8.6000000e+02
   8.6600000e+02
   8.7000000e+02
   8.5700000e+02
   8.5500000e+02
   8.5400000e+02
   8.5700000e+02
   8.6300000e+02
   8.6800000e+02
   8.7400000e+02
   8.7600000e+02
   8.7200000e+02
   8.7000000e+02
   8.7000000e+02
   8.7000000e+02
   8.6700000e+02
   8.3700000e+02
   5.1400000e+02
   1.4000000e+02
   7.4000000e+01
   7.5000000e+01
   7.5000000e+01
   7.5000000e+01
   7.5000000e+01
   7.6000000e+01
   7.6000000e+01
   7.6000000e+01
   7.7000000e+01
   7.7000000e+01
   7.6000000e+01
   7.6000000e+01
   7.6000000e+01
   7.7000000e+01
   7.7000000e+01
   7.6000000e+01
   7.6000000e+01
   7.6000000e+01
   7.6000000e+01
   7.6000000e+01
   7.6000000e+01
   7.5000000e+01
   1.6300000e+02
   5.3700000e+02
   8.3500000e+02
   8.6500000e+02
   8.7300000e+02
   8.7700000e+02
   8.8000000e+02
   8.8800000e+02
   8.8400000e+02
   8.8100000e+02
   8.7800000e+02
   8.7200000e+02
   8.6600000e+02
   8.6200000e+02
   8.6100000e+02
   8.6600000e+02
   8.7000000e+02
   8.7100000e+02
   8.7200000e+02
   8.7300000e+02
   8.7900000e+02
   8.8200000e+02
   8.7700000e+02
   8.6800000e+02
   8.4700000e+02
   5.9600000e+02
   2.1400000e+02
   1.0300000e+02
   1.1700000e+02
   1.3000000e+02
   1.3700000e+02
   1.5400000e+02
   1.6700000e+02
   3.1600000e+02
   5.7000000e+02
   6.6400000e+02
   6.3700000e+02
   6.3000000e+02
   6.1000000e+02
   5.9100000e+02
   5.5300000e+02
   4.7400000e+02
   2.3300000e+02
   8.6000000e+01
   7.7000000e+01
   7.7000000e+01
   7.6000000e+01
   7.6000000e+01
   7.5000000e+01
   1.2100000e+02
   4.7500000e+02
   8.2100000e+02
   8.7300000e+02
   8.7900000e+02
   8.7900000e+02
   8.8200000e+02
   8.8500000e+02
   8.7100000e+02
   5.7900000e+02
   1.6100000e+02
   7.8000000e+01
   7.7000000e+01
   7.5000000e+01
   7.8000000e+01
   7.8000000e+01
   8.0000000e+01
   2.8000000e+02
   6.6200000e+02
   8.3200000e+02
   8.3400000e+02
   8.4300000e+02
   8.5100000e+02
   8.5200000e+02
   8.5300000e+02
   7.4400000e+02
   3.5100000e+02
   9.0000000e+01
   7.7000000e+01
   7.8000000e+01
   7.8000000e+01
   7.7000000e+01
   7.6000000e+01
   7.8000000e+01
   7.7000000e+01
   7.7000000e+01
   7.6000000e+01
   7.6000000e+01
   7.6000000e+01
   7.6000000e+01
   7.8000000e+01
   7.8000000e+01
   7.8000000e+01
   7.7000000e+01
   7.6000000e+01
   7.5000000e+01
   7.6000000e+01
   7.7000000e+01
   7.7000000e+01
   8.8000000e+01
   3.4900000e+02
   7.5500000e+02
   8.7200000e+02
   8.7700000e+02
   8.8300000e+02
   8.7300000e+02
   8.6800000e+02
   8.6600000e+02
   8.6400000e+02
   8.6300000e+02
   8.6200000e+02
   8.6400000e+02
   8.6600000e+02
   8.6600000e+02
   8.5600000e+02
   8.6700000e+02
   8.7100000e+02
   8.7400000e+02
   8.7600000e+02
   8.7200000e+02
   8.6800000e+02
   8.6300000e+02
   8.6100000e+02
   8.6600000e+02
   8.6600000e+02
   8.6600000e+02
   8.6600000e+02
   8.6700000e+02
   8.6400000e+02
   8.7600000e+02
   8.7300000e+02
   8.6900000e+02
   8.3700000e+02
   5.4100000e+02
   1.7400000e+02
   8.1000000e+01
   8.8000000e+01
   9.0000000e+01
   1.1100000e+02
   1.2300000e+02
   1.5000000e+02
   3.3500000e+02
   6.0200000e+02
   6.5500000e+02
   6.1300000e+02
   5.8400000e+02
   5.5600000e+02
   4.9900000e+02
   4.5100000e+02
   4.0500000e+02
   3.6200000e+02
   3.3500000e+02
   2.9300000e+02
   2.6600000e+02
   2.2700000e+02
   1.6000000e+02
   1.3000000e+02
   1.0000000e+02
   8.3000000e+01
   7.8000000e+01
   7.6000000e+01
   7.7000000e+01
   7.8000000e+01
   7.8000000e+01
   7.7000000e+01
   7.7000000e+01
   7.7000000e+01
   7.6000000e+01
   7.7000000e+01
   7.7000000e+01
   7.6000000e+01
   7.6000000e+01
   7.7000000e+01
   7.8000000e+01
   7.8000000e+01
   7.9000000e+01
   7.9000000e+01
   7.8000000e+01
   7.8000000e+01
   7.9000000e+01
   7.8000000e+01
   7.9000000e+01
   1.8400000e+02
   6.1400000e+02
   8.6700000e+02
   8.9000000e+02
   8.9000000e+02
   8.9000000e+02
   8.9000000e+02
   8.9200000e+02
   8.8900000e+02
   8.8600000e+02
   8.8300000e+02
   8.8300000e+02
   8.8000000e+02
   8.8200000e+02
   8.8400000e+02
   8.8600000e+02
   8.8600000e+02
   8.8800000e+02
   8.9600000e+02
   8.8900000e+02
   8.9000000e+02
   8.8800000e+02
   8.8800000e+02
   8.7900000e+02
   8.7000000e+02
   8.7200000e+02
   8.7900000e+02
   8.7700000e+02
   8.6800000e+02
   8.6200000e+02
   8.6100000e+02
   8.6300000e+02
   8.6200000e+02
   7.4600000e+02
   3.5600000e+02
   1.7200000e+02
   1.7600000e+02
   2.3500000e+02
   2.9600000e+02
   3.4500000e+02
   4.1600000e+02
   4.9300000e+02
   5.2500000e+02
   5.8000000e+02
   5.9500000e+02
   6.5200000e+02
   6.7700000e+02
   7.4300000e+02
   8.0500000e+02
   8.3500000e+02
   8.6200000e+02
   8.7300000e+02
   8.7600000e+02
   8.8100000e+02
   8.8600000e+02
   8.8500000e+02
   8.8700000e+02
   8.8200000e+02
   6.3600000e+02
   2.0800000e+02
   8.1000000e+01
   8.1000000e+01
   7.9000000e+01
   8.0000000e+01
   8.0000000e+01
   7.8000000e+01
   8.0000000e+01
   8.0000000e+01
   8.0000000e+01
   8.0000000e+01
   8.0000000e+01
   8.0000000e+01
   8.0000000e+01
   8.0000000e+01
   8.0000000e+01
   8.0000000e+01
   8.0000000e+01
   8.0000000e+01
   7.9000000e+01
   8.0000000e+01
   8.0000000e+01
   8.0000000e+01
   8.0000000e+01
   8.0000000e+01
   8.0000000e+01
   8.0000000e+01
   8.0000000e+01
   8.0000000e+01
