   1.6200000e+02
   1.6300000e+02
   1.6200000e+02
   1.6200000e+02
   1.6200000e+02
   1.6200000e+02
   1.6200000e+02
   1.6300000e+02
   1.6200000e+02
   1.6200000e+02
   1.6200000e+02
   1.6300000e+02
   1.6200000e+02
   1.6200000e+02
   1.6200000e+02
   1.6400000e+02
   1.6200000e+02
   1.6200000e+02
   1.6200000e+02
   1.6300000e+02
   1.6300000e+02
   1.6200000e+02
   1.6200000e+02
   1.6200000e+02
   1.6200000e+02
   1.6200000e+02
   1.6200000e+02
   1.6200000e+02
   1.6200000e+02
   1.6200000e+02
   1.6200000e+02
   1.6200000e+02
   1.6200000e+02
   1.6200000e+02
   1.6200000e+02
   1.6200000e+02
   1.6200000e+02
   1.6200000e+02
   1.6200000e+02
   1.6200000e+02
   1.6400000e+02
   1.6300000e+02
   1.6200000e+02
   1.6300000e+02
   1.6200000e+02
   1.6200000e+02
   1.6300000e+02
   1.6200000e+02
   1.6200000e+02
   1.6300000e+02
   1.6200000e+02
   1.6200000e+02
   1.6200000e+02
   1.6200000e+02
   1.6200000e+02
   1.6200000e+02
   1.6200000e+02
   1.6000000e+02
   1.6100000e+02
   1.7400000e+02
   3.3000000e+02
   5.3900000e+02
   6.1600000e+02
   6.2000000e+02
   6.0500000e+02
   6.1600000e+02
   6.0800000e+02
   6.3400000e+02
   6.3100000e+02
   6.4200000e+02
   6.4200000e+02
   6.3000000e+02
   6.3200000e+02
   6.5200000e+02
   6.4000000e+02
   6.4800000e+02
   6.5000000e+02
   6.5500000e+02
   6.4700000e+02
   6.4600000e+02
   6.5800000e+02
   6.5000000e+02
   6.5000000e+02
   6.4000000e+02
   6.4400000e+02
   6.5500000e+02
   6.7800000e+02
   6.8500000e+02
   7.0000000e+02
   7.1500000e+02
   7.2100000e+02
   7.1000000e+02
   7.1200000e+02
   7.2300000e+02
   7.3000000e+02
   7.2900000e+02
   7.3400000e+02
   7.2500000e+02
   7.2500000e+02
   7.2500000e+02
   7.2300000e+02
   5.6000000e+02
   2.2800000e+02
   6.9000000e+01
   6.1000000e+01
   6.1000000e+01
   6.2000000e+01
   6.1000000e+01
   6.2000000e+01
   1.5500000e+02
   4.7600000e+02
   7.3000000e+02
   7.6400000e+02
   7.6400000e+02
   7.6900000e+02
   7.8100000e+02
   7.7200000e+02
   6.8900000e+02
   3.9200000e+02
   1.1800000e+02
   6.2000000e+01
   6.2000000e+01
   6.2000000e+01
   6.2000000e+01
   6.2000000e+01
   7.8000000e+01
   3.2500000e+02
   6.6400000e+02
   7.6800000e+02
   7.6900000e+02
   7.7200000e+02
   7.7600000e+02
   7.7300000e+02
   7.6600000e+02
   5.7200000e+02
   2.1200000e+02
   6.6000000e+01
   6.1000000e+01
   6.1000000e+01
   6.1000000e+01
   6.1000000e+01
   6.1000000e+01
   6.2000000e+01
   6.1000000e+01
   6.3000000e+01
   6.2000000e+01
   6.2000000e+01
   6.1000000e+01
   6.2000000e+01
   6.1000000e+01
   6.1000000e+01
   6.1000000e+01
   6.1000000e+01
   6.2000000e+01
   6.1000000e+01
   6.2000000e+01
   6.2000000e+01
   6.4000000e+01
   8.2000000e+01
   3.2500000e+02
   6.5400000e+02
   7.6200000e+02
   7.6700000e+02
   7.7100000e+02
   7.6800000e+02
   7.6400000e+02
   7.6800000e+02
   7.6600000e+02
   7.6300000e+02
   7.6400000e+02
   7.6100000e+02
   7.6000000e+02
   7.5800000e+02
   7.6200000e+02
   7.6400000e+02
   7.6500000e+02
   7.6300000e+02
   7.6300000e+02
   7.6400000e+02
   7.6600000e+02
   7.6600000e+02
   7.6300000e+02
   7.6000000e+02
   7.6200000e+02
   7.6200000e+02
   7.5600000e+02
   7.5900000e+02
   7.5200000e+02
   7.5600000e+02
   7.5700000e+02
   7.6000000e+02
   7.2000000e+02
   4.1600000e+02
   1.1600000e+02
   6.3000000e+01
   6.4000000e+01
   6.3000000e+01
   6.2000000e+01
   6.2000000e+01
   6.2000000e+01
   6.2000000e+01
   6.2000000e+01
   6.1000000e+01
   6.2000000e+01
   6.2000000e+01
   6.2000000e+01
   6.2000000e+01
   6.4000000e+01
   2.1800000e+02
   5.7400000e+02
   7.4400000e+02
   7.6500000e+02
   7.5600000e+02
   7.5400000e+02
   7.5500000e+02
   7.6200000e+02
   6.4900000e+02
   3.0100000e+02
   8.3000000e+01
   6.2000000e+01
   6.2000000e+01
   6.2000000e+01
   6.1000000e+01
   6.2000000e+01
   1.0800000e+02
   3.3400000e+02
   5.6100000e+02
   6.2700000e+02
   6.0700000e+02
   6.1200000e+02
   6.0300000e+02
   5.8300000e+02
   5.6100000e+02
   4.4600000e+02
   2.7800000e+02
   2.5800000e+02
   3.0300000e+02
   3.6600000e+02
   4.1900000e+02
   4.6000000e+02
   5.2300000e+02
   4.1800000e+02
   1.7100000e+02
   6.6000000e+01
   6.1000000e+01
   6.0000000e+01
   6.1000000e+01
   6.1000000e+01
   6.1000000e+01
   6.1000000e+01
   6.0000000e+01
   6.0000000e+01
   6.1000000e+01
   6.0000000e+01
   6.0000000e+01
   6.0000000e+01
   6.0000000e+01
   6.2000000e+01
   6.1000000e+01
   6.0000000e+01
   6.2000000e+01
   6.2000000e+01
   6.4000000e+01
   6.1000000e+01
   6.2000000e+01
   9.2000000e+01
   3.6300000e+02
   6.6500000e+02
   7.5800000e+02
   7.6700000e+02
   7.6800000e+02
   7.6400000e+02
   7.6100000e+02
   7.6400000e+02
   7.6800000e+02
   7.7100000e+02
   7.7200000e+02
   7.6800000e+02
   7.6000000e+02
   7.5500000e+02
   7.5700000e+02
   7.5900000e+02
   7.6600000e+02
   7.5500000e+02
   7.6000000e+02
   7.6100000e+02
   7.6800000e+02
   7.7200000e+02
   7.6800000e+02
   7.6200000e+02
   7.5700000e+02
   7.5700000e+02
   7.5700000e+02
   7.5200000e+02
   7.5400000e+02
   7.5300000e+02
   7.5000000e+02
   7.5100000e+02
   7.1400000e+02
   4.3100000e+02
   1.3400000e+02
   6.2000000e+01
   6.2000000e+01
   6.2000000e+01
   6.1000000e+01
   6.1000000e+01
   6.2000000e+01
   6.2000000e+01
   6.3000000e+01
   6.4000000e+01
   6.3000000e+01
   6.3000000e+01
   6.3000000e+01
   6.3000000e+01
   6.2000000e+01
   6.3000000e+01
   6.7000000e+01
   7.0000000e+01
   8.0000000e+01
   8.6000000e+01
   1.0100000e+02
   1.2400000e+02
   1.2600000e+02
   1.4500000e+02
   1.0500000e+02
   7.0000000e+01
   6.0000000e+01
   6.0000000e+01
   6.0000000e+01
   6.0000000e+01
   6.1000000e+01
   7.2000000e+01
   2.3800000e+02
   4.6900000e+02
   5.8000000e+02
   6.2000000e+02
   6.4300000e+02
   6.7800000e+02
   6.8600000e+02
   7.0000000e+02
   5.2800000e+02
   2.1900000e+02
   7.5000000e+01
   6.5000000e+01
   6.3000000e+01
   6.2000000e+01
   6.2000000e+01
   6.2000000e+01
   6.2000000e+01
   6.4000000e+01
   6.2000000e+01
   6.2000000e+01
   6.2000000e+01
   6.2000000e+01
   6.2000000e+01
   6.2000000e+01
   6.3000000e+01
   6.4000000e+01
   6.3000000e+01
   6.3000000e+01
   6.4000000e+01
   6.3000000e+01
   6.2000000e+01
   6.2000000e+01
   8.3000000e+01
   3.4200000e+02
   6.3300000e+02
   7.4000000e+02
   7.4600000e+02
   7.4600000e+02
   7.5000000e+02
   7.5200000e+02
   7.5500000e+02
   7.5400000e+02
   7.5400000e+02
   7.6200000e+02
   7.6400000e+02
   7.7100000e+02
   7.8100000e+02
   7.7500000e+02
   7.7000000e+02
   7.6500000e+02
   7.6200000e+02
   7.5900000e+02
   7.5400000e+02
   7.4900000e+02
   7.4200000e+02
   7.4000000e+02
   7.3800000e+02
   7.3500000e+02
   7.3600000e+02
   7.4800000e+02
   7.5700000e+02
   7.6100000e+02
   7.5900000e+02
   7.5700000e+02
   7.5600000e+02
   7.3200000e+02
   4.8300000e+02
   1.5000000e+02
   6.5000000e+01
   6.2000000e+01
   6.2000000e+01
   6.3000000e+01
   6.3000000e+01
   6.3000000e+01
   6.3000000e+01
   6.4000000e+01
   6.3000000e+01
   6.3000000e+01
   6.4000000e+01
   6.3000000e+01
   6.3000000e+01
   6.3000000e+01
   6.3000000e+01
   6.4000000e+01
   6.4000000e+01
   6.4000000e+01
   6.3000000e+01
   6.3000000e+01
   6.3000000e+01
   6.4000000e+01
   6.4000000e+01
   6.3000000e+01
   6.3000000e+01
   6.3000000e+01
   6.3000000e+01
