3 0.557394981384 31.520043 41.394881 -0.0070850614 109.834233921 26.2924083235 -2.49824458691 79.7571136672 -142.732926906 0
6 0.570796966553 31.529937 41.402987 -0.0081764059 71.0763643558 94.9551708604 -0.77554516482 66.5714376653 -43.9669912163 0
9 0.557727813721 31.522543 41.401068 -0.0068718684 20.0801439158 80.77269044 -2.60289098174 41.00064817 -148.740938729 0
12 0.558418989182 31.528168 41.375423 -0.0049451513 98.5695399151 15.5047348661 2.51145300005 71.8598500748 144.178993647 0
15 0.556064844131 31.523843 41.397689 -0.0081913964 32.3606459239 63.6999906249 2.40725323373 22.3179949122 138.394782954 0
18 0.561402082443 31.52518 41.394772 -0.0077822512 128.071211889 100.140237426 2.79894555618 113.0140079 160.813657605 0
21 0.559667825699 31.646202 41.400982 -0.0069641742 128.279647495 2.9752928097 0.402856298964 103.993059278 23.4809834703 0
24 0.562726020813 32.968315 41.348607 -0.0066445448 59.7757238243 16.41071099 2.80944441715 36.6133285195 161.350012253 0
27 0.558943033218 34.520488 41.363888 -0.010157874 84.0190632323 19.817111977 0.0274172436234 53.9849285173 2.15289565453 0
30 0.562701940536 35.981317 41.339656 -0.012968194 96.0541219312 131.351903832 2.4348182706 108.217127351 140.247833571 0
33 0.566148042679 37.47125 41.3168 -0.01805047 106.924901223 129.966290569 -2.08046431914 112.616792026 -118.167609165 0
36 0.567156791687 39.051821 41.275587 -0.019803098 118.188904263 103.175475666 1.72835665225 100.470265075 100.162175604 0
39 0.561676025391 40.609584 41.247017 -0.013659721 87.3589721457 132.954962764 -0.572066960636 102.936157925 -31.9943780807 0
42 0.559478998184 42.081473 41.279186 -0.014178183 89.5955177767 86.8920176779 -2.56121304656 65.8643671853 -145.934347955 0
45 0.560675859451 43.552295 41.213208 -0.0092852628 135.728481172 111.614429724 1.26905658017 115.986125539 73.2435923771 0
48 0.561097860336 45.079977 41.189892 -0.010404952 42.9545985854 26.3331291594 0.328460041943 15.0080190401 19.4155339777 0
51 0.562674045563 46.640834 41.096545 -0.012029947 97.5531351555 121.41911461 2.18768131763 95.0987781085 126.034171611 0
54 0.560036897659 48.21014 41.103056 -0.013219293 59.9555016057 15.7068415592 -1.10074499175 27.9807295682 -62.3106326505 0
57 0.563202857971 49.69993 40.993437 -0.019411138 36.6264516012 90.7570176055 2.92210299054 51.4522088167 168.536344944 0
60 0.560029029846 51.221815 41.026894 -0.026800957 84.1512600653 82.8744410691 2.29262009513 53.2500286198 132.893037201 0
63 0.559000015259 52.707826 40.957156 -0.02058299 19.4990896348 125.110938157 1.24503467115 90.4692169869 72.514550461 0
66 0.563525915146 54.31159 40.951842 -0.027308534 129.882242958 43.7868770378 -1.75554227218 75.6238124675 -99.02049921 0
69 0.55818104744 55.778879 40.909196 -0.015002614 34.1979608612 102.156520487 -0.702162775151 64.9382074327 -39.3713770835 0
72 0.558768987656 57.331901 40.836464 -0.018380323 29.8879371228 92.8208015553 -3.02693887328 58.7838626186 -172.377707349 0
75 0.563251018524 58.848313 40.76075 -0.022921269 42.7873509467 38.2979734252 -1.97492499104 16.248685194 -111.841574867 0
78 0.559388160706 60.388876 40.75568 -0.012358794 59.9061923087 99.593320665 -2.22540428747 58.8396205168 -126.798166646 0
81 0.561910867691 61.86858 40.735896 -0.015077049 40.7774426844 44.3535032453 0.985769812796 21.3991391286 57.3443011198 0
84 0.561784029007 63.333062 40.668539 -0.013920495 45.047196531 105.061225492 0.778497323072 66.938710397 45.4021965865 0
87 0.563795089722 64.876385 40.58717 -0.032109511 84.1609066654 14.157615334 -1.32465445955 32.7171841041 -74.0573703831 0
90 0.557848930359 66.44697 40.579857 -0.020157695 133.519534077 63.0183429163 0.388761801694 70.7263352794 23.4293613212 0
