123 0.287907838821 80.819811 40.085383 -0.20196514 122.053754574 78.7726097999 0.00671291445687 56.5414858326 11.9563717974 0
126 0.283607959747 80.673305 40.189426 -0.34415967 89.2644705897 49.3620301739 3.0416054089 12.5676089023 -166.009950556 0
129 0.273089885712 80.559381 40.228255 -0.49611957 63.4448706469 116.534135392 -0.99769847093 78.2016230462 -28.7383541161 0
132 0.275768995285 80.474435 40.358509 -0.64523249 116.112794606 75.5248497916 -2.59256207832 50.0675963083 -111.573766732 0
135 0.273967027664 80.446897 40.445937 -0.81868337 30.9540478234 93.294426591 -0.877726218977 72.4051446491 -3.38290605682 0
138 0.274825811386 80.377523 40.602704 -0.97166139 33.4036460313 92.3640134959 -0.733497408944 69.8983424567 13.6457909465 0
141 0.27633190155 80.303277 40.677658 -1.1291983 31.9796875983 89.7518478902 0.960848181572 68.8726753222 119.75084238 0
144 0.274650812149 80.24067 40.836497 -1.2914427 32.4147767124 87.5277798943 -1.6388331342 66.8385515033 -19.9040057228 0
147 0.277106046677 80.334643 40.99259 -1.4510482 37.6970967326 90.4970441851 -2.18637873899 65.3349166669 -42.1313364312 0
150 0.273807048798 80.305505 41.173119 -1.6076845 28.0175584437 84.1396602551 -1.49491983106 67.6768278106 6.46093960824 0
153 0.273773193359 80.260339 41.240273 -1.7630876 36.6517681596 94.2087880801 -0.84387435333 68.6102837811 52.6670395067 0
156 0.275688171387 80.351916 41.337649 -1.9138236 85.9562176757 140.965856083 2.56785920353 99.7857096176 -103.218490242 0
159 0.278983831406 80.458888 41.424429 -2.0695544 87.9049508717 50.3693114001 2.36716256731 11.6385039177 -105.794842879 0
162 0.278198957443 80.580246 41.530351 -2.2462491 62.1298093939 127.32715026 -0.113713646639 87.7582439105 122.18528114 0
165 0.277646064758 80.700832 41.575869 -2.3973477 69.086512511 126.258497489 -0.127148569193 85.4753764833 130.072828849 0
168 0.29905796051 80.863789 41.557834 -2.56541 117.144451416 47.9151132193 2.92917011464 36.8334286269 -45.1837492346 0
171 0.29160284996 80.910142 41.637692 -2.7112414 60.6551342792 132.225866771 0.85980900305 92.8250114257 -155.393883477 0
174 0.289628982544 81.000304 41.730578 -2.863125 99.9345818179 57.3983642529 -0.41722772516 24.5761348171 140.139590971 0
177 0.273411989212 81.313486 41.614906 -3.0334876 87.6534261992 122.040227124 0.682808329093 80.6748233318 -147.071927841 0
180 0.275944948196 81.419836 41.643078 3.1037871 61.1993258954 110.581269336 -0.408223493507 71.8424891937 158.776615387 0
183 0.275592088699 81.472606 41.653948 2.9566422 73.1849316756 130.656129406 -2.58363407269 89.3872129598 42.5655522385 0
186 0.276944160461 81.600227 41.551467 2.7956666 90.5135577491 49.478057419 1.15213175582 11.9280468105 -94.1676100541 0
189 0.277796983719 81.705618 41.391179 2.6371497 91.3207202353 49.9779031711 -0.393559153654 12.8911606532 -173.646826247 0
192 0.292390823364 81.817002 41.340993 2.4823985 115.11689202 67.6800592258 0.743122913478 42.4573796295 -99.6531505179 0
195 0.276561975479 81.903012 41.262396 2.332631 90.9018173571 48.6462953245 -0.302205230965 11.6404667901 -150.964995742 0
198 0.276019096375 81.909487 41.089487 2.1583794 76.6259325171 116.724697652 3.12686807426 75.8195293999 55.4903135414 0
201 0.298295974731 81.924053 40.998223 1.9975831 40.1203344004 105.650781211 1.70674839106 76.9902862182 -16.6636013583 0
204 0.276160955429 81.960862 40.844259 1.8446809 26.6252130426 99.791435428 -2.62073873018 80.8505018807 104.150301436 0
207 0.283407926559 81.927588 40.703608 1.6857979 117.486140425 69.2216279574 3.13535981338 45.5816642179 83.0537797795 0
210 0.277643918991 81.924928 40.686406 1.5459903 37.2976676518 87.7831752491 -1.82696702042 64.8821858439 166.743781062 0
