63 0.139163017273 79.890684 97.897701 -0.093381766 60.1644227371 131.375180781 1.52500266953 38.8570075519 92.7265977854 0
66 0.142310857773 78.411812 98.037468 -0.097953665 35.4611889109 96.269701713 0.11283863743 42.9869866516 12.0775092831 0
69 0.14307308197 76.931086 98.162597 -0.096433306 130.111843326 86.9288387719 -1.55007550485 54.3543031752 -83.2875629165 0
72 0.141846179962 75.443161 98.337547 -0.10164342 70.5316825388 87.6924174212 -1.28737416524 11.7235406096 -67.9373673411 0
75 0.145938158035 73.912871 98.553041 -0.10292365 72.155924234 138.282985695 0.630116601055 39.7687737734 42.0001125987 0
78 0.144162893295 72.413468 98.668417 -0.11145399 56.583196945 31.012194958 -0.426801332005 69.4835366305 -18.0680717776 0
81 0.143387079239 70.926618 98.82512 -0.11572496 94.8681517207 25.517843075 1.51131768907 77.1177922859 93.2226768793 0
84 0.142156124115 69.460294 99.048845 -0.12091472 41.9227515011 35.6264970739 1.59614424021 69.1426819218 98.3802315952 0
87 0.146107196808 67.984026 99.205817 -0.12024712 92.3419901105 64.3615233728 -1.27238054222 42.5139414073 -66.0123825289 0
90 0.14567399025 66.409271 99.378533 -0.12589377 85.8959992749 142.691386716 -1.6414111021 47.4945878589 -86.8327469085 0
93 0.146923065186 64.97003 99.579245 -0.12534264 29.8153601296 70.394034336 0.462507980457 45.6905606794 33.6813595364 0
96 0.143999099731 63.450289 99.830398 -0.13542326 65.0593518188 108.457373228 1.98060744069 8.77574981112 121.239628469 0
99 0.142994880676 62.015499 100.01094 -0.13023941 102.546805223 51.669014798 -2.45541257566 63.0850894935 -133.22260903 0
102 0.145081996918 60.420275 100.24313 -0.1356293 62.1396199771 102.86930335 -0.23034256899 3.13893829459 -5.42667057699 0
105 0.143378973007 58.989222 100.44438 -0.14088208 58.8362968318 100.971682861 2.10900007345 0.549030431147 128.908751795 0
108 0.143091917038 58.528509 100.58832 -0.24160345 106.891855274 52.3190227831 2.80629589199 68.3296298585 174.631768677 0
111 0.142606019974 58.390768 100.67023 -0.3827913 81.5340163516 140.437353242 -2.20269679688 46.0112381405 -104.272904084 0
114 0.14359498024 58.26024 100.80046 -0.53685502 113.979732198 52.6025036762 1.45557772258 73.6729584349 114.157987114 0
117 0.150528907776 58.2435 100.85046 -0.70040996 80.7415556293 139.716278891 -2.38617539649 44.9078432478 -96.5872447597 0
120 0.144534111023 58.129433 100.95873 -0.85888639 54.3778759622 99.4077118638 0.247979607174 4.0595366074 63.4187501246 0
123 0.146430015564 58.21235 101.09089 -1.0276822 78.4302417375 137.640990257 -2.51976710697 41.7692826741 -85.4901678446 0
126 0.143480062485 58.152327 101.12822 -1.1869287 62.7139856018 100.635674506 -0.163921983907 4.58817286757 58.6139672457 0
129 0.143004179001 58.049715 101.26081 -1.3398137 56.97738399 103.466203756 -1.70346580727 2.45227555859 -20.8357309574 0
132 0.142908096313 58.024835 101.49733 -1.4943786 49.0453649009 105.360962852 -1.27970933979 9.77540495733 12.299642601 0
135 0.142557144165 58.064001 101.65215 -1.6522241 55.03381718 99.5464389742 -1.50538908602 3.68999090879 8.41302658575 0
138 0.142904996872 58.104403 101.68885 -1.8037565 53.0577820112 104.258799524 -1.70434645395 5.66330503861 5.69577607977 0
141 0.142761945724 58.177183 101.78616 -1.9584038 47.1555959164 94.9228765047 0.22582807436 12.9838377292 125.147267879 0
144 0.151165008545 58.164815 101.89412 -2.1101089 55.5578725383 104.502023933 -2.28964060103 3.68745331143 -10.2864087576 0
147 0.144183158875 58.333441 101.96561 -2.2758326 47.2103526185 92.8808471956 -0.265844829972 14.3616158685 115.163816096 0
150 0.142791986465 58.547547 101.97367 -2.4518694 50.5896204524 95.0958742903 -2.00196912907 10.5182065372 25.7773867262 0
