183 1.47328495979 57.788579 101.03213 -1.3093986 96.9646719167 12.2998488331 2.33688776016 96.9957936062 -151.083180667 0
186 1.42633199692 57.852229 100.87925 -1.1701135 29.5762700506 76.3998834416 -2.13861901178 37.4001235507 -55.49127826 0
189 1.41135287285 57.956865 100.8248 -1.0236231 101.974652404 66.2994227263 -2.15236920799 55.942535551 -64.6723881299 0
192 1.4257850647 57.906072 100.67156 -0.85835482 71.4468804725 126.873493704 -2.82894401928 29.4939794521 -112.906444273 0
195 1.42504000664 57.990597 100.53155 -0.72265365 17.3621305521 61.5782043443 3.12850142245 56.2853037984 -139.345068098 0
198 1.42612409592 58.042848 100.37669 -0.56279892 71.7878535622 106.253975593 2.06596177127 14.9488348658 150.616892959 0
201 1.42146921158 58.157277 100.32166 -0.41301063 73.8676699084 86.0353392127 -0.606886210464 21.2347688232 -11.1082525112 0
204 1.42738890648 58.686264 100.08548 -0.29965148 125.956426282 59.4293023162 0.54759216291 78.6015236323 48.543484958 0
207 1.42239499092 59.980629 99.666017 -0.30408986 128.561555352 114.379832468 -0.907328938477 70.1415698783 -34.5630532341 0
210 1.42701792717 61.363687 99.173884 -0.32636207 58.541991601 104.317934364 -0.321448780115 5.86713039474 0.281510773944 0
213 1.4463160038 62.885593 98.69498 -0.37512441 83.30828891 94.3309070503 3.07461599792 20.8837650088 -162.34443421 0
216 1.43297100067 64.287236 98.118834 -0.4012694 120.808661988 101.505716104 3.03247679528 56.6228095922 -163.260835091 0
219 1.52569389343 66.572969 97.068508 -0.44319642 77.7021089992 72.9353474182 0.898872138327 26.5756880774 76.8948642094 0
222 1.57325601578 67.896132 96.441291 -0.47211549 114.933151486 102.03313956 3.11925682037 47.3682380126 -154.229523956 0
225 1.53669905663 69.150612 95.708615 -0.49267498 126.90480996 116.254115892 0.768854859813 61.2997959943 72.2803355511 0
228 1.54444313049 70.465141 94.973778 -0.52461339 14.217407957 35.7019950632 -2.87089962092 81.7126166817 -134.432298561 0
231 1.5302169323 71.675984 94.192345 -0.54871183 10.6892206403 40.6402358774 -2.74023797447 81.1616516377 -125.565198771 0
234 1.5385389328 72.999296 93.402727 -0.58180979 48.4719873611 104.541338214 -2.58019823253 26.9380312725 -114.499223585 0
237 1.54254794121 74.284244 92.44261 -0.63095882 71.5804090874 92.3090779081 -0.131036182651 2.70713022484 28.6434572031 0
240 1.53937602043 75.447368 91.599491 -0.66374929 114.056860288 53.80836782 0.11092035749 54.0264924453 44.3853013181 0
243 1.53292608261 76.572595 90.665594 -0.69142624 114.640424148 55.5755789091 0.0509406417148 51.7732438153 42.5344891725 0
246 1.55164694786 77.783785 89.658033 -0.71509647 33.4403913683 110.107335942 2.54464425334 48.8314504147 -173.230614246 0
249 1.53352808952 78.874801 88.696028 -0.74032963 119.31124227 54.6710925176 -0.0421187539972 52.8469679086 40.0045364051 0
252 1.58671712875 80.03236 87.613917 -0.7252394 109.575956343 97.0110618606 -2.37802725077 31.0021034188 -94.6977682798 0
255 1.52664685249 81.079285 86.604124 -0.70281223 34.2042157765 72.7587587659 1.12701529314 48.877052419 104.841394313 0
258 1.53567910194 82.380517 85.593177 -0.66953842 77.9378711431 88.191771006 -0.652371908318 5.14682358529 0.983568668356 0
261 1.53468489647 83.553536 84.670161 -0.64546431 81.35269362 86.4143824479 -0.605395192136 2.80820505679 2.29579134241 0
264 1.53189492226 84.753159 83.736184 -0.60820056 82.4390601438 85.8539361741 -0.449947714742 3.13686591791 9.06722012925 0
267 1.53095793724 85.938286 82.919631 -0.58097683 85.5741289754 84.022683946 -0.111426467705 1.161609289 26.9032540284 0
270 1.53524208069 87.249998 82.030848 -0.55954063 85.1937500688 85.0522658458 -0.312038656789 3.65473957396 14.1808184862 0
273 1.52973794937 88.578333 81.141585 -0.52544337 100.395922326 92.4521602608 -2.47445306097 16.3580111935 -111.670029523 0
276 1.54128813744 89.874585 80.458812 -0.49549775 88.1591350829 83.0022955591 -0.484490969203 3.06791085819 0.630642085672 0
279 1.52988886833 91.229191 79.664539 -0.46697991 88.5861036381 82.980021661 -0.241603701868 4.24008680078 12.9131055286 0
282 1.61902189255 92.640842 79.007823 -0.44436504 91.0161738612 80.4455880362 -0.338096982329 2.16949645322 6.08871120157 0
285 1.52150988579 93.942666 78.269838 -0.40450827 91.3093955731 79.708063348 -0.335512515012 3.00043418404 3.95316556513 0
288 1.53856086731 95.385584 77.620959 -0.38607018 94.4905974472 80.8929354165 -0.326067280833 3.39217195907 3.43791288081 0
291 1.52899885178 96.747733 77.074345 -0.36376533 94.3471711539 79.7610765329 -0.255568036134 3.60294650352 6.19924829325 0
294 1.53698801994 98.250871 76.540386 -0.33417824 94.7457064896 78.6375522974 -0.23601550378 4.08464009723 5.62431049088 0
297 1.54635000229 99.752933 76.027378 -0.30758365 95.5580170812 78.0911856215 -0.243309492531 4.67510657254 3.68263795474 0
300 1.54742193222 100.00981 75.897783 -0.33361957 98.3119678905 79.3352776111 -0.175778188331 3.83393231949 9.04364500212 0
303 1.53459119797 98.714105 76.429985 -0.36219797 95.7846400069 77.3331858265 -0.295147254774 3.06554022622 3.84172299577 0
306 1.54926109314 97.284888 77.028291 -0.39087517 95.5455984607 79.2189478878 -0.323420003266 2.79716029245 3.86489636022 0
309 1.54996490479 95.817851 77.649213 -0.42317241 93.1716778398 79.9195608873 -0.436700580675 3.48664766259 -0.775107084189 0
312 1.53377008438 94.571565 78.35291 -0.46228827 93.029404931 78.6031959645 -0.437865619738 1.56233822925 1.39931478454 0
315 1.5187330246 93.13187 79.138887 -0.4938927 89.9046194369 78.5676231952 -0.354251440828 3.27742101841 8.00085479646 0
318 1.52653002739 91.836662 79.862922 -0.52529077 90.0831113695 80.7147782186 -0.363306953726 1.94951245975 9.28098902191 0
321 1.60396790504 90.529269 80.702102 -0.55721841 88.2656711061 81.8404219033 -0.357543484252 2.53370235579 11.4405305199 0
324 1.54151701927 89.308886 81.573217 -0.59808232 88.7493318123 84.6440953084 -0.563101889919 3.12144108933 2.0042310092 0
327 1.53559207916 88.100372 82.484783 -0.6409076 85.0554459556 84.1798823848 -0.529186678034 3.48495861381 6.40113731198 0
330 1.56822991371 86.96204 83.432583 -0.67310863 84.4120704103 82.2048600244 -0.423127886257 2.83013226075 14.322841576 0
333 1.54901099205 85.711036 84.448892 -0.70015711 84.5572301393 85.4032287288 -0.6357311457 1.49733982654 3.69133584546 0
336 1.59341907501 84.630521 85.38864 -0.74348817 81.1667690587 86.5755738131 -0.619617274398 3.66147366339 7.09727952248 0
339 1.53282284737 83.531548 86.470864 -0.76732045 79.2258072998 85.4929428074 -0.566067738818 4.41539724554 11.5309309663 0
342 1.61592698097 82.436303 87.632765 -0.79615086 78.0101799458 87.0905491796 -0.59116862388 4.45921106098 11.7446170048 0
345 1.53663706779 81.390428 88.717115 -0.83255466 78.1327585681 88.4827219168 -0.723250802379 3.26609097318 6.26264972619 0
