123 0.150470018387 58.21235 101.09089 -1.0276822 19.6034492017 38.2705045929 -2.28273088675 73.7363414033 -71.9089928342 0
126 0.159265041351 58.152327 101.12822 -1.1869287 102.543291781 44.7414290649 -2.59364593428 71.7636951818 -80.5989604928 0
129 0.148447990417 58.049715 101.26081 -1.3398137 26.7733557058 129.367427691 1.19508443948 42.0498823863 145.238964888 0
132 0.151091814041 58.024835 101.49733 -1.4943786 38.4507739076 134.494276487 0.764393124542 38.3659008123 129.4180867 0
135 0.143802881241 58.064001 101.65215 -1.6522241 40.5141476934 142.598113516 -2.30434959155 44.5485047934 -37.3640383788 0
138 0.149953126907 58.104403 101.68885 -1.8037565 6.03810908829 34.2088740748 0.0783847064881 85.231720108 107.838747579 0
141 0.164652824402 58.177183 101.78616 -1.9584038 90.7616842571 102.054403878 -0.699050638084 32.5856053642 72.1556210942 0
144 0.151202917099 58.164815 101.89412 -2.1101089 36.3716196035 134.347712364 -0.0476387038349 39.0919304068 118.170837612 0
147 0.151098012924 58.333441 101.96561 -2.2758326 46.3248680439 136.843983661 -2.75134441022 36.8877591308 -27.244819834 0
150 0.149863958359 58.547547 101.97367 -2.4518694 51.8877304659 95.5145325264 -1.49857355225 9.27758660272 54.6198287032 0
153 0.153261899948 58.609003 102.09152 -2.5989269 100.355747533 45.6407811806 2.67053400173 70.2102313937 -58.0821300219 0
156 0.145608901978 58.561869 102.14088 -2.6173282 72.3455289999 53.453131087 -0.472647957304 50.601246795 122.881126312 0
159 0.158774137497 58.51155 102.01626 -2.5045701 61.4549414986 100.824931247 1.48643927974 3.17534529016 -131.332006544 0
162 0.145447015762 58.437648 101.90068 -2.3721379 44.882046186 11.7787179448 -2.11909946497 91.1357360492 14.4980343816 0
165 0.147815942764 58.147744 101.95537 -2.2082701 12.3752831733 32.4879449938 1.76292991057 83.1915939691 -132.466999792 0
168 0.14465212822 58.037351 101.82492 -2.0566813 109.782361366 42.1562097823 -3.07752513909 78.9803841267 -58.4900435217 0
171 0.148770809174 57.944091 101.71587 -1.9011295 57.3411373731 94.5962005665 3.13463686176 7.14515541595 -71.4718408572 0
174 0.147653102875 57.908577 101.57431 -1.7585036 49.2246970564 107.064978438 2.8644530466 10.2741038915 -95.1240952782 0
177 0.144241094589 57.841285 101.40683 -1.6171883 50.8384366482 101.287925475 -0.927920333174 7.00385774586 39.4921454527 0
180 0.149528026581 57.86028 101.30305 -1.4556073 59.5729362711 95.4296111015 -2.56568325549 6.11804511241 -63.6026671884 0
183 0.148462057114 57.788579 101.03213 -1.3093986 49.3362044864 97.1359122549 0.564824265522 9.3071557221 107.385060061 0
186 0.160629034042 57.852229 100.87925 -1.1701135 59.6393263141 92.742267301 -2.22406652873 8.33091857202 -60.3870603514 0
189 0.175806999207 57.956865 100.8248 -1.0236231 47.0549177671 102.061834964 -0.342628110697 10.9719054394 39.0181387566 0
192 0.1497631073 57.906072 100.67156 -0.85835482 58.2801620647 89.774244518 -2.98820673154 10.9037345937 -122.031525519 0
195 0.15517115593 57.990597 100.53155 -0.72265365 44.641223413 94.8385305586 0.8076730945 14.512623661 87.6812637359 0
198 0.150218963623 58.042848 100.37669 -0.56279892 110.085126592 44.759393685 -1.23134465883 76.1687758235 -38.3048492466 0
201 0.149895906448 58.157277 100.32166 -0.41301063 53.6928315056 103.376568101 0.0156390824882 5.40959675743 24.5598194151 0
204 0.158074140549 58.686264 100.08548 -0.29965148 57.0314886839 97.9281168003 0.262177383896 2.71891473243 32.1904227099 0
207 0.161077022552 59.980629 99.666017 -0.30408986 57.3131315429 108.817940797 -0.393368224852 9.53274629246 -5.11527350784 0
210 0.150758981705 61.363687 99.173884 -0.32636207 60.9462851581 102.323699482 0.209621928377 3.17735139191 30.7096209935 0
