63 6.40248298645 79.890684 97.897701 -0.093381766 65.2047739834 84.4824943749 -2.98062813918 19.8907949014 -165.427031598 0
66 6.91887402534 78.411812 98.037468 -0.097953665 145.0694736 38.303105977 -1.68164933642 89.5066358222 -90.7390780056 0
69 7.19348096848 76.931086 98.162597 -0.096433306 88.6787685667 123.006505569 1.80544709899 27.4814089646 108.969720344 0
72 7.08246588707 75.443161 98.337547 -0.10164342 96.8178775805 77.8190193492 -2.34126746569 29.6291830102 -128.321005514 0
75 6.95473194122 73.912871 98.553041 -0.10292365 77.3676800577 48.1296684647 2.1533403421 50.5415888497 129.274404214 0
78 6.63402700424 72.413468 98.668417 -0.11145399 80.1845403192 135.163061886 2.13219372919 37.3128485958 128.551545024 0
81 6.38505506516 70.926618 98.82512 -0.11572496 122.518679017 105.240814101 0.250533460017 51.9894401852 20.9850616781 0
84 6.47812795639 69.460294 99.048845 -0.12091472 55.1128676522 24.1055810306 0.0327980056712 76.3042689317 8.80709043841 0
87 6.95458102226 67.984026 99.205817 -0.12024712 119.685755596 102.512652313 0.238201928125 51.8073740219 20.537617628 0
90 6.91967892647 66.409271 99.378533 -0.12589377 52.27207671 22.7341741327 0.0183510430352 77.9372697018 8.26461900357 0
93 6.95519995689 64.97003 99.579245 -0.12534264 51.2913232509 23.4234285145 -0.0261889714611 77.3745139106 5.68108673052 0
96 6.60335111618 63.450289 99.830398 -0.13542326 48.7050308639 25.5780861223 -0.0125493992918 75.7022354801 7.04015363106 0
99 6.46294116974 62.015499 100.01094 -0.13023941 127.88464419 102.701570932 -1.59142650543 65.9240758969 -83.7198536469 0
102 6.54762196541 60.420275 100.24313 -0.1356293 57.5273003064 98.7733463694 -0.0308188765658 3.24492935188 6.00519491176 0
105 6.8629720211 58.989222 100.44438 -0.14088208 56.0638592306 99.135561628 -0.0942876368184 3.20480153263 2.66966494307 0
108 6.60756802559 58.528509 100.58832 -0.24160345 57.5991240485 101.323966633 -0.225444909919 1.18529842532 0.925816149724 0
111 6.35230493546 58.390768 100.67023 -0.3827913 56.0627601766 99.3215759456 -0.248640341543 2.69044386383 7.68628373724 0
114 6.30216097832 58.26024 100.80046 -0.53685502 57.0176234477 101.389814585 -0.445387657481 1.37529441298 5.24069383553 0
117 6.31696009636 58.2435 100.85046 -0.70040996 56.3445623407 102.474500595 -0.620625919176 2.49869407627 4.5712888117 0
120 6.34410500526 58.129433 100.95873 -0.85888639 43.1212190291 104.378333447 -2.45020952522 15.3928611484 -91.1760994895 0
123 6.37966990471 58.21235 101.09089 -1.0276822 55.7486390532 102.968039444 -1.00014867953 3.0973475205 1.57755451794 0
126 6.17248797417 58.152327 101.12822 -1.1869287 55.8409129823 101.707522106 -1.12768627013 2.38290278672 3.39434119964 0
129 6.31728601456 58.049715 101.26081 -1.3398137 54.4767986613 102.093181363 -1.21220142072 3.66859281596 7.31164501676 0
132 6.29717612267 58.024835 101.49733 -1.4943786 54.8678254812 102.71923756 -1.39991447568 3.38522778932 5.41239563922 0
135 6.34116315842 58.064001 101.65215 -1.6522241 53.7889852597 100.909925645 -1.46430770288 4.33896952898 10.7668164561 0
138 6.17078614235 58.104403 101.68885 -1.8037565 56.306370327 102.476462337 -1.78792659914 1.96297088265 0.906986509538 0
141 6.20675992966 58.177183 101.78616 -1.9584038 55.5491130802 101.269776317 -1.79534552659 2.67832104338 9.34255088129 0
144 6.25760912895 58.164815 101.89412 -2.1101089 56.9285600736 102.82381026 -2.05292913808 1.54681938891 3.27615903153 0
147 6.19708704948 58.333441 101.96561 -2.2758326 55.2090872612 101.999572849 -2.14632037117 3.12453832755 7.42050410704 0
150 6.27370119095 58.547547 101.97367 -2.4518694 55.8650439429 101.188786925 -2.35609303917 2.79497121489 5.48758125253 0
153 6.16867399216 58.609003 102.09152 -2.5989269 55.1040822447 101.518713444 -2.48694106375 3.5514189913 6.41631578263 0
156 6.20643210411 58.561869 102.14088 -2.6173282 55.1361521146 102.583071711 -2.55001334061 3.45413805291 3.85685734177 0
159 6.29120206833 58.51155 102.01626 -2.5045701 54.8226577759 102.490075994 -2.4101815738 3.71919714957 5.40806418546 0
162 6.22683405876 58.437648 101.90068 -2.3721379 54.6091812277 103.063324927 -2.17841780365 4.00111247685 11.0993439277 0
165 6.24027395248 58.147744 101.95537 -2.2082701 54.7912308146 103.198690331 -2.05975851617 3.57938908307 8.5090869623 0
168 6.29778599739 58.037351 101.82492 -2.0566813 55.7660595544 102.03968405 -1.96794219746 2.28142245713 5.08437605356 0
171 6.27462410927 57.944091 101.71587 -1.9011295 53.2865352264 103.135791823 -1.63278876017 4.86918923093 15.3747918639 0
174 6.24119997025 57.908577 101.57431 -1.7585036 55.4938985941 102.350031411 -1.66523544334 2.53622071415 5.34387173984 0
177 6.18676400185 57.841285 101.40683 -1.6171883 54.3675615264 102.157844932 -1.4374337137 3.55398061325 10.2991791432 0
180 6.19043898582 57.86028 101.30305 -1.4556073 52.201355737 101.931241245 -1.2017193702 5.69368492757 14.5467068466 0
183 6.18056607246 57.788579 101.03213 -1.3093986 54.1358222999 102.504178006 -1.16896678467 3.93821747021 8.04615032768 0
186 6.17911314964 57.852229 100.87925 -1.1701135 52.8676586514 101.891989844 -0.994994749561 5.08641165767 10.0335653137 0
189 6.27637887001 57.956865 100.8248 -1.0236231 53.5263718635 101.963515371 -0.885263054999 4.57448818222 7.92744663181 0
192 6.22997283936 57.906072 100.67156 -0.85835482 54.4421327135 101.474434521 -0.738707814703 3.5557675511 6.85526843492 0
195 6.21640706062 57.990597 100.53155 -0.72265365 54.0466843007 102.18382744 -0.57449858251 4.27603415785 8.48866008064 0
198 6.24084997177 58.042848 100.37669 -0.56279892 55.8964233921 101.56494865 -0.240091617972 2.45338484881 18.4897664242 0
201 6.25268483162 58.157277 100.32166 -0.41301063 52.2910128362 103.566544698 -0.033213701959 6.70390423148 21.7607610488 0
204 6.27738690376 58.686264 100.08548 -0.29965148 55.0031268622 102.491300104 -0.0194499309595 4.39925784058 16.054366173 0
207 6.1387989521 59.980629 99.666017 -0.30408986 55.7310596832 102.303024986 0.0761257356971 5.00126488962 21.7847489385 0
210 6.20689511299 61.363687 99.173884 -0.32636207 56.0646231024 101.876961946 0.0814529410278 5.94867284113 23.366078954 0
213 6.39319014549 62.885593 98.69498 -0.37512441 59.9693258928 99.9181839827 -0.201206690117 3.16241076144 9.96475133183 0
216 6.23891782761 64.287236 98.118834 -0.4012694 60.8283448883 100.482113821 -0.217952637887 4.18915495502 10.5032767831 0
219 6.25264978409 66.572969 97.068508 -0.44319642 63.1150041107 98.95341616 -0.367351852181 3.93832451014 4.34557363502 0
222 6.20185995102 67.896132 96.441291 -0.47211549 65.4417901104 98.2243216016 -0.416379909843 3.03364339322 3.19341351174 0
225 6.23737001419 69.150612 95.708615 -0.49267498 66.5771459939 97.6435983078 -0.427384849336 3.21976516011 3.74084893093 0
