3 0.278401136398 31.520043 41.394881 -0.0070850614 134.778548783 132.379687163 0.137721804529 137.624685174 8.29682226224 0
6 0.279178142548 31.529937 41.402987 -0.0081764059 30.4136709271 114.535103674 1.430559922 73.1406353483 82.4335194207 0
9 0.287728071213 31.522543 41.401068 -0.0068718684 19.0465335916 116.571218821 -0.0774612240008 76.1984408322 -4.04447215447 0
12 0.286096096039 31.528168 41.375423 -0.0049451513 131.134604732 54.7254688553 0.752096044608 100.4970943 43.3752654431 0
15 0.28115606308 31.523843 41.397689 -0.0081913964 73.877904376 122.813675186 -1.80750871567 91.7737943075 -103.093288399 0
18 0.283657073975 31.52518 41.394772 -0.0077822512 120.218067668 135.204746332 0.0649702945981 129.09972737 4.16841382307 0
21 0.281448125839 31.646202 41.400982 -0.0069641742 118.187995307 61.5463149416 -0.670745216831 88.855593117 -38.0318522635 0
24 0.282788991928 32.968315 41.348607 -0.0066445448 144.885952649 100.228333484 -2.31488309388 126.460981365 -132.252326972 0
27 0.283022880554 34.520488 41.363888 -0.010157874 18.6521571298 25.2458625353 1.34273651572 22.6184586011 77.515138658 0
30 0.28199005127 35.981317 41.339656 -0.012968194 115.145790634 93.4015322083 -0.324623210197 94.7494213178 -17.8565170922 0
33 0.283004999161 37.47125 41.3168 -0.01805047 65.3699602451 81.9395239919 -2.65182308431 49.2802570799 -150.904054997 0
36 0.282310009003 39.051821 41.275587 -0.019803098 54.5380893695 102.561134336 -1.38749046566 63.2118882827 -78.3627138601 0
39 0.283231973648 40.609584 41.247017 -0.013659721 17.8365925193 127.630046696 -2.74599317751 89.334410842 -156.55117528 0
42 0.281549930573 42.081473 41.279186 -0.014178183 98.1827538343 135.731748985 1.41807750575 109.85736373 82.0622061488 0
45 0.281243085861 43.552295 41.213208 -0.0092852628 76.3009868065 92.0785003888 0.0329886057764 60.4959071742 2.42211425312 0
48 0.283874988556 45.079977 41.189892 -0.010404952 106.272197997 135.361716277 2.92250086216 112.306813677 168.043124861 0
51 0.28197312355 46.640834 41.096545 -0.012029947 81.7773707495 84.5836421147 -0.992971800136 55.9079943319 -56.2038281324 0
54 0.284132957458 48.21014 41.103056 -0.013219293 34.252478444 48.0619635674 -0.829689308099 15.5962402727 -46.7802859642 0
57 0.282855033875 49.69993 40.993437 -0.019411138 131.006635692 43.0362611248 -1.48063198781 81.3323645351 -83.7217876305 0
60 0.285727977753 51.221815 41.026894 -0.026800957 71.0739682293 24.9850098204 -2.69081740366 25.523519269 -152.636898947 0
63 0.281913042068 52.707826 40.957156 -0.02058299 31.771283224 98.6011990517 3.00265645986 61.3284152964 173.218860935 0
66 0.282891988754 54.31159 40.951842 -0.027308534 128.501332046 72.6825546669 -1.22119744646 80.6904948008 -68.4047958914 0
69 0.282889127731 55.778879 40.909196 -0.015002614 107.672963806 46.8842992402 2.37124729641 52.2369399616 136.72204873 0
72 0.281706809998 57.331901 40.836464 -0.018380323 107.266956661 50.1474859059 2.89548259965 50.7957174656 166.952047548 0
75 0.281605005264 58.848313 40.76075 -0.022921269 74.3799668624 132.152816992 1.89970903945 92.7024389148 110.158602238 0
78 0.283252000809 60.388876 40.75568 -0.012358794 63.8434018553 23.8860615152 2.33154655016 17.2196915393 134.295883799 0
81 0.282101869583 61.86858 40.735896 -0.015077049 106.065353728 22.8404745586 -1.64701131204 47.6822914353 -93.5029457149 0
84 0.281738042831 63.333062 40.668539 -0.013920495 91.1464418477 53.3440051533 2.41971034033 30.5655286353 139.436775757 0
87 0.282641172409 64.876385 40.58717 -0.032109511 85.4341204143 100.867066284 -1.82434723125 63.6889816322 -102.687657254 0
90 0.282280921936 66.44697 40.579857 -0.020157695 133.420738995 69.6434774798 1.10953884971 73.0080801613 64.7268441423 0
