3 3.15231108665 58.425211 99.52669 -0.076600623 125.768410099 54.3284671672 -0.482499265107 81.104782918 -23.2562791028 0
6 3.18193292618 58.436309 99.5178 -0.082073852 92.4657900231 33.4227283598 0.265660284387 74.3408640912 19.9236984076 0
9 3.19333410263 59.138497 99.506199 -0.079127672 108.478057661 95.5384555444 2.25358140492 49.4988407374 133.654384939 0
12 3.20483613014 60.588187 99.398001 -0.084356487 40.9324325075 93.3845574697 -2.72553724987 20.5550526091 -151.328510644 0
15 3.19450616837 62.026729 99.268445 -0.080345137 88.9371987883 122.539043592 0.463647476212 35.5765954391 31.1684808233 0
18 3.19968700409 63.612811 99.142137 -0.077882356 76.9435029241 30.5847790314 -2.29710357692 69.8413822802 -127.152009765 0
21 3.20060300827 65.109709 99.045111 -0.075303117 85.8065171561 84.182331834 -0.39948934822 25.4805822615 -18.5745028252 0
24 3.20876693726 66.576646 98.887554 -0.079079542 49.5135691487 130.736764889 -0.643708322376 36.1319917234 -32.3508461072 0
27 3.20618200302 68.114632 98.811042 -0.080004433 35.7117775106 75.1606701472 -1.74531104656 40.115895451 -95.4150405521 0
30 3.21011900902 69.601579 98.673025 -0.074381156 86.4311145082 91.3943695813 0.892632510742 18.3360870996 55.4058018358 0
33 3.20517206192 71.154315 98.514904 -0.080273853 84.7029070636 123.738901708 -1.62025942054 28.6324013537 -88.2346735308 0
36 3.20272302628 72.642873 98.438251 -0.077397051 46.1738088498 77.7086291024 -2.91415425237 33.6203596204 -162.534215142 0
39 3.2062189579 74.179887 98.27586 -0.078945335 34.7138096283 70.8918677236 -1.6658595624 48.0359687745 -90.9234876795 0
42 3.23644995689 75.689674 98.17429 -0.079512997 68.5628709103 45.8070041019 -1.78311107 52.8500137617 -97.6089795695 0
45 3.1550989151 77.259307 98.055637 -0.072379503 34.733903932 65.1564596439 -1.6066172551 53.7658421008 -87.9053479651 0
48 3.2005610466 78.667542 97.976243 -0.066300397 31.6656762417 64.8282042492 -1.59924165171 57.514935954 -87.8310641365 0
51 3.21989393234 80.25432 97.827625 -0.077582567 77.9644073987 98.9148978679 0.0646624541709 2.53492840348 8.15003936984 0
54 3.22754597664 81.813353 97.68277 -0.074716444 78.9828514576 97.2186115525 0.179967300587 2.86830647699 14.5923036754 0
57 3.37920808792 82.622729 97.654646 -0.085105116 80.5197563721 101.244273417 -0.289736163102 4.16027870085 -11.7244953563 0
60 3.3025841713 81.436592 97.754867 -0.094486992 78.0349223631 97.6997977536 0.245017886397 3.40211536266 19.4521966563 0
63 3.33407592773 79.890684 97.897701 -0.093381766 76.1527958591 98.7315877642 0.0417072564937 3.82977478316 7.74003084744 0
66 3.29490590096 78.411812 98.037468 -0.097953665 76.562678977 98.0051212312 0.119910881711 1.84941592138 12.4827190321 0
69 3.26260209084 76.931086 98.162597 -0.096433306 74.6882251626 98.2271652984 0.120012883837 2.24379005279 12.4014531693 0
72 3.29967403412 75.443161 98.337547 -0.10164342 72.7784573659 98.5504997957 0.0936512545126 2.67319927254 11.189560611 0
75 3.34206604958 73.912871 98.553041 -0.10292365 71.563471277 97.7867962981 0.12199209893 2.47119606702 12.8867231597 0
78 3.58008885384 72.413468 98.668417 -0.11145399 69.5737159547 99.1063551359 0.0742255340201 2.87332237832 10.6386530683 0
81 3.24276590347 70.926618 98.82512 -0.11572496 70.0559844544 99.5751410675 0.00677942872076 1.14914506151 7.01898444553 0
84 3.3030359745 69.460294 99.048845 -0.12091472 66.8154665213 97.0988044108 0.122539554453 3.28599614905 13.9489024306 0
87 3.30916810036 67.984026 99.205817 -0.12024712 66.0775902599 96.6998562434 0.108920837859 3.14870394681 13.130356785 0
90 3.22703099251 66.409271 99.378533 -0.12589377 63.2906787426 97.1922344828 0.0986444408426 3.80861114771 12.8650918207 0
93 3.30870294571 64.97003 99.579245 -0.12534264 62.8202643343 99.2794575676 0.0288553587871 2.1705678801 8.83489453987 0
96 3.20535206795 63.450289 99.830398 -0.13542326 60.5599367929 99.5969184326 0.0106882341782 2.89976698881 8.37157195476 0
99 3.23413705826 62.015499 100.01094 -0.13023941 60.6151590983 97.9596202078 0.0322163169258 2.4837199379 9.30802751058 0
102 3.20857810974 60.420275 100.24313 -0.1356293 57.3943595584 99.2899571293 0.00481627849394 3.17249157307 8.04693889898 0
105 3.19155693054 58.989222 100.44438 -0.14088208 56.4871355142 98.7868247803 0.0551487314491 3.00132072408 11.2317381506 0
108 3.32037901878 58.528509 100.58832 -0.24160345 55.5535765642 100.073069738 -0.0798221488556 3.01922271948 9.26938575971 0
111 3.29674601555 58.390768 100.67023 -0.3827913 56.2550622604 99.7068565882 -0.217234992999 2.34293135557 9.48567766293 0
114 3.22154688835 58.26024 100.80046 -0.53685502 56.0592465219 101.482829138 -0.389662298706 2.30434370939 8.43352170522 0
117 3.25288200378 58.2435 100.85046 -0.70040996 56.2011099831 101.13358954 -0.514600988956 2.06192126854 10.6460698365 0
120 3.21633505821 58.129433 100.95873 -0.85888639 55.9715795039 101.023439545 -0.653646337163 2.15882353048 11.7593888146 0
123 3.21434283257 58.21235 101.09089 -1.0276822 57.114731214 100.891537672 -0.811947149332 1.11557534494 12.3607078963 0
126 3.53759002686 58.152327 101.12822 -1.1869287 56.8780512551 101.138751807 -1.05886289434 1.27431926653 7.33763016424 0
129 3.56076192856 58.049715 101.26081 -1.3398137 56.4614008108 101.005685467 -1.28384580155 1.608673519 3.20672436959 0
132 3.52358293533 58.024835 101.49733 -1.4943786 57.1350516485 103.072755426 -1.5932464002 1.80933128122 -5.66470768102 0
135 3.40580105782 58.064001 101.65215 -1.6522241 56.8748782052 101.230945101 -1.68626482172 1.26151757342 -1.95038968612 0
138 3.48067593575 58.104403 101.68885 -1.8037565 57.6254215809 102.393378886 -1.846363874 0.851929662956 -2.44122270616 0
141 3.37843394279 58.177183 101.78616 -1.9584038 55.7205904086 101.412621288 -1.88479911274 2.48482963799 4.21723793258 0
144 3.25940799713 58.164815 101.89412 -2.1101089 56.4787836108 102.608425176 -2.06039649422 1.83110178008 2.84831104057 0
147 3.20942687988 58.333441 101.96561 -2.2758326 56.5957927745 101.905368882 -2.12793441585 1.73869213721 8.47394174933 0
150 3.20489001274 58.547547 101.97367 -2.4518694 55.8723392933 102.742155254 -2.25613931522 2.78339825751 11.2145077814 0
153 3.20538592339 58.609003 102.09152 -2.5989269 55.7931576762 102.164000864 -2.49209389976 2.81677801101 6.12108002656 0
156 3.18017101288 58.561869 102.14088 -2.6173282 54.2055185692 102.586284144 -2.44991886373 4.37906084991 9.59184841911 0
159 3.19397497177 58.51155 102.01626 -2.5045701 53.7416890012 102.89070655 -2.24150158662 4.84935363905 15.0727155397 0
162 3.1866979599 58.437648 101.90068 -2.3721379 53.2776213364 102.04160337 -2.16069197339 5.16195065509 12.1149591901 0
165 3.2186229229 58.147744 101.95537 -2.2082701 53.8885586826 103.270212285 -2.00688293245 4.45751834583 11.5386347489 0
