63 1.43527984619 52.707826 40.957156 -0.02058299 74.1506841657 110.75485759 1.25021086007 73.0172261422 72.8111242404 0
66 1.41526293755 54.31159 40.951842 -0.027308534 52.2612236688 47.0945168229 -0.398644105581 6.47583632221 -21.2759610347 0
69 1.39826917648 55.778879 40.909196 -0.015002614 44.7588774063 89.0787031946 -1.73115424071 49.4139844426 -98.328245215 0
72 1.39482998848 57.331901 40.836464 -0.018380323 131.946118397 69.3259819384 -0.986648829882 79.8682294165 -55.4776988798 0
75 1.41762709618 58.848313 40.76075 -0.022921269 75.2784705418 8.0429695264 0.43456679813 36.6115178047 26.2121354241 0
78 1.37566304207 60.388876 40.75568 -0.012358794 22.7507959081 12.1312313181 -2.06103870129 47.286193919 -117.380712261 0
81 1.41103887558 61.86858 40.735896 -0.015077049 102.905576599 100.017459827 2.29726329527 72.0995069308 132.487342524 0
84 1.39385700226 63.333062 40.668539 -0.013920495 59.4040021148 27.776737094 1.08602583575 13.477242595 63.0222824427 0
87 1.37279200554 64.876385 40.58717 -0.032109511 104.851073094 98.0306598134 0.525194718571 69.9837853374 31.9311802592 0
90 1.37471008301 66.44697 40.579857 -0.020157695 48.4843560649 77.2550132575 -0.0123977527954 40.8377593153 0.444611937587 0
93 1.37088012695 67.930314 40.55804 -0.02084507 70.8979062915 91.7263099828 -0.155195729638 51.2542530629 -7.69772577205 0
96 1.36833691597 69.414343 40.447992 -0.021831497 24.820752874 93.2712492561 -0.548205915212 69.1294784261 -30.1590326072 0
99 1.37100100517 70.999462 40.351868 -0.031419309 98.6360944973 51.6572402949 0.379107166304 29.8595863756 23.5214344133 0
102 1.36768221855 72.481812 40.325422 -0.028226015 68.9146286044 85.2435780037 1.9766904512 45.0595776295 114.873251789 0
105 1.38858318329 74.028193 40.279112 -0.026102315 63.9629731068 19.2179011999 2.02018573887 23.3427344556 117.243669155 0
108 1.37862491608 75.500101 40.224463 -0.026983514 134.858912907 109.689105535 0.184555830569 91.3717960502 12.1203116448 0
111 1.37103104591 77.104162 40.159206 -0.035689283 102.422482208 50.2571372431 0.00273441940934 27.2577613455 2.20151598132 0
114 1.36820292473 78.584191 40.097894 -0.03659834 133.311873628 56.0559268916 -1.43038881352 57.0068246754 -79.8583116582 0
117 1.36246109009 80.1084 40.071744 -0.024096447 119.101433413 71.5221011791 -2.52233133741 50.0957245827 -143.138315453 0
120 1.36101698875 80.881063 40.047709 -0.06972902 78.1556356951 43.3662144729 0.278133415208 4.29423247723 19.9310493886 0
123 1.36019492149 80.819811 40.085383 -0.20196514 117.40269426 69.6200952499 -1.00318323648 47.0170881201 -45.9064153981 0
126 1.36556506157 80.673305 40.189426 -0.34415967 134.37233024 55.6270057223 -1.79595833961 55.8740027146 -83.1819364714 0
129 1.36469078064 80.559381 40.228255 -0.49611957 133.217019373 53.204526184 -2.03290558307 54.232928124 -88.0513525639 0
132 1.37799119949 80.474435 40.358509 -0.64523249 109.50265732 99.5248686298 2.74532018567 65.9036858066 -165.735641467 0
135 1.37820005417 80.446897 40.445937 -0.81868337 113.870314531 72.0388313894 -2.74701760399 45.991692895 -110.485413098 0
138 1.38137316704 80.377523 40.602704 -0.97166139 61.1179185705 96.721180833 1.36088246613 59.3314065638 133.644918485 0
141 1.37157893181 80.303277 40.677658 -1.1291983 42.9861740985 94.3128541466 -2.59677928624 65.3398839503 -84.086196605 0
144 1.36338686943 80.24067 40.836497 -1.2914427 114.095994058 69.7588342597 1.86087696065 44.5273462005 -179.385387769 0
147 1.35417199135 80.334643 40.99259 -1.4510482 113.378660968 68.6213531657 2.69011526174 43.0726790151 -122.728811369 0
150 1.36770820618 80.305505 41.173119 -1.6076845 60.1892361381 96.7949965861 0.670130618634 59.1477602207 130.509192809 0
153 1.37543416023 80.260339 41.240273 -1.7630876 81.9069730629 94.3471086534 -2.05963729621 53.1323573433 -16.9910460088 0
156 1.35484290123 80.351916 41.337649 -1.9138236 122.052963979 67.8329149454 -1.95776437734 49.4062396875 -2.51762109019 0
159 1.36900520325 80.458888 41.424429 -2.0695544 117.59593303 64.3092182834 -1.73618708461 43.6219405125 19.1005401993 0
162 1.36538910866 80.580246 41.530351 -2.2462491 116.26227373 67.5579511252 0.898110604643 44.166085079 -179.841459653 0
165 1.35771107674 80.700832 41.575869 -2.3973477 72.0016718256 85.0158625567 -2.21741366202 44.3024652581 10.3094609669 0
168 1.39041113853 80.863789 41.557834 -2.56541 29.0423216146 89.7221666241 -2.8797959834 70.7479145919 -18.012989987 0
171 1.40075683594 80.910142 41.637692 -2.7112414 28.3238949148 94.7649682577 -3.0364356225 74.7517281745 -18.6322564713 0
174 1.35581922531 81.000304 41.730578 -2.863125 73.4829375763 85.2208397166 -2.7867690994 44.1351748849 4.37487084535 0
177 1.400785923 81.313486 41.614906 -3.0334876 71.5668256714 84.5864284087 2.99719229972 44.0630131254 -14.4674941515 0
180 1.36790800095 81.419836 41.643078 3.1037871 68.3202389913 87.2644505943 -3.05448555278 47.4648193843 7.15696790503 0
183 1.37066793442 81.472606 41.653948 2.9566422 30.3919720701 93.1004335118 2.08558996504 72.4980829691 -49.9076167986 0
186 1.40196108818 81.600227 41.551467 2.7956666 71.6425012231 87.303386078 3.05289517604 46.8230114577 14.7381117774 0
189 1.35483503342 81.705618 41.391179 2.6371497 74.0585189432 86.7615832181 3.07919805233 46.0103434338 25.3275049293 0
192 1.34470701218 81.817002 41.340993 2.4823985 71.8100604469 88.0708130104 2.5931391227 47.7892765948 6.3449703011 0
195 1.35303902626 81.903012 41.262396 2.332631 73.1856606893 89.391415641 2.51574877556 48.9121124618 10.4918756936 0
198 1.35339593887 81.909487 41.089487 2.1583794 73.5067815641 88.5290508799 2.59281860174 48.1779791996 24.891532715 0
201 1.37192606926 81.924053 40.998223 1.9975831 84.006629193 45.7235453966 1.61427127049 5.16389342953 -21.9621500681 0
204 1.37318515778 81.960862 40.844259 1.8446809 109.437222715 65.861610012 2.14863046021 37.1593628821 17.4150269851 0
207 1.37296915054 81.927588 40.703608 1.6857979 72.8136072308 85.0989180313 1.85754645967 45.3211672206 9.84046760673 0
210 1.36558389664 81.924928 40.686406 1.5459903 73.3422665463 85.1517449746 1.5140532298 45.2860734416 -1.82985933233 0
213 1.35575699806 81.81851 40.588718 1.3660151 116.449492501 62.9617854487 2.79086610543 41.2293475093 81.6379490461 0
216 1.35537290573 81.824065 40.431016 1.2110526 82.8138882459 43.3355435234 1.7608859158 3.06855506588 31.5031284313 0
219 1.38867211342 82.277545 41.390368 1.1504821 81.3031439807 47.1962729527 1.71447409222 5.88710367377 32.3143608333 0
222 1.39339184761 82.927041 42.739254 1.1137092 71.0666585253 89.8053148827 2.7187484641 48.5374366799 91.9619757859 0
225 1.39781022072 83.677797 44.09726 1.084748 80.8346282671 52.9586193739 1.55647446584 9.30630422867 27.0279355771 0
