183 1.29637885094 81.472606 41.653948 2.9566422 2.5 6.5 0.0872664625997 86.4434645211 -164.40311959 1.7763568394e-15
186 1.2957868576 81.600227 41.551467 2.7956666 31.5 92.5 1.4835298642 71.4547812277 -75.1798971057 1.63148100369
189 1.30403399467 81.705618 41.391179 2.6371497 68.5 106.5 2.87979326579 66.4345310721 13.9024522458 0.743126052779
192 1.30715203285 81.817002 41.340993 2.4823985 43.5 87.5 2.00712863979 59.9903873091 -27.2309571196 1.90236911151
195 1.30138301849 81.903012 41.262396 2.332631 102.5 76.5 5.14872129338 40.8157402277 161.350088539 0.906819902732
198 1.31102800369 81.909487 41.089487 2.1583794 55.5 112.5 3.92699081699 76.1375227501 101.333969792 0.824610018109
201 1.3045399189 81.924053 40.998223 1.9975831 55.5 112.5 3.75245789179 76.2281751789 100.546919143 0.766667725379
204 1.30774497986 81.960862 40.844259 1.8446809 55.5 112.5 3.57792496659 76.3853548532 99.3075698816 0.667505308696
207 1.30954003334 81.927588 40.703608 1.6857979 76.5 79.5 4.97418836818 39.1742101862 -171.589104782 0.610710775897
210 1.2981159687 81.924928 40.686406 1.5459903 76.5 80.5 4.79965544298 40.1814896563 -173.578719358 0.661788258778
213 1.30201292038 81.81851 40.588718 1.3660151 73.5 105.5 0.959931088597 65.4421281706 -23.2668999811 3.23193123823
216 1.3119699955 81.824065 40.431016 1.2110526 76.5 80.5 4.45058959259 40.4211472736 -174.388202748 5.58509107482
219 1.30655097961 82.277545 41.390368 1.1504821 117.5 60.5 3.92699081699 40.0724265724 159.082231265 8.90684594893
222 1.29939413071 82.927041 42.739254 1.1137092 117.5 59.5 3.57792496659 38.4215057031 141.189163235 7.26678839872
225 1.30028796196 83.677797 44.09726 1.084748 115.5 59.5 3.75245789179 35.3538824357 152.848517765 5.9836573357
228 1.30104398727 84.372874 45.412874 1.0478677 118.5 114.5 5.32325421858 77.0564189926 -115.038396698 7.03277113679
231 1.29921293259 85.159381 46.677356 1.0274995 73.5 74.5 4.27605666739 30.1668805887 -173.871384802 7.38892265541
234 1.30483984947 85.928298 47.908079 0.99952116 72.5 73.5 4.27605666739 28.900962054 -172.268344002 5.88788741511
237 1.29703807831 86.76373 49.194484 0.95689161 71.5 72.5 4.10152374219 27.8590834296 -179.825850704 3.90763527991
240 1.30049800873 87.649962 50.387631 0.93226665 85.5 52.5 0.959931088597 3.0140403769 1.5850555742 2.77119909058
243 1.31023406982 88.570925 51.559268 0.90792052 86.5 53.5 0.785398163397 2.8381633236 -7.02001392932 2.16548370978
246 1.30773019791 89.47196 52.652014 0.8832857 87.5 53.5 0.959931088597 2.14655689368 4.39145728574 4.44474397784
249 1.30186700821 90.492516 53.754021 0.83763364 11.5 42.5 4.45058959259 79.7901658895 -152.99287235 6.44971545883
252 1.31174588203 91.498687 54.898001 0.81217592 11.5 40.5 4.45058959259 81.2840227506 -151.534252438 7.43701200722
255 1.30172801018 92.568948 55.94073 0.78340538 10.5 39.5 4.27605666739 83.6995210784 -159.885821922 10.1862577626
258 1.30588293076 93.547241 56.960456 0.75288469 10.5 39.5 4.27605666739 84.862899794 -158.137115197 10.315268498
261 1.31025910378 94.620679 57.928363 0.72990952 9.5 38.5 4.10152374219 87.3097433411 -166.820734922 9.31823106025
264 1.30054807663 95.770396 58.899507 0.6896339 8.5 37.5 4.10152374219 89.8557784332 -164.513111879 8.20791069256
267 1.30121707916 96.962501 59.840194 0.66858365 8.5 35.5 4.10152374219 91.7499816192 -163.307021396 6.70429464026
270 1.30262994766 98.232224 60.772339 0.64204005 7.5 35.5 4.10152374219 94.1861326869 -161.786185143 7.33534633957
273 1.30460309982 99.416545 61.686454 0.60185601 53.5 63.5 5.67232006898 45.952345466 -69.4838092476 4.45731683304
276 1.29894900322 100.66015 62.48684 0.57932353 54.5 63.5 5.67232006898 46.1712674854 -68.1927932416 2.83688777793
279 1.30431103706 101.84252 63.245661 0.55317695 100.5 65.5 0.610865238198 2.6238148329 3.30529544108 1.82863153329
282 1.30243802071 103.2489 64.041483 0.52149049 101.5 66.5 0.436332312999 3.01711071214 -4.87920413321 1.68958726689
285 1.30576086044 104.5021 64.838724 0.48902664 102.5 66.5 0.610865238198 2.60158458601 6.98083745854 3.58246462493
288 1.30169987679 105.89753 65.50297 0.45749312 103.5 67.5 0.610865238198 3.12030109473 8.78757506773 4.83559550117
291 1.29739308357 107.23441 66.106065 0.425495 104.5 68.5 0.436332312999 3.63427060527 0.620932296081 4.12086642447
294 1.3025290966 108.62185 66.694881 0.38650919 105.5 69.5 0.436332312999 4.1969798697 2.85465466998 3.86013140858
297 1.30440092087 110.08086 67.251857 0.35533208 107.5 69.5 0.436332312999 3.42271606886 4.6409714904 5.06136578911
300 1.30092787743 111.50781 67.766864 0.33459052 108.5 69.5 0.436332312999 3.47140913616 5.82937533891 3.6791320267
303 1.30222892761 112.87691 68.182524 0.30685182 109.5 70.5 0.261799387799 4.09563379206 -2.58131422191 3.06220527121
306 1.30185389519 114.36462 68.651393 0.28808498 111.5 70.5 0.436332312999 3.40931013327 8.49394650489 3.17245042821
309 1.29825997353 115.83449 69.001579 0.25083859 113.5 70.5 0.436332312999 2.7740059577 10.628007454 5.5010025309
312 1.30561494827 117.19736 69.329841 0.23044123 114.5 71.5 0.261799387799 3.4619851321 1.7966900952 6.3106310571
315 1.30167508125 117.78731 69.484411 0.20147117 115.5 71.5 0.436332312999 3.04866955458 13.4565522654 8.31155851436
318 1.30331015587 116.42938 69.228806 0.13415298 114.5 71.5 0.261799387799 2.98007204108 7.3136004369 10.4970018788
321 1.30142498016 114.80773 69.128985 0.0979988 112.5 71.5 0.261799387799 3.30867494371 9.38508236265 4.31489509147
324 1.30102801323 113.35769 69.056433 0.067460522 111.5 70.5 0.261799387799 2.35263635515 11.1347968057 4.64285979754
327 1.29956316948 111.81488 68.96352 0.032275621 110.5 69.5 0.261799387799 1.42011274369 13.1507431355 3.87983215393
330 1.3676469326 110.29576 68.94659 -0.0039959963 109.5 69.5 0.261799387799 0.969276330929 15.2289537229 6.39392476636
333 1.30158400536 108.74459 69.016615 -0.039899491 107.5 70.5 0.0872664625997 1.9363458695 7.28607243902 4.1083194887
336 1.30213499069 107.27384 69.125159 -0.081381225 106.5 70.5 0.0872664625997 1.57766159898 9.6628007241 2.73520958742
339 1.29840111732 105.77123 69.311189 -0.11875782 104.5 70.5 0.0872664625997 1.74048766345 11.8043218702 3.54135078165
342 1.30132293701 104.23308 69.487176 -0.13593074 103.5 70.5 0.0872664625997 1.2502874635 12.7882577081 3.83996784091
345 1.30178308487 102.67844 69.809947 -0.17996689 101.5 70.5 0.0872664625997 1.36561120983 15.3113432491 7.19775566687
