183 6.10250091553 57.788579 101.03213 -1.3093986 30.328133674 141.799092932 0.787282182719 49.153039827 120.130959836 0
186 6.12282705307 57.852229 100.87925 -1.1701135 102.037598242 139.978864061 0.154169807753 59.0010735047 75.8758444139 0
189 6.14099693298 57.956865 100.8248 -1.0236231 75.5760282471 53.2413672803 -0.0500261080902 50.7406935597 55.7829985831 0
192 6.1458837986 57.906072 100.67156 -0.85835482 115.271925112 109.378290295 0.24435374704 58.0228252992 63.1805469243 0
195 6.14268803596 57.990597 100.53155 -0.72265365 99.5261966549 59.714632313 -1.96405882276 58.2342408568 -71.1272770646 0
198 6.15749502182 58.042848 100.37669 -0.56279892 117.397161732 128.478479772 -3.12402698865 65.6707328039 -146.747558704 0
201 6.08044695854 58.157277 100.32166 -0.41301063 20.8816380883 69.4409204338 -2.50821117544 48.405509319 -120.046148487 0
204 6.09040999413 58.686264 100.08548 -0.29965148 76.5847285119 118.520230513 -1.42041416573 25.694261195 -64.2149717278 0
207 6.11666989326 59.980629 99.666017 -0.30408986 14.8039870669 46.195272295 -0.636746972464 70.0003536824 -19.0598485692 0
210 6.1583468914 61.363687 99.173884 -0.32636207 80.8672001514 42.7504486904 -0.691278452459 59.6991714967 -20.9081685901 0
213 6.30723714828 62.885593 98.69498 -0.37512441 80.3266676946 83.2011236269 -0.366133042509 23.3291806932 0.515167409262 0
216 6.13379001617 64.287236 98.118834 -0.4012694 97.0606068856 53.47208975 0.12853536898 55.3843444605 30.3555772285 0
219 6.12871217728 66.572969 97.068508 -0.44319642 131.807143734 109.823007799 0.455196803037 66.4693524745 51.4741400232 0
222 6.16767096519 67.896132 96.441291 -0.47211549 73.1183676398 56.0739970174 2.47236116283 40.7036874074 168.706085082 0
225 6.10630202293 69.150612 95.708615 -0.49267498 97.6596282773 90.0601667653 3.0618157998 29.0631893735 -156.342679999 0
228 6.13287782669 70.465141 94.973778 -0.52461339 27.069668461 22.8000525346 1.32011916664 84.2152817749 105.695389826 0
231 6.09497022629 71.675984 94.192345 -0.54871183 68.8728378128 96.0621178316 -0.0684286097291 3.36952207126 27.5182014925 0
234 6.10656309128 72.999296 93.402727 -0.58180979 9.02452042541 35.5008306496 -3.03497103909 86.2867400635 -140.555786038 0
237 6.0973880291 74.284244 92.44261 -0.63095882 70.8687698165 93.3496935282 -0.495414198247 3.53387385533 7.76613476217 0
240 6.14014482498 75.447368 91.599491 -0.66374929 73.1303452983 93.2244958366 -0.617253423829 2.83005917241 2.6640168964 0
243 6.12912297249 76.572595 90.665594 -0.69142624 74.8329811488 91.9814256351 -0.698510494295 2.18120820719 -0.405897872098 0
246 6.13643598557 77.783785 89.658033 -0.71509647 75.4782405889 91.779312201 -0.708208875657 3.1329475706 0.394630086879 0
249 6.14524698257 78.874801 88.696028 -0.74032963 77.3647684003 89.5028125713 -0.740789610907 1.71204550077 -0.026354964638 0
252 6.1619758606 80.03236 87.613917 -0.7252394 78.0051297981 88.9255449102 -0.691665540435 2.41454551957 1.92364045506 0
255 6.12778306007 81.079285 86.604124 -0.70281223 79.1379639558 89.4311769172 -0.624874056813 3.42942496539 4.46552838658 0
258 6.25569987297 82.380517 85.593177 -0.66953842 80.6078535016 87.7073519407 -0.632294553059 2.75899828891 2.13391638847 0
261 6.15718221664 83.553536 84.670161 -0.64546431 81.2128596599 87.4635352309 -0.5876539023 3.6444074035 3.31229237313 0
264 6.11967611313 84.753159 83.736184 -0.60820056 83.0533978478 85.7098501648 -0.570579630443 2.60471612747 2.15552048495 0
267 6.11162590981 85.938286 82.919631 -0.58097683 84.1181136727 84.44906503 -0.567396786107 2.37743470005 0.778079200644 0
270 6.08859586716 87.249998 82.030848 -0.55954063 84.9137369783 84.0318089811 -0.499390314202 3.07602997539 3.4463592316 0
273 6.14919304848 88.578333 81.141585 -0.52544337 86.0668889698 82.847992886 -0.511437818169 3.0363100945 0.80245900968 0
276 6.17033982277 89.874585 80.458812 -0.49549775 88.0265617569 82.190966156 -0.468160358474 2.53289319297 1.56631715735 0
279 6.10217785835 91.229191 79.664539 -0.46697991 88.7538539466 81.3148401937 -0.454930973947 2.97502732052 0.690353183485 0
282 6.26098608971 92.640842 79.007823 -0.44436504 90.2225091903 81.0860421464 -0.410956330318 3.18862484453 1.91417806378 0
285 6.14847183228 93.942666 78.269838 -0.40450827 91.1251442951 80.3811683652 -0.355205148152 3.52081588109 2.82486079872 0
288 6.26970291138 95.385584 77.620959 -0.38607018 92.9493621172 79.8567359362 -0.288721374133 3.30664113123 5.57767571683 0
291 6.07192492485 96.747733 77.074345 -0.36376533 94.6573593578 79.300947448 -0.285707804108 3.05408258323 4.47236679282 0
294 6.09144186974 98.250871 76.540386 -0.33417824 95.9727961233 79.2289632908 -0.232657620079 3.52392863044 5.81670305502 0
297 6.11294198036 99.752933 76.027378 -0.30758365 96.4322549674 78.9228883641 -0.207031751714 4.40577834948 5.76119939381 0
300 6.11594700813 100.00981 75.897783 -0.33361957 98.2871088577 79.30357461 -0.204560295052 3.81668910396 7.39455176155 0
303 6.10651707649 98.714105 76.429985 -0.36219797 96.7919305578 79.2641051849 -0.236307769076 3.42446956607 7.21297719501 0
306 6.16023397446 97.284888 77.028291 -0.39087517 95.3901121263 79.4176780241 -0.265727559583 3.04948290085 7.17042989306 0
309 6.19718980789 95.817851 77.649213 -0.42317241 94.5348154398 79.3849497801 -0.305472366229 2.15846297593 6.74371575658 0
312 6.16782903671 94.571565 78.35291 -0.46228827 93.8417408062 80.6761832882 -0.339321910098 2.43520884641 7.04545344444 0
315 6.18144512177 93.13187 79.138887 -0.4938927 91.5343513915 79.9955076974 -0.349446126307 1.81269543052 8.27617903772 0
318 6.19295215607 91.836662 79.862922 -0.52529077 89.8980233346 80.9498638376 -0.380503343782 2.22255763333 8.29570844883 0
321 6.16227483749 90.529269 80.702102 -0.55721841 88.1694968131 81.6343749463 -0.42589950978 2.53725395268 7.52401875289 0
324 6.07984614372 89.308886 81.573217 -0.59808232 87.3252511636 81.4994482467 -0.418422538651 1.98500604358 10.2937472195 0
327 6.1615190506 88.100372 82.484783 -0.6409076 85.9859185449 82.6516461306 -0.457444157051 2.12102727899 10.5116809759 0
330 6.31772613525 86.96204 83.432583 -0.67310863 84.4236427577 83.5160781904 -0.512414202793 2.53977006962 9.20711247023 0
333 6.11998581886 85.711036 84.448892 -0.70015711 83.7827034908 84.0630823605 -0.523311893655 1.96654909523 10.1324845236 0
336 6.08084201813 84.630521 85.38864 -0.74348817 82.0389530272 85.2302673558 -0.554742270314 2.59640259825 10.8143434524 0
339 6.11237215996 83.531548 86.470864 -0.76732045 80.3384324513 86.238718187 -0.603164434086 3.20154315693 9.40544689353 0
342 6.07758903503 82.436303 87.632765 -0.79615086 79.2595315504 86.5278592223 -0.58561423417 3.36343479511 12.062860093 0
345 6.15582895279 81.390428 88.717115 -0.83255466 77.948875282 88.4416254781 -0.674615417684 3.4525613083 9.04925200421 0
