123 0.593074083328 80.819811 40.085383 -0.20196514 65.7843142468 17.6036135471 -0.0318680985265 27.04618495 9.74584258409 0
126 0.648259162903 80.673305 40.189426 -0.34415967 41.1561187325 66.0236392135 -1.49514284928 47.2124409754 -65.9464784634 0
129 0.572447061539 80.559381 40.228255 -0.49611957 80.415214883 109.911487359 -2.74907554948 69.6833814901 -129.084869053 0
132 0.664548873901 80.474435 40.358509 -0.64523249 109.760497439 55.7045430363 1.33875969398 33.0631851733 113.674378729 0
135 0.570273160934 80.446897 40.445937 -0.81868337 105.599883417 53.3656794775 3.07144837633 28.2770661735 -137.111869186 0
138 0.573505878448 80.377523 40.602704 -0.97166139 42.5785563209 92.2275477812 2.67753082522 63.983485193 -150.916687436 0
141 0.574397087097 80.303277 40.677658 -1.1291983 29.9265384507 90.7179408393 1.26163452817 71.0059553383 136.984630576 0
144 0.572003126144 80.24067 40.836497 -1.2914427 41.5546725678 89.140258203 2.22293105792 61.885860612 -158.64121604 0
147 0.570634126663 80.334643 40.99259 -1.4510482 15.8558557067 11.6838151426 -0.352422426462 70.8273837895 62.946620088 0
150 0.56836104393 80.305505 41.173119 -1.6076845 17.2632196378 42.2844116884 -1.83920358541 63.0520793878 -13.2650664705 0
153 0.590464115143 80.260339 41.240273 -1.7630876 45.7735998919 94.0407636871 1.33765992512 63.0652597799 177.659746525 0
156 0.571129083633 80.351916 41.337649 -1.9138236 82.365863018 75.617542443 0.381022085618 34.3390022723 131.48497242 0
159 0.562394142151 80.458888 41.424429 -2.0695544 37.7985451782 86.2558488854 2.11126227044 61.8850632916 -120.456849866 0
162 0.56103014946 80.580246 41.530351 -2.2462491 32.0523524734 86.2819287372 3.0281042901 66.0125757723 -57.8018110866 0
165 0.582939863205 80.700832 41.575869 -2.3973477 53.9790838796 87.0067390089 -0.179405167279 52.7068854361 127.078746327 0
168 0.570401906967 80.863789 41.557834 -2.56541 51.039775303 94.7727819024 0.0553464783954 61.0024792386 150.158285344 0
171 0.582582950592 80.910142 41.637692 -2.7112414 19.4881859412 112.813984328 -2.46221729804 94.0144737564 14.2680300392 0
174 0.57205080986 81.000304 41.730578 -2.863125 123.306290587 81.5870993918 -3.06191467791 58.1234788922 -11.3898095548 0
177 0.571735143661 81.313486 41.614906 -3.0334876 40.3493596234 87.3933654637 -0.442683420855 61.4306682421 148.44214501 0
180 0.581197023392 81.419836 41.643078 3.1037871 49.3308659412 83.8574397347 -0.467713674611 53.0259779364 155.368079087 0
183 0.570698022842 81.472606 41.653948 2.9566422 30.8787568966 91.8611081701 2.53122206504 71.2776016673 -24.3747782529 0
186 0.616399049759 81.600227 41.551467 2.7956666 38.9355005589 111.487957843 2.66484692144 81.9230836441 -7.49541545897 0
189 0.575132846832 81.705618 41.391179 2.6371497 82.5024638313 115.289309044 -0.785677587666 73.9024261257 163.886442415 0
192 0.574584007263 81.817002 41.340993 2.4823985 65.734051893 108.066194105 1.30222201399 68.636096528 -67.6191317291 0
195 0.581031084061 81.903012 41.262396 2.332631 43.1961175806 61.1406700408 1.95734362385 43.5128653899 -21.5023827577 0
198 0.562470197678 81.909487 41.089487 2.1583794 64.9342614429 115.41179358 1.7983820957 76.2362350725 -20.6263261727 0
201 0.563194990158 81.924053 40.998223 1.9975831 72.8234053697 106.667715657 -0.454635455982 66.2970893261 -140.501773701 0
204 0.568133115768 81.960862 40.844259 1.8446809 35.7255125302 95.7568378521 0.858917166954 71.7850879834 -56.4801015006 0
207 0.562134027481 81.927588 40.703608 1.6857979 39.0117703706 96.9925787036 1.25769722862 70.7828766417 -24.5283616767 0
210 0.56431889534 81.924928 40.686406 1.5459903 68.9979521891 110.83883413 0.0765054781234 71.3335115926 -84.1952783521 0
