3 3.11697506905 31.520043 41.394881 -0.0070850614 94.6511883378 10.2536717922 -1.1226664043 70.3940084282 -63.9181026516 0
6 3.09773683548 31.529937 41.402987 -0.0081764059 136.292269981 21.1980662315 1.33671002978 106.692948384 77.056316689 0
9 3.09554004669 31.522543 41.401068 -0.0068718684 128.539138256 20.3128174004 -0.612704543961 99.2820933922 -34.7116554008 0
12 3.13260221481 31.528168 41.375423 -0.0049451513 49.9229442343 139.272471218 -2.39196973566 99.6102396466 -136.766434278 0
15 3.11668205261 31.523843 41.397689 -0.0081913964 45.88623717 16.1588735718 1.52294108098 29.0392178013 87.7274288293 0
18 3.11908388138 31.52518 41.394772 -0.0077822512 113.564608328 12.5009840059 -0.575957452926 86.9788410189 -32.5540410829 0
21 3.20800900459 31.646202 41.400982 -0.0069641742 26.2363620854 141.173911507 2.63532558462 99.9194867399 151.392051431 0
24 3.16631197929 32.968315 41.348607 -0.0066445448 49.87092101 125.574673939 -0.0977912373684 85.905345829 -5.22232080075 0
27 3.09649586678 34.520488 41.363888 -0.010157874 89.6637070105 100.214581135 -0.0449970468364 80.6484884254 -1.99613756525 0
30 3.12948298454 35.981317 41.339656 -0.012968194 85.0703710014 33.451112529 0.399634576906 49.718852972 23.6403973883 0
33 3.14541292191 37.47125 41.3168 -0.01805047 116.00650119 6.54831305746 2.39020160318 85.8873294718 137.982679797 0
36 3.14801502228 39.051821 41.275587 -0.019803098 18.6349718256 104.208540894 -1.5377909617 66.1619559573 -86.974297942 0
39 3.11454510689 40.609584 41.247017 -0.013659721 38.3467880196 72.6865407858 2.38231019217 31.5208486803 137.278963865 0
42 3.13958907127 42.081473 41.279186 -0.014178183 52.5458607977 79.0142224949 -1.21312254234 39.1591163237 -68.6944516613 0
45 3.15318083763 43.552295 41.213208 -0.0092852628 73.9368193318 25.0074763009 -0.329847469082 34.4361010972 -18.3668614914 0
48 3.11087608337 45.079977 41.189892 -0.010404952 81.1826849926 112.286104042 -2.99971189629 79.7375500695 -171.274671577 0
51 3.14696598053 46.640834 41.096545 -0.012029947 49.2677451962 44.5277389454 -1.3860250772 4.321313958 -78.7241220321 0
54 3.17424798012 48.21014 41.103056 -0.013219293 118.069362971 65.4518999358 -1.35346851965 73.9809248055 -76.7906241824 0
57 3.18368005753 49.69993 40.993437 -0.019411138 78.4421045077 8.11703579141 -0.0730147309555 43.6688716577 -3.07125964309 0
60 3.13062691689 51.221815 41.026894 -0.026800957 50.8325929168 37.8482578289 2.92624272298 3.20237751335 169.19693958 0
63 3.14074397087 52.707826 40.957156 -0.02058299 117.546001819 62.9072956014 -1.39446630537 68.4528865132 -78.7177155139 0
66 3.16317391396 54.31159 40.951842 -0.027308534 92.3714859577 123.992705155 1.74517143135 91.3473624895 101.555621286 0
69 3.14985394478 55.778879 40.909196 -0.015002614 35.1143395443 93.5472810391 1.17346955831 56.549015796 68.0944395424 0
72 3.34683394432 57.331901 40.836464 -0.018380323 135.493368981 4.80235825221 0.132499904782 86.0678328646 8.64480026388 0
75 4.12428402901 58.848313 40.76075 -0.022921269 28.135908701 92.321747834 -3.06456011051 60.0149004453 -174.273068422 0
78 4.08772087097 60.388876 40.75568 -0.012358794 58.923075493 40.4691740649 0.188215680121 1.49353834138 11.4920708452 0
81 4.3420522213 61.86858 40.735896 -0.015077049 61.3085343929 41.7024576388 0.0419297615071 1.11709108117 3.26624964556 0
84 3.81861996651 63.333062 40.668539 -0.013920495 61.6550376766 42.5134099223 0.0860036386623 2.49385531854 5.72523113035 0
87 4.61879301071 64.876385 40.58717 -0.032109511 62.1789481302 41.6830887358 0.00725563986176 2.91156376231 2.25545700427 0
90 4.38531303406 66.44697 40.579857 -0.020157695 64.2804255882 41.8311423962 0.0534017841242 2.50192522487 4.214647697 0
93 3.23849606514 67.930314 40.55804 -0.02084507 65.638562038 41.3874516703 0.0592864834801 2.4372219378 4.59119982024 0
96 3.28434300423 69.414343 40.447992 -0.021831497 69.3956833893 41.561173334 0.117597482312 1.11333771315 7.98869205638 0
99 3.30344009399 70.999462 40.351868 -0.031419309 69.7910323677 41.1047629443 0.114863814962 1.42378122382 8.38140561704 0
102 3.57017612457 72.481812 40.325422 -0.028226015 71.8770784358 42.6999168351 0.0419358714437 2.45029149397 4.0199799759 0
105 3.17042207718 74.028193 40.279112 -0.026102315 72.7186223656 42.1632981611 0.0706889157581 2.29458770501 5.54572901631 0
108 3.10903000832 75.500101 40.224463 -0.026983514 74.4956346803 42.2863266717 0.0514426827508 2.29352008671 4.49349007708 0
111 3.11795115471 77.104162 40.159206 -0.035689283 75.9761312194 41.8267065202 0.0352515526917 2.01320923575 4.06461048027 0
114 3.27779102325 78.584191 40.097894 -0.03659834 77.9985263292 41.6969078244 0.0083158467062 1.70289410039 2.57339333853 0
117 5.20311784744 80.1084 40.071744 -0.024096447 77.9329645741 41.360521229 0.0493365037607 2.52853041077 4.20739815578 0
120 4.39294219017 80.881063 40.047709 -0.06972902 78.6559007586 41.4364440946 -0.0186863718018 2.6229624785 2.92452831693 0
123 4.80824279785 80.819811 40.085383 -0.20196514 79.4436245908 41.0150226235 -0.131408572958 1.66075852015 4.04259350846 0
126 3.21637606621 80.673305 40.189426 -0.34415967 78.6038469468 40.8053571594 -0.288622689551 2.15917294981 3.18203458664 0
129 3.13645410538 80.559381 40.228255 -0.49611957 77.9604290525 40.7998454617 -0.430113845185 2.66106499009 3.78184945558 0
132 3.60867595673 80.474435 40.358509 -0.64523249 77.8177164615 41.3076491678 -0.592209390288 2.82117359463 3.03799983022 0
135 3.27688622475 80.446897 40.445937 -0.81868337 78.2842577562 41.9083920545 -0.71752869451 2.61070551486 5.7957359836 0
138 3.25173902512 80.377523 40.602704 -0.97166139 79.5231219268 44.0169998697 -0.916140682674 3.51957632104 3.18110220539 0
141 3.19747185707 80.303277 40.677658 -1.1291983 80.8667824995 44.332585023 -1.02667868337 3.69811167912 5.87394135022 0
144 2.88326692581 80.24067 40.836497 -1.2914427 80.2687444173 44.7743053873 -1.17120288295 3.93790846366 6.88923404619 0
147 2.8249809742 80.334643 40.99259 -1.4510482 80.0473362275 43.3189656763 -1.35698216918 2.34404969413 5.38958656169 0
150 2.83588385582 80.305505 41.173119 -1.6076845 79.3166099751 43.5498323898 -1.49463796693 2.57423384862 6.47708923364 0
153 2.83847212791 80.260339 41.240273 -1.7630876 78.6860345943 42.5767235436 -1.62003767142 2.06507491813 8.19615716718 0
156 2.96045303345 80.351916 41.337649 -1.9138236 78.4381603646 40.7920983547 -1.69591312071 1.98999651721 12.485350775 0
159 3.08119392395 80.458888 41.424429 -2.0695544 78.1596389368 40.8546200337 -1.89113295195 2.36880318149 10.2227959482 0
162 2.94019579887 80.580246 41.530351 -2.2462491 78.1968417223 41.9374867354 -2.0920324856 2.41792792655 8.8359611359 0
165 3.05595803261 80.700832 41.575869 -2.3973477 79.5034837252 42.7186012357 -2.26938373581 1.6551374123 7.33179507762 0
