3 1.55667495728 58.425211 99.52669 -0.076600623 112.26710016 31.1392455999 -1.57549311744 87.0390233164 -85.8802138751 0
6 1.56745696068 58.436309 99.5178 -0.082073852 123.377895558 49.2591537979 -1.10112400897 82.1178493549 -58.3872731067 0
9 1.54614400864 59.138497 99.506199 -0.079127672 131.277209152 70.3596394233 -1.15511767757 77.8043425913 -61.6496861172 0
12 1.54381895065 60.588187 99.398001 -0.084356487 81.9475772615 57.4680893189 -2.71338436843 47.0567853335 -150.632201828 0
15 1.55863499641 62.026729 99.268445 -0.080345137 39.0364767789 90.9597691936 -2.02716606243 24.4455679182 -111.544622495 0
18 1.55625510216 63.612811 99.142137 -0.077882356 54.2863077892 117.063971259 2.85883418442 20.2033612387 168.261463392 0
21 1.5496327877 65.109709 99.045111 -0.075303117 73.4672409101 136.873854697 2.10842116881 38.7409626792 125.118185197 0
24 1.55626797676 66.576646 98.887554 -0.079079542 82.4393787007 70.5588002316 1.92550862819 32.4675927473 114.854441814 0
27 1.53914904594 68.114632 98.811042 -0.080004433 40.3965189695 75.6934250672 0.666416340936 36.0931849886 42.7667600874 0
30 1.57257604599 69.601579 98.673025 -0.074381156 123.505029537 38.276473731 -0.294360614833 80.9526119713 -12.6038945707 0
33 1.55265498161 71.154315 98.514904 -0.080273853 95.3846676033 131.072168104 2.35189135554 40.5843003292 139.352801528 0
36 1.55103683472 72.642873 98.438251 -0.077397051 69.5854405293 99.9667263636 0.0778199600256 3.41820570625 8.8932796404 0
39 1.5619161129 74.179887 98.27586 -0.078945335 54.1773780029 73.0120909876 -0.568904297799 32.2235688727 -28.072580703 0
42 1.5478579998 75.689674 98.17429 -0.079512997 33.5971895974 69.4441846222 -1.49521284523 50.9626941811 -81.1136263611 0
45 1.53907704353 77.259307 98.055637 -0.072379503 75.5529990528 98.4572846345 0.145886754199 1.75294256405 12.5057353476 0
48 1.54321980476 78.667542 97.976243 -0.066300397 88.2829717948 56.2013318994 2.8197299302 42.8672332627 165.357357295 0
51 1.57033896446 80.25432 97.827625 -0.077582567 78.2331120666 99.5629418905 0.109513954079 2.66394561141 10.7198410194 0
54 1.54902601242 81.813353 97.68277 -0.074716444 66.3901505873 26.2203586341 -0.0415782659083 73.1078067712 1.8986777454 0
57 1.54760599136 82.622729 97.654646 -0.085105116 83.3762452989 98.8921263028 0.275856225461 1.44884240431 20.6815614331 0
60 1.55325007439 81.436592 97.754867 -0.094486992 103.405409005 11.0434640473 -1.40366431673 89.4510834067 -75.0103353414 0
63 1.56298708916 79.890684 97.897701 -0.093381766 77.8100746746 98.1600962732 0.0531065251566 2.09708999437 8.39316083135 0
66 1.55912208557 78.411812 98.037468 -0.097953665 63.4914093674 25.3807281222 -0.195891313734 74.1729078869 -5.61141392787 0
69 1.5644659996 76.931086 98.162597 -0.096433306 63.0209683178 24.9273404776 -0.103637734012 74.5445784201 -0.412783318916 0
72 1.54603004456 75.443161 98.337547 -0.10164342 72.0914863197 98.7492727097 0.00752942109723 3.3768685528 6.25514303232 0
75 1.5536699295 73.912871 98.553041 -0.10292365 61.8965032046 25.327892988 -0.0612346103299 74.2045510489 2.38860602505 0
78 1.55580306053 72.413468 98.668417 -0.11145399 58.8214064427 26.5734388452 -0.141100065869 73.3650462586 -1.6985950264 0
81 1.56196212769 70.926618 98.82512 -0.11572496 58.0182230399 25.1182303231 0.0315796904188 74.8286859853 8.43993477165 0
84 1.54597377777 69.460294 99.048845 -0.12091472 54.3458852598 25.9068587085 -0.00575816723972 74.6873182691 6.59798445644 0
87 1.54222989082 67.984026 99.205817 -0.12024712 65.7017009488 99.2168486592 -0.0355757186913 2.2823517119 4.85131394045 0
90 1.55697011948 66.409271 99.378533 -0.12589377 64.8160871032 100.050429895 -0.077322275759 1.7290692196 2.78294162465 0
93 1.55071687698 64.97003 99.579245 -0.12534264 62.9077560027 99.2138046177 0.00725397191072 2.09440223281 7.59722624022 0
96 1.55836987495 63.450289 99.830398 -0.13542326 60.8013868685 99.1149451378 0.0103090233872 2.74382129526 8.34984477689 0
99 1.56073713303 62.015499 100.01094 -0.13023941 60.5056535395 96.8541488708 0.0862097673007 3.49928043289 12.4016243384 0
102 1.54083704948 60.420275 100.24313 -0.1356293 57.5966839773 99.7731545146 -0.0132773681131 2.86243658805 7.01024931239 0
105 1.56200289726 58.989222 100.44438 -0.14088208 56.3681450457 96.8642024537 0.0879985748957 4.43708413976 13.1138955377 0
108 1.55404996872 58.528509 100.58832 -0.24160345 56.4664928449 98.0687528885 -0.0342577795869 3.25578393834 11.880031815 0
111 1.55367398262 58.390768 100.67023 -0.3827913 55.657419914 99.2004964507 -0.164223612748 3.10343494621 12.5230060175 0
114 1.53869509697 58.26024 100.80046 -0.53685502 55.8113485346 101.533621904 -0.35534097567 2.55628554501 10.3999886625 0
117 1.54198789597 58.2435 100.85046 -0.70040996 56.5957959846 100.331585505 -0.384321202675 1.72747192865 18.1105517463 0
120 1.53923797607 58.129433 100.95873 -0.85888639 55.3649436147 101.934475025 -0.458330751532 2.93163434216 22.9501475444 0
123 1.55125904083 58.21235 101.09089 -1.0276822 56.3177541968 102.168497922 -0.911043670395 2.17961741837 6.68289547496 0
126 1.59092402458 58.152327 101.12822 -1.1869287 56.1474930405 102.029103691 -1.19503300052 2.19794236294 -0.46434221593 0
129 1.58292007446 58.049715 101.26081 -1.3398137 54.9345506744 102.214124606 -1.21995109369 3.25776879364 6.86762146276 0
132 1.5863699913 58.024835 101.49733 -1.4943786 55.1546229302 103.750477164 -1.53432382326 3.64894360969 -2.28869270473 0
135 1.57847094536 58.064001 101.65215 -1.6522241 56.3640077654 102.63370163 -1.62827366813 1.96301314306 1.37225866376 0
138 1.54827904701 58.104403 101.68885 -1.8037565 55.3638112152 104.081027663 -1.77735648143 3.63776817617 1.51260964329 0
141 1.54243707657 58.177183 101.78616 -1.9584038 55.4067570826 103.884776029 -1.94117912787 3.47555017254 0.986901016821 0
144 1.55181789398 58.164815 101.89412 -2.1101089 54.377367424 99.2114496088 -1.95721888153 4.6412799494 8.75995278799 0
147 1.55618405342 58.333441 101.96561 -2.2758326 53.9439934739 102.715706187 -1.97226352578 4.45307689962 17.3932267435 0
150 1.58166790009 58.547547 101.97367 -2.4518694 55.6423848995 99.8473165721 -2.47024744531 3.60018690216 -1.05298443196 0
153 1.56274986267 58.609003 102.09152 -2.5989269 51.343471247 99.1639364461 -2.33505246418 7.83317924716 15.1188914939 0
156 1.56885313988 58.561869 102.14088 -2.6173282 53.6508726633 102.1416353 -2.43783976592 4.91099639482 10.2839297445 0
159 1.57756400108 58.51155 102.01626 -2.5045701 50.3008603331 97.819439968 -2.21355941905 9.22110205923 16.6736838118 0
162 1.54524207115 58.437648 101.90068 -2.3721379 51.6427248945 100.717630481 -2.10791473869 6.89714333438 15.1388719927 0
165 1.56353902817 58.147744 101.95537 -2.2082701 51.0020944583 98.3981040646 -1.87311340342 7.98213306752 19.2030641894 0
