183 3.49451708794 57.788579 101.03213 -1.3093986 2.5 2.5 0.305432619099 112.984103352 92.5230134803 0.0
186 3.50338888168 57.852229 100.87925 -1.1701135 16.5 70.5 0.305432619099 51.3118473048 84.5425651013 0.110074459527
189 3.49978899956 57.956865 100.8248 -1.0236231 17.5 69.5 0.392699081699 51.1664051959 81.1492834421 0.214130344942
192 3.52653717995 57.906072 100.67156 -0.85835482 32.5 70.5 3.70882466049 39.4435232618 -98.3198914893 0.471718726626
195 21.6681380272 57.990597 100.53155 -0.72265365 60.5 93.5 4.49422282389 7.46590910867 -61.0949958053 0.432613480274
198 3.77049899101 58.042848 100.37669 -0.56279892 43.5 140.5 5.10508806208 42.6775635821 -35.2539971695 1.45828261475
201 3.75878000259 58.157277 100.32166 -0.41301063 20.5 67.5 2.31256125889 49.9532969504 156.163765993 1.21672453879
204 2.86751103401 58.686264 100.08548 -0.29965148 18.5 68.5 2.22529479629 51.1133872983 144.668765129 0.796890969511
207 2.85502290726 59.980629 99.666017 -0.30408986 99.5 96.5 5.36688744988 39.6459877904 -35.0769344293 4.8403525386
210 2.86769509315 61.363687 99.173884 -0.32636207 100.5 94.5 5.27962098728 39.4144159779 -38.8008307958 6.90605847477
213 2.85095906258 62.885593 98.69498 -0.37512441 101.5 93.5 5.01782159948 38.9622926066 -51.0069545147 7.07181155807
216 2.84336018562 64.287236 98.118834 -0.4012694 61.5 100.5 6.06501915068 3.66587452585 10.4910430677 7.54321342934
219 5.30363416672 66.572969 97.068508 -0.44319642 63.5 98.5 5.97775268808 3.39003065193 7.89328436131 6.42335868043
222 2.85179710388 67.896132 96.441291 -0.47211549 65.5 97.5 5.97775268808 2.61960174609 9.55022501975 7.24488563029
225 2.84507989883 69.150612 95.708615 -0.49267498 66.5 97.5 5.89048622548 3.19918805211 5.72819702569 8.34822521246
228 2.84725117683 70.465141 94.973778 -0.52461339 67.5 96.5 5.80321976288 3.33487852 2.55813312305 7.38885701447
231 2.85172200203 71.675984 94.192345 -0.54871183 68.5 95.5 5.80321976288 3.43465223382 3.9388720279 6.13812593763
234 2.84591698647 72.999296 93.402727 -0.58180979 70.5 94.5 5.80321976288 2.72955830349 5.83524544639 4.9299701842
237 2.8475189209 74.284244 92.44261 -0.63095882 71.5 93.5 5.80321976288 2.97826934034 8.65127743255 7.49819447359
240 2.8408010006 75.447368 91.599491 -0.66374929 72.5 93.5 5.80321976288 3.5069805512 10.5300329718 6.62304726676
243 2.84791684151 76.572595 90.665594 -0.69142624 74.5 92.5 5.62868683768 2.76779612812 2.1158053966 7.50785225841
246 2.83802604675 77.783785 89.658033 -0.71509647 75.5 91.5 5.62868683768 2.93402732695 3.4720096757 6.07643664938
249 2.83704781532 78.874801 88.696028 -0.74032963 76.5 90.5 5.62868683768 2.98228012876 4.91776324748 4.1462609465
252 2.83887887001 80.03236 87.613917 -0.7252394 77.5 89.5 5.62868683768 3.1575554235 4.0531567566 4.37905138618
255 2.83540201187 81.079285 86.604124 -0.70281223 79.5 88.5 5.62868683768 2.46748595104 2.76817456918 3.0122217088
258 2.82982587814 82.380517 85.593177 -0.66953842 80.5 87.5 5.71595330028 2.67811839556 5.86172568786 3.91473186715
261 2.85135698318 83.553536 84.670161 -0.64546431 81.5 86.5 5.71595330028 2.75051283749 4.48238078932 5.94871270634
264 2.8482670784 84.753159 83.736184 -0.60820056 82.5 85.5 5.71595330028 2.86142837778 2.34732518549 5.68642747185
267 2.84261107445 85.938286 82.919631 -0.58097683 83.5 84.5 5.71595330028 2.90565049412 0.78752035389 3.78768528462
270 2.85466909409 87.249998 82.030848 -0.55954063 85.5 83.5 5.71595330028 2.28492901402 -0.440683434909 4.70045790002
273 2.86303901672 88.578333 81.141585 -0.52544337 86.5 82.5 5.80321976288 2.48289334671 2.60568747413 5.47102455116
276 2.8352689743 89.874585 80.458812 -0.49549775 87.5 82.5 5.80321976288 3.13131000918 0.889929833228 4.90911047176
279 2.84363508224 91.229191 79.664539 -0.46697991 88.5 81.5 5.89048622548 3.28898169606 4.2559779604 3.11308314947
282 2.85159897804 92.640842 79.007823 -0.44436504 89.5 81.5 5.89048622548 4.00946812786 2.96024135516 1.59965418892
285 2.84383296967 93.942666 78.269838 -0.40450827 91.5 80.5 5.89048622548 3.30760332171 0.676616649138 4.23090541556
288 2.84380197525 95.385584 77.620959 -0.38607018 92.5 79.5 5.97775268808 3.44345612731 4.62019190986 5.83772673847
291 2.84296488762 96.747733 77.074345 -0.36376533 94.5 79.5 6.06501915068 3.30697835165 8.34221814218 6.23794533935
294 2.84466791153 98.250871 76.540386 -0.33417824 96.5 79.5 6.06501915068 3.43873003995 6.64700275711 10.4683447954
297 2.83736300468 99.752933 76.027378 -0.30758365 97.5 78.5 6.06501915068 3.34508096425 5.12324499223 9.21117847457
300 2.85131597519 100.00981 75.897783 -0.33361957 98.5 78.5 6.15228561328 3.00849788951 11.614993324 9.74104817543
303 2.85571479797 98.714105 76.429985 -0.36219797 97.5 79.5 6.06501915068 3.30136987495 8.25241502921 9.61058113317
306 2.84265208244 97.284888 77.028291 -0.39087517 95.5 79.5 6.06501915068 3.04879821458 9.89549755746 8.69164706962
309 2.84541416168 95.817851 77.649213 -0.42317241 95.5 80.5 5.97775268808 2.86845180848 6.74599309938 4.37321452893
312 2.84912109375 94.571565 78.35291 -0.46228827 93.5 80.5 5.97775268808 2.39963476749 8.9871667894 4.23760183989
315 2.84322190285 93.13187 79.138887 -0.4938927 91.5 80.5 5.97775268808 2.12500077545 10.7979672423 4.66847049695
318 2.83914899826 91.836662 79.862922 -0.52529077 89.5 80.5 5.97775268808 2.4219532779 12.5969441382 7.62372803565
321 2.85684394836 90.529269 80.702102 -0.55721841 88.5 80.5 5.97775268808 2.03930818975 14.42626316 3.21411883373
324 2.84241509438 89.308886 81.573217 -0.59808232 86.5 80.5 5.97775268808 3.00693120807 16.7675927374 5.02553543066
327 2.84658408165 88.100372 82.484783 -0.6409076 85.5 81.5 5.97775268808 2.78059923316 19.2213005379 6.07343535285
330 2.84539294243 86.96204 83.432583 -0.67310863 84.5 82.5 5.89048622548 2.63274609742 16.0662836528 1.91534135111
333 2.85522603989 85.711036 84.448892 -0.70015711 83.5 83.5 5.80321976288 2.40604992071 12.6160473991 2.13680502374
336 2.84580802917 84.630521 85.38864 -0.74348817 82.5 85.5 5.80321976288 2.13342934756 15.0987342589 4.95291638839
339 2.84166908264 83.531548 86.470864 -0.76732045 80.5 86.5 5.71595330028 3.03168800882 11.4642233191 4.92698691286
342 2.84271407127 82.436303 87.632765 -0.79615086 79.5 87.5 5.71595330028 2.9393029536 13.1160841337 3.49928241721
345 2.84574794769 81.390428 88.717115 -0.83255466 78.5 88.5 5.62868683768 2.8985708455 10.2018682319 2.6715989264
