123 0.677296876907 80.819811 40.085383 -0.20196514 2.5 9.5 5.75958653158 84.080071648 -18.4282498692 1.91884057971
126 0.655629873276 80.673305 40.189426 -0.34415967 66.5 98.5 1.91986217719 60.0083795385 129.71889657 2.44936163571
129 0.655412912369 80.559381 40.228255 -0.49611957 62.5 110.5 4.36332312999 72.5552161285 -81.5744425052 5.94431493463
132 0.655343055725 80.474435 40.358509 -0.64523249 68.5 98.5 1.57079632679 59.3617727942 126.969098482 6.24284633343
135 0.657711029053 80.446897 40.445937 -0.81868337 62.5 110.5 4.01425727959 72.316407922 -83.0928981415 7.65619329275
138 0.661508083344 80.377523 40.602704 -0.97166139 62.5 110.5 4.01425727959 72.147334093 -74.3279032372 8.17039370054
141 0.656655073166 80.303277 40.677658 -1.1291983 43.5 92.5 2.61799387799 63.5612801028 -145.301703177 3.7018060499
144 0.652184009552 80.24067 40.836497 -1.2914427 43.5 92.5 2.26892802759 63.3955390724 -156.005783807 4.03140749821
147 0.66730594635 80.334643 40.99259 -1.4510482 65.5 98.5 0.523598775598 59.3899725362 113.13893773 3.89894881195
150 0.664757013321 80.305505 41.173119 -1.6076845 63.5 111.5 2.96705972839 72.3069511838 -97.8864633614 2.30253897617
153 0.65514087677 80.260339 41.240273 -1.7630876 43.5 93.5 0.872664625997 63.8936740962 151.017478392 1.85201269997
156 0.656236886978 80.351916 41.337649 -1.9138236 109.5 55.5 5.06145483078 32.4065269154 39.6540150125 1.99834887792
159 0.665579080582 80.458888 41.424429 -2.0695544 70.5 102.5 0.872664625997 61.8821850226 168.576732593 4.01516746922
162 0.659483909607 80.580246 41.530351 -2.2462491 70.5 102.5 0.872664625997 61.797325659 178.700593165 2.12178418444
165 0.655582904816 80.700832 41.575869 -2.3973477 70.5 102.5 0.523598775598 61.7722163403 167.357905235 3.07439254857
168 1.77255105972 80.863789 41.557834 -2.56541 74.5 138.5 2.96705972839 97.1508175941 -43.0128342793 2.05464347472
171 0.655922174454 80.910142 41.637692 -2.7112414 74.5 139.5 2.61799387799 98.0720207172 -54.6573105389 3.84928988932
174 0.655187129974 81.000304 41.730578 -2.863125 74.5 139.5 2.61799387799 97.9852735379 -45.9550212816 4.5693476243
177 0.656302213669 81.313486 41.614906 -3.0334876 34.5 103.5 1.57079632679 77.5968255205 -96.1939633147 3.31058534938
180 0.655637025833 81.419836 41.643078 3.1037871 34.5 103.5 1.2217304764 77.6385845413 -107.833901337 2.89758403827
183 0.656220912933 81.472606 41.653948 2.9566422 34.5 103.5 1.2217304764 77.6618301511 -99.4031195903 2.87174366725
186 0.652793884277 81.600227 41.551467 2.7956666 37.5 70.5 4.01425727959 52.7527021517 69.8201028943 3.83151546031
189 0.65331697464 81.705618 41.391179 2.6371497 37.5 70.5 4.01425727959 52.9288212864 78.9024522458 2.64017460291
192 0.655339956284 81.817002 41.340993 2.4823985 13.5 45.5 4.71238898038 68.4434810738 127.76904288 4.04952793368
195 0.657433986664 81.903012 41.262396 2.332631 13.5 45.5 4.71238898038 68.5341472431 136.350088539 2.72860634044
198 0.655328035355 81.909487 41.089487 2.1583794 37.5 70.5 3.31612557879 53.2651932365 66.333969792 4.30183317896
201 0.653969049454 81.924053 40.998223 1.9975831 13.5 45.5 4.01425727959 68.5719842582 115.546919143 4.05610093075
204 0.654999017715 81.960862 40.844259 1.8446809 37.5 69.5 2.96705972839 52.8953659789 64.3075698816 3.5284934561
207 0.653720140457 81.927588 40.703608 1.6857979 37.5 69.5 2.61799387799 52.9437698669 53.410895218 2.8660792419
210 0.671749830246 81.924928 40.686406 1.5459903 37.5 70.5 2.61799387799 53.501631891 61.4212806418 2.96613431571
213 0.654797077179 81.81851 40.588718 1.3660151 73.5 85.5 0.872664625997 45.6751667704 -28.2668999811 4.76185596096
216 0.655272960663 81.824065 40.431016 1.2110526 73.5 85.5 0.872664625997 45.8312489129 -19.3882027483 6.60341376662
219 0.672194004059 82.277545 41.390368 1.1504821 72.5 85.5 0.523598775598 45.1803056807 -35.9177687353 7.40051504813
222 0.658532142639 82.927041 42.739254 1.1137092 74.5 86.5 0.523598775598 44.5647608598 -33.8108367649 5.95169299412
225 0.651695966721 83.677797 44.09726 1.084748 62.5 112.5 6.10865238198 71.6061025701 -72.1514822353 5.73092255254
228 0.653345108032 84.372874 45.412874 1.0478677 64.5 112.5 6.10865238198 69.9686615276 -70.0383966981 7.20246500778
231 0.652321100235 85.159381 46.677356 1.0274995 65.5 112.5 6.10865238198 68.6957911699 -68.8713848018 7.6620655915
234 0.654731988907 85.928298 47.908079 0.99952116 71.5 91.5 1.57079632679 45.917658473 32.731655998 3.49282375059
237 0.655303001404 86.76373 49.194484 0.95689161 88.5 134.5 1.2217304764 85.3231837987 15.1741492955 3.26217309406
240 0.653409957886 87.649962 50.387631 0.93226665 101.5 39.5 2.61799387799 17.6171524769 96.5850555742 2.18750238782
243 0.655971050262 88.570925 51.559268 0.90792052 99.5 40.5 2.61799387799 15.5483789847 97.9799860707 1.9776720606
246 0.654145956039 89.47196 52.652014 0.8832857 98.5 41.5 2.61799387799 14.3482724569 99.3914572857 6.74093619838
249 0.655162096024 90.492516 53.754021 0.83763364 97.5 42.5 2.61799387799 13.2573685428 102.00712765 8.39421019022
252 0.653558969498 91.498687 54.898001 0.81217592 96.5 43.5 2.26892802759 12.4469899381 83.4657475618 8.3433165047
255 0.653465032578 92.568948 55.94073 0.78340538 96.5 44.5 2.26892802759 12.0972506281 85.1141780782 9.44228830531
258 0.653944015503 93.547241 56.960456 0.75288469 95.5 45.5 2.26892802759 11.6256320017 86.862884803 9.6253327418
261 0.659159898758 94.620679 57.928363 0.72990952 95.5 46.5 2.26892802759 11.4621414352 88.1792650776 8.83538022793
264 0.66633105278 95.770396 58.899507 0.6896339 53.5 90.5 4.71238898038 52.776676059 -129.513111879 6.40630064797
267 0.65367102623 96.962501 59.840194 0.66858365 93.5 63.5 0.872664625997 5.03816366672 11.6929786035 4.55004701443
270 0.654253959656 98.232224 60.772339 0.64204005 95.5 63.5 0.523598775598 3.86072305625 -6.78618514337 5.52638505428
273 0.663918018341 99.416545 61.686454 0.60185601 52.5 85.5 4.71238898038 52.6141346772 -124.483809248 3.15127736037
276 0.656316041946 100.66015 62.48684 0.57932353 51.5 83.5 4.36332312999 53.4628211116 -143.192793242 2.25649154125
279 0.655820846558 101.84252 63.245661 0.55317695 99.5 65.5 0.523598775598 3.25106817482 -1.69470455892 1.40487622657
282 0.654173851013 103.2489 64.041483 0.52149049 101.5 65.5 0.523598775598 2.27726218282 0.120795866791 3.49160932517
285 0.654832839966 104.5021 64.838724 0.48902664 101.5 66.5 0.523598775598 3.43109929296 1.98083745854 6.00455132341
