183 0.291312932968 81.472606 41.653948 2.9566422 80.0148903696 89.287173227 3.06135410905 47.6555251821 5.9995504532 0
186 0.291064977646 81.600227 41.551467 2.7956666 113.09003757 82.2962258391 2.42152451624 51.4950827029 -21.4367623377 0
189 0.294231891632 81.705618 41.391179 2.6371497 13.1660412485 114.04604797 2.78872973147 99.8819481502 8.68489606151 0
192 0.29307103157 81.817002 41.340993 2.4823985 68.6159607653 130.382458257 -2.61055199622 90.0147211559 68.1954312977 0
195 0.293862819672 81.903012 41.262396 2.332631 51.2100919849 85.4727739966 1.24664024011 53.8201900931 -62.2226871319 0
198 0.294604063034 81.909487 41.089487 2.1583794 116.205369082 105.136741142 -2.29354108036 72.651622769 104.923745748 0
201 0.295379161835 81.924053 40.998223 1.9975831 50.6429291754 78.219877192 0.0436121273804 48.6205743335 -111.954290022 0
204 0.296746015549 81.960862 40.844259 1.8446809 104.812964713 71.1231820778 1.17368577256 37.9345723734 -38.445188876 0
207 0.296596050262 81.927588 40.703608 1.6857979 40.2112909537 28.2473258669 0.539470074449 43.5362883562 -65.6797463425 0
210 0.296727895737 81.924928 40.686406 1.5459903 41.8227588845 28.021299467 -0.227493843979 42.0545941755 -101.613156483 0
213 0.292606115341 81.81851 40.588718 1.3660151 80.6623221689 132.017609059 -0.471145554784 91.4362012034 -105.261551807 0
216 0.298223018646 81.824065 40.431016 1.2110526 127.745616057 74.0151671335 -1.00815375088 56.8918628527 -127.151157774 0
219 0.294930934906 82.277545 41.390368 1.1504821 15.8119139493 116.032160669 -3.13969966363 99.9453716975 114.1906916 0
222 0.291625022888 82.927041 42.739254 1.1137092 42.9524756735 64.7112212739 1.78503031328 45.6150547399 38.463866489 0
225 0.29381108284 83.677797 44.09726 1.084748 126.522734533 111.684234941 -2.90119536983 80.0230457672 131.62226753 0
228 0.297875165939 84.372874 45.412874 1.0478677 125.362838692 118.23448871 -2.10289504357 83.5653323721 179.474592546 0
231 0.293206930161 85.159381 46.677356 1.0274995 135.085200588 61.9320142701 0.606036973991 52.2043299019 -24.1480239632 0
234 0.292793989182 85.928298 47.908079 0.99952116 36.7840589303 66.3134920674 1.57897722931 52.477761613 33.2003871849 0
237 0.294799089432 86.76373 49.194484 0.95689161 129.532909895 56.0728031064 0.488107015705 43.3187490889 -26.8593787539 0
240 0.29447388649 87.649962 50.387631 0.93226665 104.870367709 114.449242159 -2.97403075493 66.3357550427 136.185645175 0
243 0.294718980789 88.570925 51.559268 0.90792052 45.5863990024 46.0670599302 -3.13797401369 43.333980024 128.187318864 0
246 0.29421710968 89.47196 52.652014 0.8832857 52.0611045738 95.1684003819 -1.57172867956 56.6322806772 -140.661962593 0
249 0.291745185852 90.492516 53.754021 0.83763364 101.022058652 118.861837213 -2.33177095679 65.9537641117 178.406493035 0
252 0.293730974197 91.498687 54.898001 0.81217592 100.609426141 111.589364651 -2.24370473436 57.4187798576 -175.089064191 0
255 0.293823003769 92.568948 55.94073 0.78340538 23.9644294425 67.4764188107 1.91768863831 69.567608 64.9896434738 0
258 0.293564081192 93.547241 56.960456 0.75288469 81.3908316441 59.4593727875 2.46720181273 12.410595213 98.2231358792 0
261 0.290618181229 94.620679 57.928363 0.72990952 56.6512124997 92.9181062858 -1.84031344093 51.6329596433 -147.262928069 0
264 0.292980909348 95.770396 58.899507 0.6896339 56.7809508001 89.0300724207 -1.74597884237 49.2750221671 -139.550330666 0
267 0.29136800766 96.962501 59.840194 0.66858365 28.1746035019 69.6019316655 2.14107207979 69.4770923719 84.3673724091 0
270 0.293560028076 98.232224 60.772339 0.64204005 78.6238348414 61.8018876793 3.03036743677 19.6353990506 136.841079358 0
