63 0.577608823776 79.890684 97.897701 -0.093381766 147.280127744 24.5198468574 -2.66800274857 99.6275393987 -147.514916147 0
66 0.564347028732 78.411812 98.037468 -0.097953665 92.0057164412 71.0505410645 -2.6879451948 30.2173536793 -148.395583632 0
69 0.562856912613 76.931086 98.162597 -0.096433306 5.57629595644 74.9924481116 1.15346968275 75.0224090634 71.6141660563 0
72 0.58021402359 75.443161 98.337547 -0.10164342 35.534037352 67.1247752743 1.01261467005 50.6653261034 63.8422858482 0
75 0.55904507637 73.912871 98.553041 -0.10292365 66.3483154502 55.0639935158 -1.91489311251 44.1420406387 -103.818202808 0
78 0.559039831161 72.413468 98.668417 -0.11145399 29.3617659247 67.6081228716 -0.728474960793 53.0866360106 -35.3526974975 0
81 0.566190004349 70.926618 98.82512 -0.11572496 84.7770350582 76.2158430424 -2.22576966169 26.5144009405 -120.896655991 0
84 0.560997962952 69.460294 99.048845 -0.12091472 125.769734916 16.4800512587 -2.77253844883 99.9417772311 -151.926848519 0
87 0.564642906189 67.984026 99.205817 -0.12024712 57.8074501826 28.1276438002 2.32580018136 71.8029901939 140.148186857 0
90 0.561244010925 66.409271 99.378533 -0.12589377 38.8231146958 62.1243576033 1.87553133759 46.3559015027 114.673211677 0
93 0.566856861115 64.97003 99.579245 -0.12534264 77.4877245062 143.504752183 -1.3276845777 45.6743128799 -68.8891185619 0
96 0.563630819321 63.450289 99.830398 -0.13542326 127.578508765 59.1020708766 -2.6107977197 75.9685803507 -141.828509255 0
99 0.566636800766 62.015499 100.01094 -0.13023941 73.1817786498 37.1138007255 -2.84519904125 63.8806381476 -155.555728419 0
102 0.560854911804 60.420275 100.24313 -0.1356293 84.7354999215 67.3808312144 2.75672709895 40.8798342029 165.719814507 0
105 0.565022945404 58.989222 100.44438 -0.14088208 38.3342147731 23.60176432 0.663146984716 79.5702011314 46.0674720141 0
108 0.564796924591 58.528509 100.58832 -0.24160345 72.6672126022 21.7809332798 1.88487519102 80.0656427016 121.838251355 0
111 0.571061134338 58.390768 100.67023 -0.3827913 72.7564751089 11.7770436827 1.46205414024 90.0464997342 105.70185758 0
114 0.570082902908 58.26024 100.80046 -0.53685502 69.4290458322 28.466605655 -0.116953126106 73.1910425402 24.0586063297 0
117 0.566666841507 58.2435 100.85046 -0.70040996 75.0818401965 9.51389441532 0.00637921283421 92.8757121823 40.4960366089 0
120 0.569569826126 58.129433 100.95873 -0.85888639 25.6045345886 37.8644068339 2.95913697321 70.9842421419 -141.243375206 0
123 0.569324016571 58.21235 101.09089 -1.0276822 129.887950596 52.3720219725 -2.77404770238 86.6655630722 -100.059372774 0
126 0.561492919922 58.152327 101.12822 -1.1869287 70.6811099239 107.604371049 1.93753797723 14.1035787645 179.018753835 0
129 0.560959100723 58.049715 101.26081 -1.3398137 44.1693387277 24.1053171544 -1.02766547992 78.394100044 17.884775593 0
132 0.56075501442 58.024835 101.49733 -1.4943786 134.399834043 65.7216307621 2.04177377568 84.3388471274 -157.393393158 0
135 0.563825130463 58.064001 101.65215 -1.6522241 120.010793707 105.603482779 1.8495951838 62.0726844706 -159.360534421 0
138 0.566684961319 58.104403 101.68885 -1.8037565 92.9611799906 35.7935030833 1.1307673812 74.5465736801 168.135833273 0
141 0.562939167023 58.177183 101.78616 -1.9584038 45.6378518453 56.805828292 1.82813274125 46.6954501677 -143.047437215 0
144 0.566617012024 58.164815 101.89412 -2.1101089 62.884459597 89.9967778289 2.82754288084 12.799288881 -77.0933922528 0
147 0.565360069275 58.333441 101.96561 -2.2758326 63.2104349537 98.2106930035 -2.45621730988 6.15503628542 -10.3352825647 0
150 0.562179088593 58.547547 101.97367 -2.4518694 59.5727047836 95.3436581297 2.38275954331 6.70880062915 -82.9961660364 0
