63 0.617199897766 52.707826 40.957156 -0.02058299 3.5 6.5 0.872664625997 60.0725040202 51.1793184568 3.90724637681
66 0.614444971085 54.31159 40.951842 -0.027308534 109.5 84.5 5.06145483078 70.3008013007 -68.4353362571 4.13855842546
69 0.614855051041 55.778879 40.909196 -0.015002614 99.5 89.5 1.57079632679 65.3651486257 90.8595864639 3.6034488879
72 0.615872859955 57.331901 40.836464 -0.018380323 24.5 91.5 1.57079632679 60.3715794335 91.053114934 2.74157610232
75 0.624378919601 58.848313 40.76075 -0.022921269 26.5 101.5 6.10865238198 68.8162033573 -8.68670802522 1.70229844699
78 0.620214939117 60.388876 40.75568 -0.012358794 55.5 117.5 2.96705972839 76.8998814096 170.708106736 4.54824802145
81 0.634268045425 61.86858 40.735896 -0.015077049 60.5 117.5 1.57079632679 76.7763028163 90.8638512752 6.22300828656
84 0.625647068024 63.333062 40.668539 -0.013920495 46.5 129.5 3.31612557879 90.4122803589 -169.202414388 3.35401550638
87 0.616245031357 64.876385 40.58717 -0.032109511 90.5 50.5 0.174532925199 27.4742396488 11.8397394625 1.68342647527
90 0.621006965637 66.44697 40.579857 -0.020157695 91.5 50.5 0.174532925199 26.9455664131 11.1549508482 3.49382101172
93 0.618493080139 67.930314 40.55804 -0.02084507 93.5 50.5 0.174532925199 27.4344930841 11.1943345347 3.33921272884
96 0.618400096893 69.414343 40.447992 -0.021831497 95.5 51.5 0.174532925199 28.3303438375 11.2508526386 2.03854508005
99 0.619108915329 70.999462 40.351868 -0.031419309 97.5 52.5 0.174532925199 29.1522833648 11.8001938009 0.653675331476
102 0.620362997055 72.481812 40.325422 -0.028226015 98.5 52.5 0.174532925199 28.7257107185 11.617231532 1.43121858353
105 0.618350982666 74.028193 40.279112 -0.026102315 100.5 52.5 0.174532925199 29.1565887812 11.495552485 1.23234591073
108 0.621254920959 75.500101 40.224463 -0.026983514 74.5 42.5 6.10865238198 2.48561273101 -8.45395853137 1.12472138082
111 0.620504140854 77.104162 40.159206 -0.035689283 76.5 42.5 6.10865238198 2.41750455484 -7.95515471025 2.9238631429
114 0.622364044189 78.584191 40.097894 -0.03659834 77.5 42.5 6.10865238198 2.63544746859 -7.90306958082 3.83830282478
117 0.619400024414 80.1084 40.071744 -0.024096447 79.5 41.5 0.174532925199 1.55243864985 11.3806247144 6.29163547653
120 0.620548963547 80.881063 40.047709 -0.06972902 79.5 42.5 6.10865238198 2.81443887101 -6.00482144442 4.32082246247
123 0.617491006851 80.819811 40.085383 -0.20196514 79.5 41.5 6.10865238198 1.934694377 1.57175013077 3.1535496384
126 0.621388912201 80.673305 40.189426 -0.34415967 79.5 41.5 6.10865238198 1.75904770615 9.71889656962 2.96883265476
129 0.620687961578 80.559381 40.228255 -0.49611957 79.5 41.5 5.75958653158 1.65518079018 -1.57444250515 5.98564951152
132 0.625372171402 80.474435 40.358509 -0.64523249 79.5 41.5 5.75958653158 1.50084152138 6.96909848172 6.10214469511
135 0.620834827423 80.446897 40.445937 -0.81868337 79.5 42.5 5.41052068118 2.26181094183 -3.09289814145 7.22757037257
138 0.616396903992 80.377523 40.602704 -0.97166139 79.5 42.5 5.41052068118 2.09040157079 5.67209676282 7.5025404409
141 0.621285915375 80.303277 40.677658 -1.1291983 79.5 42.5 5.41052068118 1.99152813279 14.6982968233 3.11113263443
144 0.619606971741 80.24067 40.836497 -1.2914427 79.5 42.5 5.41052068118 1.82094323907 23.994216193 2.90529930229
147 0.621735095978 80.334643 40.99259 -1.4510482 79.5 42.5 5.06145483078 1.72305363978 13.1389377301 2.70078362721
150 0.622354030609 80.305505 41.173119 -1.6076845 79.5 42.5 4.71238898038 1.55224079742 2.1135366386 1.10551153873
153 0.621973991394 80.260339 41.240273 -1.7630876 78.5 42.5 4.71238898038 2.16464904995 11.0174783918 0.583655440484
156 0.618084907532 80.351916 41.337649 -1.9138236 79.5 41.5 4.36332312999 0.867247783656 -0.345984987467 0.515743572319
159 0.62038898468 80.458888 41.424429 -2.0695544 78.5 42.5 4.36332312999 2.2347472279 8.57673259273 2.42669545541
162 0.617985010147 80.580246 41.530351 -2.2462491 79.5 41.5 4.01425727959 1.08067229247 -1.29940683494 0.406094698961
165 0.618181943893 80.700832 41.575869 -2.3973477 79.5 41.5 3.66519142919 1.20322632841 -12.6420947646 1.32049440682
168 1.67419505119 80.863789 41.557834 -2.56541 79.5 41.5 3.66519142919 1.36501472815 -3.01283427934 0.305160632588
171 0.616451978683 80.910142 41.637692 -2.7112414 78.5 42.5 3.66519142919 2.55975771256 5.34268946114 1.86616372788
174 0.615661859512 81.000304 41.730578 -2.863125 78.5 42.5 3.66519142919 2.61601420227 14.0449787184 3.17837887248
177 0.616132974625 81.313486 41.614906 -3.0334876 78.5 42.5 3.31612557879 2.94942280133 3.80603668527 2.12509478566
180 0.61745095253 81.419836 41.643078 3.1037871 78.5 42.5 3.31612557879 3.04298497876 12.1660986629 1.66422978944
183 0.614285230637 81.472606 41.653948 2.9566422 79.5 42.5 2.96705972839 2.14638729449 0.596880409725 1.47919446954
186 0.614673137665 81.600227 41.551467 2.7956666 78.5 43.5 2.96705972839 3.66171930978 9.82010289431 2.22431191203
189 0.615367889404 81.705618 41.391179 2.6371497 78.5 43.5 2.96705972839 3.83707085835 18.9024522458 0.981043086208
192 0.621042966843 81.817002 41.340993 2.4823985 78.5 43.5 2.61799387799 3.95775359188 7.76904288039 2.31037299507
195 0.617338895798 81.903012 41.262396 2.332631 79.5 43.5 2.61799387799 3.28349483523 16.3500885386 0.966301166599
198 0.616505861282 81.909487 41.089487 2.1583794 79.5 43.5 2.26892802759 3.40825476253 6.33396979202 2.74769758313
201 0.616613864899 81.924053 40.998223 1.9975831 79.5 43.5 2.26892802759 3.48352136559 15.5469191433 2.39211387686
204 0.618209123611 81.960862 40.844259 1.8446809 79.5 43.5 1.91986217719 3.62060796582 4.30756988161 1.97086804453
207 0.617354869843 81.927588 40.703608 1.6857979 79.5 42.5 1.57079632679 3.01996816463 -6.58910478202 1.36401510724
210 0.618088006973 81.924928 40.686406 1.5459903 79.5 43.5 1.57079632679 3.71437572171 1.42128064184 1.49748569317
213 0.618446111679 81.81851 40.588718 1.3660151 79.5 42.5 1.2217304764 3.00474416609 -8.26689998114 3.43702443373
216 0.618388175964 81.824065 40.431016 1.2110526 79.5 43.5 1.2217304764 3.84966763714 0.611797251655 5.43232524628
219 0.618535041809 82.277545 41.390368 1.1504821 80.5 44.5 1.2217304764 3.58182598718 4.08223126465 6.47510323091
222 0.616050958633 82.927041 42.739254 1.1137092 81.5 48.5 1.2217304764 5.93486651006 6.18916323511 4.28235641417
225 0.616015911102 83.677797 44.09726 1.084748 81.5 46.5 0.872664625997 3.24283198467 -12.1514822353 4.82086995612
