63 3.59537410736 79.890684 97.897701 -0.093381766 49.0384239001 118.361385289 0.17693777053 37.0219438703 15.4881685631 0
66 3.46122598648 78.411812 98.037468 -0.097953665 12.304122185 144.318333861 -0.301958561628 80.6978636488 -11.6886195768 0
69 3.38410997391 76.931086 98.162597 -0.096433306 106.909859183 2.76649196315 2.45594806476 99.9957183972 146.240680253 0
72 3.15924906731 75.443161 98.337547 -0.10164342 45.1421961084 39.3770347495 -3.02168321366 66.2909532154 -167.305956187 0
75 3.12794089317 73.912871 98.553041 -0.10292365 56.9305721105 54.2796361881 1.40949471992 47.4186972534 86.6551894544 0
78 3.13347005844 72.413468 98.668417 -0.11145399 138.925722916 129.966932081 3.14016234304 73.5083471469 -173.696107521 0
81 3.11588788033 70.926618 98.82512 -0.11572496 56.5923154984 91.3391800206 -1.35026926627 16.1713179915 -70.7341783712 0
84 3.10848498344 69.460294 99.048845 -0.12091472 53.7681306318 93.3682387201 -1.46697024337 16.6887171131 -77.1233004794 0
87 3.0769469738 67.984026 99.205817 -0.12024712 53.6424250897 94.7880598688 -1.3734159651 15.0066017053 -71.8012858413 0
90 3.14934802055 66.409271 99.378533 -0.12589377 100.622000316 10.8671266145 1.99487166543 94.8935187859 121.510908788 0
93 3.09882497787 64.97003 99.579245 -0.12534264 34.5998873658 75.9853592826 1.6584127082 38.4579901563 102.201653136 0
96 3.08120894432 63.450289 99.830398 -0.13542326 7.96432607878 83.454845785 1.16949133156 57.8519731007 74.7660987216 0
99 3.09059214592 62.015499 100.01094 -0.13023941 127.886647792 101.785234082 -1.6791368127 65.8950405014 -88.7452840736 0
102 3.12489700317 60.420275 100.24313 -0.1356293 9.4790258 78.7178101249 1.47688114338 55.3023531668 92.3900428262 0
105 3.10683393478 58.989222 100.44438 -0.14088208 39.5521868038 25.2975182684 0.506030003996 77.6199018637 37.065332129 0
108 3.13712906837 58.528509 100.58832 -0.24160345 38.8085680909 27.1710295275 -0.107044883991 76.0195672823 7.70963792964 0
111 3.1439769268 58.390768 100.67023 -0.3827913 28.9050958407 74.1667725682 1.43611821882 39.6464136906 104.215838745 0
114 3.15165400505 58.26024 100.80046 -0.53685502 43.9536222542 104.377554984 -1.97455515801 14.7470308825 -82.3741501132 0
117 3.19205379486 58.2435 100.85046 -0.70040996 79.0744321309 9.59117404982 -0.607084696388 93.6065436045 5.34714372692 0
120 3.195499897 58.129433 100.95873 -0.85888639 90.6424070689 90.6909069098 3.01509223456 34.0957720812 -138.037374889 0
123 3.5015130043 58.21235 101.09089 -1.0276822 79.7921315862 16.4723838956 -0.0971166119388 87.3268489564 53.317480756 0
126 3.29427194595 58.152327 101.12822 -1.1869287 43.6350581745 30.657985985 -0.864779373297 71.9500172084 18.457796793 0
129 3.41814398766 58.049715 101.26081 -1.3398137 11.6997431655 43.8920799855 -1.54475001088 73.7529055193 -11.7419856823 0
132 3.42424416542 58.024835 101.49733 -1.4943786 41.4616685345 105.799720103 -2.92486744311 17.1128327275 -81.9609733509 0
135 3.34719491005 58.064001 101.65215 -1.6522241 57.8262976874 104.229539776 -1.85754530848 2.58832782376 -11.7640386903 0
138 3.16538190842 58.104403 101.68885 -1.8037565 9.2596688372 41.7077123119 -1.72035212729 77.3533770032 4.77871854917 0
141 3.29642391205 58.177183 101.78616 -1.9584038 58.1644480889 103.13091814 -1.94786854389 1.34481843845 0.603625711207 0
144 3.57746601105 58.164815 101.89412 -2.1101089 57.9586127605 103.590810907 -2.11383848173 1.70917506363 -0.213689292272 0
147 3.31876206398 58.333441 101.96561 -2.2758326 11.0467946127 42.2058777503 -2.31111996545 76.2053313432 -2.02181711026 0
150 3.4232840538 58.547547 101.97367 -2.4518694 13.4862878566 43.1370512311 -2.54369904558 74.1098157044 -5.26145112573 0
153 3.41098403931 58.609003 102.09152 -2.5989269 12.1080932164 43.0220418222 -2.60594172647 75.1767109077 -0.40191995076 0
156 3.35352396965 58.561869 102.14088 -2.6173282 13.4754273433 46.0467316654 -2.64606859781 71.967636467 -1.64670349625 0
159 3.2960460186 58.51155 102.01626 -2.5045701 9.33230340661 42.7281441942 -2.48635815761 77.0303769386 1.04346743543 0
162 3.40194582939 58.437648 101.90068 -2.3721379 10.7753607765 43.5923033931 -2.36197477883 75.3097630185 0.582303949606 0
165 3.42142486572 58.147744 101.95537 -2.2082701 9.89191776117 41.8669762483 -2.27020486265 77.0664637158 -3.54860050506 0
168 3.35665893555 58.037351 101.82492 -2.0566813 10.9877984812 43.7029105283 -2.01434427481 74.7785288519 2.42573286056 0
171 3.33766102791 57.944091 101.71587 -1.9011295 10.8886155316 44.1337286267 -1.85574039464 74.3634370958 2.60060417313 0
174 3.17292904854 57.908577 101.57431 -1.7585036 11.5540745867 42.282725393 -1.92325027776 75.261091536 -9.43928932429 0
177 3.26952505112 57.841285 101.40683 -1.6171883 12.53583304 43.1780758821 -1.64254126407 73.7778542886 -1.4526178395 0
180 3.51359200478 57.86028 101.30305 -1.4556073 9.06073374719 42.0585110017 -1.45410422053 76.7548768196 0.086120110079 0
183 3.23594498634 57.788579 101.03213 -1.3093986 9.90281736581 42.2756012843 -1.25407212771 75.7982574602 3.16997335734 0
186 3.22367882729 57.852229 100.87925 -1.1701135 9.01510117577 43.679776749 -1.02239711828 75.2119990049 8.46352523724 0
189 3.36066198349 57.956865 100.8248 -1.0236231 8.3165811818 43.8473182732 -0.949751433352 75.5684537455 4.23253472455 0
192 3.3455388546 57.906072 100.67156 -0.85835482 10.3780886874 43.327166675 -0.891102462319 74.4801224729 -1.87630169388 0
195 3.19422197342 57.990597 100.53155 -0.72265365 10.8336870799 42.1682845965 -0.858257011431 75.0336251408 -7.76950029778 0
198 3.137196064 58.042848 100.37669 -0.56279892 11.5977391468 42.2936491697 -0.616254935774 74.3692662898 -3.06280409345 0
201 3.58879899979 58.157277 100.32166 -0.41301063 93.6843650243 49.0475810225 0.103809018666 62.3795251544 29.611584638 0
204 3.09486794472 58.686264 100.08548 -0.29965148 92.9952185224 51.1003835421 0.1448557036 59.80505025 25.4683855835 0
207 3.12676787376 59.980629 99.666017 -0.30408986 14.3372884064 42.3464721655 -0.562369475911 73.2724010838 -14.798331926 0
210 3.070114851 61.363687 99.173884 -0.32636207 55.7473239615 105.54413241 -0.289361551926 8.492561368 2.11997352546 0
213 3.08894109726 62.885593 98.69498 -0.37512441 60.520822218 101.030042663 -0.23165633642 3.32335049196 8.22011511099 0
216 3.08672213554 64.287236 98.118834 -0.4012694 96.8805540101 53.6682299651 0.201085546692 55.1196931955 34.5123962143 0
219 3.20249390602 66.572969 97.068508 -0.44319642 63.7592046182 98.5227072375 -0.320024487632 3.16732780412 7.05723187914 0
222 4.34727096558 67.896132 96.441291 -0.47211549 65.7225277252 98.3299356435 -0.403246943989 2.87950241063 3.94587702765 0
225 3.07392001152 69.150612 95.708615 -0.49267498 65.9733402279 98.4105131619 -0.479762332331 4.17076846529 0.739840213801 0
