243 2.60104417801 88.570925 51.559268 0.90792052 3.5 8.5 0.741764932098 95.3475895922 -9.52001392932 1.7763568394e-15
246 2.60400390625 89.47196 52.652014 0.8832857 18.5 70.5 0.741764932098 73.1817580446 -8.10854271426 4.85969289142
249 2.62069821358 90.492516 53.754021 0.83763364 20.5 71.5 6.06501915068 72.2071469224 -60.4928723502 6.8318067401
252 2.60246610641 91.498687 54.898001 0.81217592 22.5 70.5 6.15228561328 70.7406614368 -54.0342524382 7.95413382193
255 2.60206699371 92.568948 55.94073 0.78340538 26.5 68.5 1.87622894589 67.2520717358 62.6141780782 11.0406452518
258 2.60035800934 93.547241 56.960456 0.75288469 26.5 70.5 2.22529479629 68.4006708844 84.362884803 11.4927545702
261 2.60738611221 94.620679 57.928363 0.72990952 25.5 71.5 2.22529479629 70.4404542595 85.6792650776 12.5156347186
264 2.60891509056 95.770396 58.899507 0.6896339 24.5 69.5 4.58148928649 72.0544224725 -137.013111879 9.06385241915
267 2.61317491531 96.962501 59.840194 0.66858365 52.5 94.5 3.88335758569 56.3756698154 -175.807021396 6.92742964072
270 2.59618401527 98.232224 60.772339 0.64204005 34.5 141.5 2.31256125889 102.853058421 95.7138148566 10.7539026109
273 2.60149097443 99.416545 61.686454 0.60185601 50.5 94.5 2.22529479629 58.9029470895 93.0161907524 5.85282109453
276 2.60464596748 100.66015 62.48684 0.57932353 51.5 84.5 4.40695636129 53.8637128428 -140.692793242 4.49074087763
279 2.61315202713 101.84252 63.245661 0.55317695 87.5 100.5 2.39982772149 39.9198403589 105.805295441 3.37737260687
282 2.60341095924 103.2489 64.041483 0.52149049 86.5 102.5 2.31256125889 41.9473858667 102.620795867 3.47649103194
285 2.60010695457 104.5021 64.838724 0.48902664 85.5 104.5 2.13802833369 43.9783653443 94.4808374585 5.10076421534
288 2.60053992271 105.89753 65.50297 0.45749312 84.5 106.5 2.13802833369 46.2451160548 96.2875750677 6.67276916968
291 2.5968170166 107.23441 66.106065 0.425495 83.5 107.5 2.22529479629 47.7156166557 103.120932296 6.21873426393
294 2.5992500782 108.62185 66.694881 0.38650919 82.5 108.5 2.22529479629 49.2952231157 105.35465467 5.84599513091
297 2.60007405281 110.08086 67.251857 0.35533208 97.5 62.5 6.15228561328 13.4483524377 -27.8590285096 6.04430513956
300 2.60473489761 111.50781 67.766864 0.33459052 98.5 62.5 6.23955207588 14.0336373542 -21.6706246611 4.85610165321
303 2.60802817345 112.87691 68.182524 0.30685182 100.5 62.5 6.23955207588 13.6190667874 -20.0813142219 4.4057904538
306 2.60596489906 114.36462 68.651393 0.28808498 101.5 63.5 6.15228561328 13.8576800939 -24.0060534951 4.87909719201
309 2.59465003014 115.83449 69.001579 0.25083859 104.5 62.5 6.06501915068 13.0667973526 -26.871992546 7.15687065959
312 2.60113382339 117.19736 69.329841 0.23044123 105.5 61.5 6.06501915068 14.076030728 -25.7033099048 7.79901891331
315 2.60337686539 117.78731 69.484411 0.20147117 106.5 61.5 6.06501915068 13.8258520914 -24.0434477346 10.461043265
318 2.60732483864 116.42938 69.228806 0.13415298 105.5 61.5 5.89048622548 13.3860296343 -30.1863995631 12.8493154747
321 2.60305213928 114.80773 69.128985 0.0979988 104.5 61.5 5.89048622548 12.8238336656 -28.1149176373 6.66678281895
324 2.58894896507 113.35769 69.056433 0.067460522 101.5 62.5 5.89048622548 13.5495987328 -26.3652031943 7.95544863741
327 2.60785293579 111.81488 68.96352 0.032275621 100.5 63.5 5.80321976288 12.5648939592 -29.3492568645 6.83022083243
330 2.60638284683 110.29576 68.94659 -0.0039959963 109.5 69.5 0.218166156499 0.969276330929 12.7289537229 8.30465001948
333 2.60825514793 108.74459 69.016615 -0.039899491 107.5 69.5 0.218166156499 1.33516490604 14.786072439 5.59373226539
336 2.5990819931 107.27384 69.125159 -0.081381225 106.5 70.5 0.1308996939 1.57766159898 12.1628007241 3.88808216012
339 2.58885097504 105.77123 69.311189 -0.11875782 104.5 69.5 0.1308996939 1.28517520464 14.3043218702 5.74519502834
342 2.60613894463 104.23308 69.487176 -0.13593074 103.5 69.5 0.1308996939 0.733192158561 15.2882577081 5.54007167921
345 2.60692214966 102.67844 69.809947 -0.17996689 101.5 70.5 0.0436332312999 1.36561120983 12.8113432491 6.09189953346
348 2.60336899757 101.19539 70.111952 -0.20894349 100.5 71.5 6.23955207588 1.55249621655 9.47158013373 2.73767053311
351 2.59710693359 99.695937 70.47501 -0.24032587 98.5 71.5 6.23955207588 1.57507771493 11.2696580588 3.3332807705
354 2.61080503464 98.200311 70.897104 -0.28344925 96.5 71.5 6.23955207588 1.80403466805 13.7404457311 5.47705914194
357 2.60680508614 96.614615 71.415819 -0.3144709 95.5 73.5 6.06501915068 2.36350947512 5.51785534968 5.10197307375
360 2.60773086548 95.216051 71.909445 -0.34657274 94.5 73.5 6.06501915068 1.74430336886 7.35715529628 5.66420500216
363 2.60158705711 93.790761 72.497598 -0.38120404 92.5 75.5 5.89048622548 3.26810063014 -0.658617374664 5.53491676612
366 2.60244393349 92.417114 73.016357 -0.35870282 90.5 75.5 5.97775268808 3.13748444465 3.05215768544 6.55474910354
369 2.60387611389 91.055309 73.519772 -0.33819517 89.5 75.5 5.97775268808 2.5179930535 1.87715589271 4.6204041695
372 2.61692690849 89.614615 74.074076 -0.31837694 88.5 75.5 5.97775268808 1.80986901515 0.74165495629 5.31248379537
375 2.59576296806 88.314109 74.556366 -0.29979055 86.5 76.5 5.97775268808 2.65870355434 -0.323266747094 6.29302055632
378 2.64871191978 86.88131 74.994533 -0.2764152 85.5 76.5 6.06501915068 2.04314664285 3.33742435326 7.53179015397
381 2.62602496147 85.443672 75.387112 -0.25727157 83.5 77.5 6.06501915068 2.87091562818 2.2405751497 2.92656672333
384 2.60489606857 84.055287 75.832526 -0.23267107 82.5 77.5 6.06501915068 2.28021647943 0.831070325793 4.91944417126
387 2.60592913628 82.664555 76.128737 -0.22389476 80.5 76.5 6.15228561328 2.19616360119 5.32822480309 2.38603206476
390 2.59550595284 81.173968 76.455415 -0.20673661 79.5 77.5 6.15228561328 1.9731514608 4.34513522384 5.57610031274
393 2.60552787781 79.819657 76.754609 -0.1833313 77.5 77.5 6.23955207588 2.43647621382 8.00410974265 8.29008191336
396 2.59686899185 78.325485 77.027059 -0.15611548 76.5 77.5 6.23955207588 1.88575413952 6.44475812066 5.62838084917
399 2.61669802666 76.892215 77.264525 -0.13798763 74.5 77.5 0.0436332312999 2.40377642094 10.406108824 4.87302046702
402 2.601541996 75.420868 77.548324 -0.12557438 72.5 77.5 0.0436332312999 2.92126771837 9.69488198897 5.42091245448
405 2.60793995857 73.926916 77.691819 -0.097717287 71.5 77.5 0.0436332312999 2.4344847093 8.09878813057 4.90907936777
