243 1.30548000336 88.570925 51.559268 0.90792052 2.5 8.5 1.65806278939 96.2408680917 42.9799860707 1.7763568394e-15
246 1.30425596237 89.47196 52.652014 0.8832857 17.5 42.5 1.65806278939 72.6844303445 44.3914572857 2.79660556632
249 1.30684614182 90.492516 53.754021 0.83763364 20.5 70.5 6.19591884458 71.9679102703 -52.9928723502 5.81937304788
252 1.30845093727 91.498687 54.898001 0.81217592 22.5 69.5 0.261799387799 70.5268543359 -31.5342524382 6.76809612002
255 1.30497503281 92.568948 55.94073 0.78340538 26.5 68.5 1.83259571459 67.2520717358 60.1141780782 9.75960983341
258 1.30646491051 93.547241 56.960456 0.75288469 26.5 69.5 2.00712863979 68.2097697507 71.862884803 10.3064529711
261 1.30912685394 94.620679 57.928363 0.72990952 25.5 70.5 1.83259571459 70.2546391513 63.1792650776 9.7337521246
264 1.34860181808 95.770396 58.899507 0.6896339 24.5 69.5 4.45058959259 72.0544224725 -144.513111879 9.5499207505
267 1.3040189743 96.962501 59.840194 0.66858365 35.5 141.5 2.53072741539 102.205493713 106.692978604 8.01985968814
270 1.30321788788 98.232224 60.772339 0.64204005 34.5 141.5 2.35619449019 102.853058421 98.2138148566 8.67145472211
273 1.30317091942 99.416545 61.686454 0.60185601 91.5 37.5 4.45058959259 25.4490911789 -139.483809248 6.3274999706
276 1.32557892799 100.66015 62.48684 0.57932353 51.5 84.5 4.45058959259 53.8637128428 -138.192793242 5.24669794109
279 1.31008696556 101.84252 63.245661 0.55317695 87.5 100.5 2.35619449019 39.9198403589 103.305295441 3.9666391933
282 1.30815196037 103.2489 64.041483 0.52149049 86.5 102.5 2.35619449019 41.9473858667 105.120795867 3.80405458309
285 1.31147003174 104.5021 64.838724 0.48902664 85.5 104.5 2.18166156499 43.9783653443 96.9808374585 5.50481696726
288 1.31311392784 105.89753 65.50297 0.45749312 84.5 106.5 2.18166156499 46.2451160548 98.7875750677 6.9113401041
291 1.30370402336 107.23441 66.106065 0.425495 83.5 107.5 2.18166156499 47.7156166557 100.620932296 6.09288948773
294 1.33560585976 108.62185 66.694881 0.38650919 81.5 108.5 2.18166156499 49.8323461421 102.85465467 5.86662629601
297 1.30554103851 110.08086 67.251857 0.35533208 97.5 62.5 6.19591884458 13.4483524377 -25.3590285096 6.62540818326
300 1.32724094391 111.50781 67.766864 0.33459052 98.5 63.5 6.19591884458 13.6897497928 -24.1706246611 5.33041867904
303 1.31111001968 112.87691 68.182524 0.30685182 100.5 63.5 6.19591884458 13.2330620855 -22.5813142219 4.8002950161
306 1.30716609955 114.36462 68.651393 0.28808498 101.5 63.5 6.19591884458 13.8576800939 -21.5060534951 5.066641399
309 1.30942797661 115.83449 69.001579 0.25083859 104.5 61.5 6.19591884458 13.5920694176 -19.371992546 7.11720965697
312 1.3067150116 117.19736 69.329841 0.23044123 21.5 18.5 2.70526034059 108.358928783 141.796690095 8.04089583506
315 1.31281685829 117.78731 69.484411 0.20147117 106.5 61.5 6.02138591938 13.8258520914 -26.5434477346 10.2295116013
318 1.30517601967 116.42938 69.228806 0.13415298 22.5 18.5 2.53072741539 106.752705752 137.313600437 12.1141661203
321 1.3056499958 114.80773 69.128985 0.0979988 104.5 61.5 5.84685299418 12.8238336656 -30.6149176373 6.00180274253
324 1.29985404015 113.35769 69.056433 0.067460522 89.5 120.5 2.70526034059 56.7065248258 151.134796806 5.66086952332
327 1.30732989311 111.81488 68.96352 0.032275621 100.5 63.5 5.67232006898 12.5648939592 -36.8492568645 4.77243086328
330 1.31056499481 110.29576 68.94659 -0.0039959963 28.5 14.5 2.35619449019 98.2597451483 135.228953723 6.54174271439
333 1.30480384827 108.74459 69.016615 -0.039899491 102.5 119.5 1.308996939 50.8681340854 77.286072439 4.12212970355
336 1.30733513832 107.27384 69.125159 -0.081381225 106.5 70.5 0.0872664625997 1.57766159898 9.6628007241 2.73478631349
339 1.30414795876 105.77123 69.311189 -0.11875782 104.5 70.5 0.0872664625997 1.74048766345 11.8043218702 3.54114342848
342 1.31208992004 104.23308 69.487176 -0.13593074 103.5 70.5 0.0872664625997 1.2502874635 12.7882577081 3.83971331314
345 1.30634212494 102.67844 69.809947 -0.17996689 101.5 70.5 0.0872664625997 1.36561120983 15.3113432491 7.19636306857
348 1.30757904053 101.19539 70.111952 -0.20894349 100.5 70.5 0.0872664625997 0.796334416187 16.9715801337 2.87546908425
351 1.30442094803 99.695937 70.47501 -0.24032587 98.5 70.5 0.0872664625997 1.1961980639 18.7696580588 3.41114031479
354 1.30958604813 98.200311 70.897104 -0.28344925 96.5 70.5 0.0872664625997 1.74606674659 21.2404457311 4.33982893338
357 1.30755400658 96.614615 71.415819 -0.3144709 95.5 70.5 0.0872664625997 1.44259871031 23.0178553497 4.55779386246
360 1.30934405327 95.216051 71.909445 -0.34657274 94.5 70.5 0.0872664625997 1.58090614605 24.8571552963 5.13724293213
363 1.31076812744 93.790761 72.497598 -0.38120404 91.5 70.5 0.0872664625997 3.03940516034 26.8413826253 5.93782196659
366 1.30953788757 92.417114 73.016357 -0.35870282 91.5 76.5 5.84685299418 3.60234182726 -4.44784231456 6.56404084226
369 1.3144030571 91.055309 73.519772 -0.33819517 89.5 75.5 6.02138591938 2.5179930535 4.37715589271 4.12975371465
372 1.30602502823 89.614615 74.074076 -0.31837694 88.5 75.5 6.02138591938 1.80986901515 3.24165495629 5.08277022699
375 1.30697083473 88.314109 74.556366 -0.29979055 86.5 76.5 6.02138591938 2.65870355434 2.17673325291 5.78304285024
378 1.30586981773 86.88131 74.994533 -0.2764152 85.5 76.5 6.02138591938 2.04314664285 0.837424353265 6.51189420995
381 1.31019711494 85.443672 75.387112 -0.25727157 83.5 77.5 6.02138591938 2.87091562818 -0.259424850295 5.2575342555
384 1.31020092964 84.055287 75.832526 -0.23267107 82.5 77.5 6.02138591938 2.28021647943 -1.66892967421 4.08477098644
387 1.31180882454 82.664555 76.128737 -0.22389476 80.5 76.5 6.19591884458 2.19616360119 7.82822480309 2.33324005246
390 1.30979895592 81.173968 76.455415 -0.20673661 79.5 78.5 6.02138591938 2.64244142551 -3.15486477616 5.33443385258
393 1.31545996666 79.819657 76.754609 -0.1833313 77.5 79.5 6.02138591938 3.59415919799 -4.49589025735 7.90232018952
396 1.3004360199 78.325485 77.027059 -0.15611548 76.5 80.5 6.02138591938 3.92348246775 -6.05524187934 5.3300187415
399 1.30944395065 76.892215 77.264525 -0.13798763 74.5 79.5 6.19591884458 3.27414738243 2.90610882401 4.51319136678
402 1.30405712128 75.420868 77.548324 -0.12557438 73.5 79.5 6.19591884458 2.73838877488 2.19488198897 4.99790927393
405 1.30907583237 73.926916 77.691819 -0.097717287 71.5 79.5 6.19591884458 3.02645664099 0.598788130569 4.41096694037
