63 0.73486995697 79.890684 97.897701 -0.093381766 3.5 2.5 1.91986217719 122.213984298 115.350381075 3.9884057971
66 0.675911903381 78.411812 98.037468 -0.097953665 27.5 110.5 1.2217304764 52.4149530666 75.6123315923 3.05558643257
69 0.639671087265 76.931086 98.162597 -0.096433306 48.5 76.5 3.31612557879 35.7434575821 -164.474778562 3.64080317088
72 0.642363071442 75.443161 98.337547 -0.10164342 142.5 88.5 2.96705972839 67.7746042973 175.823738981 4.54989732518
75 0.673601150513 73.912871 98.553041 -0.10292365 77.5 37.5 6.10865238198 61.1583298481 -4.10290924292 5.21997162384
78 0.712893009186 72.413468 98.668417 -0.11145399 76.5 37.5 6.10865238198 61.3047712831 -3.61415676311 7.38208510413
81 0.658535957336 70.926618 98.82512 -0.11572496 15.5 89.5 1.57079632679 56.2055855403 96.6305517923 3.03249473996
84 0.671231985092 69.460294 99.048845 -0.12091472 73.5 37.5 6.10865238198 61.6812738633 -3.07209686299 7.12792141639
87 0.661635160446 67.984026 99.205817 -0.12024712 54.5 93.5 4.71238898038 14.6415608733 -83.1103475254 3.119236236
90 0.667047977448 66.409271 99.378533 -0.12589377 52.5 26.5 6.10865238198 74.1939916165 -2.78681831201 6.81778834737
93 0.658938884735 64.97003 99.579245 -0.12534264 50.5 21.5 0.174532925199 79.4087543535 17.181604265 3.05069307295
96 0.661363840103 63.450289 99.830398 -0.13542326 49.5 26.5 6.10865238198 74.6455479853 -2.2408187541 7.39682381797
99 0.659363985062 62.015499 100.01094 -0.13023941 59.5 100.5 6.10865238198 2.56259924737 -2.53783148073 10.5616409226
102 0.665909051895 60.420275 100.24313 -0.1356293 58.5 100.5 6.10865238198 1.93737922786 -2.22901353169 6.467600646
105 0.658466100693 58.989222 100.44438 -0.14088208 56.5 96.5 0.174532925199 4.66415691735 18.071948593 2.66727590046
108 0.667408943176 58.528509 100.58832 -0.24160345 56.5 100.5 6.10865238198 2.03043078815 3.8428580008 2.46196487889
111 0.664906024933 58.390768 100.67023 -0.3827913 56.5 97.5 6.10865238198 3.69125478431 11.9323259243 2.06622894576
114 0.660113811493 58.26024 100.80046 -0.53685502 56.5 97.5 6.10865238198 3.74051882353 20.7595268564 1.69427281251
117 0.662350893021 58.2435 100.85046 -0.70040996 56.5 97.5 6.10865238198 3.77695306585 30.1305346369 3.94518559194
120 1.77800798416 58.129433 100.95873 -0.85888639 56.5 98.5 5.75958653158 2.94964491327 19.2105652282 1.24410775447
123 0.661996841431 58.21235 101.09089 -1.0276822 56.5 98.5 5.75958653158 3.10561644679 28.8818527407 1.12227378659
126 0.663467884064 58.152327 101.12822 -1.1869287 56.5 99.5 5.41052068118 2.31975966068 18.0060050929 0.821610262587
129 0.661711931229 58.049715 101.26081 -1.3398137 56.5 101.5 5.06145483078 1.56806518912 6.76567034381 0.777408166815
132 0.665731906891 58.024835 101.49733 -1.4943786 56.5 100.5 5.06145483078 1.8220287885 15.6215867747 0.672565383161
135 0.697489976883 58.064001 101.65215 -1.6522241 56.5 101.5 4.71238898038 1.57138434207 4.6654677398 0.715113085909
138 0.679646968842 58.104403 101.68885 -1.8037565 56.5 101.5 4.36332312999 1.61547928149 -6.65236528071 0.578749344287
141 0.663154125214 58.177183 101.78616 -1.9584038 56.5 101.5 4.36332312999 1.70142010129 2.20827232238 0.641971328935
144 0.659955978394 58.164815 101.89412 -2.1101089 56.5 101.5 4.36332312999 1.71083007883 10.900334283 0.513553671196
147 0.67799115181 58.333441 101.96561 -2.2758326 55.5 101.5 4.01425727959 2.87144224608 0.395602858285 1.41503395974
150 0.66243314743 58.547547 101.97367 -2.4518694 55.5 101.5 4.01425727959 3.08413780271 10.4817685373 2.76439035172
153 0.675676822662 58.609003 102.09152 -2.5989269 55.5 101.5 3.66519142919 3.16477417273 -1.09245736698 5.58366918103
156 0.663252830505 58.561869 102.14088 -2.6173282 56.5 97.5 2.96705972839 5.07829409818 -40.0381405394 5.45748785714
159 0.680145025253 58.51155 102.01626 -2.5045701 55.5 101.5 3.66519142919 3.05547996068 -6.49870377534 7.85373051245
162 0.664324045181 58.437648 101.90068 -2.3721379 56.5 96.5 3.31612557879 5.73775428494 -34.086509907 6.97482694957
165 0.667309999466 58.147744 101.95537 -2.2082701 56.5 96.5 3.31612557879 5.69878251265 -43.4754432451 5.94058890718
168 0.663357973099 58.037351 101.82492 -2.0566813 56.5 96.5 3.66519142919 5.54240210591 -32.1608417065 5.13540800667
171 0.665052890778 57.944091 101.71587 -1.9011295 56.5 96.5 3.66519142919 5.41208819895 -41.0733033422 1.7596757927
174 0.663367986679 57.908577 101.57431 -1.7585036 56.5 96.5 4.01425727959 5.26618563488 -29.2451654614 1.50361017583
177 0.664011001587 57.841285 101.40683 -1.6171883 56.5 96.5 4.01425727959 5.08684834648 -37.3419357321 1.43904479259
180 0.666300058365 57.86028 101.30305 -1.4556073 56.5 96.5 4.36332312999 4.99195863173 -26.5998450816 1.21556759009
183 0.662540912628 57.788579 101.03213 -1.3093986 56.5 96.5 4.36332312999 4.71175531794 -34.9769865197 1.24933617744
186 0.661683082581 57.852229 100.87925 -1.1701135 56.5 96.5 4.36332312999 4.58326890232 -42.9574348987 0.981250660312
189 0.663876056671 57.956865 100.8248 -1.0236231 56.5 96.5 4.71238898038 4.56358966913 -31.3507165579 1.21900104985
192 0.6648478508 57.906072 100.67156 -0.85835482 56.5 97.5 4.71238898038 3.46926956329 -40.8198914893 2.55439792329
195 1.76907205582 57.990597 100.53155 -0.72265365 56.5 96.5 5.06145483078 4.29828742861 -28.5949958053 3.30259912729
198 0.662220954895 58.042848 100.37669 -0.56279892 56.5 96.5 5.41052068118 4.17242199534 -17.7539971695 1.56732357762
201 0.659469127655 58.157277 100.32166 -0.41301063 56.5 97.5 5.41052068118 3.27235881442 -26.336234007 1.61006946326
204 0.659723043442 58.686264 100.08548 -0.29965148 56.5 96.5 5.41052068118 4.19945438219 -32.8312348712 1.07642523891
207 0.658694028854 59.980629 99.666017 -0.30408986 56.5 100.5 0.174532925199 3.57914876471 27.4230655707 4.77096454069
210 0.658256053925 61.363687 99.173884 -0.32636207 58.5 100.5 6.10865238198 3.15583378514 8.69916920415 6.60727855303
213 0.658977985382 62.885593 98.69498 -0.37512441 59.5 100.5 6.10865238198 3.83670915787 11.4930454853 4.63933290058
216 0.661134958267 64.287236 98.118834 -0.4012694 61.5 99.5 6.10865238198 3.11067581713 12.9910430677 4.96006645683
219 1.25085401535 66.572969 97.068508 -0.44319642 63.5 97.5 6.10865238198 3.10311518011 15.3932843613 8.18147720624
222 0.657817840576 67.896132 96.441291 -0.47211549 65.5 96.5 6.10865238198 2.39685112348 17.0502250198 6.39585205514
225 0.658675909042 69.150612 95.708615 -0.49267498 67.5 96.5 6.10865238198 1.83052183619 18.2281970257 7.0438077704
