243 3.02386403084 76.572595 90.665594 -0.69142624 123.26901101 103.767138512 1.67607092071 48.499543676 135.647595318 0
246 3.03832888603 77.783785 89.658033 -0.71509647 120.313905154 117.733923921 1.30463161151 50.9614243454 115.721894834 0
249 3.02824807167 78.874801 88.696028 -0.74032963 92.94954911 32.8278622813 -1.95403866713 57.6138045535 -69.5404053847 0
252 3.05455613136 80.03236 87.613917 -0.7252394 10.9033364364 37.3031781405 0.478696346924 85.4984932232 68.9804371037 0
255 3.04004907608 81.079285 86.604124 -0.70281223 131.495279067 72.1298390621 1.41416764173 52.4526203557 121.294011964 0
258 2.99298000336 82.380517 85.593177 -0.66953842 21.0313747981 100.628487955 -0.460734191189 63.1646881131 11.9636010554 0
261 3.04483604431 83.553536 84.670161 -0.64546431 24.4768595128 97.8647420074 0.764298611845 60.5322283807 80.7734655358 0
264 3.04028010368 84.753159 83.736184 -0.60820056 60.1809182117 107.327894926 -1.6067744696 34.0641136943 -57.2140705519 0
267 3.05463385582 85.938286 82.919631 -0.58097683 109.120056849 75.7934157943 0.636687177709 24.2523698397 69.7670085067 0
270 3.0285179615 87.249998 82.030848 -0.55954063 19.0178321993 36.365591687 -2.85655647697 82.1032525786 -131.609313506 0
273 3.04389691353 88.578333 81.141585 -0.52544337 17.2789456059 41.1623873629 1.94752813074 81.7431274572 141.690829848 0
276 3.0379691124 89.874585 80.458812 -0.49549775 33.365539219 102.73078195 0.446531624627 60.7397143598 53.9743073435 0
279 3.04949712753 91.229191 79.664539 -0.46697991 37.1707737154 99.2809142422 2.83663327769 57.5075182646 -170.716907202 0
282 3.06908011436 92.640842 79.007823 -0.44436504 50.2384525756 35.1233068932 -1.38163932156 61.0230561577 -53.7018605797 0
285 3.09242796898 93.942666 78.269838 -0.40450827 91.3498280344 80.4969323975 -0.374038064967 3.41800499874 1.74581414927 0
288 3.03537201881 95.385584 77.620959 -0.38607018 91.0470232186 77.4824702206 -0.18084707996 4.34077053023 11.7584174909 0
291 3.05842804909 96.747733 77.074345 -0.36376533 94.8080288488 79.6602925835 -0.258892633291 3.2325805634 6.00876290756 0
294 3.05488109589 98.250871 76.540386 -0.33417824 96.8572892925 78.8893985404 -0.172084179331 2.73128722221 9.2873055605 0
297 3.04461812973 99.752933 76.027378 -0.30758365 95.6426708168 76.6187151234 -0.127080549919 4.15258170398 10.3420658237 0
300 3.04287791252 100.00981 75.897783 -0.33361957 97.5467262969 78.4558442847 -0.0156297009494 3.55112078994 18.2194774245 0
303 3.05133605003 98.714105 76.429985 -0.36219797 96.616575448 78.7787705108 -0.155074459118 3.14903534391 11.8673030115 0
306 3.04209804535 97.284888 77.028291 -0.39087517 95.1232023687 80.1462775299 -0.19860634864 3.79403805585 11.0161919959 0
309 3.03048086166 95.817851 77.649213 -0.42317241 37.4416353484 109.406945053 0.838981646694 66.4555197028 72.3161005439 0
312 3.52514195442 94.571565 78.35291 -0.46228827 90.7982816554 78.3445184928 -0.317524692959 3.77329267562 8.29434199167 0
315 3.0389688015 93.13187 79.138887 -0.4938927 104.016453049 114.309658136 -0.721310759993 36.8165355569 -13.0300950227 0
318 3.05999588966 91.836662 79.862922 -0.52529077 91.1067068535 79.6000174918 -0.261876276718 0.775856492137 15.0925387276 0
321 3.1806230545 90.529269 80.702102 -0.55721841 83.5259424734 76.229199995 -1.86785849406 8.3098396365 -75.0941452774 0
324 3.07084107399 89.308886 81.573217 -0.59808232 88.5970185975 80.9795391266 -0.426112626099 0.926935065767 9.85313766468 0
327 3.06094312668 88.100372 82.484783 -0.6409076 85.0715553621 84.2273595725 -0.141243692135 3.49432444646 28.6286330957 0
330 3.0503180027 86.96204 83.432583 -0.67310863 84.2933119159 83.5444151403 -0.624142574461 2.67107020025 2.80554832178 0
333 3.26666808128 85.711036 84.448892 -0.70015711 84.5222220829 83.3715684072 -0.589303926857 1.60433931983 6.3514195397 0
336 3.42830896378 84.630521 85.38864 -0.74348817 82.8317550585 85.8975333641 -0.843164956885 1.86936656874 -5.71105920392 0
339 3.07698893547 83.531548 86.470864 -0.76732045 80.1093840121 85.2398889209 -0.581277103903 3.63682636449 10.6594985378 0
342 3.06383800507 82.436303 87.632765 -0.79615086 79.5331360043 87.5958592068 -0.60440815955 2.90340156415 10.9860474882 0
345 3.07308721542 81.390428 88.717115 -0.83255466 77.9910555619 87.4517163847 -0.630805166388 3.62725331738 11.5593945029 0
348 3.0569460392 80.091493 90.270385 -0.85191671 77.2572380906 90.1487006246 -0.677402068749 2.83686587255 9.99895240692 0
351 3.05059599876 79.121061 91.3195 -0.83027867 77.952708693 92.2391959905 -0.714629170084 1.48690545369 6.62622824798 0
354 3.08622002602 78.091476 92.534394 -0.81038411 75.645773788 92.0045634707 -0.679781359534 2.50243475429 7.48298639452 0
357 3.2797191143 77.093441 93.512556 -0.78090008 73.9145222773 92.6985204028 -0.579324784588 3.28149024062 11.5494136812 0
360 3.06268715858 76.051262 94.597058 -0.76703211 72.5159981689 94.254532166 -0.574227070867 3.55181845011 11.0469150112 0
363 3.15300321579 75.027276 95.58972 -0.75132884 72.2123829579 93.4643451779 -0.529740605206 3.52715763373 12.6960706435 0
366 3.04652404785 73.852657 96.593273 -0.72312741 70.2997693485 93.6394699717 -0.47405755156 4.62038558934 14.2706516926 0
369 3.04277706146 72.811015 97.559971 -0.70587276 69.7432791644 95.0795811628 -0.480555346155 3.94503953108 12.9097368641 0
372 3.05118894577 71.630899 98.505259 -0.68120937 68.2615679045 93.0588333772 -0.385873663409 6.40436914113 16.9214895272 0
375 3.05510210991 70.538887 99.423882 -0.66641532 66.7925643103 99.5909153677 -0.492083675764 3.75004451192 9.98846745032 0
378 3.0629119873 69.331788 100.31013 -0.63648641 66.0687052836 98.9126425712 -0.454336442762 3.54974364253 10.4364243612 0
381 3.04098701477 68.205766 101.18772 -0.63190253 65.2628585017 101.495786219 -0.471303429792 2.95898789097 9.20165063553 0
384 3.04011797905 66.997353 102.01418 -0.604237 63.9791569358 101.598356224 -0.399181903795 3.04670590874 11.7487915802 0
387 3.05967998505 65.749881 102.79371 -0.58263231 63.3622909186 103.225974282 -0.413260661617 2.42640450179 9.70428062154 0
390 3.42265295982 64.390622 103.72927 -0.540005 62.0099709248 104.584561176 -0.449526205654 2.52962893284 5.18405305148 0
393 3.04437994957 63.066948 104.49561 -0.5165186 61.0374236721 104.247099571 -0.346619892642 2.04468247676 9.73447887637 0
396 3.03562092781 62.072466 105.11862 -0.50368551 59.8797395897 105.960662982 -0.40425868931 2.3488476948 5.69673719593 0
399 3.04416704178 62.084059 105.11634 -0.50537083 58.9031846446 105.716723424 -0.337246080662 3.23703906696 9.63283856879 0
402 3.03449296951 62.06969 105.12384 -0.50501376 58.7426773756 105.684291889 -0.330520831645 3.37388786452 9.9977083496 0
405 3.03698801994 62.088061 105.11683 -0.50531554 57.9950629065 105.412343584 -0.275020699538 4.10365223572 13.1949224021 0
