243 0.138662099838 76.572595 90.665594 -0.69142624 16.645849368 68.311874717 -0.724445422264 63.9601720434 -1.89185978672 0
246 0.13925909996 77.783785 89.658033 -0.71509647 32.5623729523 44.5622999996 2.77658855474 63.8639275525 -159.941184694 0
249 0.13983297348 78.874801 88.696028 -0.74032963 55.6302555657 18.3186295017 1.50240070451 74.11671277 128.498982754 0
252 0.140982151031 80.03236 87.613917 -0.7252394 70.3250846476 111.001369038 -1.50622239438 25.3220083643 -44.7470294497 0
255 0.140552043915 81.079285 86.604124 -0.70281223 71.8237649014 136.390382254 -0.290257792185 50.6392749086 23.6376281062 0
258 0.140854120255 82.380517 85.593177 -0.66953842 113.914321896 43.1523848984 -1.38192848581 52.8734497214 -40.8169441378 0
261 0.139647006989 83.553536 84.670161 -0.64546431 73.537323043 133.07016816 0.101254914604 49.4255522489 42.7838600511 0
264 0.139549970627 84.753159 83.736184 -0.60820056 61.5747292645 101.631702815 0.0019698002049 29.2829164984 34.9601864237 0
267 0.140431880951 85.938286 82.919631 -0.58097683 60.2565464409 18.6569704036 2.03953907776 69.2043444714 150.144501661 0
270 0.14106798172 87.249998 82.030848 -0.55954063 88.6937242931 73.5101411131 -0.447920427968 8.64215201563 6.39536648482 0
273 0.139847993851 88.578333 81.141585 -0.52544337 54.5268086941 99.7965695442 -1.53233656959 38.8267273396 -57.690730757 0
276 0.139413118362 89.874585 80.458812 -0.49549775 53.0011433456 91.7504605107 -1.38610794269 38.5636101205 -51.0282052325 0
279 0.142061948776 91.229191 79.664539 -0.46697991 111.068091084 54.7388335363 0.38945664042 31.8570674957 49.0701997598 0
282 0.13917517662 92.640842 79.007823 -0.44436504 91.3048450572 135.655200354 0.0273332338168 56.6631295373 27.0263202933 0
285 0.1410779953 93.942666 78.269838 -0.40450827 71.851342774 81.9848902928 -0.170906459155 22.4015217209 13.3843978481 0
288 0.141736984253 95.385584 77.620959 -0.38607018 74.0507501543 123.579681425 -1.17788620948 50.6693132199 -45.3677166401 0
291 0.140199899673 96.747733 77.074345 -0.36376533 99.1146151206 112.638439919 1.88155941659 35.6427689493 128.647631616 0
294 0.141809940338 98.250871 76.540386 -0.33417824 63.1739564654 57.275908614 3.07627979462 40.0188708265 -164.59514841 0
297 0.140558004379 99.752933 76.027378 -0.30758365 92.2904705888 92.1756516393 -0.69042295168 17.7891845448 -21.935076218 0
300 0.140769004822 100.00981 75.897783 -0.33361957 80.1803417993 104.386032619 1.31312904392 34.7100587073 94.3517454968 0
303 0.142405986786 98.714105 76.429985 -0.36219797 82.8014096025 92.2246935766 0.820220276806 22.4206755882 67.7475751613 0
306 0.141516208649 97.284888 77.028291 -0.39087517 10.4593516493 45.9950941419 -0.101065089855 92.2048429846 16.6048944526 0
309 0.141816854477 95.817851 77.649213 -0.42317241 66.362320724 101.02389148 -0.962208707593 37.6032426513 -30.8845048564 0
312 0.140077829361 94.571565 78.35291 -0.46228827 36.0189698315 119.26974276 -0.584135415612 71.432440838 -6.98132718931 0
315 0.139586925507 93.13187 79.138887 -0.4938927 71.1882112039 70.0023275703 -1.70384864002 23.7697471499 -69.3253687597 0
318 0.140173912048 91.836662 79.862922 -0.52529077 55.4384789158 93.0242958298 -2.40630049503 38.7046443326 -107.773918468 0
321 0.140365123749 90.529269 80.702102 -0.55721841 63.9486321641 102.512866804 1.63044864529 34.3837129458 125.344089248 0
324 0.139853000641 89.308886 81.573217 -0.59808232 31.5705987601 103.213034546 0.247377838872 61.6602912483 48.4412988498 0
327 0.142795085907 88.100372 82.484783 -0.6409076 25.0185650785 116.559252595 1.73544188125 71.6964702246 136.154795924 0
330 0.142861127853 86.96204 83.432583 -0.67310863 54.6991353033 119.097936124 -1.07776437964 48.0927482362 -23.1850666101 0
