3 4.22298812866 31.520043 41.394881 -0.0070850614 54.9845223082 128.672197946 2.60052508897 90.3765004997 149.405056232 0
6 4.25490903854 31.529937 41.402987 -0.0081764059 58.6509072019 82.2810812018 -2.15803161353 49.0567590681 -123.177629962 0
9 4.19244599342 31.522543 41.401068 -0.0068718684 102.162911009 64.4172967752 -0.7720972998 74.2954129098 -43.8441875953 0
12 4.22122812271 31.528168 41.375423 -0.0049451513 91.5199513492 60.0696143002 -0.317133366852 62.8369863837 -17.8870671649 0
15 4.20134091377 31.523843 41.397689 -0.0081913964 21.3272784222 117.038704786 3.06882409835 76.3251806306 176.300001346 0
18 4.23327493668 31.52518 41.394772 -0.0077822512 82.6460154986 60.7474467827 -2.72617202559 54.6613743271 -155.752261144 0
21 4.24847102165 31.646202 41.400982 -0.0069641742 18.9993565269 118.07910624 -1.63949301582 77.7140748986 -93.537012558 0
24 4.21896100044 32.968315 41.348607 -0.0066445448 61.2503953387 35.9326168939 0.196537161628 28.7959896012 11.6414542526 0
27 4.23131799698 34.520488 41.363888 -0.010157874 9.4989403779 66.8448991715 0.478284685326 35.7121796552 27.9856971839 0
30 4.18314003944 35.981317 41.339656 -0.012968194 65.3435937589 93.5388388284 1.04499991059 59.8907170137 60.6171072524 0
33 4.19807505608 37.47125 41.3168 -0.01805047 66.7707864209 48.3286386002 1.61586868535 30.1268769545 93.6166716672 0
36 4.23193287849 39.051821 41.275587 -0.019803098 18.7169351732 121.238375343 -1.38893566335 82.5079093247 -78.4455175886 0
39 4.22458195686 40.609584 41.247017 -0.013659721 120.544572705 73.3892833833 -2.97287946242 86.1552535105 -169.550801835 0
42 4.23645615578 42.081473 41.279186 -0.014178183 65.014882724 5.94988222635 -3.07691031159 42.1200781896 -175.481624747 0
45 4.21611809731 43.552295 41.213208 -0.0092852628 16.5941980298 121.28479316 0.262403222618 84.4878555904 15.5666035568 0
48 4.22449302673 45.079977 41.189892 -0.010404952 131.400333424 60.4555962885 3.00062203368 88.4441704971 172.519138279 0
51 4.2337949276 46.640834 41.096545 -0.012029947 22.4574161061 17.3293830754 0.0764230431026 33.9074576897 5.06798301819 0
54 4.24960112572 48.21014 41.103056 -0.013219293 38.3096720464 95.2283442366 3.01301781632 55.0233231675 173.39061417 0
57 4.22595691681 49.69993 40.993437 -0.019411138 35.9760257984 90.6794813641 2.81720660227 51.5465668216 162.526224609 0
60 4.24933695793 51.221815 41.026894 -0.026800957 33.7683273115 94.1069011896 -3.07247586917 55.8758570022 -174.504318236 0
63 4.22338414192 52.707826 40.957156 -0.02058299 51.3322561069 42.1041103425 0.238041135264 1.79100440937 14.8180708579 0
66 4.19978809357 54.31159 40.951842 -0.027308534 34.4923791347 80.6187314616 -0.0800030211683 44.3425668955 -3.01917171835 0
69 4.22756099701 55.778879 40.909196 -0.015002614 132.471653157 4.99432986571 0.141463730852 84.6856494182 8.96486119585 0
72 4.2300260067 57.331901 40.836464 -0.018380323 133.982090869 7.1854253762 0.0424493476352 83.711671871 3.48528339657 0
75 4.22602987289 58.848313 40.76075 -0.022921269 57.0657491942 39.7192311446 0.0516694540522 2.06453269478 4.27373362172 0
78 4.21779799461 60.388876 40.75568 -0.012358794 116.209010948 140.388555264 2.98409416749 114.20419125 171.684108203 0
81 4.25941419601 61.86858 40.735896 -0.015077049 60.4618113052 41.5872343855 0.0756978109339 1.64431603019 5.20101636011 0
84 4.21948504448 63.333062 40.668539 -0.013920495 62.0203584427 41.2718124584 0.0716184510941 1.44469010348 4.90102059519 0
87 4.24695801735 64.876385 40.58717 -0.032109511 63.8267783119 42.4800646187 0.0678821475101 2.16442237957 5.72910001914 0
90 4.23681902885 66.44697 40.579857 -0.020157695 64.3914598916 41.4801605993 0.0535357499935 2.24402949555 4.22232337591 0
