183 4.20147395134 81.472606 41.653948 2.9566422 114.623005786 30.2606081357 -0.988491973647 35.0536331816 133.960462237 0
186 4.19411492348 81.600227 41.551467 2.7956666 28.6086883712 38.5999038011 3.06237087814 53.0736741856 15.2810295156 0
189 4.16416192055 81.705618 41.391179 2.6371497 66.6605907947 140.087977167 1.36438295592 99.8369210861 -72.9241627405 0
192 4.16570401192 81.817002 41.340993 2.4823985 92.1818215794 18.0945370798 -0.239111808373 25.4524497399 -155.931054571 0
195 4.1754360199 81.903012 41.262396 2.332631 19.483515392 142.362231106 2.86078347785 118.816540158 30.2609079201 0
198 4.18566703796 81.909487 41.089487 2.1583794 40.2307747244 15.3177803401 -2.23402314584 49.0030195102 108.333872201 0
201 4.1508500576 81.924053 40.998223 1.9975831 53.9624789496 133.812115634 2.21520744098 96.9343504092 12.4689562577 0
204 4.23774909973 81.960862 40.844259 1.8446809 12.2263278485 117.726842691 -2.12992025178 103.79709499 132.272128755 0
207 4.15423607826 81.927588 40.703608 1.6857979 52.9193335131 67.1687570475 2.6140205323 39.2668173206 53.1832392794 0
210 4.19271206856 81.924928 40.686406 1.5459903 39.2653617741 84.326887464 -1.4901577364 61.0272907231 -173.958468463 0
213 4.19793105125 81.81851 40.588718 1.3660151 140.137895254 17.9786445147 2.29724072066 62.5489098179 53.3552978384 0
216 4.15977597237 81.824065 40.431016 1.2110526 19.9696629786 112.680795877 -0.967240975431 95.1104502233 -124.807028413 0
219 4.14694309235 82.277545 41.390368 1.1504821 70.0120645255 115.876362903 0.237541363106 75.4891081411 -52.3076511696 0
222 4.13520121574 82.927041 42.739254 1.1137092 54.7507009277 53.4747504647 -2.77301851962 30.1522308331 137.306905549 0
225 4.17449092865 83.677797 44.09726 1.084748 59.0088250414 47.6398687324 1.30120470358 24.9220435383 12.4020555626 0
228 4.18288397789 84.372874 45.412874 1.0478677 118.01011168 114.234270056 -0.766950917688 76.6018819212 -103.981447375 0
231 4.17702102661 85.159381 46.677356 1.0274995 73.687458259 47.3892733715 -1.08257739002 11.4939913746 -120.898500246 0
234 4.15309786797 85.928298 47.908079 0.99952116 141.090591293 28.7150788536 1.61371936088 58.4059060024 35.1909646948 0
237 4.18874692917 86.76373 49.194484 0.95689161 45.6822791418 115.578069019 1.62498593595 78.0670606886 38.2789851934 0
240 4.17585396767 87.649962 50.387631 0.93226665 85.0976013355 58.8973547665 -2.15251107872 8.88425255965 -176.744744591 0
243 4.190335989 88.570925 51.559268 0.90792052 119.479374034 109.819580231 -2.66979762002 65.9514685424 155.011850289 0
246 4.26182198524 89.47196 52.652014 0.8832857 117.673193619 108.987484553 -2.75048626904 62.9999588893 151.800202461 0
249 4.12358999252 90.492516 53.754021 0.83763364 41.198690387 143.008159521 2.97838074389 101.961671655 122.655774057 0
252 4.17383503914 91.498687 54.898001 0.81217592 115.9297252 109.3105688 -2.7493282718 59.6456466319 155.940841091 0
255 4.15592193604 92.568948 55.94073 0.78340538 47.5094654485 67.323581678 -0.561632205963 46.4750070482 -77.0649769622 0
258 4.11725401878 93.547241 56.960456 0.75288469 34.8832568632 141.565494759 1.40572946401 102.953754755 37.4052502278 0
261 4.16099500656 94.620679 57.928363 0.72990952 53.9332739649 98.0951833191 2.77674442884 57.173756069 117.275001636 0
264 4.13900113106 95.770396 58.899507 0.6896339 54.4554000438 90.7410602042 -1.5123140502 52.1614167879 -126.162324254 0
267 4.1633450985 96.962501 59.840194 0.66858365 53.273200481 88.4967978028 -1.61999832793 52.2489800987 -131.126088405 0
270 4.15067791939 98.232224 60.772339 0.64204005 52.8695280368 64.3784621013 -0.609379217364 45.5058052217 -71.7010424213 0
