123 2.82217693329 58.21235 101.09089 -1.0276822 28.5745331496 101.87204975 -2.38255359987 29.6481095217 -77.6284129956 0
126 2.83310890198 58.152327 101.12822 -1.1869287 17.0277917011 75.1886786797 2.73278056595 48.6218799252 -135.417202143 0
129 2.82930803299 58.049715 101.26081 -1.3398137 53.0104259364 91.0302439076 -0.3632205123 11.4043376325 55.9546679564 0
132 2.82361006737 58.024835 101.49733 -1.4943786 87.1347464615 112.104556229 -2.04634800073 30.9822561086 -31.6255170824 0
135 2.83207607269 58.064001 101.65215 -1.6522241 123.765702683 78.1726426917 -0.810255771072 69.7710603865 48.2412317313 0
138 2.84190702438 58.104403 101.68885 -1.8037565 76.7311112247 102.360588649 1.3873936928 18.6388168106 -177.16056216 0
141 2.82250189781 58.177183 101.78616 -1.9584038 104.608124187 118.006305813 -2.70460561728 49.1825724183 -42.7542147951 0
144 2.83776211739 58.164815 101.89412 -2.1101089 129.529922175 107.5268295 2.81350119463 71.5870514719 -77.8979216098 0
147 2.84996914864 58.333441 101.96561 -2.2758326 114.499541983 20.7895859632 -2.14128032384 98.7126019215 7.70927754778 0
150 2.84646821022 58.547547 101.97367 -2.4518694 45.5313856111 87.6789666697 -0.436937424114 19.3328477107 115.447098224 0
153 2.85652589798 58.609003 102.09152 -2.5989269 41.9139312191 108.760509444 -1.57703518419 17.9777874605 58.5500824351 0
156 2.84869003296 58.561869 102.14088 -2.6173282 24.6876800911 67.7549697391 0.0384560706106 48.2685352866 152.165230003 0
159 2.84302401543 58.51155 102.01626 -2.5045701 92.0206239986 99.220128035 1.90083242934 33.6255318799 -107.589028013 0
162 2.84471893311 58.437648 101.90068 -2.3721379 33.6602907807 64.4496550149 2.14638091236 44.9054195305 -101.107942401 0
165 2.83564090729 58.147744 101.95537 -2.2082701 98.0859324087 87.8632051271 1.95960802465 42.3514817235 -121.198173933 0
168 2.85862588882 58.037351 101.82492 -2.0566813 29.0777393378 74.0218374066 2.46057725448 40.1456163151 -101.180149859 0
171 2.85598397255 57.944091 101.71587 -1.9011295 110.286503963 94.6173763829 -1.12509877206 52.8215562662 44.4632854834 0
174 2.8622071743 57.908577 101.57431 -1.7585036 66.0218674803 86.8270420375 2.22236918791 16.831737723 -131.912790474 0
177 2.86316990852 57.841285 101.40683 -1.6171883 99.3544930204 93.753726621 -2.56140404952 42.2127520007 -54.0995773972 0
180 2.83759522438 57.86028 101.30305 -1.4556073 30.3901483904 65.9588620929 2.93336587648 44.7640452758 -108.530360592 0
183 2.83832883835 57.788579 101.03213 -1.3093986 61.4493186634 92.6723529742 -2.85914278987 9.12616495599 -88.7938014047 0
186 2.85104298592 57.852229 100.87925 -1.1701135 92.3460851657 86.2684796991 1.41843791204 37.4606556532 148.313070963 0
189 2.85221004486 57.956865 100.8248 -1.0236231 29.3097657844 66.3915445801 3.05591756307 44.7918002795 -126.259537654 0
192 2.85812902451 57.906072 100.67156 -0.85835482 87.6702399817 92.861087361 0.866763610193 30.7718894201 98.8420052103 0
195 2.85202693939 57.990597 100.53155 -0.72265365 92.546055599 116.746801231 0.0703019614628 38.1708539528 45.433009878 0
198 2.8729429245 58.042848 100.37669 -0.56279892 103.986869 116.081002361 -2.02857122036 48.5538720638 -83.982566538 0
201 2.8619658947 58.157277 100.32166 -0.41301063 93.0014719361 85.9791626067 -2.80719339786 37.6805673023 -137.176567981 0
204 2.85493183136 58.686264 100.08548 -0.29965148 101.755029799 96.1245337411 -1.31330329832 43.2505223405 -58.0779710853 0
207 2.8824300766 59.980629 99.666017 -0.30408986 101.958932355 95.0869418599 -1.16354649045 42.2273120355 -49.2432375994 0
210 2.85781598091 61.363687 99.173884 -0.32636207 92.3310855037 83.5178686302 -2.92008273702 34.7000084632 -148.609247456 0
213 2.86311507225 62.885593 98.69498 -0.37512441 27.2175452978 62.1722358139 -2.56621833978 51.0501760014 -125.540434693 0
216 2.86058211327 64.287236 98.118834 -0.4012694 26.7554905249 62.95146065 -2.30713297852 51.4332194865 -109.197939377 0
219 2.87353992462 66.572969 97.068508 -0.44319642 22.0565448653 60.0124385646 -2.41528574466 57.9211904206 -112.992395126 0
222 2.87391614914 67.896132 96.441291 -0.47211549 19.9285254288 57.8527720828 -2.62297113214 61.562692212 -123.234950636 0
225 2.88282704353 69.150612 95.708615 -0.49267498 18.5973780792 61.0956188407 -2.58537629462 61.2673564223 -119.902953109 0
228 2.87173008919 70.465141 94.973778 -0.52461339 19.8811060296 57.1208242822 -2.75520860527 63.1790368638 -127.803691637 0
231 2.87582182884 71.675984 94.192345 -0.54871183 113.370844039 116.305207084 0.0384397944668 47.1957627674 33.6413100162 0
234 2.88748788834 72.999296 93.402727 -0.58180979 18.0837848685 55.1854221238 -2.80151697689 66.9049755611 -127.179853564 0
237 2.89799189568 74.284244 92.44261 -0.63095882 13.7161327993 52.5643473232 -2.69433065318 72.5173905249 -118.222497607 0
240 2.86314821243 75.447368 91.599491 -0.66374929 120.228829983 116.773144732 -0.047544000156 51.3720953397 35.3059624217 0
243 2.85757708549 76.572595 90.665594 -0.69142624 66.0988696159 88.6106157667 -1.3243145647 10.6734183354 -36.2618299083 0
246 2.86162304878 77.783785 89.658033 -0.71509647 72.9810484047 113.468744817 2.70413098934 24.2902506379 -164.092697385 0
249 2.86976099014 78.874801 88.696028 -0.74032963 119.828067263 53.1191779271 0.0217091843035 54.2483389489 43.6616078847 0
252 2.87355804443 80.03236 87.613917 -0.7252394 123.725307195 113.403624145 -0.212856551918 50.7364033926 29.35737469 0
255 2.88155794144 81.079285 86.604124 -0.70281223 82.1694415395 89.9269904694 -0.779702383074 3.49712494121 -4.40548125726 0
258 2.87264704704 82.380517 85.593177 -0.66953842 74.973958935 100.115371642 2.29135367959 16.3018784068 169.6466209 0
261 2.8656039238 83.553536 84.670161 -0.64546431 80.3929387193 87.1824321295 -0.649787252299 4.0374350024 -0.247686348795 0
264 2.87931489944 84.753159 83.736184 -0.60820056 65.3888308463 114.236458404 2.66956547613 36.12815998 -172.197839898 0
267 2.87539386749 85.938286 82.919631 -0.58097683 84.9779400671 84.6392563064 -0.602159658657 1.96961303444 -1.21368668017 0
270 2.87650895119 87.249998 82.030848 -0.55954063 84.9166346697 82.0886301596 -0.475869376268 2.33407866388 4.79400970541 0
273 2.85799193382 88.578333 81.141585 -0.52544337 130.298430463 60.7669935866 -0.420001675918 46.4294142497 6.04136405561 0
276 2.86388278008 89.874585 80.458812 -0.49549775 88.2498752434 83.1889619251 -0.55299134577 3.17701123802 -3.29414038663 0
279 2.85317015648 91.229191 79.664539 -0.46697991 83.7871495086 75.0668299119 -0.476476343291 8.74773744565 -0.544105548012 0
282 2.86046504974 92.640842 79.007823 -0.44436504 92.1420049232 78.8654285856 -0.41981347614 0.518762564667 1.40670098961 0
285 2.85300207138 93.942666 78.269838 -0.40450827 90.3011509747 82.2180627063 -0.487188930869 5.37113675222 -4.73725291514 0
