3 1.3303771019 31.520043 41.394881 -0.0070850614 2.5 11.5 0.436332312999 41.6637348989 25.4059441158 1.99420289855
6 1.31922411919 31.529937 41.402987 -0.0081764059 108.5 89.5 2.18166156499 90.7618491314 125.46847355 3.32644005386
9 1.32222890854 31.522543 41.401068 -0.0068718684 52.5 104.5 5.49778714378 66.4945781378 -44.6062709433 3.83061082628
12 1.32476496696 31.528168 41.375423 -0.0049451513 52.5 104.5 5.49778714378 66.5171403389 -44.7166637015 4.07801275986
15 1.31617283821 31.523843 41.397689 -0.0081913964 52.5 104.5 5.49778714378 66.4973745048 -44.530667558 4.26702641018
18 1.31783509254 31.52518 41.394772 -0.0077822512 52.5 104.5 5.49778714378 66.4997208638 -44.5541098511 4.42682023253
21 1.32069683075 31.646202 41.400982 -0.0069641742 52.5 104.5 5.49778714378 66.4557519225 -44.6009822105 4.48635141831
24 1.32520008087 32.968315 41.348607 -0.0066445448 55.5 102.5 5.49778714378 65.1703129867 -44.6192956262 3.71930822219
27 1.32433509827 34.520488 41.363888 -0.010157874 128.5 91.5 6.02138591938 106.516563981 -14.417996691 5.45751373429
30 1.32545399666 35.981317 41.339656 -0.012968194 130.5 91.5 6.02138591938 107.003932387 -14.2569772159 3.89475237321
33 1.32538795471 37.47125 41.3168 -0.01805047 10.5 81.5 4.45058959259 48.3956391507 -103.965784251 4.0849649262
36 1.32842206955 39.051821 41.275587 -0.019803098 77.5 77.5 5.49778714378 52.8249047856 -43.8653660633 3.76176684375
39 1.32270312309 40.609584 41.247017 -0.013659721 78.5 76.5 5.49778714378 51.7538059958 -44.2173556374 2.2096274024
42 1.32569909096 42.081473 41.279186 -0.014178183 79.5 75.5 5.49778714378 50.7071027931 -44.1876499529 1.99210022294
45 1.32079005241 43.552295 41.213208 -0.0092852628 41.5 42.5 6.19591884458 2.42234357974 -4.46799362989 0.900246543838
48 1.31931591034 45.079977 41.189892 -0.010404952 43.5 42.5 6.19591884458 2.0524888044 -4.40384016436 1.11585755951
51 1.328083992 46.640834 41.096545 -0.012029947 44.5 42.5 6.19591884458 2.55985471318 -4.31073480913 2.92774019381
54 1.32111001015 48.21014 41.103056 -0.013219293 46.5 42.5 6.19591884458 2.20817376099 -4.24259030295 3.2030687145
57 1.32035183907 49.69993 40.993437 -0.019411138 47.5 42.5 6.19591884458 2.66635032917 -3.88782371705 4.80301829239
60 1.32606291771 51.221815 41.026894 -0.026800957 49.5 42.5 6.19591884458 2.26598503558 -3.46441827699 1.77111502631
63 1.32598400116 52.707826 40.957156 -0.02058299 50.5 42.5 6.19591884458 2.69348533588 -3.82068154324 5.82360545865
66 1.32538199425 54.31159 40.951842 -0.027308534 52.5 42.5 6.19591884458 2.38299213617 -3.43533625711 5.78358601093
69 1.32139015198 55.778879 40.909196 -0.015002614 53.5 42.5 6.19591884458 2.77919896068 -4.14041353614 4.25374515883
72 1.32091999054 57.331901 40.836464 -0.018380323 55.5 42.5 6.19591884458 2.47451273933 -3.94688506601 3.12200562702
75 1.32436490059 58.848313 40.76075 -0.022921269 56.5 42.5 6.19591884458 2.92225332722 -3.68670802522 1.66585225313
78 1.32585906982 60.388876 40.75568 -0.012358794 58.5 41.5 6.19591884458 2.03023762298 -4.29189326393 4.50587808853
81 1.32516884804 61.86858 40.735896 -0.015077049 59.5 41.5 0.0872664625997 2.48878005039 5.86385127521 6.12655032261
84 1.32233786583 63.333062 40.668539 -0.013920495 61.5 41.5 0.0872664625997 2.01281983555 5.79758561223 3.28398310742
87 1.32432508469 64.876385 40.58717 -0.032109511 63.5 41.5 0.0872664625997 1.65157327331 6.83973946253 1.63250490303
90 1.32792186737 66.44697 40.579857 -0.020157695 64.5 41.5 0.0872664625997 2.15345195473 6.15495084821 3.45273555064
93 1.31769394875 67.930314 40.55804 -0.02084507 66.5 41.5 0.0872664625997 1.71262569763 6.19433453465 3.30050892854
96 1.32034897804 69.414343 40.447992 -0.021831497 68.5 41.5 0.0872664625997 1.39382350164 6.25085263855 1.88356242383
99 1.31630206108 70.999462 40.351868 -0.031419309 70.5 41.5 0.0872664625997 1.25206604413 6.80019380092 0.628470399585
102 1.31997609138 72.481812 40.325422 -0.028226015 71.5 41.5 6.19591884458 1.53087827126 -3.38276846803 1.3326542197
105 1.32237887383 74.028193 40.279112 -0.026102315 73.5 42.5 0.0872664625997 2.28283406182 6.49555248502 1.23967048511
108 1.34909701347 75.500101 40.224463 -0.026983514 74.5 41.5 0.0872664625997 1.62086293331 6.54604146863 1.36007372942
111 1.35068917274 77.104162 40.159206 -0.035689283 76.5 42.5 6.19591884458 2.41750455484 -2.95515471025 3.08906035943
114 1.32642698288 78.584191 40.097894 -0.03659834 77.5 42.5 6.19591884458 2.63544746859 -2.90306958082 3.85245770154
117 1.35439682007 80.1084 40.071744 -0.024096447 79.5 41.5 0.0872664625997 1.55243864985 6.38062471436 6.30206740812
120 1.36385011673 80.881063 40.047709 -0.06972902 79.5 42.5 6.19591884458 2.81443887101 -1.00482144442 3.70875094298
123 1.33322501183 80.819811 40.085383 -0.20196514 79.5 42.5 6.02138591938 2.75177694089 -3.42824986923 3.95691686299
126 1.32512497902 80.673305 40.189426 -0.34415967 79.5 41.5 6.02138591938 1.75904770615 4.71889656962 3.31264335887
129 1.38219809532 80.559381 40.228255 -0.49611957 79.5 41.5 5.84685299418 1.65518079018 3.42555749485 3.92878160766
132 1.38829088211 80.474435 40.358509 -0.64523249 79.5 41.5 5.67232006898 1.50084152138 1.96909848172 6.0692153689
135 1.417760849 80.446897 40.445937 -0.81868337 79.5 42.5 5.49778714378 2.26181094183 1.90710185855 4.73225824763
138 1.37797999382 80.377523 40.602704 -0.97166139 79.5 42.5 5.32325421858 2.09040157079 0.672096762815 5.07544493972
141 1.42499995232 80.303277 40.677658 -1.1291983 79.5 42.5 5.14872129338 1.99152813279 -0.301703176653 4.82460547096
144 1.33953595161 80.24067 40.836497 -1.2914427 79.5 42.5 5.14872129338 1.82094323907 8.99421619298 2.99554616099
147 1.33674693108 80.334643 40.99259 -1.4510482 79.5 42.5 4.97418836818 1.72305363978 8.13893773005 2.63588069869
150 1.32011699677 80.305505 41.173119 -1.6076845 79.5 42.5 4.79965544298 1.55224079742 7.1135366386 0.832030208723
153 1.31645798683 80.260339 41.240273 -1.7630876 79.5 42.5 4.62512251778 1.47140324502 6.01747839185 0.888406359662
156 1.32065200806 80.351916 41.337649 -1.9138236 79.5 42.5 4.45058959259 1.44111787105 4.65401501253 1.22098113142
159 1.36458301544 80.458888 41.424429 -2.0695544 79.5 42.5 4.27605666739 1.44094384783 3.57673259273 2.8356454577
162 1.36227822304 80.580246 41.530351 -2.2462491 79.5 42.5 4.10152374219 1.45160277064 3.70059316506 1.18156871549
165 1.3301949501 80.700832 41.575869 -2.3973477 79.5 42.5 3.92699081699 1.51526090076 2.3579052354 1.69572962255
