63 2.71408104897 79.890684 97.897701 -0.093381766 7.5 4.5 2.57436064669 118.167430716 152.850381075 3.9884057971
66 2.65723800659 78.411812 98.037468 -0.097953665 7.5 115.5 1.78896248329 73.0303026488 108.112331592 3.11556706242
69 2.71031808853 76.931086 98.162597 -0.096433306 96.5 81.5 1.3526301703 25.7018391156 83.0252214383 3.90818714003
72 2.64725494385 75.443161 98.337547 -0.10164342 84.5 91.5 1.3526301703 11.3480562939 83.3237389813 4.80025771021
75 2.64091014862 73.912871 98.553041 -0.10292365 144.5 92.5 3.35975881009 70.8461861063 -161.602909243 5.81353936812
78 2.64293885231 72.413468 98.668417 -0.11145399 51.5 88.5 4.93055513688 23.2544586708 -71.1141567631 8.18998812608
81 2.6602768898 70.926618 98.82512 -0.11572496 51.5 90.5 4.93055513688 21.1353048223 -70.8694482077 3.76851757677
84 2.87975311279 69.460294 99.048845 -0.12091472 56.5 91.5 4.49422282389 14.9984759693 -95.572096863 7.5328324882
87 2.81373786926 67.984026 99.205817 -0.12024712 57.5 93.5 4.49422282389 11.9361278816 -95.6103475254 3.19132462577
90 2.67442989349 66.409271 99.378533 -0.12589377 70.5 32.5 0.218166156499 67.0035240863 19.713181688 6.98051417719
93 2.692456007 64.97003 99.579245 -0.12534264 50.5 20.5 0.218166156499 80.3922182675 19.681604265 3.18004125765
96 2.67027401924 63.450289 99.830398 -0.13542326 61.5 98.5 0.0436332312999 2.36084434513 10.2591812459 7.56160162032
99 2.62124300003 62.015499 100.01094 -0.13023941 59.5 98.5 0.0436332312999 2.93439515107 9.96216851927 11.098460882
102 2.63840889931 60.420275 100.24313 -0.1356293 58.5 98.5 0.0436332312999 2.5934452515 10.2709864683 6.73021726581
105 2.644053936 58.989222 100.44438 -0.14088208 56.5 98.5 0.0436332312999 3.1586135803 10.571948593 2.9353455512
108 2.64525914192 58.528509 100.58832 -0.24160345 56.5 99.5 6.15228561328 2.30201850242 6.3428580008 2.72947370775
111 2.62911486626 58.390768 100.67023 -0.3827913 56.5 98.5 6.06501915068 2.87835054896 9.43232592433 2.35953673342
114 3.55884408951 58.26024 100.80046 -0.53685502 56.5 98.5 5.97775268808 2.89664652127 13.2595268564 1.9981389201
117 3.82128500938 58.2435 100.85046 -0.70040996 56.5 101.5 5.62868683768 1.86056294212 2.63053463693 1.84987456008
120 21.8554649353 58.129433 100.95873 -0.85888639 56.5 101.5 5.54142037508 1.71698139605 6.71056522823 1.07113719302
123 3.62125086784 58.21235 101.09089 -1.0276822 56.5 101.5 5.27962098728 1.76054352818 1.38185274072 1.03532217977
126 3.63268113136 58.152327 101.12822 -1.1869287 56.5 101.5 5.19235452468 1.69363658538 5.50600509295 1.18972244214
129 3.65487217903 58.049715 101.26081 -1.3398137 56.5 101.5 5.01782159948 1.56806518912 4.26567034381 1.0488975968
132 3.75172686577 58.024835 101.49733 -1.4943786 56.5 101.5 4.84328867428 1.5248373376 3.12158677467 0.929973650409
135 3.66869497299 58.064001 101.65215 -1.6522241 56.5 101.5 4.66875574908 1.57138434207 2.1654677398 0.718475637691
138 3.67360687256 58.104403 101.68885 -1.8037565 56.5 101.5 4.58148928649 1.61547928149 5.84763471929 0.670087393777
141 3.71486210823 58.177183 101.78616 -1.9584038 56.5 101.5 4.40695636129 1.70142010129 4.70827232238 0.666371378506
144 3.74426102638 58.164815 101.89412 -2.1101089 56.5 101.5 4.23242343609 1.71083007883 3.40033428299 0.661518313253
147 3.82531094551 58.333441 101.96561 -2.2758326 56.5 102.5 3.97062404829 1.9097325919 -2.10439714172 1.97596470148
150 3.67827510834 58.547547 101.97367 -2.4518694 55.5 101.5 3.97062404829 3.08413780271 7.98176853727 3.54983776611
153 3.62871694565 58.609003 102.09152 -2.5989269 55.5 101.5 3.79609112309 3.16477417273 6.40754263302 6.73979609907
156 2.75301790237 58.561869 102.14088 -2.6173282 55.5 102.5 3.70882466049 3.08285727006 2.46185946057 6.86185323643
159 2.8250451088 58.51155 102.01626 -2.5045701 55.5 102.5 3.88335758569 3.05015373221 6.00129622466 9.29866888292
162 3.80044698715 58.437648 101.90068 -2.3721379 55.5 102.5 3.97062404829 2.99815947446 3.41349009303 8.16491837925
165 3.79446911812 58.147744 101.95537 -2.2082701 55.5 102.5 4.14515697349 2.70317778299 4.02455675493 8.79544167444
168 3.63367390633 58.037351 101.82492 -2.0566813 55.5 101.5 4.23242343609 2.5580701913 0.33915829348 6.93444816054
171 3.63029098511 57.944091 101.71587 -1.9011295 55.5 101.5 4.40695636129 2.45360564745 1.42669665782 3.02226088415
174 3.65178585052 57.908577 101.57431 -1.7585036 55.5 101.5 4.58148928649 2.40972304239 3.25483453856 2.06396226405
177 3.67352414131 57.841285 101.40683 -1.6171883 55.5 101.5 4.75602221168 2.34313808815 5.15806426794 1.72329305443
180 3.5674469471 57.86028 101.30305 -1.4556073 55.5 101.5 4.84328867428 2.3684828437 0.900154918433 1.52816130011
183 3.60799884796 57.788579 101.03213 -1.3093986 55.5 101.5 5.01782159948 2.3359144197 2.52301348034 1.25334057779
186 3.60863399506 57.852229 100.87925 -1.1701135 55.5 101.5 5.19235452468 2.43275807078 4.54256510128 1.47646231832
189 3.6874229908 57.956865 100.8248 -1.0236231 54.5 102.5 5.36688744988 3.84138134897 6.1492834421 1.27351702394
192 3.77651405334 57.906072 100.67156 -0.85835482 54.5 101.5 5.45415391248 3.50537291922 1.68010851071 1.3189587679
195 22.160089016 57.990597 100.53155 -0.72265365 55.5 101.5 5.54142037508 2.67225912271 -1.09499580528 1.2426174997
198 3.53860807419 58.042848 100.37669 -0.56279892 55.5 101.5 5.62868683768 2.7799103056 -5.25399716948 2.63566711823
201 3.55804014206 58.157277 100.32166 -0.41301063 55.5 101.5 5.80321976288 2.90682063608 -3.83623400696 2.24554794519
204 2.74457597733 58.686264 100.08548 -0.29965148 55.5 101.5 6.06501915068 3.48613612874 4.66876512885 1.50452962089
207 2.71542096138 59.980629 99.666017 -0.30408986 56.5 101.5 6.06501915068 3.93424349525 4.92306557072 5.44464870891
210 2.66899800301 61.363687 99.173884 -0.32636207 58.5 101.5 6.06501915068 3.68937919973 6.19916920415 7.0489550263
213 2.64980602264 62.885593 98.69498 -0.37512441 59.5 100.5 6.06501915068 3.83670915787 8.99304548534 7.20345151657
216 2.68499088287 64.287236 98.118834 -0.4012694 61.5 100.5 6.06501915068 3.66587452585 10.4910430677 7.60875988051
219 5.12797093391 66.572969 97.068508 -0.44319642 63.5 98.5 5.97775268808 3.39003065193 7.89328436131 6.44814211487
222 2.82516598701 67.896132 96.441291 -0.47211549 65.5 97.5 5.97775268808 2.61960174609 9.55022501975 7.1403297769
225 2.69361519814 69.150612 95.708615 -0.49267498 66.5 97.5 5.89048622548 3.19918805211 5.72819702569 8.36504225106
