3 5.85736894608 31.520043 41.394881 -0.0070850614 86.0007094728 140.542526975 -2.05044200098 113.130008051 -117.075728676 0
6 5.91790986061 31.529937 41.402987 -0.0081764059 115.240835193 30.57970135 0.545162855682 84.4076891556 31.7040043275 0
9 6.05657100677 31.522543 41.401068 -0.0068718684 31.1240861987 88.6566100355 0.615279417574 47.2572218914 35.646642905 0
12 5.92167305946 31.528168 41.375423 -0.0049451513 42.893439641 42.4906147517 -0.764911507591 11.4198534192 -43.5428647874 0
15 5.85995197296 31.523843 41.397689 -0.0081913964 78.8939605349 68.5370667555 0.172474404138 54.5937163072 10.3513878732 0
18 5.88420605659 31.52518 41.394772 -0.0077822512 27.0628463696 115.710319367 -0.171896181165 74.4493989361 -9.40303554632 0
21 5.94205212593 31.646202 41.400982 -0.0069641742 115.711733671 114.677987639 0.771657096602 111.519205389 44.6117126561 0
24 6.07628798485 32.968315 41.348607 -0.0066445448 85.7260843784 118.431477768 1.85029588885 93.4085177891 106.394849655 0
27 6.24019289017 34.520488 41.363888 -0.010157874 48.0755234608 115.870155905 -2.2268537759 75.7292740194 -127.007319643 0
30 5.62679481506 35.981317 41.339656 -0.012968194 8.07991463418 119.9411179 0.192334188949 83.4067027692 11.762960067 0
33 5.89052796364 37.47125 41.3168 -0.01805047 140.846199725 74.0278444206 0.178525339894 108.426900066 11.2629642613 0
36 5.80562901497 39.051821 41.275587 -0.019803098 83.1698045255 32.441473164 -2.97886004793 44.9937555403 -169.54147457 0
39 5.82875013351 40.609584 41.247017 -0.013659721 92.7674165486 27.7739534479 -3.0449921197 53.8698704068 -173.682552747 0
42 5.85308480263 42.081473 41.279186 -0.014178183 90.2842673826 8.28705693758 -2.57209954226 58.4122415797 -146.558098212 0
45 5.85409784317 43.552295 41.213208 -0.0092852628 81.0993568543 110.166661735 3.01413632272 78.5134423898 173.229296539 0
48 5.87600111961 45.079977 41.189892 -0.010404952 54.2227483686 38.8245781828 2.8722779865 9.44377984456 165.165566051 0
51 5.8355050087 46.640834 41.096545 -0.012029947 122.40246183 4.15269742275 0.215241693204 84.2892171348 13.0217057867 0
54 5.88539886475 48.21014 41.103056 -0.013219293 76.36183512 133.455864134 2.31144176194 96.5482216735 133.193267247 0
57 5.87234687805 49.69993 40.993437 -0.019411138 84.339713646 38.6552121472 1.47869058933 34.7186103769 85.8349062574 0
60 5.95236802101 51.221815 41.026894 -0.026800957 48.5025008004 40.6315694268 0.0168898433028 2.74789942216 2.5032984609 0
63 5.90200781822 52.707826 40.957156 -0.02058299 50.486971901 43.3597730818 -0.0750283933216 3.2718132237 -3.11949182421 0
66 5.88884997368 54.31159 40.951842 -0.027308534 52.1635441411 41.890253008 -0.032059160586 2.34408110611 -0.272190853423 0
69 6.03566598892 55.778879 40.909196 -0.015002614 53.9887999116 42.8114793297 -0.0929634583037 2.61209973188 -4.46682734588 0
72 5.53960204124 57.331901 40.836464 -0.018380323 53.8340307406 43.6471865197 -0.101286463895 4.48723271455 -4.750171969 0
75 5.58128285408 58.848313 40.76075 -0.022921269 57.0389442888 41.9388189032 -0.0665294772853 2.15908811166 -2.49856628688 0
78 5.53358793259 60.388876 40.75568 -0.012358794 58.443999712 41.1192578112 -0.0753580757558 1.9785683209 -3.60959295696 0
81 5.5329580307 61.86858 40.735896 -0.015077049 59.678236041 42.0253013469 0.00757440725144 2.54168700026 1.29783284303 0
84 5.50265312195 63.333062 40.668539 -0.013920495 61.465428509 42.5128649952 -0.0265628208471 2.62480346567 -0.724351914266 0
87 5.56175088882 64.876385 40.58717 -0.032109511 63.9215778327 42.1952781104 -0.0442594250105 1.870205449 -0.696138794247 0
90 5.58816099167 66.44697 40.579857 -0.020157695 64.9471672792 41.5031575023 -0.0125146510026 1.76121890145 0.437914163684 0
93 5.53323698044 67.930314 40.55804 -0.02084507 66.2377434753 42.1463382716 -0.0264418356696 2.32109594381 -0.32067105179 0
96 5.55845308304 69.414343 40.447992 -0.021831497 68.0973410992 41.647375001 -0.0204597612902 1.78129548078 0.0785946667773 0
99 5.58097481728 70.999462 40.351868 -0.031419309 69.8518511819 41.6817745932 0.00739661308693 1.75660528765 2.22398851349 0
102 5.53166508675 72.481812 40.325422 -0.028226015 71.2557257688 41.602714378 -0.00168598790041 1.77052626791 1.52063154097 0
105 5.54574298859 74.028193 40.279112 -0.026102315 72.3459862801 42.2761685527 0.00472459831009 2.61114042581 1.76625202808 0
108 5.48699402809 75.500101 40.224463 -0.026983514 74.6145746327 41.7767353613 -0.00501103225807 1.78709441022 1.25893046924 0
111 5.51367998123 77.104162 40.159206 -0.035689283 75.5798474041 42.0123142683 -0.0100418987711 2.39948853743 1.46948687187 0
114 5.50547099113 78.584191 40.097894 -0.03659834 76.8454533978 42.0714125693 -0.0179167981566 2.63020607425 1.07037350242 0
117 5.51773118973 80.1084 40.071744 -0.024096447 78.4551186697 42.1770454304 -0.0186559679181 2.67687005099 0.311716489922 0
120 5.44796395302 80.881063 40.047709 -0.06972902 79.1601499609 42.4781841536 -0.0645683576724 2.97804485531 0.295684170865 0
123 5.50226211548 80.819811 40.085383 -0.20196514 79.2254846664 41.979135486 -0.203299035496 2.47551508503 -0.076426582206 0
126 5.55906915665 80.673305 40.189426 -0.34415967 79.0252976364 42.2209888924 -0.338054884345 2.61594649345 0.349778452855 0
129 5.58647012711 80.559381 40.228255 -0.49611957 78.6202496396 42.1979431609 -0.475962792331 2.7640372436 1.15489828901 0
132 5.46999192238 80.474435 40.358509 -0.64523249 79.1089109122 42.1078366025 -0.650239911422 2.21918973846 -0.286904113751 0
135 5.52812290192 80.446897 40.445937 -0.81868337 79.0181949767 42.1730982756 -0.807515799193 2.24148958132 0.639854674638 0
138 5.57953310013 80.377523 40.602704 -0.97166139 78.9278809772 42.876720623 -0.913392819571 2.69677837354 3.33854316383 0
141 5.47259092331 80.303277 40.677658 -1.1291983 79.8541022772 43.0127555902 -1.05582336931 2.37790636637 4.20407385065 0
144 5.49508500099 80.24067 40.836497 -1.2914427 80.3571160092 43.3551876484 -1.18601360579 2.52138102145 6.04064213615 0
147 5.5987701416 80.334643 40.99259 -1.4510482 79.7132971876 43.3956874972 -1.34426827464 2.48212574211 6.11803905971 0
150 5.51748919487 80.305505 41.173119 -1.6076845 79.8810741263 44.3509803273 -1.5495893751 3.20607925384 3.32860546726 0
153 5.55314683914 80.260339 41.240273 -1.7630876 78.5743439311 41.8420405975 -1.60043260754 1.79016859924 9.31944458478 0
156 5.50554680824 80.351916 41.337649 -1.9138236 79.2573105634 41.3379296902 -1.77508428753 1.09460547258 7.94917705699 0
159 5.52734994888 80.458888 41.424429 -2.0695544 78.4225337915 41.2259083199 -1.90499885879 2.04600804563 9.42833800667 0
162 5.50299692154 80.580246 41.530351 -2.2462491 78.8786218871 42.0563532925 -2.12629620224 1.78106794742 6.87279478212 0
165 5.53141307831 80.700832 41.575869 -2.3973477 78.6915184298 42.8450506391 -2.24999049434 2.37658642936 8.44294596529 0
