63 4.26531386375 52.707826 40.957156 -0.02058299 15.1077615725 95.4895908305 2.40996393514 66.238593686 139.260080719 0
66 4.27581501007 54.31159 40.951842 -0.027308534 75.8806159408 139.965716106 1.63339840143 101.335927219 95.1514984083 0
69 4.26440119743 55.778879 40.909196 -0.015002614 99.8026113406 128.762103869 -2.95317062588 98.2660797544 -168.344626581 0
72 4.24579787254 57.331901 40.836464 -0.018380323 127.020240607 47.4005301129 -0.606134282311 69.9967973628 -33.6758212606 0
75 4.26226806641 58.848313 40.76075 -0.022921269 47.9771006502 56.9139999793 2.05658674779 19.4707663652 119.147032826 0
78 4.26706385612 60.388876 40.75568 -0.012358794 116.879822559 137.856958271 -2.76310450783 112.338262783 -157.606119916 0
81 4.25185918808 61.86858 40.735896 -0.015077049 26.0310171988 90.0415067703 -0.911575086439 60.9538691222 -51.365553887 0
84 4.26237082481 63.333062 40.668539 -0.013920495 73.0919596477 120.312709721 -1.69565504069 80.2398280977 -96.3562917296 0
87 4.24127197266 64.876385 40.58717 -0.032109511 126.451097236 95.7189654267 1.25618065891 82.6496222248 73.8135895239 0
90 4.29749202728 66.44697 40.579857 -0.020157695 70.8275037645 116.474169459 -1.02750160641 76.0206270668 -57.7165546421 0
93 4.29188799858 67.930314 40.55804 -0.02084507 76.5686331177 79.5548418613 0.567879196759 39.9420969979 33.7314157822 0
96 4.25271105766 69.414343 40.447992 -0.021831497 46.7546360419 46.5920351431 -1.19937546212 23.4778956802 -67.4682993924 0
99 4.25501799583 70.999462 40.351868 -0.031419309 48.3711803938 76.1254199262 -0.959747648817 42.3294949871 -53.1892958739 0
102 4.27576994896 72.481812 40.325422 -0.028226015 50.9015217455 29.3112220758 -3.01576571996 24.2285271414 -171.173416222 0
105 4.28255915642 74.028193 40.279112 -0.026102315 99.5894057969 52.8119272844 0.438333752677 28.4683518772 26.6102265315 0
108 4.24588012695 75.500101 40.224463 -0.026983514 118.570967185 70.4519656275 -2.95015162672 52.6194016404 -167.485195666 0
111 4.27597808838 77.104162 40.159206 -0.035689283 119.304709514 69.1542374277 -3.09302434679 51.2015435113 -175.172395713 0
114 4.31442189217 78.584191 40.097894 -0.03659834 118.183683173 68.1912572572 -3.13593423902 48.5526192855 -177.578866307 0
117 4.24137496948 80.1084 40.071744 -0.024096447 116.245741899 68.2994807251 3.08072234494 45.8553442922 177.893012931 0
120 4.26399207115 80.881063 40.047709 -0.06972902 115.293842773 69.1349109757 3.06883089459 45.0589028994 179.826236855 0
123 4.23098301888 80.819811 40.085383 -0.20196514 117.206791313 69.0758662553 2.86970982843 46.5237622694 175.994011727 0
126 4.27501392365 80.673305 40.189426 -0.34415967 116.200270202 68.4532775199 2.75372399404 45.3983541464 177.495659372 0
129 4.28705406189 80.559381 40.228255 -0.49611957 115.215831849 68.8501626497 2.6814996715 44.9475603673 -177.935828562 0
132 4.28206205368 80.474435 40.358509 -0.64523249 115.869707462 70.5346227682 2.49550292002 46.5126128575 179.950883562 0
135 4.25638604164 80.446897 40.445937 -0.81868337 117.409522127 69.1031004439 2.33371178208 46.7703824327 -179.381062428 0
138 4.39019393921 80.377523 40.602704 -0.97166139 116.089425666 67.6973035188 2.1836638423 44.8269708448 -179.213181198 0
141 4.92079782486 80.303277 40.677658 -1.1291983 115.539827778 69.1170202815 2.06322102402 45.2814734491 -177.087846298 0
144 4.59595298767 80.24067 40.836497 -1.2914427 114.37837306 69.5599609756 1.86941854199 44.6141250386 -178.895991207 0
147 6.07434511185 80.334643 40.99259 -1.4510482 116.414226573 68.8982902101 1.68253672262 45.6121086447 179.541190812 0
150 4.39130401611 80.305505 41.173119 -1.6076845 116.938378687 69.8736591734 1.57148448219 46.5369577952 -177.847034962 0
