63 1.62127399445 79.890684 97.897701 -0.093381766 95.8082839081 21.7561644248 0.738751730983 77.7875541386 47.6777373686 0
66 1.59752297401 78.411812 98.037468 -0.097953665 132.550104729 96.2535227127 1.71793744771 54.1676767123 104.042896814 0
69 1.66941595078 76.931086 98.162597 -0.096433306 53.3753647523 137.445497012 -1.32274191116 45.8041290373 -70.262307456 0
72 1.68434596062 75.443161 98.337547 -0.10164342 48.6073958881 16.2736034739 -0.716852118789 86.3403099149 -35.2488619604 0
75 1.58359098434 73.912871 98.553041 -0.10292365 21.6676079951 121.695637566 2.82894467596 57.1414672743 167.983681166 0
78 1.55569911003 72.413468 98.668417 -0.11145399 31.8078352003 118.730844349 1.87129326966 45.2914827112 113.603049819 0
81 1.5634970665 70.926618 98.82512 -0.11572496 118.033559849 27.9211834205 0.526707268471 85.1259783664 36.8086553146 0
84 1.56489086151 69.460294 99.048845 -0.12091472 17.7596750426 56.9880859975 2.17760552207 66.6487918003 131.695508996 0
87 1.60852003098 67.984026 99.205817 -0.12024712 48.4496666929 6.39461492714 1.60725708674 94.8446647089 98.9787001375 0
90 1.58566212654 66.409271 99.378533 -0.12589377 71.3801274841 31.1026654443 -0.51700153296 68.4565811641 -22.4088241524 0
93 1.59765481949 64.97003 99.579245 -0.12534264 135.107604047 69.3105852001 1.68630552661 76.3902550018 103.799793909 0
96 1.61842989922 63.450289 99.830398 -0.13542326 30.5718480636 115.195178647 2.91189179242 36.2914364933 174.598291351 0
99 1.80182099342 62.015499 100.01094 -0.13023941 7.20259057112 107.578134144 0.0688339977103 55.3327873655 11.4060660751 0
102 2.04783701897 60.420275 100.24313 -0.1356293 96.2243008738 94.8768059049 -2.85725564761 36.2039459599 -155.93770313 0
105 1.72988390923 58.989222 100.44438 -0.14088208 85.5700966043 34.3702457509 1.6646569756 71.2203209168 103.449767632 0
108 1.59578895569 58.528509 100.58832 -0.24160345 68.8300717004 18.4740148269 2.13249486366 82.7579682455 136.025813522 0
111 1.62927913666 58.390768 100.67023 -0.3827913 16.2466827803 32.6622602937 1.0123566937 80.007548785 79.9360918354 0
114 1.60142612457 58.26024 100.80046 -0.53685502 39.0259279524 103.891190579 -1.89409720793 19.4810517031 -77.7642491452 0
117 1.57170605659 58.2435 100.85046 -0.70040996 0.290273249112 115.087522435 -0.71786253137 59.6763809026 -0.999958681149 0
120 1.58984780312 58.129433 100.95873 -0.85888639 71.0174705032 21.9040696301 1.85309171393 80.0983198131 155.384899487 0
123 1.57325100899 58.21235 101.09089 -1.0276822 73.6732869516 36.8856623051 -2.26054141945 66.0405317573 -70.6376300085 0
126 1.57181191444 58.152327 101.12822 -1.1869287 72.054972719 34.4436189209 -2.39261162783 68.1184231986 -69.0805431958 0
129 1.60025405884 58.049715 101.26081 -1.3398137 41.3598158056 107.228931364 -2.74562110587 17.7248753941 -80.5468311647 0
132 1.61295008659 58.024835 101.49733 -1.4943786 40.118064569 106.499203676 -2.99803264485 18.5922340654 -86.1530306175 0
135 1.60152316093 58.064001 101.65215 -1.6522241 45.1955476778 103.933911814 3.05759536438 13.0691823723 -90.1472224223 0
138 1.58482909203 58.104403 101.68885 -1.8037565 44.5087333452 137.564712116 -2.47307261666 38.3656058983 -38.3489886447 0
141 1.58309078217 58.177183 101.78616 -1.9584038 43.0507160544 100.409905223 2.63860893005 15.188945963 -96.6105722001 0
144 1.58364796638 58.164815 101.89412 -2.1101089 44.7977249369 137.898084065 -2.99392057668 38.4052668933 -50.6386789579 0
147 1.66941213608 58.333441 101.96561 -2.2758326 45.3304614869 139.817281429 3.06149647333 40.0228248152 -54.193570226 0
150 1.62779283524 58.547547 101.97367 -2.4518694 93.8205502707 85.701221096 0.580098672302 38.8455577005 173.718974161 0
153 1.63038110733 58.609003 102.09152 -2.5989269 41.1208155348 103.778130658 2.35245104577 17.5693299909 -76.3069409329 0
156 1.62339496613 58.561869 102.14088 -2.6173282 33.5000015414 65.5606245597 1.84001489094 44.3419923841 -104.613053047 0
159 1.60659599304 58.51155 102.01626 -2.5045701 44.9010468123 100.124106738 2.2903711365 13.7413988002 -85.2701041352 0
162 1.64584088326 58.437648 101.90068 -2.3721379 92.8933730992 85.4075850889 0.455764603617 38.1997273794 162.026878332 0
165 1.84614896774 58.147744 101.95537 -2.2082701 94.1551033701 84.325687663 0.790005273924 40.0915904911 171.788524744 0
168 1.59563708305 58.037351 101.82492 -2.0566813 44.140793286 105.571231901 3.09521284981 14.3926776229 -64.8182087175 0
171 1.5798201561 57.944091 101.71587 -1.9011295 43.2191976186 105.557658601 -2.99553738132 15.2178127454 -62.7049526654 0
174 1.58486294746 57.908577 101.57431 -1.7585036 93.4239285548 81.6623096232 1.3979817079 40.7164334767 -179.146713762 0
177 1.59825491905 57.841285 101.40683 -1.6171883 93.4570817182 81.5518655348 1.64104565472 40.7762748395 -173.316945729 0
180 1.59257721901 57.86028 101.30305 -1.4556073 92.744941624 84.394358174 1.546098751 38.7665251975 171.985088061 0
183 1.77357697487 57.788579 101.03213 -1.3093986 93.543511235 84.310473726 1.95627253074 39.4718756544 -172.890826931 0
186 1.73005914688 57.852229 100.87925 -1.1701135 95.9950473184 85.4955719685 1.93341431618 41.1282401647 177.819045469 0
189 1.84612894058 57.956865 100.8248 -1.0236231 96.7511404536 85.5414552256 2.13189322708 41.6962400638 -179.202232274 0
192 2.28247404099 57.906072 100.67156 -0.85835482 96.1617273993 85.4986991857 2.37540576786 41.1547187491 -174.71916636 0
195 1.82731103897 57.990597 100.53155 -0.72265365 96.4353124883 84.7836691959 2.8364955101 41.5450586568 -156.075774469 0
198 1.63181209564 58.042848 100.37669 -0.56279892 95.5592613757 85.6382668169 3.13257439824 40.3075971809 -148.270705139 0
201 1.72283816338 58.157277 100.32166 -0.41301063 92.7477023261 83.2909674406 3.04013291743 38.5557001401 -162.149448679 0
204 1.81897807121 58.686264 100.08548 -0.29965148 92.6172558221 82.9072790806 -2.9549099377 38.0316025544 -152.135103143 0
207 1.73511505127 59.980629 99.666017 -0.30408986 92.8925679567 81.6082749496 3.0321250788 37.5403486112 -168.848964459 0
210 1.6914870739 61.363687 99.173884 -0.32636207 91.2491061553 83.7259998867 2.88414910205 33.6418697706 -176.051259762 0
213 1.66715312004 62.885593 98.69498 -0.37512441 86.2946271083 83.898978075 2.83139146054 27.6930415601 -176.280173676 0
216 1.75038504601 64.287236 98.118834 -0.4012694 85.6020629753 85.1776405673 2.77000824314 24.9358444102 -178.299175384 0
219 1.74263310432 66.572969 97.068508 -0.44319642 84.8424783207 88.3257011637 2.89707535529 20.2536821886 -168.616524849 0
222 1.79692292213 67.896132 96.441291 -0.47211549 13.0344856332 34.5173288522 -2.68722792744 82.7307520222 -126.916593812 0
225 1.73482608795 69.150612 95.708615 -0.49267498 66.9225568837 99.6079914266 -0.661799694765 4.49103174315 -9.69013236742 0
