183 1.30775594711 57.788579 101.03213 -1.3093986 2.5 8.5 1.4835298642 107.791567621 160.02301348 0.0
186 1.31781291962 57.852229 100.87925 -1.1701135 16.5 70.5 0.436332312999 51.3118473048 92.0425651013 0.11039727803
189 1.31128191948 57.956865 100.8248 -1.0236231 17.5 69.5 0.436332312999 51.1664051959 83.6492834421 0.2745782341
192 1.30682611465 57.906072 100.67156 -0.85835482 28.5 76.5 4.79965544298 38.065488087 -35.8198914893 0.55304543299
195 6.17804789543 57.990597 100.53155 -0.72265365 48.5 59.5 2.70526034059 42.1148373714 -163.594995805 0.490543179872
198 1.30738687515 58.042848 100.37669 -0.56279892 47.5 58.5 2.70526034059 43.1834321159 -172.753997169 0.511389009433
201 1.30446600914 58.157277 100.32166 -0.41301063 45.5 73.5 6.02138591938 29.6581878443 8.66376599304 0.492359436608
204 1.31282901764 58.686264 100.08548 -0.29965148 57.5 102.5 5.84685299418 2.69019127723 -7.83123487115 0.469502456089
207 1.30256199837 59.980629 99.666017 -0.30408986 41.5 60.5 2.87979326579 43.3071649485 -177.576934429 4.65455573029
210 1.3043050766 61.363687 99.173884 -0.32636207 26.5 79.5 6.02138591938 40.0317172112 3.69916920415 6.74724096079
213 1.30506777763 62.885593 98.69498 -0.37512441 59.5 101.5 6.02138591938 4.39663247976 6.49304548534 6.95138504817
216 1.30512714386 64.287236 98.118834 -0.4012694 61.5 100.5 6.02138591938 3.66587452585 7.99104306775 7.41544085139
219 2.48454999924 66.572969 97.068508 -0.44319642 63.5 98.5 6.02138591938 3.39003065193 10.3932843613 6.35592862948
222 1.30756902695 67.896132 96.441291 -0.47211549 65.5 97.5 6.02138591938 2.61960174609 12.0502250198 6.8135906759
225 1.30643701553 69.150612 95.708615 -0.49267498 66.5 97.5 5.84685299418 3.19918805211 3.22819702569 7.53459841945
228 1.30853295326 70.465141 94.973778 -0.52461339 67.5 96.5 5.84685299418 3.33487852 5.05813312305 7.36923125579
231 1.3036210537 71.675984 94.192345 -0.54871183 68.5 95.5 5.84685299418 3.43465223382 6.4388720279 6.10384034763
234 1.30544686317 72.999296 93.402727 -0.58180979 70.5 94.5 5.84685299418 2.72955830349 8.33524544639 4.99167057954
237 1.3046901226 74.284244 92.44261 -0.63095882 71.5 94.5 5.84685299418 3.46191684817 11.1512774326 8.70673125643
240 1.3015859127 75.447368 91.599491 -0.66374929 73.5 93.5 5.67232006898 2.72106166533 3.0300329718 6.70945679233
243 1.30748200417 76.572595 90.665594 -0.69142624 73.5 92.5 5.84685299418 3.57853118009 14.6158053966 8.36892946931
246 1.3022210598 77.783785 89.658033 -0.71509647 74.5 91.5 5.84685299418 3.76511438808 15.9720096757 6.26008442974
249 1.3009929657 78.874801 88.696028 -0.74032963 76.5 90.5 5.67232006898 2.98228012876 7.41776324748 3.80599064578
252 1.30170202255 80.03236 87.613917 -0.7252394 77.5 89.5 5.67232006898 3.1575554235 6.5531567566 4.16305663114
255 1.3057050705 81.079285 86.604124 -0.70281223 79.5 88.5 5.67232006898 2.46748595104 5.26817456918 3.00973041945
258 1.30256199837 82.380517 85.593177 -0.66953842 80.5 88.5 5.84685299418 3.46207512059 13.3617256879 3.91700077209
261 1.30638194084 83.553536 84.670161 -0.64546431 81.5 87.5 5.84685299418 3.4964265857 11.9823807893 5.73791705753
264 1.30803203583 84.753159 83.736184 -0.60820056 82.5 85.5 5.67232006898 2.86142837778 -0.152674814507 5.41214160594
267 1.30721497536 85.938286 82.919631 -0.58097683 83.5 84.5 5.67232006898 2.90565049412 -1.71247964611 3.51966042855
270 1.3041229248 87.249998 82.030848 -0.55954063 85.5 83.5 5.67232006898 2.28492901402 -2.94068343491 4.76476840234
273 1.30415296555 88.578333 81.141585 -0.52544337 86.5 82.5 5.84685299418 2.48289334671 5.10568747413 5.90405929378
276 1.30262589455 89.874585 80.458812 -0.49549775 87.5 82.5 5.84685299418 3.13131000918 3.38992983323 5.18616340418
279 1.3057320118 91.229191 79.664539 -0.46697991 88.5 81.5 5.84685299418 3.28898169606 1.7559779604 3.31066440879
282 1.30812501907 92.640842 79.007823 -0.44436504 89.5 81.5 5.84685299418 4.00946812786 0.460241355162 1.71246323847
285 1.30201220512 93.942666 78.269838 -0.40450827 91.5 80.5 5.84685299418 3.30760332171 -1.82338335086 4.20095340283
288 1.30770587921 95.385584 77.620959 -0.38607018 92.5 79.5 6.02138591938 3.44345612731 7.12019190986 5.8968507908
291 1.3029460907 96.747733 77.074345 -0.36376533 94.5 79.5 6.02138591938 3.30697835165 5.84221814218 6.21990647059
294 1.31045103073 98.250871 76.540386 -0.33417824 96.5 79.5 6.02138591938 3.43873003995 4.14700275711 10.5241085882
297 1.3035299778 99.752933 76.027378 -0.30758365 97.5 78.5 6.02138591938 3.34508096425 2.62324499223 8.9131697799
300 1.30344295502 100.00981 75.897783 -0.33361957 98.5 78.5 6.02138591938 3.00849788951 4.11499332397 9.41298561512
303 1.30564618111 98.714105 76.429985 -0.36219797 97.5 79.5 6.02138591938 3.30136987495 5.75241502921 9.2627311702
306 1.30654811859 97.284888 77.028291 -0.39087517 95.5 79.5 6.02138591938 3.04879821458 7.39549755746 8.58354559468
309 1.30649709702 95.817851 77.649213 -0.42317241 95.5 80.5 6.02138591938 2.86845180848 9.24599309938 4.31996106622
312 1.30025601387 94.571565 78.35291 -0.46228827 93.5 80.5 6.02138591938 2.39963476749 11.4871667894 3.13713711758
315 1.30323719978 93.13187 79.138887 -0.4938927 91.5 80.5 6.02138591938 2.12500077545 13.2979672423 3.84135142513
318 1.30514001846 91.836662 79.862922 -0.52529077 89.5 80.5 6.02138591938 2.4219532779 15.0969441382 7.17177549282
321 1.30750989914 90.529269 80.702102 -0.55721841 88.5 80.5 6.02138591938 2.03930818975 16.92626316 3.14773000263
324 1.30568194389 89.308886 81.573217 -0.59808232 86.5 80.5 6.02138591938 3.00693120807 19.2675927374 4.80485964485
327 1.30235600471 88.100372 82.484783 -0.6409076 85.5 81.5 6.02138591938 2.78059923316 21.7213005379 6.08862388707
330 1.35013198853 86.96204 83.432583 -0.67310863 83.5 81.5 6.02138591938 3.96492093408 23.5662836528 3.7579402444
333 1.30797505379 85.711036 84.448892 -0.70015711 82.5 81.5 6.02138591938 4.35966927885 25.1160473991 2.27537822667
336 1.30737709999 84.630521 85.38864 -0.74348817 82.5 85.5 5.84685299418 2.13342934756 17.5987342589 5.17068151914
339 1.30162096024 83.531548 86.470864 -0.76732045 80.5 86.5 5.67232006898 3.03168800882 8.96422331908 5.28602175252
342 1.30508494377 82.436303 87.632765 -0.79615086 79.5 87.5 5.67232006898 2.9393029536 10.6160841337 2.88496211964
345 1.306401968 81.390428 88.717115 -0.83255466 78.5 88.5 5.67232006898 2.8985708455 12.7018682319 2.24985120515
