123 2.6102950573 80.819811 40.085383 -0.20196514 2.5 7.5 0.0436332312999 84.8280612789 14.0717501308 1.91884057971
126 3.50978279114 80.673305 40.189426 -0.34415967 56.5 97.5 1.0035643199 62.2000849423 77.2188965696 2.99621602854
129 3.49906897545 80.559381 40.228255 -0.49611957 80.5 140.5 3.97062404829 100.271762583 -104.074442505 3.88246810721
132 3.49722313881 80.474435 40.358509 -0.64523249 80.5 140.5 3.88335758569 100.141494263 -100.530901518 4.37849531754
135 3.50098013878 80.446897 40.445937 -0.81868337 80.5 140.5 3.70882466049 100.054077092 -100.592898141 7.00990658434
138 3.48970007896 80.377523 40.602704 -0.97166139 55.5 98.5 0.1308996939 63.0157760781 63.1720967628 6.49185399687
141 3.5038061142 80.303277 40.677658 -1.1291983 63.5 110.5 3.53429173529 71.8158029984 -92.8017031767 6.20745876141
144 3.49025702477 80.24067 40.836497 -1.2914427 67.5 98.5 1.2653637077 59.0542483678 146.494216193 4.2096244015
147 3.49503993988 80.334643 40.99259 -1.4510482 65.5 98.5 0.567232006898 59.3899725362 115.63893773 4.06034465888
150 3.499158144 80.305505 41.173119 -1.6076845 65.5 98.5 0.305432619099 59.2078902132 109.613536639 2.49394568654
153 3.50567412376 80.260339 41.240273 -1.7630876 68.5 111.5 3.35975881009 71.2371729612 -66.4825216082 2.18688213238
156 3.50247192383 80.351916 41.337649 -1.9138236 68.5 111.5 3.18522588489 71.1563307845 -67.8459849875 2.38859789976
159 3.4934630394 80.458888 41.424429 -2.0695544 35.5 84.5 2.57436064669 62.2640058716 -93.9232674073 4.03400912236
162 3.50770902634 80.580246 41.530351 -2.2462491 124.5 134.5 5.97775268808 102.821692393 111.200593165 2.51006156914
165 3.49755382538 80.700832 41.575869 -2.3973477 29.5 72.5 5.62868683768 59.8149402373 99.8579052354 3.17049754707
168 21.3845210075 80.863789 41.557834 -2.56541 29.5 72.5 5.45415391248 59.9637928854 99.4871657207 2.25609282104
171 3.49874186516 80.910142 41.637692 -2.7112414 33.5 104.5 2.13802833369 78.7362135967 -82.1573105389 2.68857111534
174 3.54040312767 81.000304 41.730578 -2.863125 33.5 104.5 1.96349540849 78.7164482069 -83.4550212816 2.97562080786
177 3.49450707436 81.313486 41.614906 -3.0334876 33.5 104.5 1.78896248329 78.9978764959 -83.6939633147 2.75972952113
180 3.50249004364 81.419836 41.643078 3.1037871 33.5 105.5 1.70169602069 79.8374421533 -80.3339013371 2.87443250372
183 3.48873186111 81.472606 41.653948 2.9566422 33.5 105.5 1.5271630955 79.8604362774 -81.9031195903 2.95021388304
186 3.4890730381 81.600227 41.551467 2.7956666 33.5 105.5 1.3526301703 80.0190396737 -82.6798971057 4.61251648163
189 3.4878180027 81.705618 41.391179 2.6371497 33.5 105.5 1.1780972451 80.2104889449 -83.5975477542 3.37018144374
192 3.49957418442 81.817002 41.340993 2.4823985 34.5 105.5 1.1780972451 79.7199903255 -74.7309571196 2.85464646915
195 3.50148105621 81.903012 41.262396 2.332631 34.5 105.5 1.0908307825 79.8342991097 -71.1499114614 2.14437521029
198 3.49813699722 81.909487 41.089487 2.1583794 34.5 105.5 0.916297857297 79.9773320543 -71.166030208 1.84816500484
201 3.49803209305 81.924053 40.998223 1.9975831 114.5 30.5 3.53429173529 34.2257944992 88.0469191433 2.09740103237
204 3.49826788902 81.960862 40.844259 1.8446809 33.5 106.5 0.479965544298 81.6035015918 -78.1924301184 2.26899392489
207 3.49834418297 81.927588 40.703608 1.6857979 33.5 106.5 0.305432619099 81.6969796242 -79.089104782 2.12728866251
210 3.52671289444 81.924928 40.686406 1.5459903 33.5 106.5 0.1308996939 81.7092577803 -81.0787193582 2.1354046293
213 3.49477696419 81.81851 40.588718 1.3660151 115.5 30.5 2.92342649709 35.1599914605 89.2331000189 4.33591224986
216 3.49870896339 81.824065 40.431016 1.2110526 115.5 30.5 2.74889357189 35.1097376367 88.1117972517 6.62092151546
219 2.60687208176 82.277545 41.390368 1.1504821 36.5 106.5 0.0436332312999 79.5917571448 -63.4177687353 9.51406822053
222 2.61048603058 82.927041 42.739254 1.1137092 76.5 86.5 0.916297857297 44.2301904415 -11.3108367649 7.46424143593
225 2.60614204407 83.677797 44.09726 1.084748 81.5 45.5 1.0908307825 2.5904592799 0.348517764743 5.816378524
228 2.60729384422 84.372874 45.412874 1.0478677 81.5 47.5 1.0908307825 3.55098577296 2.46160330192 7.04580740012
231 2.63999795914 85.159381 46.677356 1.0274995 82.5 48.5 1.0908307825 3.22402519436 3.6286151982 7.07726921438
234 2.59361696243 85.928298 47.908079 0.99952116 83.5 49.5 1.0035643199 2.9035915083 0.23165599798 5.59525453377
237 2.60263299942 86.76373 49.194484 0.95689161 84.5 51.5 1.0035643199 3.23107993389 2.67414929552 4.13522911165
240 2.6034989357 87.649962 50.387631 0.93226665 85.5 52.5 1.0035643199 3.0140403769 4.0850555742 2.97569343796
243 2.60268902779 88.570925 51.559268 0.90792052 86.5 53.5 0.916297857297 2.8381633236 0.479986070677 2.41111743687
246 2.6581799984 89.47196 52.652014 0.8832857 87.5 54.5 0.916297857297 2.70253186804 1.89145728574 6.74599228695
249 2.6064388752 90.492516 53.754021 0.83763364 87.5 55.5 0.829031394697 3.46462042347 -0.492872350181 8.3965993137
252 2.60471916199 91.498687 54.898001 0.81217592 89.5 57.5 0.829031394697 3.28102857652 0.965747561845 8.58394062215
255 2.60169410706 92.568948 55.94073 0.78340538 90.5 58.5 0.829031394697 3.29095863839 2.61417807816 10.7038182963
258 2.606112957 93.547241 56.960456 0.75288469 91.5 59.5 0.829031394697 3.26197477612 4.36288480298 10.4139758441
261 2.62275719643 94.620679 57.928363 0.72990952 91.5 60.5 0.829031394697 4.04375497289 5.67926507758 11.1789843232
264 2.60993885994 95.770396 58.899507 0.6896339 92.5 61.5 0.829031394697 4.17828359974 7.98688812085 7.36728824658
267 2.60829806328 96.962501 59.840194 0.66858365 94.5 61.5 0.741764932098 2.96965774672 4.19297860355 5.20284129772
270 2.60145282745 98.232224 60.772339 0.64204005 95.5 62.5 0.654498469498 3.23262440087 0.713814856632 8.86823810355
273 2.60910797119 99.416545 61.686454 0.60185601 97.5 63.5 0.654498469498 2.63857799414 3.01619075242 4.02242952122
276 2.6092581749 100.66015 62.48684 0.57932353 98.5 64.5 0.654498469498 2.95280565024 4.30720675838 2.60537830458
279 2.6095058918 101.84252 63.245661 0.55317695 100.5 65.5 0.567232006898 2.6238148329 0.805295441081 1.58077761272
282 2.6083920002 103.2489 64.041483 0.52149049 101.5 65.5 0.567232006898 2.27726218282 2.62079586679 1.57852279576
285 2.61921811104 104.5021 64.838724 0.48902664 102.5 66.5 0.567232006898 2.60158458601 4.48083745854 3.71965208793
