183 3.48132395744 81.472606 41.653948 2.9566422 2.5 10.5 4.75602221168 84.8954708711 103.09688041 1.7763568394e-15
186 3.49382185936 81.600227 41.551467 2.7956666 23.5 92.5 0.567232006898 77.2747655597 -127.679897106 1.77534706664
189 3.49355101585 81.705618 41.391179 2.6371497 23.5 92.5 0.392699081699 77.4597027542 -128.597547754 0.623205041723
192 3.48904585838 81.817002 41.340993 2.4823985 87.5 135.5 2.57436064669 94.3303507122 5.26904288039 0.361473915079
195 3.49608206749 81.903012 41.262396 2.332631 21.5 100.5 4.66875574908 84.6027043677 133.850088539 0.293033698054
198 3.48769187927 81.909487 41.089487 2.1583794 95.5 48.5 5.27962098728 15.4795912907 178.833969792 0.316021993097
201 3.49272084236 81.924053 40.998223 1.9975831 117.5 61.5 3.53429173529 41.0605755574 88.0469191433 0.263983109089
204 3.49488997459 81.960862 40.844259 1.8446809 54.5 42.5 1.78896248329 27.5107328154 -3.19243011839 0.470972995763
207 3.48739504814 81.927588 40.703608 1.6857979 54.5 42.5 1.61442955809 27.4863531178 -4.08910478202 0.381134466741
210 3.50623297691 81.924928 40.686406 1.5459903 54.5 42.5 1.5271630955 27.4848285242 -1.07871935816 0.455064292869
213 3.48548316956 81.81851 40.588718 1.3660151 54.5 42.5 1.3526301703 27.385287793 -0.766899981141 3.15192814091
216 3.49003982544 81.824065 40.431016 1.2110526 54.5 42.5 1.1780972451 27.4022849944 -1.88820274835 5.53886680317
219 2.59893512726 82.277545 41.390368 1.1504821 55.5 43.5 1.1780972451 26.8605186734 1.58223126465 9.03540817131
222 2.60378193855 82.927041 42.739254 1.1137092 56.5 45.5 1.0908307825 26.5708527242 -1.31083676489 7.54078491471
225 2.60109901428 83.677797 44.09726 1.084748 74.5 77.5 4.23242343609 34.6406552663 -179.651482235 6.00795167699
228 2.60891914368 84.372874 45.412874 1.0478677 74.5 75.5 4.23242343609 31.6655773982 -177.538396698 7.16876859223
231 2.59098315239 85.159381 46.677356 1.0274995 73.5 74.5 4.23242343609 30.1668805887 -176.371384802 7.18929332204
234 2.60051608086 85.928298 47.908079 0.99952116 83.5 49.5 1.0035643199 2.9035915083 0.23165599798 5.60427893365
237 2.60229301453 86.76373 49.194484 0.95689161 71.5 72.5 4.14515697349 27.8590834296 -177.325850704 4.24795063311
240 2.64684104919 87.649962 50.387631 0.93226665 85.5 52.5 0.916297857297 3.0140403769 -0.9149444258 2.97558314315
243 2.6453139782 88.570925 51.559268 0.90792052 86.5 53.5 0.916297857297 2.8381633236 0.479986070677 2.42617077567
246 2.60759091377 89.47196 52.652014 0.8832857 87.5 54.5 0.916297857297 2.70253186804 1.89145728574 6.76003728981
249 2.5980348587 90.492516 53.754021 0.83763364 87.5 55.5 0.829031394697 3.46462042347 -0.492872350181 8.41423258938
252 2.5997569561 91.498687 54.898001 0.81217592 89.5 57.5 0.829031394697 3.28102857652 0.965747561845 8.59372557925
255 2.6019821167 92.568948 55.94073 0.78340538 90.5 58.5 0.829031394697 3.29095863839 2.61417807816 10.6935643528
258 2.60408210754 93.547241 56.960456 0.75288469 91.5 59.5 0.829031394697 3.26197477612 4.36288480298 10.410609894
261 2.60241699219 94.620679 57.928363 0.72990952 91.5 60.5 0.829031394697 4.04375497289 5.67926507758 11.1755449215
264 2.59822201729 95.770396 58.899507 0.6896339 92.5 61.5 0.829031394697 4.17828359974 7.98688812085 7.34687466882
267 2.60433101654 96.962501 59.840194 0.66858365 94.5 61.5 0.741764932098 2.96965774672 4.19297860355 5.18929889108
270 2.59973812103 98.232224 60.772339 0.64204005 95.5 62.5 0.654498469498 3.23262440087 0.713814856632 8.86866910576
273 2.60660815239 99.416545 61.686454 0.60185601 97.5 63.5 0.654498469498 2.63857799414 3.01619075242 4.00572437472
276 2.59630012512 100.66015 62.48684 0.57932353 98.5 64.5 0.654498469498 2.95280565024 4.30720675838 2.59534848458
279 2.60304093361 101.84252 63.245661 0.55317695 100.5 65.5 0.567232006898 2.6238148329 0.805295441081 1.58205046988
282 2.6002509594 103.2489 64.041483 0.52149049 101.5 65.5 0.567232006898 2.27726218282 2.62079586679 1.57054263396
285 2.60341000557 104.5021 64.838724 0.48902664 102.5 66.5 0.567232006898 2.60158458601 4.48083745854 3.71304519748
288 2.60316896439 105.89753 65.50297 0.45749312 103.5 67.5 0.567232006898 3.12030109473 6.28757506773 5.15037915655
291 2.59516215324 107.23441 66.106065 0.425495 104.5 68.5 0.479965544298 3.63427060527 3.12093229608 4.62680028154
294 2.60796093941 108.62185 66.694881 0.38650919 106.5 68.5 0.479965544298 2.78580365903 5.35465466998 4.29033349962
297 2.60383796692 110.08086 67.251857 0.35533208 107.5 69.5 0.479965544298 3.42271606886 7.1409714904 5.10819446856
300 2.60686898232 111.50781 67.766864 0.33459052 108.5 69.5 0.392699081699 3.47140913616 3.32937533891 3.83572404989
303 2.59991717339 112.87691 68.182524 0.30685182 110.5 70.5 0.392699081699 3.31969820295 4.91868577809 3.28337351657
306 2.60691595078 114.36462 68.651393 0.28808498 111.5 70.5 0.392699081699 3.40931013327 5.99394650489 3.66432913581
309 2.59999799728 115.83449 69.001579 0.25083859 113.5 70.5 0.392699081699 2.7740059577 8.12800745399 5.8722827879
312 2.60992193222 117.19736 69.329841 0.23044123 114.5 71.5 0.305432619099 3.4619851321 4.2966900952 6.5999477627
315 2.61027097702 117.78731 69.484411 0.20147117 115.5 71.5 0.392699081699 3.04866955458 10.9565522654 8.96127405842
318 2.61695885658 116.42938 69.228806 0.13415298 114.5 71.5 0.305432619099 2.98007204108 9.8136004369 11.8897036681
321 2.60641121864 114.80773 69.128985 0.0979988 113.5 70.5 0.305432619099 1.89468727845 11.8850823627 5.51455223924
324 2.59631299973 113.35769 69.056433 0.067460522 111.5 70.5 0.305432619099 2.35263635515 13.6347968057 7.26295760905
327 2.60596489906 111.81488 68.96352 0.032275621 110.5 70.5 0.218166156499 2.0222957758 10.6507431355 6.51994538544
330 2.60092616081 110.29576 68.94659 -0.0039959963 109.5 69.5 0.218166156499 0.969276330929 12.7289537229 8.29546665103
333 2.62272787094 108.74459 69.016615 -0.039899491 107.5 69.5 0.218166156499 1.33516490604 14.786072439 5.57361727492
336 2.59849286079 107.27384 69.125159 -0.081381225 106.5 70.5 0.1308996939 1.57766159898 12.1628007241 3.88128024683
339 2.59069490433 105.77123 69.311189 -0.11875782 104.5 69.5 0.1308996939 1.28517520464 14.3043218702 5.72681458769
342 2.60796189308 104.23308 69.487176 -0.13593074 103.5 69.5 0.1308996939 0.733192158561 15.2882577081 5.5255258835
345 2.59765505791 102.67844 69.809947 -0.17996689 101.5 70.5 0.0436332312999 1.36561120983 12.8113432491 6.08197758399
