123 12.3040990829 58.21235 101.09089 -1.0276822 41.4877937917 135.745703909 -0.470515583922 38.4794348633 31.9232955869 0
126 12.3910810947 58.152327 101.12822 -1.1869287 121.569208053 70.1064332931 0.909847405244 70.5978190384 120.136421414 0
129 12.2049911022 58.049715 101.26081 -1.3398137 38.8834674388 138.845826735 2.33978240184 42.1897917578 -149.174673052 0
132 12.2166881561 58.024835 101.49733 -1.4943786 89.1849783868 44.5750182844 0.0715008743397 64.8930204793 89.7182851058 0
135 12.2249441147 58.064001 101.65215 -1.6522241 148.068698212 23.6387293124 -2.30158030072 119.108938907 -37.2053697019 0
138 12.3148710728 58.104403 101.68885 -1.8037565 96.2860370363 42.2570057295 1.01735374042 70.6397996251 161.637710317 0
141 12.2700541019 58.177183 101.78616 -1.9584038 49.7261025459 91.9313830172 -1.01808399896 12.9821951234 53.876355992 0
144 12.2272310257 58.164815 101.89412 -2.1101089 104.557589257 48.5169208282 -2.15069859565 70.7206822274 -2.32561825264 0
147 12.296462059 58.333441 101.96561 -2.2758326 3.12018799051 37.1386657774 -0.479360895283 85.1530152439 102.930246695 0
150 12.4516909122 58.547547 101.97367 -2.4518694 135.524861178 78.0783046781 1.27753373814 80.6008398338 -146.320940082 0
153 12.3262841702 58.609003 102.09152 -2.5989269 132.676379963 26.4316657303 -0.515604664726 105.879128624 119.365571447 0
156 12.2273688316 58.561869 102.14088 -2.6173282 20.4553905014 60.7472093255 2.42085074592 56.2631289165 -71.3336099672 0
159 12.2812850475 58.51155 102.01626 -2.5045701 138.194842376 42.8794477053 -1.35417258855 99.2299836354 65.9129221682 0
162 12.3918712139 58.437648 101.90068 -2.3721379 108.62558313 75.1436078424 0.904644568334 56.8750362026 -172.254194182 0
165 12.2537231445 58.147744 101.95537 -2.2082701 86.2039419066 36.1297715903 1.30746820735 71.5552908384 -158.563033117 0
168 12.2378530502 58.037351 101.82492 -2.0566813 119.560730906 128.370404535 -1.11782970198 67.005887982 53.7922341559 0
171 12.0874960423 57.944091 101.71587 -1.9011295 60.2205785942 60.758955426 2.5321128171 41.020132218 -105.993925671 0
174 12.0904641151 57.908577 101.57431 -1.7585036 88.5263702834 39.7313332995 0.461898238222 69.0072679703 127.219654153 0
177 12.2947537899 57.841285 101.40683 -1.6171883 118.348340768 110.875140583 0.806196388388 61.2433890557 138.849714781 0
180 12.1797049046 57.86028 101.30305 -1.4556073 130.170021666 141.709188634 0.970403185921 82.8332951122 139.000161898 0
183 12.2072470188 57.788579 101.03213 -1.3093986 116.317768707 110.778765674 0.19826708298 59.3351746835 86.3828805515 0
186 12.1695199013 57.852229 100.87925 -1.1701135 112.898679507 111.067607065 1.87102121699 55.9813748773 174.244184214 0
189 12.156140089 57.956865 100.8248 -1.0236231 85.7691847697 59.4330366338 2.74061463541 49.8678574388 -144.325064677 0
192 12.2861590385 57.906072 100.67156 -0.85835482 40.1231551543 7.81012458028 1.36520937151 94.548814481 127.40084365 0
195 12.1470959187 57.990597 100.53155 -0.72265365 109.116318088 116.667032149 -2.08822733975 53.611501946 -78.2416090371 0
198 12.3911972046 58.042848 100.37669 -0.56279892 40.9531936366 8.01782473678 2.69644558034 93.9266537196 -173.259045729 0
201 12.1829800606 58.157277 100.32166 -0.41301063 96.5498157109 122.989791807 0.0717858474666 44.5851009675 27.7767920816 0
204 12.1764428616 58.686264 100.08548 -0.29965148 24.6827286374 73.6784031985 0.135954062518 43.0531546156 24.9583591188 0
207 12.214785099 59.980629 99.666017 -0.30408986 94.9481095602 113.147911211 1.95223876526 37.4764748643 129.278107422 0
210 12.2140100002 61.363687 99.173884 -0.32636207 93.6086878504 115.309774328 1.87212629812 36.0569970537 125.964104802 0
213 12.1870849133 62.885593 98.69498 -0.37512441 86.8070166775 85.2075471095 2.91947348339 27.461707098 -171.233445516 0
216 12.1748979092 64.287236 98.118834 -0.4012694 25.3081543879 60.1221116877 -2.77675532009 54.4345451878 -136.105317514 0
219 12.150701046 66.572969 97.068508 -0.44319642 63.5123811051 99.6765751189 -0.311598621844 4.02109591514 7.53999842756 0
222 12.1881651878 67.896132 96.441291 -0.47211549 65.6904667473 97.3640635125 -0.380378815715 2.39091369913 5.25612426308 0
225 12.1630980968 69.150612 95.708615 -0.49267498 65.952897762 98.2814197471 -0.500652518705 4.10422960063 -0.457079298691 0
228 12.282668829 70.465141 94.973778 -0.52461339 67.2783391638 96.7892468524 -0.522224630537 3.66764680648 0.136865835486 0
231 12.2234539986 71.675984 94.192345 -0.54871183 69.2312945183 96.0886512682 -0.539521739699 3.09394313539 0.52655338762 0
234 12.2095360756 72.999296 93.402727 -0.58180979 70.1983410872 95.480121253 -0.497711865572 3.48725039339 4.81845613551 0
237 12.1042881012 74.284244 92.44261 -0.63095882 71.3233547267 93.9615540617 -0.550795880718 3.32777047756 4.59299809422 0
240 12.338452816 75.447368 91.599491 -0.66374929 73.800494506 93.4709259797 -0.611420247613 2.49288210486 2.99823327474 0
243 12.2107150555 76.572595 90.665594 -0.69142624 74.4569676433 91.8823184066 -0.676725791849 2.44055268207 0.842273636002 0
246 12.4078581333 77.783785 89.658033 -0.71509647 75.4666011663 91.4716553545 -0.677732582954 2.94254430109 2.14079303395 0
249 12.3384041786 78.874801 88.696028 -0.74032963 76.5321347372 90.0068853254 -0.721695901051 2.6844798652 1.06763402537 0
252 12.5483839512 80.03236 87.613917 -0.7252394 77.8571055267 89.3939151823 -0.703557244161 2.81071619922 1.24229602033 0
255 12.1425478458 81.079285 86.604124 -0.70281223 79.0946149233 88.8833755048 -0.651721452902 3.0222347254 2.92728589975 0
258 12.0872271061 82.380517 85.593177 -0.66953842 80.3058604539 87.2512122891 -0.625498075319 2.65580134878 2.52332587852 0
261 12.1417748928 83.553536 84.670161 -0.64546431 81.1312005116 86.6438658226 -0.584721567251 3.12461516749 3.48030279558 0
264 12.0133590698 84.753159 83.736184 -0.60820056 82.5301419981 85.306388054 -0.571511058661 2.72164387126 2.10215357915 0
267 12.1280770302 85.938286 82.919631 -0.58097683 84.0160161542 84.2597203299 -0.553578783171 2.34327991756 1.56979245021 0
270 12.0504989624 87.249998 82.030848 -0.55954063 85.2394470179 83.5912789533 -0.53144623025 2.54504617081 1.60969053363 0
273 12.042675972 88.578333 81.141585 -0.52544337 86.1769383093 82.331621775 -0.51121478334 2.68009029443 0.81523796408 0
276 12.0409619808 89.874585 80.458812 -0.49549775 87.7179029746 82.0091134933 -0.455957492433 2.656070797 2.26548987942 0
279 12.0904021263 91.229191 79.664539 -0.46697991 88.7103945756 81.2173518879 -0.440642042585 2.95898011019 1.50904864427 0
282 12.0396780968 92.640842 79.007823 -0.44436504 90.044585014 81.0809094731 -0.401226558738 3.32238436403 2.47165291091 0
285 12.1392822266 93.942666 78.269838 -0.40450827 91.0645509161 80.5828334115 -0.367145423697 3.69235618674 2.14073340378 0
