3 6.38514685631 58.425211 99.52669 -0.076600623 144.141084606 15.0091746045 -1.9683113633 120.376166231 -108.387041479 0
6 6.3352098465 58.436309 99.5178 -0.082073852 37.8722446731 113.575053816 2.99543023298 24.9095790106 176.327995504 0
9 6.32296895981 59.138497 99.506199 -0.079127672 30.5664270677 18.3611102556 0.154556855098 86.0284174419 13.3891371402 0
12 6.41433310509 60.588187 99.398001 -0.084356487 29.9735409072 93.9349601692 1.26413207079 31.0982534961 77.2627030829 0
15 6.41911387444 62.026729 99.268445 -0.080345137 56.7347532885 118.314540151 2.97913384283 19.7676186582 175.295233053 0
18 6.31633901596 63.612811 99.142137 -0.077882356 104.195751398 75.7190811741 0.0227600468235 46.85738571 5.76638492184 0
21 6.24704909325 65.109709 99.045111 -0.075303117 9.37400848259 51.2936554677 1.70328849039 73.3939358368 101.905792581 0
24 6.34869599342 66.576646 98.887554 -0.079079542 26.9823615029 89.31027853 -1.25453190565 40.736121198 -67.3484594558 0
27 6.36885499954 68.114632 98.811042 -0.080004433 50.6628983505 29.10263179 0.479596032209 71.859762464 32.06274487 0
30 6.38283920288 69.601579 98.673025 -0.074381156 29.3942188191 102.749408032 1.81295593805 40.413471904 108.136450008 0
33 6.34190106392 71.154315 98.514904 -0.080273853 70.6549037584 98.1044932408 -0.626765278865 0.646412081784 -31.3116522421 0
36 6.38995695114 72.642873 98.438251 -0.077397051 69.8490342933 97.626680327 0.0953244395586 2.90932667062 9.89621244021 0
39 6.32901310921 74.179887 98.27586 -0.078945335 95.5401190339 10.834268082 0.187159594354 90.0127297091 15.2466893596 0
42 6.56383085251 75.689674 98.17429 -0.079512997 72.972886642 95.0982092604 -0.170904713168 4.10404754666 -5.23635961888 0
45 6.34785985947 77.259307 98.055637 -0.072379503 74.9174006137 100.833863211 -0.100296304146 3.63360239989 -1.5995148832 0
48 6.39754891396 78.667542 97.976243 -0.066300397 76.4769869753 98.7177321271 -0.0419091688456 2.31264727999 1.39751443039 0
51 6.43232679367 80.25432 97.827625 -0.077582567 77.3973859767 99.1974995498 -0.032269053933 3.16837944314 2.59627305365 0
54 6.34404993057 81.813353 97.68277 -0.074716444 78.2710371627 99.1219113919 -0.0145597442452 3.8234970167 3.44672500538 0
57 6.25558614731 82.622729 97.654646 -0.085105116 80.0321437419 99.1690486937 -0.0722515155224 3.0007578206 0.736457058912 0
60 6.30592894554 81.436592 97.754867 -0.094486992 78.9686505263 99.2075899225 -0.00981860005511 2.86376308499 4.8511415166 0
63 6.29239702225 79.890684 97.897701 -0.093381766 77.0150387135 99.0786548893 -0.0319966607236 3.10869553069 3.51710745731 0
66 6.32342004776 78.411812 98.037468 -0.097953665 75.4996429932 99.0653089135 -0.037606241025 3.08823335703 3.45765269825 0
69 6.35671210289 76.931086 98.162597 -0.096433306 74.7847777468 99.9445089697 -0.076472748146 2.7895966349 1.14365572176 0
72 6.33985495567 75.443161 98.337547 -0.10164342 72.7175835641 99.5439802604 -0.0675872931798 2.98064650218 1.95127233336 0
75 6.32827711105 73.912871 98.553041 -0.10292365 71.8213605443 99.4441896428 -0.0388695995984 2.2734471381 3.67002674873 0
78 6.38789606094 72.413468 98.668417 -0.11145399 69.4929147942 99.00654693 -0.0215922235472 2.94006171318 5.14869995733 0
81 6.37873005867 70.926618 98.82512 -0.11572496 69.0960270336 99.8103214025 -0.0555150884163 2.07886629917 3.44977152677 0
84 6.46016097069 69.460294 99.048845 -0.12091472 66.8668935319 99.2603817985 -0.0340009167576 2.6020134137 4.97979410722 0
87 6.49530005455 67.984026 99.205817 -0.12024712 65.8096536252 98.5822283132 0.00375325213144 2.26202521525 7.10469798118 0
90 6.4590280056 66.409271 99.378533 -0.12589377 63.7713485447 99.2436732242 -0.034216430092 2.64136745627 5.25272465372 0
93 6.49307799339 64.97003 99.579245 -0.12534264 62.7388700822 99.3448869101 -0.00767857222024 2.24343448606 6.74165448412 0
96 6.3747048378 63.450289 99.830398 -0.13542326 60.4762985457 99.3307726239 -0.0188858298605 3.01566654961 6.67710290229 0
99 6.48510503769 62.015499 100.01094 -0.13023941 59.9795157766 98.9176350263 -0.00396364048636 2.31096158593 7.2350686479 0
102 6.70293998718 60.420275 100.24313 -0.1356293 57.9233357702 99.3502923315 -0.0140871154128 2.65176632071 6.96385420964 0
105 6.68523001671 58.989222 100.44438 -0.14088208 56.7515159844 100.156720518 -0.0678744400492 2.25611971982 4.18302964139 0
108 7.21187996864 58.528509 100.58832 -0.24160345 55.7995231819 99.4666261081 -0.105971002791 2.95051873111 7.7711667901 0
111 6.55843305588 58.390768 100.67023 -0.3827913 56.4612853695 98.9362079312 -0.217382482327 2.59417342453 9.47722714692 0
114 6.3585319519 58.26024 100.80046 -0.53685502 56.5454545914 100.647742243 -0.40503153906 1.72157245297 7.55292909856 0
117 6.66527795792 58.2435 100.85046 -0.70040996 56.7851592638 101.640988676 -0.56513672361 1.65882286316 7.75058552624 0
120 6.76166200638 58.129433 100.95873 -0.85888639 57.6194344963 101.410328509 -0.612562294897 0.681204585525 14.1133310418 0
123 6.97121906281 58.21235 101.09089 -1.0276822 57.2041088671 101.113807208 -0.889865577968 1.00850155209 7.89631078919 0
126 6.60630106926 58.152327 101.12822 -1.1869287 56.9350381863 101.848993615 -1.20116558153 1.41467546128 -0.8157132253 0
129 6.32079792023 58.049715 101.26081 -1.3398137 56.3387223779 101.270085228 -1.30650120513 1.71101776229 1.90866536088 0
132 6.29854989052 58.024835 101.49733 -1.4943786 56.8778506971 101.510658791 -1.52354265911 1.14706174541 -1.67097750033 0
135 6.38329291344 58.064001 101.65215 -1.6522241 56.0077554189 102.175965059 -1.59513074536 2.12191614006 3.27120825889 0
138 6.43464398384 58.104403 101.68885 -1.8037565 57.1967269444 102.448545378 -1.79373792726 1.18364390291 0.574021934839 0
141 6.31959104538 58.177183 101.78616 -1.9584038 56.8212685581 102.701134412 -1.92173421994 1.63575124898 2.10101217407 0
144 6.31961011887 58.164815 101.89412 -2.1101089 56.2355018568 103.061850126 -2.0446862799 2.25518133462 3.74844001639 0
147 6.45067501068 58.333441 101.96561 -2.2758326 55.7134052407 102.879588518 -2.18636607146 2.77487731453 5.12605449297 0
150 6.44492197037 58.547547 101.97367 -2.4518694 55.636176557 101.496488303 -2.36798366506 2.95021697991 4.80629857365 0
153 6.30615592003 58.609003 102.09152 -2.5989269 55.4258415176 101.587571867 -2.47356151436 3.22280634596 7.18290749412 0
156 6.34956598282 58.561869 102.14088 -2.6173282 54.5044401065 102.923588583 -2.46827730298 4.13223449856 8.53998733189 0
159 6.44503307343 58.51155 102.01626 -2.5045701 54.7781930244 102.260579762 -2.38705359707 3.74134286764 6.73319964079 0
162 6.30713605881 58.437648 101.90068 -2.3721379 54.7291806207 102.49844176 -2.18375992195 3.75633457311 10.7932630953 0
165 6.2919511795 58.147744 101.95537 -2.2082701 54.7820932316 102.394968092 -2.10278939459 3.39423799659 6.04359923977 0
