243 0.650851011276 76.572595 90.665594 -0.69142624 7.5 3.5 2.61799387799 111.215395325 -170.384194603 4.58550724638
246 0.647823095322 77.783785 89.658033 -0.71509647 36.5 133.5 0.523598775598 60.2201708264 70.9720096757 4.16117894739
249 0.645938158035 78.874801 88.696028 -0.74032963 39.5 138.5 3.66519142919 63.4886649786 -107.582236753 2.77853887392
252 0.645925045013 80.03236 87.613917 -0.7252394 55.5 87.5 4.36332312999 24.5326244877 -68.4468432434 2.88625140382
255 0.647722005844 81.079285 86.604124 -0.70281223 103.5 38.5 4.36332312999 53.0725466406 -69.7318254308 2.13035222954
258 0.649559020996 82.380517 85.593177 -0.66953842 81.5 77.5 1.2217304764 8.14093509006 108.361725688 4.09660829924
261 0.650549173355 83.553536 84.670161 -0.64546431 77.5 129.5 1.2217304764 45.2367081348 106.982380789 6.56848689738
264 0.651042938232 84.753159 83.736184 -0.60820056 112.5 76.5 4.01425727959 28.674893973 -95.1526748145 5.99570859665
267 0.653506994247 85.938286 82.919631 -0.58097683 76.5 134.5 1.2217304764 52.4367782076 103.287520354 4.27566323729
270 0.648664951324 87.249998 82.030848 -0.55954063 110.5 73.5 4.01425727959 24.7656609159 -97.9406834349 7.77303513845
273 0.648140192032 88.578333 81.141585 -0.52544337 110.5 77.5 1.2217304764 22.2220751815 100.105687474 6.37912230579
276 0.647418022156 89.874585 80.458812 -0.49549775 108.5 70.5 4.01425727959 21.1207012283 -101.610070167 3.38761116951
279 0.684165000916 91.229191 79.664539 -0.46697991 107.5 69.5 4.01425727959 19.1848137493 -103.24402204 4.99205909422
282 0.651849985123 92.640842 79.007823 -0.44436504 102.5 57.5 0.872664625997 23.659869963 75.4602413552 3.63368821202
285 0.650063037872 93.942666 78.269838 -0.40450827 28.5 39.5 6.10865238198 76.064728171 13.1766166491 4.51916157281
288 0.650099992752 95.385584 77.620959 -0.38607018 92.5 79.5 6.10865238198 3.44345612731 12.1201919099 3.56122516207
291 0.650783061981 96.747733 77.074345 -0.36376533 94.5 78.5 6.10865238198 2.66172797602 10.8422181422 6.10509620583
294 0.653698205948 98.250871 76.540386 -0.33417824 96.5 78.5 6.10865238198 2.62785773733 9.14700275711 8.61229839901
297 0.648437976837 99.752933 76.027378 -0.30758365 97.5 78.5 6.10865238198 3.34508096425 7.62324499223 7.06878195469
300 0.649866819382 100.00981 75.897783 -0.33361957 98.5 78.5 6.10865238198 3.00849788951 9.11499332397 7.61112969871
303 0.665274143219 98.714105 76.429985 -0.36219797 97.5 78.5 6.10865238198 2.39979437687 10.7524150292 6.13534233258
306 0.650462865829 97.284888 77.028291 -0.39087517 95.5 78.5 6.10865238198 2.31338551764 12.3954975575 9.25780446307
309 0.652080774307 95.817851 77.649213 -0.42317241 93.5 80.5 5.75958653158 3.67415565505 -5.75400690062 3.67767032014
312 0.650236845016 94.571565 78.35291 -0.46228827 93.5 78.5 6.10865238198 1.08161315512 16.4871667894 2.56673233998
315 0.650681972504 93.13187 79.138887 -0.4938927 91.5 79.5 6.10865238198 1.67134744912 18.2979672423 3.68580076174
318 0.651179790497 91.836662 79.862922 -0.52529077 89.5 79.5 6.10865238198 2.36467792317 20.0969441382 6.62456457845
321 0.65433216095 90.529269 80.702102 -0.55721841 88.5 79.5 6.10865238198 2.35859744186 21.92626316 3.23374903736
324 0.649765968323 89.308886 81.573217 -0.59808232 86.5 79.5 6.10865238198 3.49114154541 24.2675927374 4.9004850734
327 0.651668071747 88.100372 82.484783 -0.6409076 85.5 80.5 6.10865238198 3.27128386042 26.7213005379 6.19165658411
330 0.649348974228 86.96204 83.432583 -0.67310863 83.5 80.5 6.10865238198 4.53715373483 28.5662836528 4.96407371756
333 0.651614904404 85.711036 84.448892 -0.70015711 82.5 80.5 6.10865238198 5.08964637484 30.1160473991 2.29154979865
336 0.650276899338 84.630521 85.38864 -0.74348817 82.5 86.5 5.75958653158 2.40296499788 12.5987342589 4.97416227868
339 0.650475978851 83.531548 86.470864 -0.76732045 81.5 87.5 5.75958653158 2.27734674189 13.9642233191 5.15692450632
342 0.652376890182 82.436303 87.632765 -0.79615086 79.5 88.5 5.75958653158 3.06169427818 15.6160841337 2.5641245697
345 0.65090918541 81.390428 88.717115 -0.83255466 78.5 89.5 5.75958653158 2.99457558703 17.7018682319 1.86314373902
348 1.24443006516 80.091493 90.270385 -0.85191671 78.5 91.5 5.41052068118 2.01116956453 -1.18876802033 1.27295695801
351 0.649553060532 79.121061 91.3195 -0.83027867 75.5 90.5 5.75958653158 3.71263558887 17.5714636107 1.03684555983
354 0.647650003433 78.091476 92.534394 -0.81038411 74.5 91.5 5.75958653158 3.73746850232 16.4315892875 3.2818744271
357 0.651846170425 77.093441 93.512556 -0.78090008 78.5 96.5 5.06145483078 3.30200391787 -25.2577211946 4.24642832475
360 0.650227069855 76.051262 94.597058 -0.76703211 74.5 95.5 5.41052068118 1.79491449602 -6.05229734599 3.72372442188
363 0.650619029999 75.027276 95.58972 -0.75132884 73.5 97.5 5.41052068118 2.44575993478 -6.95202844154 3.146595621
366 0.650088071823 73.852657 96.593273 -0.72312741 72.5 97.5 5.41052068118 1.62844552017 -8.56785135677 2.93816670602
369 0.651628017426 72.811015 97.559971 -0.70587276 71.5 98.5 5.41052068118 1.6132001894 -9.55646997875 1.32672153731
372 0.650979995728 71.630899 98.505259 -0.68120937 70.5 99.5 5.41052068118 1.50613485627 -10.9695781342 3.94079370582
375 0.650007009506 70.538887 99.423882 -0.66641532 69.5 101.5 5.41052068118 2.32154089964 -11.8172147611 6.27604983147
378 0.650005102158 69.331788 100.31013 -0.63648641 68.5 102.5 5.41052068118 2.34252041482 -13.5320149896 8.08519315931
381 0.649014949799 68.205766 101.18772 -0.63190253 67.5 103.5 5.41052068118 2.41759062812 -13.7946519674 6.91568676392
384 0.650963068008 66.997353 102.01418 -0.604237 66.5 104.5 5.41052068118 2.53508601018 -15.3797700744 6.55398172279
387 0.650650024414 65.749881 102.79371 -0.58263231 65.5 105.5 5.41052068118 2.71780169958 -16.617627629 6.52485913355
390 0.650791883469 64.390622 103.72927 -0.540005 64.5 107.5 5.41052068118 3.77231603657 -19.059992584 6.30484491759
393 0.64762711525 63.066948 104.49561 -0.5165186 63.5 107.5 5.41052068118 3.03543955743 -20.40566418 6.31295646141
396 0.651427984238 62.072466 105.11862 -0.50368551 62.5 108.5 5.41052068118 3.40830104679 -21.1409460751 5.30255764873
399 0.654643058777 62.084059 105.11634 -0.50537083 62.5 108.5 5.41052068118 3.40912920129 -21.044384352 6.38104588069
402 0.649881839752 62.06969 105.12384 -0.50501376 62.5 108.5 5.41052068118 3.40347220375 -21.064842956 6.88185222956
405 0.649000167847 62.088061 105.11683 -0.50531554 62.5 108.5 5.41052068118 3.40815683158 -21.0475522356 6.84552317041
