243 12.3984429836 76.572595 90.665594 -0.69142624 120.049640998 96.2473502463 -2.10737383565 43.8338856538 -81.1278212425 0
246 12.4330730438 77.783785 89.658033 -0.71509647 62.9320431034 2.97255441463 -2.92308162893 87.9485442457 -126.508230834 0
249 12.2860980034 78.874801 88.696028 -0.74032963 101.265795091 63.8827773459 -1.84618735598 33.4223581513 -63.3609804408 0
252 12.354998827 80.03236 87.613917 -0.7252394 91.5239386776 55.0795542276 -1.49388000024 34.5042191842 -44.0398623563 0
255 12.3141450882 81.079285 86.604124 -0.70281223 69.7976249633 134.581060213 -0.0392409819855 49.2855177673 38.0198319175 0
258 12.3229398727 82.380517 85.593177 -0.66953842 108.127745944 87.9651748982 2.85414165874 25.856259829 -158.108003134 0
261 12.6347329617 83.553536 84.670161 -0.64546431 88.3064837075 117.226759598 1.05698390045 32.9017115692 97.5430972986 0
264 12.5879368782 84.753159 83.736184 -0.60820056 76.7676918578 123.946283083 -0.78967707504 40.9953625884 -10.3978383925 0
267 12.7640750408 85.938286 82.919631 -0.58097683 39.9556400218 101.135962557 -0.628162054857 49.4594628617 -2.70351423966 0
270 12.550577879 87.249998 82.030848 -0.55954063 107.876029855 77.6928819619 1.20800993654 21.0772659385 101.273187539 0
273 12.4740059376 88.578333 81.141585 -0.52544337 129.28419711 109.593648334 -2.92735010824 49.6637421155 -137.619118885 0
276 12.6539170742 89.874585 80.458812 -0.49549775 87.7984492236 83.8251622872 -0.427912192635 3.95507952109 3.87236719305 0
279 12.854377985 91.229191 79.664539 -0.46697991 88.5797163417 81.4494866857 -0.410522413079 3.19464461337 3.23477629546 0
282 12.4646291733 92.640842 79.007823 -0.44436504 90.4335577942 80.0953030366 -0.257034350782 2.46063333207 10.7332578655 0
285 12.9249150753 93.942666 78.269838 -0.40450827 91.4247209053 80.6823413848 -0.267766696711 3.487150711 7.83471503341 0
288 12.815171957 95.385584 77.620959 -0.38607018 92.9739346982 80.0314425536 -0.317049991702 3.40976294146 3.95456549067 0
291 12.9630670547 96.747733 77.074345 -0.36376533 94.6032696622 79.4684657441 -0.295137235438 3.21411529738 3.93210017444 0
294 13.382185936 98.250871 76.540386 -0.33417824 95.9468793111 78.863638169 -0.2322393814 3.2719838544 5.84066636617 0
297 13.1094110012 99.752933 76.027378 -0.30758365 97.0660554857 78.9926920156 -0.20337408143 4.00154944841 5.97076846392 0
300 13.1452591419 100.00981 75.897783 -0.33361957 98.2006232669 79.390568017 -0.20009166734 3.93353578988 7.65058526966 0
303 12.7551660538 98.714105 76.429985 -0.36219797 96.8245375634 79.6550175857 -0.224360673424 3.73782025737 7.89749535328 0
306 12.4346871376 97.284888 77.028291 -0.39087517 95.3371981366 79.2231055398 -0.221857818016 2.93440056368 9.68398093318 0
309 12.4595310688 95.817851 77.649213 -0.42317241 94.5325925548 79.2089343351 -0.270517850132 2.02104426329 8.74646200386 0
312 12.6950421333 94.571565 78.35291 -0.46228827 93.2956291653 80.4059242023 -0.323854675086 2.41720490838 7.93166073139 0
315 12.7680120468 93.13187 79.138887 -0.4938927 91.1744838148 80.5261504998 -0.331644146058 2.39913749001 9.29615737297 0
318 12.3699510098 91.836662 79.862922 -0.52529077 90.0416084466 80.9862393678 -0.39062957319 2.11755972015 7.71551824138 0
321 12.4256229401 90.529269 80.702102 -0.55721841 88.0702534034 81.1521800888 -0.371763699952 2.49986559444 10.6257721766 0
324 12.3814389706 89.308886 81.573217 -0.59808232 87.1333560865 81.1288988025 -0.382935965072 2.22043893527 12.326978115 0
327 12.4230020046 88.100372 82.484783 -0.6409076 85.8755150714 83.5735131165 -0.490410553471 2.47695813836 8.62284559529 0
330 12.3657159805 86.96204 83.432583 -0.67310863 84.534543452 82.5716330493 -0.423517879992 2.57565026899 14.300496581 0
333 12.6293718815 85.711036 84.448892 -0.70015711 83.8203556895 84.3053791391 -0.550852655977 1.8961191887 8.55451507803 0
336 12.6804988384 84.630521 85.38864 -0.74348817 81.7126664925 85.3513150177 -0.555108722307 2.91809322694 10.7933472998 0
339 12.3705079556 83.531548 86.470864 -0.76732045 80.2688980381 86.428145687 -0.606647010268 3.26292960819 9.20590997648 0
342 12.4217169285 82.436303 87.632765 -0.79615086 79.3251324473 86.9232367406 -0.616514519962 3.19105195179 10.2924041314 0
345 13.1578280926 81.390428 88.717115 -0.83255466 78.1609975541 88.5714481971 -0.675482339358 3.23271400257 8.99958105112 0
348 12.3990540504 80.091493 90.270385 -0.85191671 77.2471568166 89.5534668234 -0.681891060926 2.93329507489 9.74175210091 0
351 12.6538801193 79.121061 91.3195 -0.83027867 76.8177790048 90.5064652769 -0.651320325024 2.44256697149 10.2535578758 0
354 12.3836779594 78.091476 92.534394 -0.81038411 75.0243659311 91.0210657447 -0.601787712483 3.42013546271 11.9516931993 0
357 12.4166820049 77.093441 93.512556 -0.78090008 74.6076873678 93.9137127374 -0.650874227563 2.51791537741 7.44993257222 0
360 12.5569908619 76.051262 94.597058 -0.76703211 73.4099498533 93.1941770671 -0.575590183472 2.99075321082 10.9688144119 0
363 12.3990869522 75.027276 95.58972 -0.75132884 71.9850367344 93.9936055174 -0.559056806601 3.4355205123 11.0163760322 0
366 12.2243251801 73.852657 96.593273 -0.72312741 70.8257813503 95.6113076306 -0.547851281235 3.18217412868 10.0425824276 0
369 12.3222560883 72.811015 97.559971 -0.70587276 69.5856808855 96.1252113268 -0.509520603137 3.53005884797 11.2501498866 0
372 12.2573020458 71.630899 98.505259 -0.68120937 68.7857299462 98.4068863768 -0.532684794979 2.84686917822 8.50983130268 0
375 12.2993118763 70.538887 99.423882 -0.66641532 67.3543342639 99.1996184535 -0.485230830301 3.19243954797 10.381106573 0
378 12.4641089439 69.331788 100.31013 -0.63648641 66.3252312058 100.010182505 -0.47846303527 3.02148179816 9.05407243645 0
381 12.4326510429 68.205766 101.18772 -0.63190253 65.5601465248 101.595145889 -0.472330198646 2.67680747587 9.14282111365 0
384 12.4417340755 66.997353 102.01418 -0.604237 64.1935849979 102.124778255 -0.436009590459 2.80594849981 9.6387205651 0
387 12.2979998589 65.749881 102.79371 -0.58263231 63.3942285188 102.788149988 -0.404403783425 2.35565904283 10.2117423616 0
390 12.5539090633 64.390622 103.72927 -0.540005 61.8837060351 104.161557112 -0.401858525582 2.54391426778 7.91520993875 0
393 12.3278632164 63.066948 104.49561 -0.5165186 60.6589087841 104.435696257 -0.364982427775 2.40878444908 8.68238311206 0
396 12.2534618378 62.072466 105.11862 -0.50368551 58.9473459357 104.941858842 -0.31898707277 3.13011500163 10.5824409359 0
399 12.4455668926 62.084059 105.11634 -0.50537083 58.8311615735 104.945964759 -0.313879061429 3.25735619642 10.9716701506 0
402 12.4059579372 62.06969 105.12384 -0.50501376 58.6464196248 105.329786974 -0.329425948471 3.429459756 10.0604405346 0
405 12.5234241486 62.088061 105.11683 -0.50531554 58.5714911464 105.091814818 -0.305600802523 3.51665882548 11.442811564 0
