63 5.58262205124 52.707826 40.957156 -0.02058299 119.111143336 89.116951955 -1.55345290269 82.0290588736 -87.8269765396 0
66 5.60767793655 54.31159 40.951842 -0.027308534 125.113694622 55.0089576987 -0.831842896784 72.184073871 -46.0964234608 0
69 5.5046877861 55.778879 40.909196 -0.015002614 86.6123689716 117.942968788 2.85327371506 82.9753352134 164.340128132 0
72 5.57399296761 57.331901 40.836464 -0.018380323 57.6602208372 17.449188616 1.62730771901 23.3895798125 94.2909792022 0
75 5.57119202614 58.848313 40.76075 -0.022921269 39.2948687638 59.1214934281 -2.96932343176 26.822641196 -168.816408674 0
78 5.66087508202 60.388876 40.75568 -0.012358794 52.1948535793 72.9175163269 -1.89480727745 33.1892410179 -107.856353252 0
81 5.64069604874 61.86858 40.735896 -0.015077049 95.9528188063 76.2546661238 -0.564046021381 49.2272116427 -31.4536052011 0
84 5.5395629406 63.333062 40.668539 -0.013920495 59.9461221117 121.882842743 1.52171837857 81.2848970856 87.9856263118 0
87 5.59496498108 64.876385 40.58717 -0.032109511 119.689319499 135.845672242 3.09251523096 109.902866377 179.027810277 0
90 5.68057513237 66.44697 40.579857 -0.020157695 25.1894434348 119.942790865 1.97180222868 89.4464016597 114.130896586 0
93 5.6748611927 67.930314 40.55804 -0.02084507 16.5924418131 8.40542123263 2.91934012781 60.5753086189 168.460202821 0
96 5.55965518951 69.414343 40.447992 -0.021831497 131.679740884 67.9559505657 -1.34598288657 68.07104787 -75.8682860586 0
99 5.66463899612 70.999462 40.351868 -0.031419309 95.6059404343 53.1945669135 0.114295063814 27.7563271403 8.34881857662 0
102 5.66417503357 72.481812 40.325422 -0.028226015 117.371219019 54.74778856 -0.166865810156 47.1493745419 -7.94347513498 0
105 5.624751091 74.028193 40.279112 -0.026102315 98.6767120515 51.7278989084 0.229925855489 27.1776417871 14.6693336055 0
108 5.67515707016 75.500101 40.224463 -0.026983514 137.436268259 21.211262303 -1.36469685991 64.7888155119 -76.6453289192 0
111 5.61413598061 77.104162 40.159206 -0.035689283 115.467385949 100.696122808 -2.86781869305 71.669067584 -162.269062231 0
114 5.59841394424 78.584191 40.097894 -0.03659834 78.5132309483 40.5767670241 0.0905748821048 0.484101954236 7.28648889368 0
117 5.61942100525 80.1084 40.071744 -0.024096447 78.8614810861 41.9154492777 0.0806596736865 2.22577086174 6.0020835935 0
120 5.59174609184 80.881063 40.047709 -0.06972902 79.2142559121 41.4504808556 -0.0246167837666 2.17853500025 2.58474074057 0
123 5.52629303932 80.819811 40.085383 -0.20196514 80.5196390435 42.5178465132 -0.0652957477936 2.45091451223 7.83057936204 0
126 5.55199503899 80.673305 40.189426 -0.34415967 79.2226586307 41.5967146694 -0.277306447095 2.02109779275 3.83040751929 0
129 5.71910476685 80.559381 40.228255 -0.49611957 79.704695653 43.1490556243 -0.422336407377 3.04328167103 4.22746381745 0
132 5.56394386292 80.474435 40.358509 -0.64523249 78.5103642914 40.9246417243 -0.60291822773 2.0440352272 2.42442864128 0
135 5.56422710419 80.446897 40.445937 -0.81868337 79.141876639 42.447181591 -0.612815713904 2.38915425526 11.7953478325 0
138 5.56898593903 80.377523 40.602704 -0.97166139 79.628074257 44.2596353383 -0.691663299772 3.73293721238 16.0427088418 0
141 5.73142290115 80.303277 40.677658 -1.1291983 81.0550432056 45.3525445087 -0.94429028338 4.7349462824 10.5944489505 0
144 5.55083918571 80.24067 40.836497 -1.2914427 80.084695424 43.3969608962 -0.958655749351 2.56521021211 19.0672877492 0
147 5.6797990799 80.334643 40.99259 -1.4510482 79.3706557672 44.2435248951 -1.27037200429 3.39084784042 10.3519834726 0
150 5.71945786476 80.305505 41.173119 -1.6076845 78.4269375461 43.2606041868 -1.42676126169 2.80831089517 10.3661379713 0
153 5.62932920456 80.260339 41.240273 -1.7630876 79.6203992097 42.6198655858 -1.64873562869 1.52078882095 6.55188533491 0
156 5.63124895096 80.351916 41.337649 -1.9138236 78.261946153 41.1290115715 -1.58336793777 2.10035795476 18.9337147621 0
159 5.61631178856 80.458888 41.424429 -2.0695544 80.382802148 27.8852867028 1.20106159209 13.5393560852 -172.607507245 0
162 5.68041491508 80.580246 41.530351 -2.2462491 28.4668663231 69.7574524923 -0.0774826644254 59.2669688781 124.261163508 0
165 5.54728198051 80.700832 41.575869 -2.3973477 78.4371429266 42.0157326251 -2.19316939659 2.30602867064 11.6985550535 0
168 5.5715880394 80.863789 41.557834 -2.56541 28.6047312091 69.2416105863 -0.545586575976 59.1388248723 115.727357558 0
171 5.55240797997 80.910142 41.637692 -2.7112414 27.714796562 71.043863548 -0.84341817527 60.782133077 107.018387654 0
174 5.5365049839 81.000304 41.730578 -2.863125 30.3879408276 69.5569738563 -0.468917318559 57.7574204085 137.177995424 0
177 5.55287694931 81.313486 41.614906 -3.0334876 80.1054526921 42.5170509575 -2.89362418097 1.50771681603 8.01358361885 0
180 5.63919210434 81.419836 41.643078 3.1037871 79.7458112465 42.5474064168 -2.97038986574 1.90267410785 11.9752958475 0
183 5.53875803947 81.472606 41.653948 2.9566422 78.0843327892 43.4297146102 -2.82256347115 3.82540748215 28.8759061051 0
186 5.5577878952 81.600227 41.551467 2.7956666 79.2034849864 42.1068777442 3.05345115188 2.46025473777 14.7699668463 0
189 5.61078691483 81.705618 41.391179 2.6371497 78.4517052707 43.3541343184 3.00852741879 3.80015021181 21.2783758918 0
192 5.58306217194 81.817002 41.340993 2.4823985 79.104068891 42.7078749567 2.66475549047 3.03782361855 10.4482859189 0
195 5.59101605415 81.903012 41.262396 2.332631 30.8057841773 68.2876234635 -1.65547819745 57.8038892344 131.498174749 0
198 5.69480395317 81.909487 41.089487 2.1583794 80.8385563606 42.3314881301 2.37399773572 1.63995708527 12.3540206224 0
201 5.66360998154 81.924053 40.998223 1.9975831 79.0647965564 43.0897120992 2.19348175671 3.54255191384 11.2241662418 0
204 5.67121005058 81.960862 40.844259 1.8446809 80.4515842454 43.4084731452 2.0312441351 2.97541820978 10.6892859836 0
207 5.58167481422 81.927588 40.703608 1.6857979 80.8183647587 43.942234466 1.9026643015 3.42331383102 12.4255295243 0
210 5.63556909561 81.924928 40.686406 1.5459903 80.6423412515 44.7742659592 1.87863051461 4.28434683623 19.0588803937 0
213 5.60664200783 81.81851 40.588718 1.3660151 80.6317229797 43.2788188207 1.60608113477 2.94025608695 13.7547705967 0
216 5.5705640316 81.824065 40.431016 1.2110526 80.8324710322 43.2121507851 1.47645089796 2.95262074939 15.2062023628 0
219 5.66070795059 82.277545 41.390368 1.1504821 81.8836194056 45.9955408247 1.43439347495 4.62199027686 16.2669235403 0
222 5.58526802063 82.927041 42.739254 1.1137092 81.717177568 48.1625730803 1.37098888698 5.55663201687 14.7410402186 0
225 5.54144501686 83.677797 44.09726 1.084748 82.1670560299 46.2228098836 1.25355421714 2.60773859629 9.67188379742 0
