183 0.582230806351 57.788579 101.03213 -1.3093986 95.9498140867 135.806112022 -1.64842982182 51.6285743459 -19.4250581336 0
186 0.584311962128 57.852229 100.87925 -1.1701135 38.2368050207 17.392584226 -1.71439709808 85.7600619167 -31.1851530279 0
189 0.593763828278 57.956865 100.8248 -1.0236231 15.6562403336 71.4698688533 0.561578883317 51.4883950983 90.8253833199 0
192 0.627331018448 57.906072 100.67156 -0.85835482 106.205271513 15.0489707239 2.01208208566 98.3058516463 164.463920053 0
195 0.594341993332 57.990597 100.53155 -0.72265365 109.756280727 72.5932818629 -1.01843490176 58.8237438301 -16.9470173849 0
198 0.586934804916 58.042848 100.37669 -0.56279892 136.406520512 115.331536393 -2.53531198568 79.777895436 -113.016673698 0
201 0.580599069595 58.157277 100.32166 -0.41301063 113.943851507 70.510907804 -2.59309471622 63.2520580041 -124.909617124 0
204 0.595679044724 58.686264 100.08548 -0.29965148 21.060204035 44.2060754505 -1.87413448859 67.3663732235 -90.211231307 0
207 0.944269895554 59.980629 99.666017 -0.30408986 59.2351761944 108.928111198 -1.3404116808 9.2920443835 -59.376866549 0
210 0.576925992966 61.363687 99.173884 -0.32636207 55.5767183492 106.184082203 -0.299232004047 9.09020819392 1.55443827701 0
213 0.581757068634 62.885593 98.69498 -0.37512441 32.3503349554 78.456443237 -0.730494312063 36.6333230018 -20.3611955542 0
216 0.590615987778 64.287236 98.118834 -0.4012694 100.095008821 88.9641729533 2.63408776108 36.9594969291 173.913154644 0
219 0.593135118484 66.572969 97.068508 -0.44319642 14.9595606018 41.6576589244 -3.07482908427 75.7252013649 -150.781444892 0
222 0.608826160431 67.896132 96.441291 -0.47211549 99.9052483573 90.0011750469 -2.91886929403 32.6505531877 -140.188666479 0
225 0.590363025665 69.150612 95.708615 -0.49267498 15.8710121561 38.6965841013 -2.9804037915 78.0326048952 -142.536361472 0
228 0.594982862473 70.465141 94.973778 -0.52461339 69.3555434734 96.2385887497 -0.537141775721 1.68254358153 -0.717823625901 0
231 0.572743177414 71.675984 94.192345 -0.54871183 67.9394091171 97.5261468522 -0.107777363509 5.00761686285 25.2636839718 0
234 0.591919898987 72.999296 93.402727 -0.58180979 10.6227849674 38.5030033197 -2.9898667069 83.0951790947 -137.971498166 0
237 0.590962171555 74.284244 92.44261 -0.63095882 19.8077851013 76.1219498278 3.12027667238 56.8686954537 -145.070038327 0
240 0.572715997696 75.447368 91.599491 -0.66374929 119.812664687 100.014852064 0.590845263896 45.1563711116 71.8829729383 0
243 0.580142974854 76.572595 90.665594 -0.69142624 84.7523238894 89.5442515948 2.98699943761 8.25623240308 -149.24173342 0
246 0.575752019882 77.783785 89.658033 -0.71509647 28.6471381101 117.036161262 2.03383051353 56.2491953251 157.501914346 0
249 0.58978509903 78.874801 88.696028 -0.74032963 31.0848283408 117.275564849 1.76805917913 55.6836727709 143.720092141 0
252 0.614806175232 80.03236 87.613917 -0.7252394 98.1054147628 62.6959483596 3.0463704073 30.7821453057 -143.902676072 0
255 0.580417871475 81.079285 86.604124 -0.70281223 80.4133533347 88.4234688738 -0.753489155809 1.9373901911 -2.90357396757 0
258 0.578716039658 82.380517 85.593177 -0.66953842 82.0408502746 88.3965630327 -0.907563074181 2.82388858364 -13.6378081046 0
261 0.57896900177 83.553536 84.670161 -0.64546431 80.5759188935 84.1782966034 -0.322803419111 3.01796855809 18.4871072619 0
264 0.57817697525 84.753159 83.736184 -0.60820056 80.9988014246 83.5043550801 -0.412938585435 3.76150840115 11.187687042 0
267 0.590711832047 85.938286 82.919631 -0.58097683 83.5689547181 84.4207209765 -0.573430207613 2.80481761277 0.432389612341 0
270 0.591480970383 87.249998 82.030848 -0.55954063 83.7438349011 82.3112174336 -0.359087321264 3.51735507099 11.48512858 0
