243 1.510876894 88.570925 51.559268 0.90792052 61.5310489365 67.371955293 -2.85366642512 31.3240479019 144.476943773 0
246 1.51486206055 89.47196 52.652014 0.8832857 107.276539495 109.299453435 1.184921615 59.3795877854 17.2824648792 0
249 1.51732301712 90.492516 53.754021 0.83763364 58.790212104 106.016275071 2.3775638821 61.1259296279 88.2315036171 0
252 1.5136551857 91.498687 54.898001 0.81217592 18.9234119618 73.4112324666 0.125601023199 74.8993343509 -39.3378439063 0
255 1.69885087013 92.568948 55.94073 0.78340538 103.092391028 108.59308845 1.61253002857 53.6937026431 47.5053430532 0
258 1.49968099594 93.547241 56.960456 0.75288469 116.891104747 110.436831301 -1.11048778627 58.3494532106 -106.763378551 0
261 1.51214504242 94.620679 57.928363 0.72990952 56.8311559647 91.2360412803 1.98323657971 50.3731027798 71.8103508708 0
264 1.51717615128 95.770396 58.899507 0.6896339 100.125575559 116.204309193 0.936541009839 57.4700612789 14.1467353255 0
267 1.50325202942 96.962501 59.840194 0.66858365 73.86628402 59.7942331614 2.38754030707 23.0962627104 98.4889616159 0
270 1.50864195824 98.232224 60.772339 0.64204005 27.2167427759 69.6644059119 -1.13896533146 71.5700176572 -102.044091648 0
273 1.49931383133 99.416545 61.686454 0.60185601 97.5655109619 44.4263331654 -1.13812534699 17.3590926674 -99.6935881872 0
276 1.52722287178 100.66015 62.48684 0.57932353 88.0206201658 99.8580861037 2.12586603024 39.4508269847 88.6103581016 0
279 1.5168030262 101.84252 63.245661 0.55317695 114.177538661 111.811487602 -2.39272966125 50.1078057686 -168.788015664 0
282 1.51590514183 103.2489 64.041483 0.52149049 11.1103287555 43.432863216 -0.381055528252 94.415208099 -51.7120776622 0
285 1.50035309792 104.5021 64.838724 0.48902664 84.8221788127 103.328276995 2.16768576134 43.2289831903 96.1800828941 0
288 1.51779508591 105.89753 65.50297 0.45749312 111.200878494 108.372781802 1.92995941757 43.1966002036 84.3661043259 0
291 1.52654886246 107.23441 66.106065 0.425495 79.2767215018 107.341534306 2.20343190748 49.8196374438 101.868281039 0
294 1.50881791115 108.62185 66.694881 0.38650919 80.1037792515 108.432632169 2.09927313666 50.5501753889 98.1341454456 0
297 1.49758911133 110.08086 67.251857 0.35533208 56.7321196495 100.03479858 1.24516212336 62.6163665159 50.9835059687 0
300 1.51522803307 111.50781 67.766864 0.33459052 75.8519883655 109.737911825 2.24844353778 55.0718301125 109.655700527 0
303 1.49495601654 112.87691 68.182524 0.30685182 59.7828977723 103.366704782 1.2406124019 63.6938043433 53.5005404186 0
306 1.5033261776 114.36462 68.651393 0.28808498 58.1713175562 105.896735479 1.03671458884 67.4158940896 42.8933170049 0
309 1.50773191452 115.83449 69.001579 0.25083859 59.6453660311 108.855660135 1.07976240198 68.8880645358 47.4938359646 0
312 1.51145005226 117.19736 69.329841 0.23044123 62.4589183032 107.480359836 1.01707119674 66.7215039311 45.0705771329 0
315 1.51753306389 117.78731 69.484411 0.20147117 63.2297269892 109.371649819 1.10451410893 67.5834423849 51.7405491196 0
318 1.59793806076 116.42938 69.228806 0.13415298 64.7859831387 107.150676733 1.03133495566 64.0711223503 51.4047406606 0
321 1.51098895073 114.80773 69.128985 0.0979988 58.0852928109 106.491896682 0.916953354801 67.922176423 46.9226396031 0
324 1.70611906052 113.35769 69.056433 0.067460522 59.6626950907 108.114854412 0.85428595595 66.398138238 45.0817765789 0
327 1.50640201569 111.81488 68.96352 0.032275621 60.2079333514 109.008188957 0.818461985254 65.321148599 45.0451605825 0
330 1.50003600121 110.29576 68.94659 -0.0039959963 58.5337655849 105.02401351 0.87315441039 63.0942513464 50.2570163015 0
333 1.49956798553 108.74459 69.016615 -0.039899491 111.994141953 104.401291031 -2.9132527478 35.5335740631 -164.631014665 0
336 1.55525302887 107.27384 69.125159 -0.081381225 55.3534505911 102.325578694 0.781278621887 61.6278727866 49.426768382 0
339 1.50410509109 105.77123 69.311189 -0.11875782 54.3218288538 99.7886942369 0.928454405031 59.7989899895 60.0008407488 0
342 1.54792904854 104.23308 69.487176 -0.13593074 51.1206632623 99.7781864702 0.630531706726 61.1430627874 43.9150633527 0
345 1.60747385025 102.67844 69.809947 -0.17996689 53.8835471805 99.2909151808 0.831777386908 57.0093768615 57.9686770133 0
348 1.69420099258 101.19539 70.111952 -0.20894349 53.3254622281 93.8380818834 0.84585333187 53.4271393969 60.4354061369 0
351 1.60868811607 99.695937 70.47501 -0.24032587 52.5240690228 93.1417695069 0.576608508586 52.3351422565 46.8068920321 0
354 1.51585912704 98.200311 70.897104 -0.28344925 47.3159925272 97.6409560775 0.460847125209 57.4843238664 42.6450410063 0
357 1.5161550045 96.614615 71.415819 -0.3144709 72.4469318889 98.7330509638 1.23802116517 36.4733885062 88.9512430617 0
360 1.52334308624 95.216051 71.909445 -0.34657274 78.4847129773 93.0660567139 1.78188860294 26.9729473963 121.951851807 0
363 1.51473808289 93.790761 72.497598 -0.38120404 56.6274707871 87.9525961417 1.12241296713 40.2488149765 86.1509085127 0
366 1.51246905327 92.417114 73.016357 -0.35870282 114.625983166 114.86063333 -1.83584755512 47.3727488249 -84.6341590523 0
369 1.51180791855 91.055309 73.519772 -0.33819517 48.8674693849 91.4955524489 0.653788649195 45.8578509542 56.8364861852 0
372 1.50160098076 89.614615 74.074076 -0.31837694 29.6753429612 63.8435891275 -1.82004803769 60.8060785957 -86.0394161144 0
375 1.50454211235 88.314109 74.556366 -0.29979055 109.106935901 94.7991920643 -2.79902024969 29.0191946407 -143.195313826 0
378 1.51225090027 86.88131 74.994533 -0.2764152 107.939414915 103.164006587 2.23929284887 35.170485137 144.139453687 0
381 1.49624109268 85.443672 75.387112 -0.25727157 37.0291849738 88.9078659833 0.722021480529 50.2670204238 56.1093587018 0
384 1.50549483299 84.055287 75.832526 -0.23267107 136.252518646 9.24812065133 2.60365424424 84.6051654876 162.509469832 0
387 1.51411294937 82.664555 76.128737 -0.22389476 111.434137458 99.6394509168 2.40124831812 37.154307202 150.409618994 0
390 1.61288499832 81.173968 76.455415 -0.20673661 92.3088806469 91.819745397 1.7440765513 18.9749552885 111.773360761 0
393 1.51395106316 79.819657 76.754609 -0.1833313 62.4373407766 74.8218116321 1.46770498809 17.4894431859 94.5974111303 0
396 1.50718903542 78.325485 77.027059 -0.15611548 117.656669556 99.9535739047 2.58245984733 45.5254562224 156.908808135 0
399 1.51240682602 76.892215 77.264525 -0.13798763 117.574941687 97.3644812302 2.56383308018 45.3772243658 154.802923694 0
402 1.61812400818 75.420868 77.548324 -0.12557438 119.003330592 98.3617219955 2.59853969407 48.2972937307 156.080239356 0
405 1.50727415085 73.926916 77.691819 -0.097717287 119.841972576 93.8119355271 2.46941895972 48.6626199174 147.086072372 0
