243 1.305590868 76.572595 90.665594 -0.69142624 7.5 11.5 3.75245789179 105.062908076 -105.384194603 4.58550724638
246 1.29949116707 77.783785 89.658033 -0.71509647 102.5 111.5 2.53072741539 32.9842812011 -174.027990324 4.90366009986
249 1.30353093147 78.874801 88.696028 -0.74032963 35.5 138.5 0.436332312999 66.0439928288 67.4177632475 3.45964031913
252 1.29738783836 80.03236 87.613917 -0.7252394 100.5 116.5 0.959931088597 35.4024021537 96.5531567566 3.62813486636
255 1.30100488663 81.079285 86.604124 -0.70281223 101.5 42.5 0.959931088597 48.6022566855 95.2681745692 2.65158536883
258 1.29771304131 82.380517 85.593177 -0.66953842 53.5 107.5 5.84685299418 36.2490435204 13.3617256879 3.87287414647
261 1.3032579422 83.553536 84.670161 -0.64546431 54.5 107.5 5.84685299418 36.9500947613 11.9823807893 5.73423150456
264 1.30222201347 84.753159 83.736184 -0.60820056 112.5 76.5 4.10152374219 28.674893973 -90.1526748145 5.46958568762
267 1.29749703407 85.938286 82.919631 -0.58097683 110.5 75.5 4.27605666739 25.6579172731 -81.7124796461 3.77127888731
270 1.30170917511 87.249998 82.030848 -0.55954063 110.5 73.5 4.10152374219 24.7656609159 -92.9406834349 4.94215395749
273 1.30158305168 88.578333 81.141585 -0.52544337 109.5 72.5 4.27605666739 22.63610261 -84.8943125259 6.49986701323
276 1.30558896065 89.874585 80.458812 -0.49549775 107.5 70.5 4.10152374219 20.2443372421 -96.6100701668 5.15920809376
279 1.30096912384 91.229191 79.664539 -0.46697991 37.5 101.5 2.87979326579 57.9966664783 -168.24402204 3.34741118987
282 1.30128383636 92.640842 79.007823 -0.44436504 26.5 39.5 6.19591884458 77.0420603221 20.4602413552 1.95901377449
285 1.30510306358 93.942666 78.269838 -0.40450827 28.5 39.5 6.19591884458 76.064728171 18.1766166491 4.2113815982
288 1.30408787727 95.385584 77.620959 -0.38607018 92.5 79.5 6.02138591938 3.44345612731 7.12019190986 5.90386683342
291 1.30215001106 96.747733 77.074345 -0.36376533 94.5 79.5 6.02138591938 3.30697835165 5.84221814218 6.22739421505
294 1.30218315125 98.250871 76.540386 -0.33417824 96.5 79.5 6.02138591938 3.43873003995 4.14700275711 10.5006174153
297 1.30291509628 99.752933 76.027378 -0.30758365 97.5 78.5 6.02138591938 3.34508096425 2.62324499223 8.89498315734
300 1.30477190018 100.00981 75.897783 -0.33361957 98.5 78.5 6.19591884458 3.00849788951 14.114993324 9.39594454393
303 1.31092691422 98.714105 76.429985 -0.36219797 97.5 79.5 6.02138591938 3.30136987495 5.75241502921 9.25374990131
306 1.3002269268 97.284888 77.028291 -0.39087517 95.5 79.5 6.02138591938 3.04879821458 7.39549755746 8.58182849589
309 1.30126309395 95.817851 77.649213 -0.42317241 95.5 80.5 6.02138591938 2.86845180848 9.24599309938 4.30296627225
312 1.30419898033 94.571565 78.35291 -0.46228827 93.5 79.5 6.02138591938 1.56973469648 11.4871667894 3.13060582443
315 1.30165791512 93.13187 79.138887 -0.4938927 91.5 80.5 6.02138591938 2.12500077545 13.2979672423 3.84291768806
318 1.30517697334 91.836662 79.862922 -0.52529077 89.5 80.5 6.02138591938 2.4219532779 15.0969441382 7.17934660577
321 1.30022192001 90.529269 80.702102 -0.55721841 88.5 80.5 6.02138591938 2.03930818975 16.92626316 3.16334440369
324 1.29714107513 89.308886 81.573217 -0.59808232 86.5 80.5 6.02138591938 3.00693120807 19.2675927374 4.82547420003
327 1.30333185196 88.100372 82.484783 -0.6409076 85.5 81.5 6.02138591938 2.78059923316 21.7213005379 6.1054623082
330 1.30596804619 86.96204 83.432583 -0.67310863 83.5 81.5 6.02138591938 3.96492093408 23.5662836528 3.778345753
333 1.30110502243 85.711036 84.448892 -0.70015711 82.5 81.5 6.02138591938 4.35966927885 25.1160473991 2.29944986266
336 1.30296301842 84.630521 85.38864 -0.74348817 82.5 85.5 5.84685299418 2.13342934756 17.5987342589 5.17474763764
339 1.30404996872 83.531548 86.470864 -0.76732045 80.5 86.5 5.67232006898 3.03168800882 8.96422331908 5.28990349924
342 1.3051199913 82.436303 87.632765 -0.79615086 79.5 87.5 5.67232006898 2.9393029536 10.6160841337 2.8892613994
345 1.30919003487 81.390428 88.717115 -0.83255466 78.5 88.5 5.67232006898 2.8985708455 12.7018682319 2.25390965605
348 2.48710799217 80.091493 90.270385 -0.85191671 76.5 89.5 5.67232006898 3.67318867161 13.8112319797 1.98019108792
351 1.29958701134 79.121061 91.3195 -0.83027867 76.5 90.5 5.67232006898 2.74618663163 12.5714636107 1.59242213016
354 1.30134892464 78.091476 92.534394 -0.81038411 74.5 89.5 5.84685299418 4.70172806591 21.4315892875 3.7143468615
357 1.30354595184 77.093441 93.512556 -0.78090008 74.5 92.5 5.67232006898 2.78409875429 9.74227880543 5.3557328292
360 1.3006029129 76.051262 94.597058 -0.76703211 73.5 93.5 5.67232006898 2.77713414296 8.94770265401 4.21611857504
363 1.30473995209 75.027276 95.58972 -0.75132884 72.5 94.5 5.67232006898 2.7522016021 8.04797155846 5.63375478868
366 1.3047811985 73.852657 96.593273 -0.72312741 70.5 94.5 5.67232006898 3.95248033672 6.43214864323 3.2035159762
369 1.30487394333 72.811015 97.559971 -0.70587276 68.5 94.5 5.84685299418 5.28661260649 15.4435300213 2.02135153324
372 1.29361701012 71.630899 98.505259 -0.68120937 68.5 98.5 5.67232006898 3.13090341679 4.03042186577 3.78454670082
375 1.3055062294 70.538887 99.423882 -0.66641532 67.5 99.5 5.67232006898 3.03984015183 3.18278523886 6.38904755705
378 1.30328583717 69.331788 100.31013 -0.63648641 66.5 100.5 5.67232006898 2.83814620727 1.46798501043 5.43338035815
381 1.30772805214 68.205766 101.18772 -0.63190253 65.5 101.5 5.67232006898 2.72372694027 1.20534803264 7.66138458687
384 1.30064702034 66.997353 102.01418 -0.604237 64.5 102.5 5.67232006898 2.54416844549 -0.379770074354 3.89247870045
387 1.30378985405 65.749881 102.79371 -0.58263231 63.5 102.5 5.84685299418 2.26897114972 8.38237237096 5.58705229299
390 1.30656409264 64.390622 103.72927 -0.540005 62.5 103.5 5.84685299418 1.90447270387 5.94000741596 5.62312124349
393 1.30193090439 63.066948 104.49561 -0.5165186 60.5 105.5 5.84685299418 2.75645085333 4.59433582001 6.83507432079
396 1.3007080555 62.072466 105.11862 -0.50368551 59.5 105.5 5.84685299418 2.60058301647 3.85905392489 4.66944147585
399 1.30613183975 62.084059 105.11634 -0.50537083 59.5 105.5 5.84685299418 2.61238510007 3.95561564802 5.47585874695
402 1.30325889587 62.06969 105.12384 -0.50501376 59.5 105.5 5.84685299418 2.59707586368 3.93515704403 5.76364623987
405 1.30453205109 62.088061 105.11683 -0.50531554 59.5 105.5 5.84685299418 2.61627196381 3.95244776437 5.70555754656
