123 1.85119915009 58.21235 101.09089 -1.0276822 2.5 11.5 0.407243492132 105.500680157 82.2151860741 0.0
126 1.89687800407 58.152327 101.12822 -1.1869287 30.5 63.5 2.96705972839 46.6961896613 -121.993994907 0.517415424959
129 1.90575885773 58.049715 101.26081 -1.3398137 109.5 36.5 2.85070444492 82.7109082192 -119.900996323 0.0256756587831
132 1.90647602081 58.024835 101.49733 -1.4943786 109.5 36.5 2.61799387799 82.9116729955 -124.378413225 0.105913374527
135 1.90549707413 58.064001 101.65215 -1.6522241 60.5 84.5 2.50163859453 17.3242702805 -122.001198927 0.137674882422
138 1.90847277641 58.104403 101.68885 -1.8037565 94.5 120.5 5.41052068118 40.9694867592 53.3476347193 0.133705559036
141 1.90693497658 58.177183 101.78616 -1.9584038 95.5 119.5 5.29416539772 41.313106835 55.5416056557 0.225253020729
144 1.91604709625 58.164815 101.89412 -2.1101089 95.5 119.5 5.17781011425 41.2781182899 57.5670009497 0.193256821889
147 1.90855908394 58.333441 101.96561 -2.2758326 76.5 65.5 5.52687596465 40.7402083766 87.062269525 1.5622531489
150 1.90941405296 58.547547 101.97367 -2.4518694 76.5 64.5 5.41052068118 41.5519736232 90.4817685373 3.01954833128
153 1.90685296059 58.609003 102.09152 -2.5989269 94.5 111.5 5.99229709851 37.1036812401 132.240875966 6.36644476049
156 1.92497801781 58.561869 102.14088 -2.6173282 107.5 77.5 5.99229709851 54.7915470939 133.295192794 6.95798308469
159 1.90741205215 58.51155 102.01626 -2.5045701 94.5 111.5 5.99229709851 37.2170640673 126.834629558 9.67142909642
162 1.91333413124 58.437648 101.90068 -2.3721379 94.5 111.5 6.10865238198 37.3180944883 125.913490093 8.47829480762
165 1.91965103149 58.147744 101.95537 -2.2082701 94.5 111.5 0.0581776417331 37.5843914162 129.857890088 9.32126102428
168 1.9107029438 58.037351 101.82492 -2.0566813 94.5 111.5 0.174532925199 37.7244210705 127.839158293 7.180737407
171 1.91664505005 57.944091 101.71587 -1.9011295 94.5 111.5 0.407243492132 37.842617281 132.260029991 3.09580008274
174 1.90699887276 57.908577 101.57431 -1.7585036 94.5 111.5 0.523598775598 37.9137383957 130.754834539 2.52102296848
177 1.9077630043 57.841285 101.40683 -1.6171883 94.5 111.5 0.639954059065 38.0228019233 129.324730935 2.66301151691
180 1.90801692009 57.86028 101.30305 -1.4556073 94.5 111.5 0.756309342531 38.0321820434 126.733488252 2.21783249253
183 1.91048002243 57.788579 101.03213 -1.3093986 95.5 111.5 0.989019909463 39.1372913751 131.689680147 1.98709417463
186 1.91412782669 57.852229 100.87925 -1.1701135 95.5 111.5 1.10537519293 39.1171956028 130.375898435 1.85424488181
189 1.9224460125 57.956865 100.8248 -1.0236231 95.5 111.5 1.2217304764 39.0313576585 128.649283442 2.11772161241
192 1.91026091576 57.906072 100.67156 -0.85835482 95.5 111.5 1.45444104333 39.1223533968 132.513441844 3.88280699724
195 12.3239769936 57.990597 100.53155 -0.72265365 95.5 111.5 1.57079632679 39.0802022617 131.405004195 1.87461951479
198 1.91736793518 58.042848 100.37669 -0.56279892 95.5 111.5 1.68715161026 39.0738564939 128.912669497 2.71958141978
201 1.9100189209 58.157277 100.32166 -0.41301063 95.5 111.5 1.91986217719 38.9799210647 133.663765993 2.15693144299
204 1.9096300602 58.686264 100.08548 -0.29965148 94.5 112.5 1.91986217719 37.9044059854 127.168765129 1.96591541954
207 1.90393614769 59.980629 99.666017 -0.30408986 94.5 113.5 1.91986217719 37.1882516378 127.423065571 6.00298757927
210 1.906894207 61.363687 99.173884 -0.32636207 93.5 115.5 1.91986217719 36.0455916428 128.699169204 7.85634544432
213 1.92297911644 62.885593 98.69498 -0.37512441 95.5 50.5 0.290888208666 58.1932611319 38.159712152 7.74078286379
216 1.980864048 64.287236 98.118834 -0.4012694 97.5 51.5 0.290888208666 57.2398757514 39.6577097344 7.93713127329
219 3.71846103668 66.572969 97.068508 -0.44319642 63.5 98.5 5.99229709851 3.39003065193 8.72661769464 6.54189185366
222 1.96267795563 67.896132 96.441291 -0.47211549 65.5 98.5 5.87594181505 3.15907127303 3.71689168642 7.16298938893
225 1.95893597603 69.150612 95.708615 -0.49267498 66.5 97.5 5.87594181505 3.19918805211 4.89486369236 9.03474657498
228 1.96334600449 70.465141 94.973778 -0.52461339 67.5 96.5 5.87594181505 3.33487852 6.72479978972 7.15738009533
231 1.96929192543 71.675984 94.192345 -0.54871183 68.5 95.5 5.75958653158 3.43465223382 1.4388720279 5.81987711461
234 1.96861600876 72.999296 93.402727 -0.58180979 70.5 95.5 5.75958653158 3.26267291222 3.33524544639 4.87463971732
237 1.94812107086 74.284244 92.44261 -0.63095882 71.5 94.5 5.75958653158 3.46191684817 6.15127743255 7.33892581478
240 1.9544479847 75.447368 91.599491 -0.66374929 72.5 93.5 5.75958653158 3.5069805512 8.0300329718 6.5949190519
243 1.95351600647 76.572595 90.665594 -0.69142624 73.5 92.5 5.75958653158 3.57853118009 9.6158053966 7.57870854609
246 1.94473004341 77.783785 89.658033 -0.71509647 75.5 91.5 5.64323124811 2.93402732695 4.30534300904 6.14612731843
249 1.93659186363 78.874801 88.696028 -0.74032963 76.5 90.5 5.64323124811 2.98228012876 5.75109658082 3.4415004355
252 1.94011616707 80.03236 87.613917 -0.7252394 77.5 89.5 5.64323124811 3.1575554235 4.88649008993 3.70705582984
255 1.95326495171 81.079285 86.604124 -0.70281223 79.5 88.5 5.64323124811 2.46748595104 3.60150790251 2.65017226512
258 1.93696784973 82.380517 85.593177 -0.66953842 80.5 88.5 5.75958653158 3.46207512059 8.36172568786 3.73195936522
261 1.94363903999 83.553536 84.670161 -0.64546431 81.5 87.5 5.75958653158 3.4964265857 6.98238078932 3.65753072405
264 1.94503211975 84.753159 83.736184 -0.60820056 82.5 85.5 5.64323124811 2.86142837778 -1.81934148117 5.01024894597
267 1.9502799511 85.938286 82.919631 -0.58097683 83.5 84.5 5.75958653158 2.90565049412 3.28752035389 3.61004400952
270 1.94909596443 87.249998 82.030848 -0.55954063 85.5 83.5 5.75958653158 2.28492901402 2.05931656509 7.13779145564
273 1.95044612885 88.578333 81.141585 -0.52544337 86.5 82.5 5.75958653158 2.48289334671 0.105687474131 5.21629348167
276 1.95134615898 89.874585 80.458812 -0.49549775 87.5 82.5 5.75958653158 3.13131000918 -1.61007016677 2.78253930728
279 1.95281100273 91.229191 79.664539 -0.46697991 88.5 81.5 5.87594181505 3.28898169606 3.42264462707 4.63076176926
282 1.94933819771 92.640842 79.007823 -0.44436504 89.5 81.5 5.87594181505 4.00946812786 2.12690802183 1.85062867359
285 1.97827196121 93.942666 78.269838 -0.40450827 91.5 80.5 5.87594181505 3.30760332171 -0.156716684195 4.42511422989
