183 0.1402759552 57.788579 101.03213 -1.3093986 19.510637394 39.2988650768 3.04250420808 72.6374339557 -110.654336246 0
186 0.141927957535 57.852229 100.87925 -1.1701135 110.704179109 24.4864843552 -1.74040320796 92.8933973604 -32.6751933659 0
189 0.142410993576 57.956865 100.8248 -1.0236231 9.7994791114 41.2190315967 -0.118475552976 76.6288551564 51.8611342811 0
192 0.141648054123 57.906072 100.67156 -0.85835482 102.807916671 25.2159635649 -0.901725959837 87.8050265547 -2.48498326533 0
195 0.140540122986 57.990597 100.53155 -0.72265365 70.9870673446 135.08512341 2.47705855548 36.9169023192 -176.66999497 0
198 0.141342163086 58.042848 100.37669 -0.56279892 47.0964896845 108.710370392 -0.0140918164176 13.7576520255 31.4386012241 0
201 0.143076896667 58.157277 100.32166 -0.41301063 31.427104119 111.656627092 0.631089489851 29.0341802231 59.8225302566 0
204 0.143140077591 58.686264 100.08548 -0.29965148 73.9282963034 142.250613362 -1.50021726662 44.8354549453 -68.7873526009 0
207 0.143749952316 59.980629 99.666017 -0.30408986 57.6332034244 97.5143285307 0.523801376058 3.18436337461 47.434673722 0
210 0.142813920975 61.363687 99.173884 -0.32636207 53.7995469757 101.001871945 0.55181469595 7.7818862903 50.3158223554 0
213 0.144207000732 62.885593 98.69498 -0.37512441 68.9599628498 106.222522265 0.910760607518 9.67273806274 73.6757844429 0
216 0.144927978516 64.287236 98.118834 -0.4012694 62.4641888597 107.647881486 -2.56145174121 9.70186821572 -123.76933113 0
219 0.15727686882 66.572969 97.068508 -0.44319642 52.1019638241 117.627262128 -2.56783096657 25.1410493433 -121.732592526 0
222 0.167494058609 67.896132 96.441291 -0.47211549 92.977548253 52.4001045013 3.04095993524 50.6823790826 -158.715605022 0
225 0.152694940567 69.150612 95.708615 -0.49267498 89.8520575541 53.5425704272 0.421916222324 46.973664568 52.402215873 0
228 0.148406028748 70.465141 94.973778 -0.52461339 60.3777317888 127.263895116 1.72529112985 33.8290923313 128.910033295 0
231 0.145441055298 71.675984 94.192345 -0.54871183 95.3020708741 41.730660557 2.69372502104 57.5362521857 -174.222053098 0
234 0.147460222244 72.999296 93.402727 -0.58180979 46.5719306119 116.962202443 0.625877266889 35.404159706 69.1953713323 0
237 0.150826215744 74.284244 92.44261 -0.63095882 57.9093695996 101.519965202 1.61888476787 18.7225769883 128.90654215 0
240 0.150964021683 75.447368 91.599491 -0.66374929 92.0227016162 47.4381063556 2.09908767184 47.1695831887 158.298897396 0
243 0.148960828781 76.572595 90.665594 -0.69142624 11.1136405488 50.6959637584 2.19112398757 76.6971059396 165.157962274 0
246 0.153251886368 77.783785 89.658033 -0.71509647 45.5294346553 129.523262821 2.90079884162 51.2794273062 -152.824459483 0
249 0.149654150009 78.874801 88.696028 -0.74032963 62.3513794491 121.044740545 0.359965164259 36.3244086406 63.0422479313 0
252 0.147368192673 80.03236 87.613917 -0.7252394 86.1036134399 87.5279339256 -1.10777561328 6.07186226958 -21.9177105321 0
255 0.151977062225 81.079285 86.604124 -0.70281223 54.5826190061 116.389264219 0.810679013137 39.8651211793 86.7166605618 0
258 0.154941082001 82.380517 85.593177 -0.66953842 101.084794768 33.5621019343 -0.166155310917 55.2908923723 28.8417276286 0
261 0.151772022247 83.553536 84.670161 -0.64546431 66.262516977 106.628513588 0.206897485713 27.9490355332 48.8367335126 0
264 0.151066064835 84.753159 83.736184 -0.60820056 66.4554837867 107.893298066 0.0331743532978 30.3046378993 36.7480756175 0
267 0.150853157043 85.938286 82.919631 -0.58097683 75.7447464243 120.373696402 2.46729569396 38.8164303381 174.653150429 0
270 0.148411989212 87.249998 82.030848 -0.55954063 65.3829247858 109.94622048 0.737670748337 35.4603569022 74.3247371151 0
