123 4.2457549572 80.819811 40.085383 -0.20196514 94.6766782376 14.2408266787 -0.204995227062 29.3249699247 -0.173611200205 0
126 4.23866796494 80.673305 40.189426 -0.34415967 120.061078761 134.552727751 0.959180050303 102.253750245 74.6758652451 0
129 4.21978092194 80.559381 40.228255 -0.49611957 19.9810917553 13.7773731661 -1.77111606587 66.1012728895 -73.0519181073 0
132 4.19769501686 80.474435 40.358509 -0.64523249 45.6328268928 89.4202692662 -1.10031330186 60.1746954784 -26.074209857 0
135 4.17251586914 80.446897 40.445937 -0.81868337 49.8140084118 96.7082110648 -2.97988873264 64.061043905 -123.82794594 0
138 4.22422099113 80.377523 40.602704 -0.97166139 101.03914819 81.4801766283 1.51514521942 45.802516568 142.483523185 0
141 4.19249606133 80.303277 40.677658 -1.1291983 34.1222737844 90.3347992183 1.8148632671 67.8123641526 168.682302421 0
144 4.25197505951 80.24067 40.836497 -1.2914427 32.314757671 85.5472345821 1.38357120859 65.5434445822 153.267007101 0
147 4.20276498795 80.334643 40.99259 -1.4510482 75.2495168188 18.687223354 -3.09088482252 22.8776722918 -93.9557175613 0
150 4.2167699337 80.305505 41.173119 -1.6076845 36.3974710777 82.0432770654 -1.93496818911 59.9857088248 -18.7519740897 0
153 4.205108881 80.260339 41.240273 -1.7630876 120.06921962 60.168090233 -1.58423279334 44.0795785078 10.2476255674 0
156 4.22045707703 80.351916 41.337649 -1.9138236 32.5821463772 91.7097547582 1.27479135518 69.4211778086 -177.305820576 0
159 4.24665594101 80.458888 41.424429 -2.0695544 33.4585063904 94.0953549942 1.3966442418 70.5922256097 -161.401446871 0
162 4.20834708214 80.580246 41.530351 -2.2462491 72.8332272645 85.2360451003 -2.06585209558 44.3869800288 10.3359869903 0
165 4.23910498619 80.700832 41.575869 -2.3973477 91.4256812041 86.717147444 1.53971616077 46.3978168669 -134.422857105 0
168 4.21836805344 80.863789 41.557834 -2.56541 55.9694423663 93.4968464046 -0.985302652112 57.596783798 90.5334822116 0
171 4.23017215729 80.910142 41.637692 -2.7112414 89.9404867437 86.5028987781 1.28809028348 45.7649855832 -130.855173663 0
174 4.253937006 81.000304 41.730578 -2.863125 26.9386255075 89.672714127 -1.89569121205 72.2572729754 55.4298730077 0
177 4.25058412552 81.313486 41.614906 -3.0334876 71.7155409758 140.941859399 2.33700981866 99.7895997596 -52.2931640249 0
180 4.23973989487 81.419836 41.643078 3.1037871 73.6678970542 86.5864225073 -2.91558547801 45.6069816248 15.1153559632 0
183 4.22019696236 81.472606 41.653948 2.9566422 74.0349002345 83.822213508 2.70981811642 42.8191789156 -14.1419782712 0
186 4.28323101997 81.600227 41.551467 2.7956666 12.2462135602 18.0563705839 -2.34717818696 73.225669924 65.3366990165 0
189 4.24323105812 81.705618 41.391179 2.6371497 73.2505579682 87.8043858924 2.68601586966 47.1770475356 2.79982528242 0
192 4.26175308228 81.817002 41.340993 2.4823985 66.8889657668 122.143607217 -3.1407622754 82.1699989662 37.8166200459 0
195 4.24704098701 81.903012 41.262396 2.332631 72.131655946 86.8664454493 2.42104780571 46.6391329819 5.06590980502 0
198 4.23665094376 81.909487 41.089487 2.1583794 74.2155574675 89.6307239971 2.41343850757 49.147209899 14.6138103901 0
201 4.21497821808 81.924053 40.998223 1.9975831 35.8614422648 107.821689069 2.47927602795 81.1611959326 27.598971793 0
204 4.21048784256 81.960862 40.844259 1.8446809 38.7727682192 95.7478769857 0.00233457690705 69.8542676745 -105.558668715 0
207 4.21791315079 81.927588 40.703608 1.6857979 79.4740654819 127.902332847 2.81035158904 87.233235568 64.432180218 0
210 4.21570682526 81.924928 40.686406 1.5459903 28.4761999316 85.3440716346 1.64620375702 69.6496491883 5.74180813759 0
