3 0.635984182358 58.425211 99.52669 -0.076600623 2.5 4.5 0.523598775598 110.261965508 34.388892406 0.0
6 0.637677907944 58.436309 99.5178 -0.082073852 66.5 98.5 1.91986217719 8.12767060008 114.702485328 0.118819314247
9 0.632295131683 59.138497 99.506199 -0.079127672 61.5 110.5 4.71238898038 11.244570105 -85.4663183517 4.53686004795
12 0.634559869766 60.588187 99.398001 -0.084356487 61.5 108.5 4.71238898038 9.14755643563 -85.1667293203 4.88389646789
15 0.63299703598 62.026729 99.268445 -0.080345137 78.5 135.5 4.71238898038 39.8006813404 -85.3965627455 6.09469046847
18 0.634477853775 63.612811 99.142137 -0.077882356 115.5 58.5 0.174532925199 65.9095113185 14.4623302973 7.21361068419
21 0.635392904282 65.109709 99.045111 -0.075303117 116.5 57.5 0.174532925199 66.0829649537 14.3145507883 6.18834327678
24 0.631996154785 66.576646 98.887554 -0.079079542 118.5 58.5 6.10865238198 65.7813743298 -5.46907599757 6.73375890658
27 0.634469032288 68.114632 98.811042 -0.080004433 73.5 27.5 4.71238898038 71.5141028023 -85.4160836468 6.946536643
30 0.634134054184 69.601579 98.673025 -0.074381156 74.5 25.5 4.71238898038 73.3367991935 -85.7382736859 7.49467835511
33 0.634285211563 71.154315 98.514904 -0.080273853 68.5 99.5 6.10865238198 2.83121921589 -5.40064701785 7.34078075819
36 0.632730007172 72.642873 98.438251 -0.077397051 70.5 98.5 6.10865238198 2.14376249457 -5.56547563094 6.524494058
39 0.631060123444 74.179887 98.27586 -0.078945335 71.5 99.5 6.10865238198 2.9462371039 -5.47676549225 5.74180993262
42 0.634741067886 75.689674 98.17429 -0.079512997 73.5 99.5 6.10865238198 2.55972249089 -5.44424085546 5.30094266468
45 0.634394884109 77.259307 98.055637 -0.072379503 74.5 99.5 6.10865238198 3.114475814 -5.85295995485 6.14635812271
48 0.635186195374 78.667542 97.976243 -0.066300397 76.5 99.5 6.10865238198 2.64954217117 -6.20126707186 7.65780464834
51 0.634308815002 80.25432 97.827625 -0.077582567 77.5 99.5 6.10865238198 3.22228440753 -5.55484634711 4.4267508302
54 0.635375976562 81.813353 97.68277 -0.074716444 79.5 99.5 6.10865238198 2.94175576408 -5.71906309857 3.36606150653
57 0.634261131287 82.622729 97.654646 -0.085105116 80.5 99.5 6.10865238198 2.81270506679 -5.12383603823 5.96368237
60 0.634926795959 81.436592 97.754867 -0.094486992 79.5 99.5 6.10865238198 2.60689043923 -4.58629413951 4.18649838781
63 0.635048866272 79.890684 97.897701 -0.093381766 77.5 100.5 6.10865238198 3.53374165344 -4.64961892472 6.90372977788
66 0.634543895721 78.411812 98.037468 -0.097953665 76.5 100.5 6.10865238198 3.1175453444 -4.38766840766 5.66901053545
69 0.634121894836 76.931086 98.162597 -0.096433306 74.5 100.5 6.10865238198 3.3724815676 -4.47477856171 4.69981001632
72 0.644253969193 75.443161 98.337547 -0.10164342 73.5 100.5 6.10865238198 2.9072457153 -4.17626101872 5.52702673221
75 0.640213012695 73.912871 98.553041 -0.10292365 71.5 100.5 6.10865238198 3.10041865082 -4.10290924292 5.75200886811
78 0.640533208847 72.413468 98.668417 -0.11145399 70.5 100.5 6.10865238198 2.64878388566 -3.61415676311 8.05933420466
81 0.635129928589 70.926618 98.82512 -0.11572496 68.5 100.5 6.10865238198 2.9485077467 -3.36944820768 3.36712472608
84 0.63511800766 69.460294 99.048845 -0.12091472 67.5 100.5 6.10865238198 2.43897589173 -3.07209686299 7.31055155837
87 0.634859800339 67.984026 99.205817 -0.12024712 65.5 96.5 0.174532925199 3.67312275947 16.8896524746 3.03707233629
90 0.633211135864 66.409271 99.378533 -0.12589377 64.5 96.5 0.174532925199 3.45416675676 17.213181688 6.77306129609
93 0.634599208832 64.97003 99.579245 -0.12534264 62.5 96.5 0.174532925199 3.94750528447 17.181604265 2.90377323929
96 0.634083986282 63.450289 99.830398 -0.13542326 61.5 101.5 6.10865238198 2.56733286154 -2.2408187541 7.31060371508
99 0.63941192627 62.015499 100.01094 -0.13023941 59.5 100.5 6.10865238198 2.56259924737 -2.53783148073 10.712531388
102 0.637907028198 60.420275 100.24313 -0.1356293 58.5 96.5 0.174532925199 4.20695593898 17.7709864683 6.47174062138
105 0.636900901794 58.989222 100.44438 -0.14088208 56.5 96.5 0.174532925199 4.66415691735 18.071948593 2.68877963855
108 0.635603189468 58.528509 100.58832 -0.24160345 56.5 96.5 0.174532925199 4.56390284575 23.8428580008 2.4732478513
111 0.636775016785 58.390768 100.67023 -0.3827913 56.5 97.5 6.10865238198 3.69125478431 11.9323259243 2.08248748163
114 0.634814977646 58.26024 100.80046 -0.53685502 56.5 97.5 6.10865238198 3.74051882353 20.7595268564 1.70935205116
117 0.63604092598 58.2435 100.85046 -0.70040996 56.5 97.5 6.10865238198 3.77695306585 30.1305346369 3.96010126934
120 1.72950291634 58.129433 100.95873 -0.85888639 56.5 98.5 5.75958653158 2.94964491327 19.2105652282 1.25457086962
123 0.639461040497 58.21235 101.09089 -1.0276822 56.5 98.5 5.75958653158 3.10561644679 28.8818527407 1.13402315889
126 0.639381885529 58.152327 101.12822 -1.1869287 56.5 96.5 4.71238898038 4.91432649336 -21.9939949071 0.839631539639
129 0.638628005981 58.049715 101.26081 -1.3398137 56.5 101.5 5.06145483078 1.56806518912 6.76567034381 0.778795627657
132 0.640290975571 58.024835 101.49733 -1.4943786 56.5 100.5 5.06145483078 1.8220287885 15.6215867747 0.675488687942
135 0.655973911285 58.064001 101.65215 -1.6522241 56.5 101.5 4.71238898038 1.57138434207 4.6654677398 0.716623338058
138 0.63901591301 58.104403 101.68885 -1.8037565 56.5 101.5 4.36332312999 1.61547928149 -6.65236528071 0.580667965947
141 0.636741161346 58.177183 101.78616 -1.9584038 56.5 101.5 4.36332312999 1.70142010129 2.20827232238 0.643825038657
144 0.652750968933 58.164815 101.89412 -2.1101089 56.5 101.5 4.36332312999 1.71083007883 10.900334283 0.51610440207
147 0.650016069412 58.333441 101.96561 -2.2758326 55.5 101.5 4.01425727959 2.87144224608 0.395602858285 1.41746171667
150 0.643346071243 58.547547 101.97367 -2.4518694 55.5 101.5 4.01425727959 3.08413780271 10.4817685373 2.76731825528
153 0.635473966599 58.609003 102.09152 -2.5989269 55.5 101.5 3.66519142919 3.16477417273 -1.09245736698 5.58913548455
156 0.636085987091 58.561869 102.14088 -2.6173282 56.5 97.5 2.96705972839 5.07829409818 -40.0381405394 5.47665364652
159 0.645033836365 58.51155 102.01626 -2.5045701 55.5 101.5 3.66519142919 3.05547996068 -6.49870377534 7.85745580981
162 0.6411921978 58.437648 101.90068 -2.3721379 56.5 96.5 3.31612557879 5.73775428494 -34.086509907 6.99055031116
165 0.635033130646 58.147744 101.95537 -2.2082701 56.5 96.5 3.31612557879 5.69878251265 -43.4754432451 5.95566176039
