3 2.64226102829 58.425211 99.52669 -0.076600623 2.5 4.5 0.916297857297 110.261965508 56.888892406 0.0
6 2.63231801987 58.436309 99.5178 -0.082073852 23.5 31.5 2.22529479629 76.4654615064 132.202485328 0.120693184694
9 2.61134290695 59.138497 99.506199 -0.079127672 79.5 139.5 4.49422282389 44.8786689068 -97.9663183517 4.51192404419
12 2.62273693085 60.588187 99.398001 -0.084356487 79.5 138.5 4.40695636129 43.4352736465 -102.66672932 4.79292348429
15 2.62088823318 62.026729 99.268445 -0.080345137 61.5 101.5 1.61442955809 2.29287617578 97.1034372545 6.06344444825
18 2.62236189842 63.612811 99.142137 -0.077882356 77.5 133.5 4.75602221168 37.0582887928 -83.0376697027 7.13092841608
21 2.61863398552 65.109709 99.045111 -0.075303117 77.5 132.5 4.58148928649 35.6756066391 -93.1854492117 6.465754923
24 2.6156308651 66.576646 98.887554 -0.079079542 118.5 58.5 6.23955207588 65.7813743298 2.03092400243 6.64781267556
27 2.62910318375 68.114632 98.811042 -0.080004433 73.5 27.5 4.66875574908 71.5141028023 -87.9160836468 7.07544556535
30 2.62474513054 69.601579 98.673025 -0.074381156 74.5 25.5 4.75602221168 73.3367991935 -83.2382736859 7.43097679397
33 2.62772893906 71.154315 98.514904 -0.080273853 36.5 72.5 4.66875574908 43.3323987133 -87.9006470178 6.74462858805
36 2.61633396149 72.642873 98.438251 -0.077397051 36.5 70.5 4.66875574908 45.682087711 -88.0654756309 4.50965126762
39 2.61915707588 74.179887 98.27586 -0.078945335 71.5 98.5 6.23955207588 2.68924395925 2.02323450775 7.59546274361
42 2.62515711784 75.689674 98.17429 -0.079512997 73.5 99.5 6.23955207588 2.55972249089 2.05575914454 6.82180805958
45 2.62653398514 77.259307 98.055637 -0.072379503 74.5 98.5 6.23955207588 2.79485842146 1.64704004515 5.92075664043
48 2.62515807152 78.667542 97.976243 -0.066300397 76.5 99.5 6.23955207588 2.64954217117 1.29873292814 5.54769370195
51 2.63035106659 80.25432 97.827625 -0.077582567 77.5 99.5 6.23955207588 3.22228440753 1.94515365289 5.54359117516
54 2.63229513168 81.813353 97.68277 -0.074716444 79.5 99.5 6.23955207588 2.94175576408 1.78093690143 4.5257969728
57 2.62748098373 82.622729 97.654646 -0.085105116 80.5 99.5 6.23955207588 2.81270506679 2.37616396177 5.29201614133
60 2.62998890877 81.436592 97.754867 -0.094486992 79.5 99.5 6.23955207588 2.60689043923 2.91370586049 5.03473529137
63 2.62007522583 79.890684 97.897701 -0.093381766 77.5 99.5 6.23955207588 2.87797360538 2.85038107528 8.05069816148
66 2.63471007347 78.411812 98.037468 -0.097953665 76.5 99.5 6.23955207588 2.40707809893 3.11233159234 5.94514997137
69 2.63129997253 76.931086 98.162597 -0.096433306 74.5 99.5 6.23955207588 2.77467582319 3.02522143829 4.77290641366
72 2.63806200027 75.443161 98.337547 -0.10164342 73.5 99.5 6.23955207588 2.26432587079 3.32373898128 5.55479927786
75 2.62955617905 73.912871 98.553041 -0.10292365 71.5 99.5 6.23955207588 2.59204124395 3.39709075708 5.94139493414
78 2.63000702858 72.413468 98.668417 -0.11145399 70.5 99.5 6.23955207588 2.08635808837 3.88584323689 8.12377917422
81 2.62626600266 70.926618 98.82512 -0.11572496 68.5 99.5 6.23955207588 2.51871751737 4.13055179232 3.67331719669
84 2.62186098099 69.460294 99.048845 -0.12091472 67.5 99.5 6.23955207588 2.01154005689 4.42790313701 7.50872119976
87 2.6308529377 67.984026 99.205817 -0.12024712 65.5 99.5 6.23955207588 2.50138537738 4.3896524746 3.20223463032
90 2.62663888931 66.409271 99.378533 -0.12589377 64.5 99.5 6.23955207588 1.91313093737 4.71318168799 6.94007505537
93 2.63049602509 64.97003 99.579245 -0.12534264 62.5 98.5 0.0436332312999 2.69551812662 9.68160426503 3.17224338541
96 2.63527297974 63.450289 99.830398 -0.13542326 61.5 99.5 6.23955207588 1.97807735489 5.2591812459 7.61483356876
99 2.63142490387 62.015499 100.01094 -0.13023941 59.5 99.5 6.23955207588 2.56686480022 4.96216851927 11.3148948256
102 2.63091897964 60.420275 100.24313 -0.1356293 58.5 99.5 6.23955207588 2.05905276099 5.27098646831 6.81210387539
105 2.6183681488 58.989222 100.44438 -0.14088208 56.5 99.5 6.23955207588 2.66234478415 5.57194859302 2.99693517857
108 2.6397049427 58.528509 100.58832 -0.24160345 56.5 99.5 6.15228561328 2.30201850242 6.3428580008 2.78596954521
111 2.63058900833 58.390768 100.67023 -0.3827913 56.5 98.5 6.06501915068 2.87835054896 9.43232592433 2.42017236712
114 3.52919888496 58.26024 100.80046 -0.53685502 56.5 98.5 5.97775268808 2.89664652127 13.2595268564 2.04782709438
117 3.52563595772 58.2435 100.85046 -0.70040996 56.5 101.5 5.62868683768 1.86056294212 2.63053463693 1.84560015681
120 21.4436788559 58.129433 100.95873 -0.85888639 56.5 101.5 5.54142037508 1.71698139605 6.71056522823 1.04052343126
123 3.52261900902 58.21235 101.09089 -1.0276822 56.5 101.5 5.27962098728 1.76054352818 1.38185274072 1.04193758355
126 3.62767410278 58.152327 101.12822 -1.1869287 56.5 101.5 5.19235452468 1.69363658538 5.50600509295 1.19857128008
129 3.62591505051 58.049715 101.26081 -1.3398137 56.5 101.5 5.01782159948 1.56806518912 4.26567034381 1.0591952968
132 3.54374504089 58.024835 101.49733 -1.4943786 56.5 101.5 4.84328867428 1.5248373376 3.12158677467 0.942651859594
135 3.55483984947 58.064001 101.65215 -1.6522241 56.5 101.5 4.66875574908 1.57138434207 2.1654677398 0.716754318574
138 3.52778410912 58.104403 101.68885 -1.8037565 56.5 101.5 4.58148928649 1.61547928149 5.84763471929 0.680576702633
141 3.53387022018 58.177183 101.78616 -1.9584038 56.5 101.5 4.40695636129 1.70142010129 4.70827232238 0.677927444177
144 3.53249883652 58.164815 101.89412 -2.1101089 56.5 101.5 4.23242343609 1.71083007883 3.40033428299 0.674050256031
147 3.52612805367 58.333441 101.96561 -2.2758326 55.5 101.5 4.14515697349 2.87144224608 7.89560285828 1.99031744768
150 3.53313422203 58.547547 101.97367 -2.4518694 55.5 101.5 3.97062404829 3.08413780271 7.98176853727 3.57735066991
153 3.5337240696 58.609003 102.09152 -2.5989269 55.5 101.5 3.79609112309 3.16477417273 6.40754263302 6.77900741473
156 2.63906502724 58.561869 102.14088 -2.6173282 55.5 102.5 3.70882466049 3.08285727006 2.46185946057 6.88129774611
159 2.63619303703 58.51155 102.01626 -2.5045701 55.5 102.5 3.88335758569 3.05015373221 6.00129622466 9.32003992064
162 3.53154397011 58.437648 101.90068 -2.3721379 55.5 102.5 3.97062404829 2.99815947446 3.41349009303 8.17181828866
165 3.52147006989 58.147744 101.95537 -2.2082701 55.5 102.5 4.14515697349 2.70317778299 4.02455675493 8.80048413958
