183 2.49630904198 81.472606 41.653948 2.9566422 134.096430999 85.903056595 2.6600657007 68.7550039557 -16.9925817124 0
186 2.96166419983 81.600227 41.551467 2.7956666 144.728998222 50.4267180577 3.05613149943 63.7496026446 14.9235394487 0
189 2.95392012596 81.705618 41.391179 2.6371497 25.3038327665 58.8478985893 2.07541984285 59.0414975788 -32.1847500413 0
192 2.98773288727 81.817002 41.340993 2.4823985 3.59515872714 113.062959483 -0.840897182514 106.125855668 169.589183318 0
195 2.95503878593 81.903012 41.262396 2.332631 75.8094770361 70.9874979542 1.70734852005 30.3432505599 -35.8260471046 0
198 2.95097398758 81.909487 41.089487 2.1583794 125.621601227 73.8188616469 -2.97430160341 54.6073337104 65.9190409176 0
201 2.96976494789 81.924053 40.998223 1.9975831 100.11740557 43.940150877 -1.75413399049 18.4296776253 145.042444788 0
204 2.98598599434 81.960862 40.844259 1.8446809 43.9215586397 54.3763597731 -0.0628184150266 40.3745755578 -109.291660175 0
207 2.96296000481 81.927588 40.703608 1.6857979 24.8410770523 76.2483657388 3.00322390048 67.2480448406 75.4829496486 0
210 2.95360183716 81.924928 40.686406 1.5459903 126.268708823 108.922158026 -2.30842669826 81.378675046 139.158173516 0
213 2.98056387901 81.81851 40.588718 1.3660151 38.0748610738 48.1029106685 2.2953307629 44.3843431047 53.2458653198 0
216 2.99786496162 81.824065 40.431016 1.2110526 112.283102385 98.7908058851 0.168135500807 65.8302212807 -59.7547481658 0
219 2.95547389984 82.277545 41.390368 1.1504821 32.6108361632 60.2494376994 -2.68061217379 53.1267021055 140.494467195 0
222 2.97335410118 82.927041 42.739254 1.1137092 70.8227082259 74.3785190114 -0.651636181414 33.8756249 -101.146839738 0
225 2.96858000755 83.677797 44.09726 1.084748 90.2450004728 60.4426168699 3.00707454579 17.6153016624 110.14119792 0
228 2.99034905434 84.372874 45.412874 1.0478677 44.2101607415 49.6981355951 -0.688202670468 40.3906796579 -99.4695051655 0
231 2.96049714088 85.159381 46.677356 1.0274995 32.8334903761 29.449329201 -2.79183483646 55.0890527871 141.168261971 0
234 2.96505498886 85.928298 47.908079 0.99952116 25.882854536 23.5626550342 2.77476177544 64.7931705418 101.713794885 0
237 2.96303701401 86.76373 49.194484 0.95689161 91.6696683579 65.642743801 -2.58060171454 17.1643083651 157.316562448 0
240 2.97572016716 87.649962 50.387631 0.93226665 73.608073323 66.6859729507 -1.48252397132 21.513032979 -138.357311009 0
243 2.93632006645 88.570925 51.559268 0.90792052 75.3136357924 66.2325542204 -1.75256096916 19.7752634784 -152.434360801 0
246 2.9269490242 89.47196 52.652014 0.8832857 72.4339279715 65.888668632 -1.25879897764 21.5755315404 -122.732411388 0
249 2.96100711823 90.492516 53.754021 0.83763364 25.4515584161 70.2891952482 1.96296526965 67.1098960724 64.4767529317 0
252 2.96437716484 91.498687 54.898001 0.81217592 77.8513825996 64.3825735081 -1.37641370327 16.6194474354 -125.3969485 0
255 2.93033194542 92.568948 55.94073 0.78340538 29.0360123423 66.6165073734 2.33864109384 64.4236457818 89.1084425508 0
258 2.93921685219 93.547241 56.960456 0.75288469 39.4033967852 131.98951661 1.41703479066 92.5252171159 38.0529977312 0
261 2.78233790398 94.620679 57.928363 0.72990952 37.9216444619 133.576342266 1.73636074318 94.5378087574 57.6654073741 0
264 1.37018203735 95.770396 58.899507 0.6896339 25.8016682139 73.3150243453 2.24095063877 71.4382951108 88.8839018195 0
267 1.37870907784 96.962501 59.840194 0.66858365 112.366051571 110.139092186 -2.88307682617 52.6046436063 156.504844452 0
270 1.44230890274 98.232224 60.772339 0.64204005 23.4655962668 77.2018371573 1.76792987277 76.5504868195 64.5087350414 0
273 1.39350199699 99.416545 61.686454 0.60185601 24.8364876976 77.9455467055 1.90796914843 76.3317957527 74.8347703989 0
276 1.40048599243 100.66015 62.48684 0.57932353 38.1639374342 140.455542807 1.48127603991 99.9244474716 51.6780721388 0
279 1.40147399902 101.84252 63.245661 0.55317695 91.0095792464 51.207235631 -0.842062892135 16.1949464567 -79.9413543628 0
282 1.41181397438 103.2489 64.041483 0.52149049 12.5764292377 42.0316053908 -1.94159038299 93.305582183 -141.124138622 0
285 1.57978820801 104.5021 64.838724 0.48902664 15.0594745988 39.0203165308 -2.15849321963 93.094432717 -151.691714134 0
288 1.42198395729 105.89753 65.50297 0.45749312 112.718553507 105.335375504 1.20817947267 40.4122121384 43.0111597458 0
291 1.42711806297 107.23441 66.106065 0.425495 93.875967278 62.1864829315 -0.0965235080668 13.9216060693 -29.9094573399 0
294 1.42430210114 108.62185 66.694881 0.38650919 96.6735771908 117.026310381 2.66275575081 51.7302040075 130.419321065 0
297 1.48995399475 110.08086 67.251857 0.35533208 106.757979134 95.2160317187 -2.70667396497 28.1609056131 -175.440023221 0
300 1.48739910126 111.50781 67.766864 0.33459052 25.612013043 87.0787119653 1.67868006598 88.0399648269 77.0106582724 0
303 1.49296808243 112.87691 68.182524 0.30685182 100.069934852 61.9395853039 -0.201697390031 14.2475575457 -29.1377234095 0
306 1.49499106407 114.36462 68.651393 0.28808498 25.1048819911 90.6926792182 1.59937530183 91.9408458063 75.1314011573 0
309 1.50212216377 115.83449 69.001579 0.25083859 92.2905310014 119.274785758 2.51929871915 55.5131815252 129.973191394 0
312 1.48981904984 117.19736 69.329841 0.23044123 85.6894053728 119.568468171 2.22123045468 59.3015249792 114.063820474 0
315 1.4984369278 117.78731 69.484411 0.20147117 83.200590837 120.627249541 2.58765357038 61.7400281543 136.71818069 0
318 1.51615595818 116.42938 69.228806 0.13415298 87.4060643889 121.232970342 2.60833721631 59.5548986898 141.760314479 0
321 1.49639987946 114.80773 69.128985 0.0979988 118.681430312 87.6785720704 -1.44901007554 18.9497423357 -88.6370794377 0
324 1.50485682487 113.35769 69.056433 0.067460522 102.855654955 29.4400711113 -1.30181014171 40.9847394696 -78.4534300418 0
327 1.50566697121 111.81488 68.96352 0.032275621 106.146053066 101.62446423 1.47728989585 33.1492515268 82.793219285 0
330 1.51771020889 110.29576 68.94659 -0.0039959963 99.1841738294 58.7388049347 -0.289271636677 15.0886123671 -16.3450901915 0
333 1.49348211288 108.74459 69.016615 -0.039899491 91.9253202201 115.843178154 2.48282233827 49.7555509742 144.541313703 0
336 1.51753902435 107.27384 69.125159 -0.081381225 120.324730075 98.6515558182 -1.87658918231 32.2820978378 -102.857839302 0
339 1.49568200111 105.77123 69.311189 -0.11875782 95.81140445 115.882697716 1.98119530446 47.6246107499 120.318451207 0
342 1.49519991875 104.23308 69.487176 -0.13593074 97.9306130494 114.446394422 2.21149840035 45.3988150815 134.497782448 0
345 1.52216911316 102.67844 69.809947 -0.17996689 98.1583262737 115.871137139 2.29177241163 46.2824444587 141.62023004 0
