243 5.92821502686 76.572595 90.665594 -0.69142624 74.3350555735 85.1589194987 2.89722921123 5.94390837317 -154.385188518 0
246 5.92382407188 77.783785 89.658033 -0.71509647 63.4341588457 52.1269949715 -3.02396882859 40.1807240635 -132.288641581 0
249 5.99684405327 78.874801 88.696028 -0.74032963 58.167307218 68.2425667883 -2.30345757713 29.1057446953 -89.5606342093 0
252 5.91755199432 80.03236 87.613917 -0.7252394 70.649595026 116.166551131 -0.974066023192 30.0547699101 -14.2567153394 0
255 5.9804918766 81.079285 86.604124 -0.70281223 72.3328602656 113.13981086 0.37864068964 27.9399825121 61.9626880375 0
258 5.95474410057 82.380517 85.593177 -0.66953842 10.9113340815 38.5805847034 2.49546414134 85.5454729456 -178.658711087 0
261 6.00592422485 83.553536 84.670161 -0.64546431 96.6545132217 126.055857967 -0.622729511201 43.4098090026 1.30260801925 0
264 6.00096893311 84.753159 83.736184 -0.60820056 108.454982442 72.4696761534 1.2740346266 26.2432969255 107.844132243 0
267 5.97714400291 85.938286 82.919631 -0.58097683 83.8564967529 83.6519322016 -0.110117179814 2.20683291601 26.9782706987 0
270 6.00013279915 87.249998 82.030848 -0.55954063 57.8137443273 80.9491752903 2.98303760183 29.4561206905 -157.025218721 0
273 6.04665088654 88.578333 81.141585 -0.52544337 56.6094085665 80.5715284398 -2.80616089093 31.9740065352 -130.675488211 0
276 5.98061609268 89.874585 80.458812 -0.49549775 14.9903354976 73.5055825334 -1.85355137365 75.2063708974 -77.8107409874 0
279 6.00730514526 91.229191 79.664539 -0.46697991 103.062435455 56.100322311 1.0470985635 26.3685036073 86.7503063831 0
282 6.02352714539 92.640842 79.007823 -0.44436504 100.75797534 58.4797958119 1.10561164334 22.0745952149 88.807122299 0
285 6.0410220623 93.942666 78.269838 -0.40450827 103.44181702 58.4242197523 0.972488445899 22.0018734143 78.8961002244 0
288 6.03851389885 95.385584 77.620959 -0.38607018 92.8455132866 79.0281355762 -0.222927409366 2.90380873087 9.34739221538 0
291 6.07152414322 96.747733 77.074345 -0.36376533 94.7957438936 79.2566205208 -0.150191147573 2.92789820862 12.236899266 0
294 5.97737908363 98.250871 76.540386 -0.33417824 96.6991278839 78.6750620128 -0.196149364424 2.63908097225 7.90847202143 0
297 6.01462006569 99.752933 76.027378 -0.30758365 96.832001061 79.1198709873 -0.1374357158 4.2538636872 9.74875852252 0
300 6.07854104042 100.00981 75.897783 -0.33361957 98.4005971176 78.7761354465 -0.108189363225 3.29764748068 12.916199423 0
303 6.03225588799 98.714105 76.429985 -0.36219797 96.8023214335 79.1979917043 -0.131548151694 3.36404184284 13.2152611344 0
306 6.01180505753 97.284888 77.028291 -0.39087517 94.9759038809 79.3588760026 -0.172823051962 3.28070634416 12.4934660775 0
309 6.12762403488 95.817851 77.649213 -0.42317241 94.5545370191 78.5603064641 -0.250757787544 1.55757937673 9.87863019308 0
312 6.17789077759 94.571565 78.35291 -0.46228827 93.0408131026 79.3107803763 -0.25108952537 1.8057455605 12.1007967058 0
315 6.05730104446 93.13187 79.138887 -0.4938927 91.1781219896 80.8021454506 -0.344100956575 2.56584488258 8.58243470414 0
318 6.02965211868 91.836662 79.862922 -0.52529077 90.2523514788 80.8324981932 -0.367886879348 1.85744927844 9.01857861329 0
321 5.97291898727 90.529269 80.702102 -0.55721841 88.4608656648 81.2704065452 -0.39801554392 2.14505534032 9.12165231277 0
324 5.94724798203 89.308886 81.573217 -0.59808232 87.2883393789 81.1344011521 -0.377317293401 2.06764793824 12.6489042882 0
327 5.95733308792 88.100372 82.484783 -0.6409076 85.4966812199 82.1159517978 -0.437979775677 2.62968479744 11.6269078795 0
330 5.97754693031 86.96204 83.432583 -0.67310863 84.3444052256 83.7009172373 -0.457863973025 2.63135232823 12.3326104074 0
333 5.93273687363 85.711036 84.448892 -0.70015711 84.2152331776 83.703424462 -0.501268594919 1.67127135245 11.3954725078 0
336 5.95786118507 84.630521 85.38864 -0.74348817 81.5090125771 85.2748877018 -0.530830650776 3.12358038468 12.1843783332 0
339 5.94880008698 83.531548 86.470864 -0.76732045 80.2503084619 85.475794319 -0.543080648269 3.42880395711 12.847994238 0
342 5.94931602478 82.436303 87.632765 -0.79615086 79.2434839097 87.1682231473 -0.621042808215 3.22643656011 10.032952326 0
345 5.96938085556 81.390428 88.717115 -0.83255466 78.5038253931 88.8359517355 -0.667356749745 2.88904772892 9.46514304201 0
348 6.0017209053 80.091493 90.270385 -0.85191671 77.8125435883 90.5476565218 -0.691550094658 2.29575475999 9.1883302339 0
351 5.9973897934 79.121061 91.3195 -0.83027867 76.2994124559 88.6864479244 -0.609556991711 3.85936053499 12.646420613 0
354 6.00279402733 78.091476 92.534394 -0.81038411 75.0749941976 91.5371913793 -0.607304045193 3.17703879912 11.6356306167 0
357 6.09652400017 77.093441 93.512556 -0.78090008 74.5100796819 93.6796096688 -0.612849124625 2.58875696582 9.62861048615 0
360 6.01317214966 76.051262 94.597058 -0.76703211 73.0698713194 92.4444557703 -0.545773418447 3.67727980305 12.6771892065 0
363 5.92491889 75.027276 95.58972 -0.75132884 71.7867804034 94.226109474 -0.536914293825 3.51571406383 12.285048562 0
366 6.21345496178 73.852657 96.593273 -0.72312741 70.3061327731 94.0665647449 -0.488891172182 4.35454804756 13.420747836 0
369 6.48439884186 72.811015 97.559971 -0.70587276 69.0158498482 95.2816812043 -0.469020938404 4.42649781688 13.5706097474 0
372 5.95490503311 71.630899 98.505259 -0.68120937 68.2306567708 97.637980751 -0.452551522673 3.50910512499 13.1011296044 0
375 5.95873785019 70.538887 99.423882 -0.66641532 67.358484517 99.5872775816 -0.489372759169 3.18459700279 10.1437915298 0
378 5.95979404449 69.331788 100.31013 -0.63648641 66.6593338897 99.9049366263 -0.474697798214 2.70299697402 9.2698046286 0
381 6.00119805336 68.205766 101.18772 -0.63190253 65.6999788571 101.49188003 -0.479283856235 2.52417957555 8.74440588164 0
384 5.96895098686 66.997353 102.01418 -0.604237 64.1198423765 102.02364351 -0.426616365979 2.87752618515 10.1769126838 0
387 5.99864006042 65.749881 102.79371 -0.58263231 63.4605362044 102.790401897 -0.411551990491 2.28934718574 9.80218026563 0
390 5.96931791306 64.390622 103.72927 -0.540005 61.684469068 103.866182394 -0.370684890738 2.70961412296 9.70132764741 0
393 6.00106716156 63.066948 104.49561 -0.5165186 60.7329016815 104.732663905 -0.372418438318 2.34605344584 8.2563310915 0
396 6.06883096695 62.072466 105.11862 -0.50368551 58.9821244114 105.588839064 -0.342605082763 3.12591060376 9.22922864282 0
399 5.98579311371 62.084059 105.11634 -0.50537083 58.8636953918 105.178261611 -0.305226450445 3.22095887194 11.4674282418 0
402 5.99726915359 62.06969 105.12384 -0.50501376 58.324423035 105.008072063 -0.307082103557 3.74705575811 11.3406485462 0
405 6.21576118469 62.088061 105.11683 -0.50531554 58.7561444922 106.300978604 -0.348197596153 3.53608194641 9.00219506821 0
