3 0.275614976883 58.425211 99.52669 -0.076600623 119.873986048 81.6174947852 1.65646268397 64.0053999923 99.2972131182 0
6 0.279409170151 58.436309 99.5178 -0.082073852 116.625130865 67.6155856822 2.49148495914 66.3603064223 147.454058207 0
9 0.288553953171 59.138497 99.506199 -0.079127672 13.286738086 38.8869966493 -0.0517320924076 76.0070489438 1.56965108796 0
12 0.296480894089 60.588187 99.398001 -0.084356487 111.536455961 66.3877992338 1.24341699951 60.7074915536 76.0758169265 0
15 0.281070947647 62.026729 99.268445 -0.080345137 59.5979137147 98.5132530333 0.18287217278 2.54351304241 15.0812409452 0
18 0.282408952713 63.612811 99.142137 -0.077882356 101.823323728 91.7070592961 3.07227408796 38.9271584296 -179.509330955 0
21 0.280362844467 65.109709 99.045111 -0.075303117 33.1644220469 98.7218773425 0.34389932655 31.9469222072 24.018530777 0
24 0.278445959091 66.576646 98.887554 -0.079079542 83.4603478448 128.670591987 -2.72561024313 34.2357815703 -151.635039527 0
27 0.281478881836 68.114632 98.811042 -0.080004433 80.4021160877 73.0174478562 -0.0987966141436 28.5708201503 -1.07671266738 0
30 0.278449058533 69.601579 98.673025 -0.074381156 115.404792123 52.6624599458 0.131451916841 64.9223107184 11.793366358 0
33 0.278763055801 71.154315 98.514904 -0.080273853 41.9887427842 53.4453967984 1.12566789064 53.6832476856 69.0953722492 0
36 0.277791023254 72.642873 98.438251 -0.077397051 68.1312027035 107.534329054 -0.229874168944 10.1535119458 -8.7362953305 0
39 0.278676986694 74.179887 98.27586 -0.078945335 101.263166765 132.29052891 1.81035643752 43.4799004581 108.249017792 0
42 0.279428958893 75.689674 98.17429 -0.079512997 112.547161385 57.8650648011 2.2539871546 54.6196669022 133.69971018 0
45 0.27880191803 77.259307 98.055637 -0.072379503 106.588359122 29.9562483466 1.67536201107 74.1466117456 100.138212436 0
48 0.277143001556 78.667542 97.976243 -0.066300397 75.0933157145 108.467626684 -0.247694639899 11.0835114089 -10.3931245461 0
51 0.276884078979 80.25432 97.827625 -0.077582567 50.9697653323 59.2913209027 -0.572897430505 48.4007425104 -28.3794512089 0
54 0.276447057724 81.813353 97.68277 -0.074716444 90.0251536238 112.592339945 -1.06081894949 17.0214260694 -56.499511732 0
57 0.278147935867 82.622729 97.654646 -0.085105116 54.5889559596 42.9756266195 0.734445775286 61.446623921 46.9568071669 0
60 0.276056051254 81.436592 97.754867 -0.094486992 73.1557516757 123.805872059 -2.94869282693 27.3354564819 -163.533948203 0
63 0.277441978455 79.890684 97.897701 -0.093381766 75.9556976832 101.905290089 -0.344047354429 5.61648356358 -14.3620802861 0
66 0.275811910629 78.411812 98.037468 -0.097953665 75.3721026392 97.1629953122 -0.469513202123 3.16299470117 -21.288793315 0
69 0.278472900391 76.931086 98.162597 -0.096433306 33.8632086831 24.9781722214 0.402968161687 84.9164417928 28.6135963811 0
72 0.278913021088 75.443161 98.337547 -0.10164342 30.9108583644 40.5029604363 0.216050194671 72.9929132247 18.2025032989 0
75 0.280040025711 73.912871 98.553041 -0.10292365 14.8709862704 87.8726518049 -2.84147527038 60.0001238814 -156.907449826 0
78 0.278275966644 72.413468 98.668417 -0.11145399 79.280048071 37.2359563035 -2.9622480233 61.8150236521 -163.338466369 0
81 0.279287815094 70.926618 98.82512 -0.11572496 72.4947751904 98.3082761693 -0.561690471148 1.65113431288 -25.5519415972 0
84 0.279954910278 69.460294 99.048845 -0.12091472 87.7239369204 107.124769594 1.84335185161 19.9695070238 112.544184392 0
87 0.277279138565 67.984026 99.205817 -0.12024712 26.1064250104 88.1489435599 2.2367871573 43.3126761459 135.048116257 0
90 0.279705047607 66.409271 99.378533 -0.12589377 29.2300344295 93.1065583638 2.83459370208 37.7045527464 169.623437451 0
