243 1.4798848629 76.572595 90.665594 -0.69142624 115.665524889 55.782926446 -0.498256523315 52.3932978826 11.0678094958 0
246 1.47437691689 77.783785 89.658033 -0.71509647 44.4559463261 133.166471199 -2.34943543529 54.8062863654 -93.6407250051 0
249 1.48835897446 78.874801 88.696028 -0.74032963 85.7081809692 113.232624884 2.36824326342 25.4703684401 178.108107102 0
252 1.4905860424 80.03236 87.613917 -0.7252394 99.2043507984 104.241907899 -1.40429722742 25.3782448665 -38.9071475566 0
255 1.52104210854 81.079285 86.604124 -0.70281223 49.5948820106 37.9665881796 -3.00646612741 57.9385667952 -131.989645781 0
258 1.50581407547 82.380517 85.593177 -0.66953842 108.551441241 20.7407587123 0.529460514377 69.9339219078 68.6975785805 0
261 1.48177814484 83.553536 84.670161 -0.64546431 78.3573415068 41.7045059131 -0.782261402171 43.2787240368 -7.83789603107 0
264 1.51106286049 84.753159 83.736184 -0.60820056 61.919230062 100.428219675 0.538764948661 28.2844898436 65.7162828934 0
267 1.4879720211 85.938286 82.919631 -0.58097683 109.747624021 79.5535363196 -2.59654352116 24.046105098 -115.483464731 0
270 1.4876639843 87.249998 82.030848 -0.55954063 110.935188215 75.0977260988 1.21330870775 24.6790683541 101.576784766 0
273 1.50716614723 88.578333 81.141585 -0.52544337 108.10587433 73.7754231217 -1.88687853651 20.870678264 -78.0044891218 0
276 1.49566483498 89.874585 80.458812 -0.49549775 108.16339619 98.0518452685 -2.68993936128 25.3770651245 -125.732242714 0
279 1.49416780472 91.229191 79.664539 -0.46697991 83.4537004313 127.245643271 -1.41178565458 48.2122363851 -54.1333816239 0
282 1.48581695557 92.640842 79.007823 -0.44436504 105.949386557 67.5562336036 -1.98801250177 17.5572280823 -88.4444846156 0
285 1.50696086884 93.942666 78.269838 -0.40450827 47.9422486424 37.8340730501 -0.512038792927 61.2461385244 -6.16104513255 0
288 1.5078189373 95.385584 77.620959 -0.38607018 124.500480181 100.236501428 -2.26915979989 36.8665151454 -107.893087665 0
291 1.49499988556 96.747733 77.074345 -0.36376533 88.6329977994 59.9271134553 -1.28111038958 18.9704105655 -52.560000271 0
294 1.5055270195 98.250871 76.540386 -0.33417824 137.973486844 95.9544713872 -0.0876841420638 44.2130401683 14.1230714866 0
297 1.50830197334 99.752933 76.027378 -0.30758365 111.744104189 100.993893374 1.90445998681 27.6968423548 126.740764488 0
300 1.51400589943 100.00981 75.897783 -0.33361957 99.5106418527 80.4213472083 -0.0100197604493 4.55102208145 18.5409033385 0
303 1.51154899597 98.714105 76.429985 -0.36219797 111.986816155 99.9827675028 -2.25146362956 27.035133161 -108.246948672 0
306 1.59101510048 97.284888 77.028291 -0.39087517 103.587396155 111.722001878 -2.81695730345 35.2615255419 -139.004266999 0
309 1.49855089188 95.817851 77.649213 -0.42317241 135.9498175 92.6824836016 0.036222013589 42.8552675892 26.3213616035 0
312 1.50980901718 94.571565 78.35291 -0.46228827 136.137464844 98.1486740795 0.0612494111285 46.0390736804 29.9964995447 0
315 1.50464200974 93.13187 79.138887 -0.4938927 95.5460363085 83.0077316584 -0.100215375005 4.56028046901 22.5560492122 0
318 1.55365419388 91.836662 79.862922 -0.52529077 83.0020532475 117.527031759 -2.80203985032 38.6863732562 -130.448113313 0
321 1.55110192299 90.529269 80.702102 -0.55721841 87.7572054336 82.0647238218 -0.417330545103 3.08886300209 8.01498426371 0
324 1.55662703514 89.308886 81.573217 -0.59808232 29.9458024404 11.26234093 0.0485101674225 92.0195358792 37.0470205942 0
327 1.48018312454 88.100372 82.484783 -0.6409076 28.6129610241 16.7936414143 -0.349399145733 88.6232370626 16.7022041219 0
330 1.51678991318 86.96204 83.432583 -0.67310863 117.539131902 107.060897701 2.83194416659 38.6426681898 -159.175267785 0
333 1.49448299408 85.711036 84.448892 -0.70015711 23.9882767737 14.2031738456 -0.266569960304 93.5102129477 24.8427137287 0
336 1.49193000793 84.630521 85.38864 -0.74348817 115.370084411 100.907534916 0.849831111585 34.4348204306 91.2904702516 0
339 1.49048495293 83.531548 86.470864 -0.76732045 81.4330710901 88.8161877693 -2.93881576365 3.14708578273 -124.417516705 0
342 1.49678015709 82.436303 87.632765 -0.79615086 82.7719721051 89.5029443341 -1.02916346398 1.90006433833 -13.3506387816 0
345 1.50549793243 81.390428 88.717115 -0.83255466 79.8721449646 88.9534033232 -0.69638415656 1.5365596465 7.80199514126 0
348 1.50549292564 80.091493 90.270385 -0.85191671 75.3686864276 90.6648086589 -0.756117003934 4.73924803566 5.48891883617 0
351 1.49828004837 79.121061 91.3195 -0.83027867 76.4317030623 88.5870959616 -0.605891480159 3.8338854894 12.8564389547 0
354 1.49393200874 78.091476 92.534394 -0.81038411 75.8754801668 93.2762519476 -0.772388812143 2.33687627985 2.17697020855 0
357 1.50576591492 77.093441 93.512556 -0.78090008 75.0854270355 92.5139142731 -0.593143665392 2.24263358136 10.7576501336 0
360 1.49933695793 76.051262 94.597058 -0.76703211 72.7629480105 91.1561960573 -0.511617349553 4.75946843692 14.6341877989 0
363 1.49938201904 75.027276 95.58972 -0.75132884 73.2395083482 91.8429423533 -0.605626652234 4.15144022126 8.34812042479 0
366 1.48548388481 73.852657 96.593273 -0.72312741 70.8146760026 93.1170969347 -0.471320889217 4.61661440643 14.4274508947 0
369 1.48441004753 72.811015 97.559971 -0.70587276 69.2628716968 96.4023796619 -0.465815134817 3.73220291597 13.7542887629 0
372 1.49062204361 71.630899 98.505259 -0.68120937 68.7319978368 98.4832934178 -0.56942384182 2.89898438097 6.40483897536 0
375 1.48032021523 70.538887 99.423882 -0.66641532 67.1387458097 99.7745102485 -0.547806136269 3.41817206744 6.79580563927 0
378 1.49153780937 69.331788 100.31013 -0.63648641 66.5587768483 98.0974494271 -0.393037763444 3.5476113323 13.9485799758 0
381 1.47818803787 68.205766 101.18772 -0.63190253 65.0151050078 102.262854478 -0.532805823244 3.36693209205 5.67782306076 0
384 1.48493313789 66.997353 102.01418 -0.604237 64.4648624529 104.098028682 -0.476005958785 3.27962401813 7.34709746418 0
387 1.48095393181 65.749881 102.79371 -0.58263231 64.0076388705 106.134275935 -0.557532567609 3.76759716623 1.43810930589 0
390 1.48266291618 64.390622 103.72927 -0.540005 62.2179507925 104.54032973 -0.455563844516 2.31912010506 4.83812182645 0
393 1.4894759655 63.066948 104.49561 -0.5165186 61.2035843877 104.148454376 -0.388654005809 1.89542633175 7.32610159632 0
396 1.48245191574 62.072466 105.11862 -0.50368551 58.7430958316 105.155136796 -0.344049378114 3.32957042191 9.14647661484 0
399 1.50849199295 62.084059 105.11634 -0.50537083 60.0361838319 107.398494355 -0.486724662614 3.06627154741 1.06834669534 0
402 1.49053692818 62.06969 105.12384 -0.50501376 58.6673894176 106.975992467 -0.45959735709 3.87377309767 2.6021682074 0
405 1.48723196983 62.088061 105.11683 -0.50531554 58.2575680733 106.231693708 -0.362817569384 3.98943569296 8.1645323055 0
