243 0.65310382843 88.570925 51.559268 0.90792052 7.5 8.5 3.31612557879 91.7964892632 137.979986071 1.7763568394e-15
246 0.649151086807 89.47196 52.652014 0.8832857 41.5 141.5 3.31612557879 100.97164732 139.391457286 4.8942784608
249 0.649369001389 90.492516 53.754021 0.83763364 20.5 70.5 0.174532925199 71.9679102703 -37.9928723502 6.20413956821
252 0.649081945419 91.498687 54.898001 0.81217592 22.5 69.5 0.174532925199 70.5268543359 -36.5342524382 6.29359950285
255 0.648910999298 92.568948 55.94073 0.78340538 22.5 71.5 6.10865238198 71.7756808171 -54.8858219218 7.82121238448
258 0.64885187149 93.547241 56.960456 0.75288469 24.5 71.5 4.71238898038 70.5614613613 -133.137115197 7.92527692531
261 0.649993896484 94.620679 57.928363 0.72990952 25.5 70.5 1.91986217719 70.2546391513 68.1792650776 7.85776016008
264 0.649083852768 95.770396 58.899507 0.6896339 23.5 69.5 4.71238898038 73.0436895963 -129.513111879 7.41338913708
267 0.651603937149 96.962501 59.840194 0.66858365 52.5 94.5 3.66519142919 56.3756698154 171.692978604 5.67982579366
270 0.650076150894 98.232224 60.772339 0.64204005 51.5 92.5 3.66519142919 56.4849115474 173.213814857 7.07739939131
273 0.650342941284 99.416545 61.686454 0.60185601 51.5 84.5 4.36332312999 53.0702663064 -144.483809248 4.60927684005
276 0.650851964951 100.66015 62.48684 0.57932353 51.5 83.5 4.36332312999 53.4628211116 -143.192793242 3.73633179461
279 0.649905920029 101.84252 63.245661 0.55317695 106.5 111.5 5.75958653158 48.4785865334 -61.6947045589 2.97567513582
282 0.651057958603 103.2489 64.041483 0.52149049 107.5 110.5 5.75958653158 46.6526060692 -59.8792041332 5.15661083005
285 0.650977134705 104.5021 64.838724 0.48902664 110.5 116.5 0.174532925199 52.0082901311 -18.0191625415 7.15508882511
288 0.650943040848 105.89753 65.50297 0.45749312 104.5 115.5 2.26892802759 50.0165582475 103.787575068 6.17090672381
291 0.647201061249 107.23441 66.106065 0.425495 83.5 107.5 2.26892802759 47.7156166557 105.620932296 4.5000796424
294 0.652344942093 108.62185 66.694881 0.38650919 82.5 108.5 2.26892802759 49.2952231157 107.85465467 4.26806053329
297 0.647523880005 110.08086 67.251857 0.35533208 102.5 119.5 1.91986217719 52.7952449117 89.6409714904 8.22808226137
300 0.648848056793 111.50781 67.766864 0.33459052 101.5 120.5 1.91986217719 53.6743876853 90.8293753389 4.63552426861
303 0.650025129318 112.87691 68.182524 0.30685182 100.5 62.5 0.174532925199 13.6190667874 -7.58131422191 4.22577833223
306 0.648751974106 114.36462 68.651393 0.28808498 101.5 62.5 0.174532925199 14.259666321 -6.50605349511 4.32874643624
309 0.648792982101 115.83449 69.001579 0.25083859 104.5 61.5 6.10865238198 13.5920694176 -24.371992546 4.23588028299
312 0.647734880447 117.19736 69.329841 0.23044123 134.5 105.5 5.75958653158 40.0956575336 -43.2033099048 6.95718012657
315 0.648375988007 117.78731 69.484411 0.20147117 134.5 104.5 5.75958653158 38.7995551528 -41.5434477346 8.04768334091
318 0.651371002197 116.42938 69.228806 0.13415298 104.5 61.5 5.75958653158 14.2142375585 -37.6863995631 8.96741601781
321 0.649961948395 114.80773 69.128985 0.0979988 104.5 62.5 5.75958653158 12.2553147607 -35.6149176373 4.91896648477
324 0.647700786591 113.35769 69.056433 0.067460522 103.5 63.5 5.41052068118 11.3158296125 -53.8652031943 6.48344705004
327 0.6490650177 111.81488 68.96352 0.032275621 101.5 62.5 5.75958653158 12.1726677522 -31.8492568645 5.12820818326
330 0.650992870331 110.29576 68.94659 -0.0039959963 104.5 121.5 1.57079632679 52.8720317049 90.2289537229 7.03297227693
333 0.649893045425 108.74459 69.016615 -0.039899491 104.5 119.5 1.57079632679 50.6615110841 92.286072439 6.18727171233
336 0.648662090302 107.27384 69.125159 -0.081381225 98.5 118.5 1.57079632679 50.1483318977 94.6628007241 4.70828854522
339 0.6498939991 105.77123 69.311189 -0.11875782 98.5 116.5 1.57079632679 47.7457293306 96.8043218702 5.79555694128
342 0.650506973267 104.23308 69.487176 -0.13593074 98.5 115.5 1.2217304764 46.3686119993 77.7882577081 5.93405965482
345 0.65078496933 102.67844 69.809947 -0.17996689 98.5 114.5 1.2217304764 44.8849662802 80.3113432491 4.06671869328
348 0.658458948135 101.19539 70.111952 -0.20894349 98.5 113.5 1.2217304764 43.471690058 81.9715801337 2.95086917549
351 0.647690057755 99.695937 70.47501 -0.24032587 93.5 113.5 1.2217304764 43.4688325103 83.7696580588 2.96162474553
354 0.649384021759 98.200311 70.897104 -0.28344925 93.5 112.5 1.2217304764 41.86757551 86.2404457311 3.96774978297
357 0.647955179214 96.614615 71.415819 -0.3144709 92.5 110.5 1.2217304764 39.3001687151 88.0178553497 4.29338665022
360 0.649025917053 95.216051 71.909445 -0.34657274 91.5 109.5 1.2217304764 37.7737853576 89.8571552963 4.5242446951
363 0.647837877274 93.790761 72.497598 -0.38120404 90.5 107.5 1.2217304764 35.156752605 91.8413826253 5.3547606176
366 0.648348093033 92.417114 73.016357 -0.35870282 89.5 70.5 0.174532925199 3.85248058275 30.5521576854 8.02810556827
369 0.649554014206 91.055309 73.519772 -0.33819517 89.5 104.5 0.872664625997 31.0192442367 69.3771558927 2.47387588594
372 0.652642011642 89.614615 74.074076 -0.31837694 94.5 100.5 1.57079632679 26.8737129153 108.241654956 4.72074135646
375 0.649730920792 88.314109 74.556366 -0.29979055 94.5 98.5 1.57079632679 24.7297969379 107.176733253 2.6331754912
378 0.651578187943 86.88131 74.994533 -0.2764152 85.5 75.5 6.10865238198 1.47088891633 5.83742435326 2.75357519036
381 0.651058912277 85.443672 75.387112 -0.25727157 83.5 75.5 6.10865238198 1.94694749393 4.7405751497 2.04099005308
384 0.650928020477 84.055287 75.832526 -0.23267107 82.5 76.5 6.10865238198 1.69246541857 3.33107032579 3.81627239821
387 0.650433778763 82.664555 76.128737 -0.22389476 80.5 76.5 6.10865238198 2.19616360119 2.82822480309 2.00327348458
390 0.650658130646 81.173968 76.455415 -0.20673661 79.5 77.5 6.10865238198 1.9731514608 1.84513522384 4.71176717125
393 0.649782896042 79.819657 76.754609 -0.1833313 78.5 81.5 5.75958653158 4.92546752507 -19.4958902574 6.75009671891
396 0.649427175522 78.325485 77.027059 -0.15611548 77.5 82.5 5.75958653158 5.53484495489 -21.0552418793 5.4484266708
399 0.654161930084 76.892215 77.264525 -0.13798763 75.5 82.5 5.75958653158 5.41742199592 -22.093891176 4.47798670447
402 0.648668050766 75.420868 77.548324 -0.12557438 72.5 79.5 6.10865238198 3.51290607367 -2.80511801103 5.02028792348
405 0.649452924728 73.926916 77.691819 -0.097717287 71.5 79.5 6.10865238198 3.02645664099 -4.40121186943 4.50258955736
