183 0.140742063522 81.472606 41.653948 2.9566422 44.1242996076 7.86312934766 -1.86696476378 50.3658159427 83.6276789457 0
186 0.141847848892 81.600227 41.551467 2.7956666 67.9060849333 80.2786374614 1.33408162444 41.0770405323 -83.7426504994 0
189 0.142280101776 81.705618 41.391179 2.6371497 140.154423155 140.077151078 -2.04750528367 114.696050103 91.5890409609 0
192 0.141484022141 81.817002 41.340993 2.4823985 96.3289048239 45.674468038 2.73126332716 15.1451090942 14.2589042655 0
195 0.141883850098 81.903012 41.262396 2.332631 95.9589847138 36.2061986722 1.64661077673 14.9377207213 -39.3060634539 0
198 0.14116692543 81.909487 41.089487 2.1583794 107.310815557 72.6857753384 0.0576619487542 40.5407563968 -120.362243906 0
201 0.141258001328 81.924053 40.998223 1.9975831 25.2644701347 77.8272132004 -2.4823047314 67.5772361794 103.321334569 0
204 0.142379045486 81.960862 40.844259 1.8446809 23.3641695739 95.936038054 0.761321729349 80.4280826739 -62.0719081751 0
207 0.142570972443 81.927588 40.703608 1.6857979 104.131007738 87.0708461975 2.02530347158 51.4092659557 19.452236373 0
210 0.143173933029 81.924928 40.686406 1.5459903 37.35813677 86.1497454739 1.97614013243 63.6640724166 24.6457699566 0
213 0.144185066223 81.81851 40.588718 1.3660151 115.646955465 26.9661035425 2.08532970832 36.4683334863 41.2136911986 0
216 0.142620801926 81.824065 40.431016 1.2110526 105.331304227 123.664488762 1.7475824339 86.4893131211 30.7408950651 0
219 0.141993045807 82.277545 41.390368 1.1504821 60.6304607742 108.953970444 2.16369776745 70.946716842 58.0529814816 0
222 0.143943071365 82.927041 42.739254 1.1137092 15.4071160043 37.5499516398 0.85934521392 67.7190455515 -14.5739828625 0
225 0.143018007278 83.677797 44.09726 1.084748 48.2012831459 64.9885121392 -0.135600384477 41.1707110843 -69.9208119662 0
228 0.144356012344 84.372874 45.412874 1.0478677 97.568926981 77.5336216481 -0.880785722407 34.7257576411 -110.503701247 0
231 0.143949985504 85.159381 46.677356 1.0274995 137.182852985 124.21909455 1.70057393344 93.3764577117 38.5643243343 0
234 0.143702983856 85.928298 47.908079 0.99952116 59.0011991659 81.1496385204 -0.0981292925479 42.7793166258 -62.8907383116 0
237 0.141645908356 86.76373 49.194484 0.95689161 140.363950456 117.152570366 0.959093073844 86.5522104593 0.126134587012 0
240 0.142699956894 87.649962 50.387631 0.93226665 47.5334078823 112.074047378 1.36240699402 73.5836386696 24.6452263109 0
243 0.141449928284 88.570925 51.559268 0.90792052 106.246727158 98.5797418618 0.142448034505 50.2330463353 -43.8583427523 0
246 0.142380952835 89.47196 52.652014 0.8832857 114.053263996 110.385909617 2.87610041477 62.7490494688 114.179872508 0
249 0.142275094986 90.492516 53.754021 0.83763364 90.5779253878 90.9622739218 1.16405420732 37.2083509478 18.7025208535 0
252 0.143292188644 91.498687 54.898001 0.81217592 33.9599538706 139.517268998 1.01676708946 102.32852157 11.7222105358 0
255 0.141407012939 92.568948 55.94073 0.78340538 40.1987604319 137.699732332 3.03012783033 97.0936198122 128.727714141 0
258 0.142410039902 93.547241 56.960456 0.75288469 42.4845834375 138.191087652 -2.55542058809 95.9469150935 170.448070225 0
261 0.141094923019 94.620679 57.928363 0.72990952 52.436626953 90.2161310134 1.41140173939 53.1224454482 39.0466279422 0
264 0.141633987427 95.770396 58.899507 0.6896339 16.7822398557 51.2394236005 -2.60005693013 79.3587152666 171.51459953 0
267 0.141404867172 96.962501 59.840194 0.66858365 56.8290262271 92.035869404 1.07671499469 51.4515044684 23.3842035379 0
270 0.142986059189 98.232224 60.772339 0.64204005 81.2864116757 65.1082653212 -1.23403147444 17.4917355455 -107.490980415 0
