63 2.21156001091 79.890684 97.897701 -0.093381766 1.5 4.5 0.174532925199 121.935351273 15.3503810753 3.9884057971
66 2.04287695885 78.411812 98.037468 -0.097953665 10.5 126.5 3.19977029532 73.6351134784 -171.054335074 0.644984582133
69 2.00181102753 76.931086 98.162597 -0.096433306 93.5 35.5 0.0581776417331 64.8161243359 8.85855477163 0.616439093752
72 2.01091790199 75.443161 98.337547 -0.10164342 55.5 89.5 0.0581776417331 21.813571639 9.15707231461 5.45045307677
75 2.05209708214 73.912871 98.553041 -0.10292365 144.5 90.5 3.19977029532 71.0450156578 -170.76957591 2.95451441921
78 2.12452602386 72.413468 98.668417 -0.11145399 76.5 36.5 6.22500766545 62.30258274 3.05250990356 4.89531054435
81 2.05792617798 70.926618 98.82512 -0.11572496 74.5 36.5 6.22500766545 62.4274750565 3.29721845899 2.60995235897
84 2.03737306595 69.460294 99.048845 -0.12091472 73.5 35.5 0.0581776417331 63.6771146127 10.2612364703 7.81486977959
87 2.00502490997 67.984026 99.205817 -0.12024712 71.5 35.5 0.0581776417331 63.8027679087 10.2229858079 3.46001659806
90 1.98948693275 66.409271 99.378533 -0.12589377 52.5 24.5 6.22500766545 76.1594545935 3.87984835466 7.17962767887
93 2.01330304146 64.97003 99.579245 -0.12534264 50.5 23.5 0.0581776417331 77.443097097 10.5149375984 3.41574616453
96 2.17411994934 63.450289 99.830398 -0.13542326 61.5 99.5 6.22500766545 1.97807735489 4.42584791257 7.68041318332
99 2.12975406647 62.015499 100.01094 -0.13023941 59.5 98.5 0.0581776417331 2.93439515107 10.7955018526 11.1905677463
102 2.08172297478 60.420275 100.24313 -0.1356293 58.5 98.5 0.0581776417331 2.5934452515 11.1043198016 6.78949980212
105 2.12866282463 58.989222 100.44438 -0.14088208 56.5 98.5 0.0581776417331 3.1586135803 11.4052819264 2.9677873875
108 2.16570711136 58.528509 100.58832 -0.24160345 56.5 98.5 6.22500766545 2.91134491009 10.5095246675 2.8332383461
111 2.0417869091 58.390768 100.67023 -0.3827913 56.5 98.5 6.10865238198 2.87835054896 11.9323259243 2.29980221661
114 1.97727608681 58.26024 100.80046 -0.53685502 56.5 98.5 5.99229709851 2.89664652127 14.0928601897 1.87070649459
117 2.01516604424 58.2435 100.85046 -0.70040996 56.5 96.5 5.87594181505 4.68682136011 16.7972013036 3.51311065502
120 13.1443059444 58.129433 100.95873 -0.85888639 57.5 98.5 5.64323124811 2.53801873799 12.5438985616 1.19266593555
123 2.09481620789 58.21235 101.09089 -1.0276822 56.5 101.5 5.29416539772 1.76054352818 2.21518607405 1.04389159283
126 2.04936099052 58.152327 101.12822 -1.1869287 56.5 101.5 5.17781011425 1.69363658538 4.67267175962 1.47303437596
129 2.07300209999 58.049715 101.26081 -1.3398137 56.5 101.5 4.94509954732 1.56806518912 0.0990036771403 0.792324975087
132 2.25894117355 58.024835 101.49733 -1.4943786 56.5 101.5 4.82874426385 1.5248373376 2.28825344134 0.75039427573
135 2.21395778656 58.064001 101.65215 -1.6522241 56.5 101.5 4.71238898038 1.57138434207 4.6654677398 0.775723628227
138 2.28439688683 58.104403 101.68885 -1.8037565 56.5 101.5 4.59603369692 1.61547928149 6.68096805262 0.663214023454
141 2.19417619705 58.177183 101.78616 -1.9584038 56.5 101.5 4.36332312999 1.70142010129 2.20827232238 0.627349619222
144 2.30023503304 58.164815 101.89412 -2.1101089 56.5 101.5 4.24696784652 1.71083007883 4.23366761633 0.646978439183
147 2.01157307625 58.333441 101.96561 -2.2758326 55.5 101.5 4.13061256305 2.87144224608 7.06226952495 1.87034461666
150 2.06578302383 58.547547 101.97367 -2.4518694 55.5 101.5 4.01425727959 3.08413780271 10.4817685373 3.3421736489
153 2.12493014336 58.609003 102.09152 -2.5989269 55.5 101.5 3.78154671265 3.16477417273 5.57420929969 6.60378205974
156 2.12078404427 58.561869 102.14088 -2.6173282 56.5 101.5 3.54883614572 2.15917367239 -6.70480720609 6.63716431283
159 2.08329200745 58.51155 102.01626 -2.5045701 56.5 101.5 3.66519142919 2.07674210968 -6.49870377534 9.17174230237
162 2.02897596359 58.437648 101.90068 -2.3721379 55.5 101.5 3.89790199612 2.96484742176 -0.753176573641 8.0046721436
165 2.06363797188 58.147744 101.95537 -2.2082701 55.5 101.5 4.01425727959 2.68661685516 -3.47544324507 8.60546172333
168 2.13774108887 58.037351 101.82492 -2.0566813 55.5 101.5 4.24696784652 2.5580701913 1.17249162681 6.27334506765
171 2.08296513557 57.944091 101.71587 -1.9011295 55.5 101.5 4.36332312999 2.45360564745 -1.07330334218 2.14410884417
174 2.07970499992 57.908577 101.57431 -1.7585036 55.5 101.5 4.59603369692 2.40972304239 4.08816787189 1.50083741299
177 2.03566408157 57.841285 101.40683 -1.6171883 55.5 101.5 4.71238898038 2.34313808815 2.65806426794 1.62059988889
180 2.06279087067 57.86028 101.30305 -1.4556073 55.5 101.5 4.82874426385 2.3684828437 0.0668215850998 1.22671613852
183 2.05370998383 57.788579 101.03213 -1.3093986 55.5 101.5 4.94509954732 2.3359144197 -1.64365318633 0.964674984324
186 2.00216197968 57.852229 100.87925 -1.1701135 55.5 101.5 5.17781011425 2.43275807078 3.70923176795 0.920082510569
189 1.9888651371 57.956865 100.8248 -1.0236231 55.5 101.5 5.17781011425 2.54795617471 -4.68404989124 1.10156883663
192 2.01915001869 57.906072 100.67156 -0.85835482 55.5 101.5 5.29416539772 2.54469945235 -7.48655815596 2.93901021373
195 13.2280368805 57.990597 100.53155 -0.72265365 55.5 101.5 5.52687596465 2.67225912271 -1.92832913861 1.15059987315
198 2.02805399895 58.042848 100.37669 -0.56279892 55.5 101.5 5.64323124811 2.7799103056 -4.42066383615 2.10450326784
201 2.01991891861 58.157277 100.32166 -0.41301063 55.5 101.5 5.87594181505 2.90682063608 0.330432659706 1.53058406841
204 2.00822496414 58.686264 100.08548 -0.29965148 55.5 101.5 5.99229709851 3.48613612874 0.502098462182 1.14633561354
207 1.99851512909 59.980629 99.666017 -0.30408986 57.5 101.5 5.99229709851 3.08496578262 0.756398904057 5.21005324519
210 2.00408911705 61.363687 99.173884 -0.32636207 58.5 101.5 5.99229709851 3.68937919973 2.03250253749 6.9644471661
213 2.03076887131 62.885593 98.69498 -0.37512441 59.5 100.5 5.99229709851 3.83670915787 4.82637881867 7.13627820089
216 2.15483689308 64.287236 98.118834 -0.4012694 61.5 100.5 5.99229709851 3.66587452585 6.32437640108 7.52790870696
219 3.82214999199 66.572969 97.068508 -0.44319642 63.5 98.5 5.99229709851 3.39003065193 8.72661769464 6.48018038965
222 2.14565300941 67.896132 96.441291 -0.47211549 65.5 98.5 5.87594181505 3.15907127303 3.71689168642 7.10130888725
225 2.21413898468 69.150612 95.708615 -0.49267498 66.5 97.5 5.87594181505 3.19918805211 4.89486369236 9.0267461995
