183 3.01889801025 57.788579 101.03213 -1.3093986 33.6632933902 120.436902939 -0.989620045813 30.9608562312 18.3219615337 0
186 3.05943202972 57.852229 100.87925 -1.1701135 44.525827615 100.808959328 -2.64451280286 13.3265867593 -84.4768573712 0
189 3.03907799721 57.956865 100.8248 -1.0236231 20.805256839 54.340012362 -1.35787074352 59.506953129 -19.1509792857 0
192 3.04562902451 57.906072 100.67156 -0.85835482 108.429058061 115.278170925 -2.5627125127 52.5920640711 -97.6525025724 0
195 3.02571511269 57.990597 100.53155 -0.72265365 40.3862832923 53.7592764314 -0.5449622298 49.9755683899 10.1809684331 0
198 3.04092884064 58.042848 100.37669 -0.56279892 58.0912515084 96.8339167256 -1.41304905273 3.543103918 -48.7157441356 0
201 3.06652092934 58.157277 100.32166 -0.41301063 64.3995189467 12.260515856 -1.4102755525 88.2821085638 -57.1390711159 0
204 3.03823113441 58.686264 100.08548 -0.29965148 52.348545643 123.850483604 0.730694396005 24.595570135 59.0344701338 0
207 3.05880212784 59.980629 99.666017 -0.30408986 46.0839794474 111.611067364 -2.38510093289 18.324876452 -119.233151596 0
210 3.01785302162 61.363687 99.173884 -0.32636207 10.3865247179 45.7694546782 1.93661170314 73.8288842224 129.65884635 0
213 3.05418896675 62.885593 98.69498 -0.37512441 43.4676492454 100.035095373 2.21425041995 19.4641323688 148.360249334 0
216 3.05100607872 64.287236 98.118834 -0.4012694 96.6937944543 53.6130620665 0.129169025782 55.0540531319 30.3918830889 0
219 3.03060722351 66.572969 97.068508 -0.44319642 63.1784718588 100.339256506 -0.437322718934 4.71385263152 0.336538281179 0
222 3.04178500175 67.896132 96.441291 -0.47211549 100.122258984 44.7788703255 -1.87254369759 60.8894816069 -80.238625806 0
225 3.0176949501 69.150612 95.708615 -0.49267498 64.591249932 97.0154520975 -0.390733624994 4.74295326427 5.84080939969 0
228 3.05215287209 70.465141 94.973778 -0.52461339 67.5950379914 94.6090219748 -0.148164385255 2.89318824788 21.5689391738 0
231 3.0620059967 71.675984 94.192345 -0.54871183 69.1144452517 96.9149233901 -0.308933001467 3.73816985297 13.7383148915 0
234 3.04975104332 72.999296 93.402727 -0.58180979 71.1166930831 94.9663141824 -0.365873640127 2.44724306511 12.372230032 0
237 3.05332398415 74.284244 92.44261 -0.63095882 71.7547869822 94.6768997778 -0.608921906306 3.37493757212 1.26262214819 0
240 3.03524303436 75.447368 91.599491 -0.66374929 72.6983122136 93.3495794004 -0.552169156069 3.2588521178 6.39307075173 0
243 3.08606815338 76.572595 90.665594 -0.69142624 73.8350827468 93.4636618848 -0.568718082555 3.91448045394 7.03065953343 0
246 3.04102706909 77.783785 89.658033 -0.71509647 76.5724150038 91.1386549108 -0.66163397869 1.91302339512 3.0631751143 0
249 3.02960515022 78.874801 88.696028 -0.74032963 76.4611088754 90.451276531 -0.704323109545 2.98442742886 2.063021657 0
252 3.08425283432 80.03236 87.613917 -0.7252394 78.835896429 89.6583334211 -0.683338081704 2.36878947558 2.40076869438 0
255 3.09913015366 81.079285 86.604124 -0.70281223 79.9163021782 87.050591033 -0.641563006832 1.24573747449 3.50932198598 0
258 3.05411887169 82.380517 85.593177 -0.66953842 80.2001477255 87.0132063177 -0.605508564409 2.60201718604 3.66864048822 0
261 3.0648598671 83.553536 84.670161 -0.64546431 81.220410601 86.5521564571 -0.550006750781 2.99756251442 5.46931526587 0
264 3.00481200218 84.753159 83.736184 -0.60820056 81.9935963021 85.0342486046 -0.518906794699 3.0496160416 5.1161558886 0
267 3.07316398621 85.938286 82.919631 -0.58097683 84.5382344733 84.7551192015 -0.487264870827 2.30849760999 5.36929975049 0
270 3.05454182625 87.249998 82.030848 -0.55954063 85.1053044695 84.1051297527 -0.484540113694 2.98368147246 4.29721304566 0
273 3.04334402084 88.578333 81.141585 -0.52544337 85.8453398052 83.3018883332 -0.480892519622 3.4836995126 2.55257570039 0
276 3.03403496742 89.874585 80.458812 -0.49549775 87.7169101651 82.658430776 -0.421660698889 3.08121460676 4.23055140038 0
279 3.05167579651 91.229191 79.664539 -0.46697991 88.9055271524 82.7378382205 -0.403248616712 3.85286669574 3.65153412829 0
282 3.06248688698 92.640842 79.007823 -0.44436504 90.2536737293 81.0444289719 -0.390232228022 3.13788722513 3.10158165954 0
285 3.02803587914 93.942666 78.269838 -0.40450827 91.0425579707 80.2990005779 -0.355530832164 3.53950947862 2.80620047937 0
288 2.98051095009 95.385584 77.620959 -0.38607018 93.3587733175 80.3047738978 -0.292252420681 3.36315684266 5.37536165237 0
291 3.0017888546 96.747733 77.074345 -0.36376533 95.365834531 80.1143470361 -0.286352098456 3.3393496011 4.43545144594 0
294 3.07617092133 98.250871 76.540386 -0.33417824 95.7622543331 78.8762017786 -0.24096042326 3.41309951018 5.34098747462 0
297 3.04339504242 99.752933 76.027378 -0.30758365 96.5933132573 78.7015294358 -0.213373961289 4.13935777871 5.39781755236 0
300 2.9993929863 100.00981 75.897783 -0.33361957 98.7594875326 78.8321503268 -0.189324019399 3.18964228108 8.26752605196 0
303 3.14737701416 98.714105 76.429985 -0.36219797 96.3544409419 79.625008987 -0.239979842005 3.97192557136 7.0025829141 0
306 3.04180598259 97.284888 77.028291 -0.39087517 94.866391997 78.9688000754 -0.253182154195 3.10075771195 7.88922867404 0
309 3.09935712814 95.817851 77.649213 -0.42317241 94.3282648099 78.6513657411 -0.270558517358 1.79532090008 8.74413194346 0
312 3.0736041069 94.571565 78.35291 -0.46228827 93.0250266411 80.1866991654 -0.330986743632 2.39886714907 7.5230233045 0
315 3.09552598 93.13187 79.138887 -0.4938927 90.734073501 80.2485723116 -0.317687880608 2.64212595112 10.095792481 0
318 3.03204393387 91.836662 79.862922 -0.52529077 90.2577182059 81.2159131086 -0.390002421709 2.07933846331 7.75145137437 0
321 3.07339501381 90.529269 80.702102 -0.55721841 88.1795984866 81.6505239897 -0.400760350049 2.53386183361 8.96438650601 0
324 3.16383504868 89.308886 81.573217 -0.59808232 87.3146325199 81.7682683531 -0.392065053461 2.00376944115 11.8039198795 0
327 3.02378606796 88.100372 82.484783 -0.6409076 86.2671205228 82.4020611745 -0.461549259512 1.83511685709 10.2764759305 0
330 3.04262495041 86.96204 83.432583 -0.67310863 84.9733665944 83.0429207735 -0.472393927158 2.02648922152 11.5001053591 0
333 3.03375482559 85.711036 84.448892 -0.70015711 83.919597953 84.5759393819 -0.520063982434 1.79593744702 10.3185761288 0
336 3.00952196121 84.630521 85.38864 -0.74348817 81.8115356481 85.6050927889 -0.571712753999 2.82728318777 9.84200636094 0
339 3.02403783798 83.531548 86.470864 -0.76732045 80.6021402735 86.8765391392 -0.588828591147 2.95736401998 10.2268301897 0
342 3.00827908516 82.436303 87.632765 -0.79615086 79.2830763033 87.7722002588 -0.657674358012 3.15630809528 7.93411912566 0
345 3.0114531517 81.390428 88.717115 -0.83255466 79.3659689475 89.7545519114 -0.718541892878 2.2747988483 6.53245036669 0
