183 12.4482040405 57.788579 101.03213 -1.3093986 108.773365859 96.9244955567 0.385865109693 51.149986821 97.1314557271 0
186 12.2784221172 57.852229 100.87925 -1.1701135 81.8891780596 59.1651344249 0.40837098752 48.1439753064 90.4404991618 0
189 12.3104269505 57.956865 100.8248 -1.0236231 32.7909180889 124.186678528 0.0330550012257 34.3380583649 60.5431955041 0
192 12.347522974 57.906072 100.67156 -0.85835482 72.6451828948 93.5475309268 1.49011192052 16.3704972498 134.557232558 0
195 12.2598240376 57.990597 100.53155 -0.72265365 121.595845792 135.903286416 -1.70019955747 72.7790313967 -56.0092547783 0
198 12.3663170338 58.042848 100.37669 -0.56279892 107.971024942 36.0849913137 -2.30112860386 81.4017528845 -99.5989542872 0
201 12.3654491901 58.157277 100.32166 -0.41301063 26.6424559311 70.2460249336 -2.79007871144 43.5629173914 -136.195968682 0
204 12.4354920387 58.686264 100.08548 -0.29965148 27.2852700284 53.2858108249 -1.72478361247 56.3580647051 -81.6540564388 0
207 12.4325149059 59.980629 99.666017 -0.30408986 77.4479263577 81.395829681 -0.103396151294 25.2765943444 11.4989024837 0
210 12.386713028 61.363687 99.173884 -0.32636207 41.5717380978 62.2339180555 2.81684590197 41.9080222073 -179.907449074 0
213 12.4762980938 62.885593 98.69498 -0.37512441 74.6399599797 51.749353245 0.168254327892 48.39480359 31.1333083584 0
216 12.4553380013 64.287236 98.118834 -0.4012694 25.7048510945 60.1634008183 -2.96745104193 54.122225869 -147.031377547 0
219 12.426240921 66.572969 97.068508 -0.44319642 93.1752934342 119.986147607 -0.470418110241 35.1127024091 -1.55968796203 0
222 12.4959900379 67.896132 96.441291 -0.47211549 20.3918280548 60.3059447561 -2.97693845936 59.6860297011 -143.515784572 0
225 12.6193048954 69.150612 95.708615 -0.49267498 47.420803216 69.943536645 -0.727358008239 33.7049529362 -13.4463470414 0
228 12.4515759945 70.465141 94.973778 -0.52461339 67.5245593223 96.9028558326 -0.597765810946 3.51686819309 -4.19132498135 0
231 12.3400940895 71.675984 94.192345 -0.54871183 68.3085164069 95.3856653318 -0.413131922371 3.5726532724 7.76815649389 0
234 12.2898240089 72.999296 93.402727 -0.58180979 70.1003516495 95.1242378645 -0.333429681035 3.37156907151 14.2311319587 0
237 12.2603840828 74.284244 92.44261 -0.63095882 72.1956289345 94.182250817 -0.580742599875 2.71820953278 2.87717747624 0
240 12.3990819454 75.447368 91.599491 -0.66374929 73.6389257452 93.237660154 -0.607302848489 2.44009458138 3.23414286712 0
243 12.3287739754 76.572595 90.665594 -0.69142624 74.059647721 93.0880700133 -0.654700085889 3.49045757202 2.10425362832 0
246 12.4383571148 77.783785 89.658033 -0.71509647 75.7343241808 91.5357094058 -0.713082602582 2.77956081679 0.115386103549 0
249 12.3563220501 78.874801 88.696028 -0.74032963 76.6164994618 90.4932664772 -0.71830651837 2.88617254875 1.26183134812 0
252 12.4269230366 80.03236 87.613917 -0.7252394 78.1106597875 89.3431850969 -0.682936154497 2.58520789443 2.42379742705 0
255 12.3070390224 81.079285 86.604124 -0.70281223 79.4274717322 88.1323309111 -0.71212872492 2.25031185279 -0.533795838772 0
258 12.2930288315 82.380517 85.593177 -0.66953842 80.0736321318 87.5009554748 -0.648779084863 2.99354914842 1.18942228885 0
261 12.2859628201 83.553536 84.670161 -0.64546431 81.2960998129 86.7459415025 -0.611702760168 3.06673814228 1.93439431521 0
264 12.3307828903 84.753159 83.736184 -0.60820056 82.5009198325 85.1707420351 -0.602743298907 2.6703067284 0.312678028303 0
267 12.3534619808 85.938286 82.919631 -0.58097683 84.2271372266 84.4000757576 -0.557344222642 2.26268575036 1.35404866051 0
270 12.4261610508 87.249998 82.030848 -0.55954063 85.0062172103 83.7930755205 -0.543352982657 2.8530681846 0.927483873026 0
273 12.2695128918 88.578333 81.141585 -0.52544337 86.3126144535 82.7277033262 -0.525010557391 2.76572809159 0.0247983358431 0
276 12.1814370155 89.874585 80.458812 -0.49549775 88.0645207669 82.0335647206 -0.496224556805 2.39920375522 -0.0416429624619 0
279 12.1671228409 91.229191 79.664539 -0.46697991 88.4783856461 81.1918379651 -0.438862864927 3.1463585657 1.61098801508 0
282 12.1884460449 92.640842 79.007823 -0.44436504 90.2603324023 80.8708785453 -0.406468128537 3.02287973781 2.17133308342 0
285 12.0969619751 93.942666 78.269838 -0.40450827 90.9499453998 80.5686884888 -0.36501928594 3.77373689602 2.2625521239 0
288 12.3151278496 95.385584 77.620959 -0.38607018 92.954347684 79.9421828689 -0.313441867168 3.36139707178 4.16129579845 0
291 12.1619279385 96.747733 77.074345 -0.36376533 94.5042328844 79.4802442233 -0.289910119201 3.28962670237 4.23159187386 0
294 12.1671440601 98.250871 76.540386 -0.33417824 95.8373516638 79.0091674553 -0.261121764614 3.45252913971 4.18582770571 0
297 12.2031400204 99.752933 76.027378 -0.30758365 96.9209028263 79.0121689725 -0.220910534358 4.11453181475 4.96600372356 0
300 12.1568379402 100.00981 75.897783 -0.33361957 98.0873094085 79.0163334366 -0.203141040487 3.6635181657 7.47586905816 0
303 12.238576889 98.714105 76.429985 -0.36219797 96.6988779218 79.2075529968 -0.236758894941 3.43162121361 7.18712958688 0
306 12.2017149925 97.284888 77.028291 -0.39087517 95.5946562023 79.6661346826 -0.283119993638 3.13290644996 6.17391682622 0
309 12.2250759602 95.817851 77.649213 -0.42317241 93.9655406477 79.4005294561 -0.300153588742 2.5491494602 7.04845925875 0
312 12.1371901035 94.571565 78.35291 -0.46228827 93.3004830302 79.9448946285 -0.315801605421 2.03717069272 8.39306763534 0
315 12.3511939049 93.13187 79.138887 -0.4938927 91.35012163 80.8327733569 -0.381560995648 2.45843003646 6.43613256487 0
318 12.1850700378 91.836662 79.862922 -0.52529077 89.875014289 81.1192619751 -0.399869242547 2.32947459207 7.18612418315 0
321 12.1841621399 90.529269 80.702102 -0.55721841 88.2278602758 81.9955937853 -0.432859015459 2.64000058991 7.12526845002 0
324 12.2368068695 89.308886 81.573217 -0.59808232 87.3523838023 81.9032251146 -0.429158033767 1.98413865579 9.67864865839 0
327 12.1312232018 88.100372 82.484783 -0.6409076 85.8715298718 82.9882002405 -0.477741187436 2.28498712257 9.34874679819 0
330 12.2699201107 86.96204 83.432583 -0.67310863 84.8122819045 83.271138516 -0.493882739393 2.1558117243 10.2688871113 0
333 12.1465170383 85.711036 84.448892 -0.70015711 83.6424526183 83.8963236052 -0.53230578126 2.14111397123 9.61717272249 0
336 12.1669259071 84.630521 85.38864 -0.74348817 81.8481070282 85.5062559382 -0.584935907666 2.78489874495 9.08437546398 0
339 12.2864229679 83.531548 86.470864 -0.76732045 80.7899094533 87.0721410698 -0.623335528595 2.80679818218 8.24972831003 0
342 12.3482680321 82.436303 87.632765 -0.79615086 79.481672631 87.6561959806 -0.63595729526 2.95472327439 9.17841516475 0
345 12.1682970524 81.390428 88.717115 -0.83255466 78.8030825212 88.3326894026 -0.694484975597 2.61574839512 7.91081019502 0
