3 0.137604951859 31.520043 41.394881 -0.0070850614 13.5869349514 51.5398218014 -0.297340163385 20.6037906257 -16.6303923259 0
6 0.139282941818 31.529937 41.402987 -0.0081764059 64.1258248052 79.0212591882 -0.96688183 49.7757602075 -54.9297745972 0
9 0.13826584816 31.522543 41.401068 -0.0068718684 70.3969614269 84.9237490719 3.00198409964 58.3561836973 172.394748132 0
12 0.140021085739 31.528168 41.375423 -0.0049451513 128.566085302 114.004120934 -0.755687325268 121.207611798 -43.0143580708 0
15 0.138152122498 31.523843 41.397689 -0.0081913964 103.42952127 71.6535054039 -0.89977022015 78.0118003492 -51.0837037041 0
18 0.140697002411 31.52518 41.394772 -0.0077822512 132.133427247 108.111282882 -0.613625797888 120.719146113 -34.7122782704 0
21 0.141638994217 31.646202 41.400982 -0.0069641742 64.9576471037 99.0750338714 0.481487291753 66.60291761 27.9862074961 0
24 0.138598918915 32.968315 41.348607 -0.0066445448 115.251275985 35.3448536468 2.71949171796 82.5017013328 156.196102233 0
27 0.138543844223 34.520488 41.363888 -0.010157874 36.3758903765 21.217247061 -2.7530666523 20.2318970713 -157.157096586 0
30 0.13923406601 35.981317 41.339656 -0.012968194 140.828680368 135.168189532 2.90528222297 140.700971247 167.203432455 0
33 0.139683008194 37.47125 41.3168 -0.01805047 14.1779425865 98.4084341942 1.40855794804 61.6606265393 81.7386413713 0
36 0.138720989227 39.051821 41.275587 -0.019803098 20.5228493761 99.7034306623 1.47083232862 61.2954786625 85.407118738 0
39 0.139719963074 40.609584 41.247017 -0.013659721 21.8747575965 96.4998400251 1.41976191416 58.3426788262 82.1290099573 0
42 0.139519929886 42.081473 41.279186 -0.014178183 28.0048904682 23.9827532489 -2.36751201094 22.3006000297 -134.836096127 0
45 0.138428926468 43.552295 41.213208 -0.0092852628 89.3964180092 34.8362406123 -1.0860807435 46.2855196314 -61.6958364428 0
48 0.138485908508 45.079977 41.189892 -0.010404952 130.572798752 141.980053591 2.93551417141 132.165348124 168.788732558 0
51 0.138729095459 46.640834 41.096545 -0.012029947 27.657730983 29.9836641016 -3.05332654893 21.9966888876 -174.253459538 0
54 0.138052940369 48.21014 41.103056 -0.013219293 52.8600835665 43.2109358598 -1.49510533389 5.1054023029 -84.9058158621 0
57 0.139299869537 49.69993 40.993437 -0.019411138 66.702265261 16.5561932019 2.59294331809 29.7700905067 149.676884926 0
60 0.138811826706 51.221815 41.026894 -0.026800957 111.534379237 70.1523467935 -1.01017324766 66.9768423055 -56.343081945 0
63 0.139164924622 52.707826 40.957156 -0.02058299 29.8541384995 90.7595099247 1.43084028657 54.7956703473 83.1604280343 0
66 0.138259887695 54.31159 40.951842 -0.027308534 37.0989454922 86.4090853012 2.90506380975 48.6069552585 168.012559258 0
69 0.138040065765 55.778879 40.909196 -0.015002614 35.7462183726 93.2594147054 2.51043690554 56.052233589 144.697025885 0
72 0.139997005463 57.331901 40.836464 -0.018380323 115.550763709 57.7390018182 -1.01232910844 60.6228649922 -56.9490704578 0
75 0.138598918915 58.848313 40.76075 -0.022921269 86.5419416622 6.46412640327 -0.320706651929 44.0816907413 -17.0618456425 0
78 0.138912916183 60.388876 40.75568 -0.012358794 126.606192592 66.9622233929 -0.605272456711 71.2145766906 -33.971450489 0
81 0.138876914978 61.86858 40.735896 -0.015077049 61.6447766791 90.7342024664 -2.09362216474 49.9988073601 -119.09186266 0
84 0.138810873032 63.333062 40.668539 -0.013920495 93.6571051294 55.6797081186 -2.7747977661 33.836116651 -158.186615388 0
87 0.139017105103 64.876385 40.58717 -0.032109511 97.9053745559 80.9354519278 1.21212346338 52.1430532824 71.2892981628 0
90 0.139691114426 66.44697 40.579857 -0.020157695 128.654570652 48.8527410488 -0.831855144889 62.7552881389 -46.5068381201 0
