183 0.651826858521 81.472606 41.653948 2.9566422 2.5 9.5 5.41052068118 85.26751357 140.59688041 1.7763568394e-15
186 0.652526855469 81.600227 41.551467 2.7956666 60.5 106.5 5.75958653158 68.2900543147 169.820102894 1.38749016364
189 0.651798963547 81.705618 41.391179 2.6371497 124.5 61.5 2.61799387799 47.2834412112 -1.09754775419 0.343516375144
192 0.654256105423 81.817002 41.340993 2.4823985 41.5 82.5 1.2217304764 57.6153148693 -72.2309571196 1.84955260425
195 0.654156923294 81.903012 41.262396 2.332631 22.5 101.5 4.71238898038 84.6007492303 136.350088539 0.538384905907
198 0.655007123947 81.909487 41.089487 2.1583794 19.5 91.5 5.06145483078 80.2257059086 166.333969792 2.4161858169
201 0.654342889786 81.924053 40.998223 1.9975831 24.5 97.5 3.66519142919 80.5603666023 95.5469191433 1.9064824998
204 0.658876895905 81.960862 40.844259 1.8446809 33.5 16.5 3.31612557879 54.2318918354 84.3075698816 1.61330802374
207 0.65492105484 81.927588 40.703608 1.6857979 63.5 112.5 1.91986217719 74.1235313764 13.410895218 1.11340690914
210 0.655440092087 81.924928 40.686406 1.5459903 63.5 112.5 1.91986217719 74.139532336 21.4212806418 1.22114646086
213 0.655467033386 81.81851 40.588718 1.3660151 82.5 31.5 0.872664625997 9.11423192066 -28.2668999811 3.19768178679
216 0.655348062515 81.824065 40.431016 1.2110526 47.5 47.5 1.91986217719 35.0444285574 40.6117972517 5.15997359072
219 0.653218984604 82.277545 41.390368 1.1504821 65.5 112.5 1.2217304764 73.0620679929 4.08223126465 6.17084655841
222 0.653526067734 82.927041 42.739254 1.1137092 117.5 117.5 5.06145483078 82.3678252505 -133.810836765 4.9575047935
225 0.652156829834 83.677797 44.09726 1.084748 119.5 115.5 5.06145483078 79.8848014786 -132.151482235 5.66770768986
228 0.652502059937 84.372874 45.412874 1.0478677 46.5 137.5 2.96705972839 99.5710467955 109.961603302 7.20924460989
231 0.654572963715 85.159381 46.677356 1.0274995 65.5 112.5 6.10865238198 68.6957911699 -68.8713848018 7.13124486741
234 0.665938138962 85.928298 47.908079 0.99952116 50.5 48.5 2.26892802759 35.4332424377 72.731655998 3.50033287782
237 0.652755975723 86.76373 49.194484 0.95689161 123.5 146.5 2.96705972839 104.00921583 115.174149296 3.23764339883
240 0.652139902115 87.649962 50.387631 0.93226665 121.5 146.5 2.96705972839 101.899031141 116.585055574 2.65273314281
243 0.65057516098 88.570925 51.559268 0.90792052 99.5 40.5 2.61799387799 15.5483789847 97.9799860707 2.43100741398
246 0.652132034302 89.47196 52.652014 0.8832857 98.5 41.5 2.61799387799 14.3482724569 99.3914572857 7.22993965005
249 0.651414871216 90.492516 53.754021 0.83763364 97.5 42.5 2.61799387799 13.2573685428 102.00712765 8.82685953941
252 0.650851964951 91.498687 54.898001 0.81217592 96.5 44.5 2.26892802759 11.5382648834 83.4657475618 8.56584832099
255 0.654788970947 92.568948 55.94073 0.78340538 95.5 45.5 2.26892802759 10.8443491626 85.1141780782 9.59571380214
258 0.656924962997 93.547241 56.960456 0.75288469 95.5 45.5 2.26892802759 11.6256320017 86.862884803 9.63618606169
261 0.651345014572 94.620679 57.928363 0.72990952 95.5 46.5 2.26892802759 11.4621414352 88.1792650776 8.8953077377
264 0.65190410614 95.770396 58.899507 0.6896339 53.5 90.5 4.71238898038 52.776676059 -129.513111879 6.67571718176
267 0.651859998703 96.962501 59.840194 0.66858365 8.5 35.5 4.01425727959 91.7499816192 -168.307021396 4.60498657351
270 0.650672912598 98.232224 60.772339 0.64204005 52.5 87.5 4.71238898038 52.9698421228 -126.786185143 5.80116762254
273 0.651118993759 99.416545 61.686454 0.60185601 52.5 85.5 4.71238898038 52.6141346772 -124.483809248 3.44126087267
276 0.650510072708 100.66015 62.48684 0.57932353 51.5 83.5 4.36332312999 53.4628211116 -143.192793242 2.60093059402
279 0.649662017822 101.84252 63.245661 0.55317695 38.5 142.5 1.91986217719 101.457011045 78.3052954411 1.49947446407
282 0.650156021118 103.2489 64.041483 0.52149049 91.5 53.5 1.91986217719 15.7847874566 80.1207958668 3.57157567173
285 0.655028104782 104.5021 64.838724 0.48902664 101.5 66.5 0.523598775598 3.43109929296 1.98083745854 5.9771564828
288 0.649592876434 105.89753 65.50297 0.45749312 50.5 103.5 1.91986217719 67.1763397255 83.7875750677 4.71134042699
291 0.648550033569 107.23441 66.106065 0.425495 104.5 67.5 0.523598775598 3.06921045748 5.62093229608 3.14189726292
294 0.649871826172 108.62185 66.694881 0.38650919 105.5 68.5 0.523598775598 3.60616167506 7.85465466998 2.99173667542
297 0.649075031281 110.08086 67.251857 0.35533208 106.5 69.5 0.523598775598 4.2280852981 9.6409714904 7.00331450049
300 0.649038791656 111.50781 67.766864 0.33459052 108.5 68.5 0.523598775598 3.09586973088 10.8293753389 2.95768746996
303 0.648889064789 112.87691 68.182524 0.30685182 110.5 69.5 0.523598775598 2.71761736797 12.4186857781 2.54266482118
306 0.648784160614 114.36462 68.651393 0.28808498 98.5 53.5 5.75958653158 21.9374309705 -46.5060534951 2.46079166846
309 0.648896932602 115.83449 69.001579 0.25083859 113.5 69.5 0.523598775598 2.38710432393 15.628007454 2.36744948337
312 0.656500101089 117.19736 69.329841 0.23044123 104.5 60.5 5.75958653158 15.4657377145 -43.2033099048 4.91717957603
315 0.650820016861 117.78731 69.484411 0.20147117 106.5 61.5 6.10865238198 13.8258520914 -21.5434477346 6.07527395668
318 0.650056123734 116.42938 69.228806 0.13415298 104.5 61.5 5.75958653158 14.2142375585 -37.6863995631 7.08992192405
321 0.64984703064 114.80773 69.128985 0.0979988 104.5 62.5 5.75958653158 12.2553147607 -35.6149176373 3.03658292426
324 0.646934986115 113.35769 69.056433 0.067460522 103.5 63.5 5.41052068118 11.3158296125 -53.8652031943 4.606249043
327 0.648020029068 111.81488 68.96352 0.032275621 101.5 62.5 5.75958653158 12.1726677522 -31.8492568645 3.25051553661
330 0.649061203003 110.29576 68.94659 -0.0039959963 109.5 67.5 0.523598775598 1.65101683992 30.2289537229 5.17183796996
333 0.647506952286 108.74459 69.016615 -0.039899491 107.5 70.5 0.174532925199 1.9363458695 12.286072439 4.2037941192
336 0.647652864456 107.27384 69.125159 -0.081381225 106.5 70.5 0.174532925199 1.57766159898 14.6628007241 2.84407157287
339 0.651278018951 105.77123 69.311189 -0.11875782 104.5 70.5 0.174532925199 1.74048766345 16.8043218702 3.87774933549
342 0.649182796478 104.23308 69.487176 -0.13593074 102.5 70.5 0.174532925199 2.00733124854 17.7882577081 4.19272474137
345 0.648507118225 102.67844 69.809947 -0.17996689 101.5 70.5 0.174532925199 1.36561120983 20.3113432491 2.43098398179
