183 12.3464639187 81.472606 41.653948 2.9566422 19.822501045 11.6111310199 -1.97113281116 68.5806553852 77.6592894703 0
186 12.1736741066 81.600227 41.551467 2.7956666 71.2259478663 96.790381921 -0.0191227634752 56.2046562946 -161.275550745 0
189 12.3257880211 81.705618 41.391179 2.6371497 95.0396606996 24.98469282 1.21812527338 21.1416528088 -81.3041106713 0
192 12.2989499569 81.817002 41.340993 2.4823985 93.126580221 65.3851728345 2.3231369428 26.5712089196 -9.12501506634 0
195 12.3801558018 81.903012 41.262396 2.332631 26.2422433831 43.2962989883 2.93579366357 55.6979166971 34.5586749827 0
198 12.3911800385 81.909487 41.089487 2.1583794 133.258756911 118.146638701 -2.20655905189 92.5988776862 109.907448872 0
201 12.4184370041 81.924053 40.998223 1.9975831 126.925882676 121.019366744 0.733696620485 91.8071245619 -72.4153610599 0
204 12.4555258751 81.960862 40.844259 1.8446809 116.161902206 30.2976048506 2.18185455869 35.7902649466 19.3186276061 0
207 12.4325819016 81.927588 40.703608 1.6857979 22.8153756969 26.2852014576 -2.21908627626 60.8452470666 136.266617213 0
210 12.4584639072 81.924928 40.686406 1.5459903 125.56169156 99.1017501265 -1.58451718434 72.914467449 -179.364866587 0
213 12.4352509975 81.81851 40.588718 1.3660151 46.3033362633 52.1500028131 -1.92208120975 37.3495765984 171.605958819 0
216 12.3334550858 81.824065 40.431016 1.2110526 66.6433077329 35.6629668355 0.995614288753 15.91193527 -12.3437059799 0
219 12.3381850719 82.277545 41.390368 1.1504821 107.04224436 61.4047378999 -0.11616225593 31.8412521249 -72.5733757388 0
222 12.3408069611 82.927041 42.739254 1.1137092 47.594579409 57.078317643 2.28960997803 38.1312416299 67.3741517074 0
225 12.2119607925 83.677797 44.09726 1.084748 114.476274903 60.805130113 -2.55375233377 35.0385382811 151.529287118 0
228 12.3081860542 84.372874 45.412874 1.0478677 73.9470664525 73.9995530317 -1.95163688751 30.4285339949 -171.858953494 0
231 12.4326899052 85.159381 46.677356 1.0274995 72.7018058535 74.5099895227 -1.78731617702 30.4933872723 -161.277058401 0
234 12.366189003 85.928298 47.908079 0.99952116 36.8655216028 73.2493929936 -0.632454509932 55.220813311 -93.5053181552 0
237 12.4400019646 86.76373 49.194484 0.95689161 110.189608906 56.8387155977 -2.75652901474 24.6415518838 147.236670646 0
240 12.4192900658 87.649962 50.387631 0.93226665 71.0782759726 70.5442232569 -2.19516129209 26.0942328724 -179.188421813 0
243 12.3708181381 88.570925 51.559268 0.90792052 40.4814602242 71.1302154945 -0.913700065274 51.9193471478 -104.37117141 0
246 12.4415540695 89.47196 52.652014 0.8832857 42.8853961231 61.4594550598 1.64464612443 47.4118018206 43.6227390079 0
249 12.4504778385 90.492516 53.754021 0.83763364 43.0647123248 68.8617567037 -0.723035683186 49.7759001882 -89.4197654341 0
252 12.4945960045 91.498687 54.898001 0.81217592 47.1739207668 67.3567717448 -0.605919100554 46.0424355361 -81.2508596263 0
255 12.3570990562 92.568948 55.94073 0.78340538 47.5298660722 67.8228749163 -0.693073195592 46.5800844645 -84.5959909229 0
258 12.3257448673 93.547241 56.960456 0.75288469 47.3580704404 67.0768583402 -0.659350870804 47.2840467102 -80.9151373124 0
261 12.376429081 94.620679 57.928363 0.72990952 91.5760994214 59.9518797174 0.786369823866 3.65569209812 3.23493712154 0
264 12.2072920799 95.770396 58.899507 0.6896339 49.1778188113 64.9842648417 -0.535821298787 46.9882168961 -70.2134108729 0
267 12.3530249596 96.962501 59.840194 0.66858365 51.3294876377 64.5933378699 -0.756425403202 45.8798897686 -81.6470045164 0
270 12.2163591385 98.232224 60.772339 0.64204005 53.045832518 63.806291215 -0.750749990413 45.2881313504 -79.8009910635 0
273 12.3397631645 99.416545 61.686454 0.60185601 53.5880891153 62.7144442748 -0.78202184467 45.8399839963 -79.2903604342 0
276 12.3305208683 100.66015 62.48684 0.57932353 54.9031938921 60.2963522452 -0.860863385746 45.8093578744 -82.5166319822 0
279 12.3226158619 101.84252 63.245661 0.55317695 100.066975818 65.8225127791 0.541921334338 3.12933255405 -0.644899273253 0
282 12.5287380219 103.2489 64.041483 0.52149049 100.866873915 66.0515425042 0.485437816078 3.11679121549 -2.06566605592 0
285 12.3437380791 104.5021 64.838724 0.48902664 101.806024683 66.9111601476 0.512322731614 3.4005607922 1.33476772864 0
288 12.438049078 105.89753 65.50297 0.45749312 103.176237882 67.5742419787 0.483047383806 3.41988280503 1.46415146465 0
291 12.4950799942 107.23441 66.106065 0.425495 104.707154746 68.511279524 0.459972285903 3.48885024401 1.9754029713 0
294 12.2894849777 108.62185 66.694881 0.38650919 105.775147829 69.0211187326 0.404661366566 3.67628824244 1.04004310618 0
297 12.3312559128 110.08086 67.251857 0.35533208 106.604932249 70.071967618 0.383450814836 4.47605826867 1.61108483134 0
300 12.3526489735 111.50781 67.766864 0.33459052 108.247754454 69.884130622 0.33409317333 3.88725868846 -0.0284958651469 0
303 12.3748140335 112.87691 68.182524 0.30685182 109.603171256 70.4796865896 0.304131873749 3.99929010279 -0.155841440668 0
306 12.2169520855 114.36462 68.651393 0.28808498 111.281150707 71.086396229 0.313237151456 3.92899778632 1.44111327 0
309 12.3283069134 115.83449 69.001579 0.25083859 112.293224328 71.1956349878 0.233670747279 4.16586656499 -0.983644931235 0
312 12.1836550236 117.19736 69.329841 0.23044123 114.766843962 72.239300241 0.244348415683 3.79108972298 0.796823044535 0
315 12.3410451412 117.78731 69.484411 0.20147117 115.358403181 72.6142244581 0.245106185043 3.96173202236 2.50010220096 0
318 12.3276188374 116.42938 69.228806 0.13415298 114.700265313 72.2495729366 0.187828755654 3.48064225189 3.07539540708 0
321 12.4515471458 114.80773 69.128985 0.0979988 112.487650761 71.9816111123 0.163380916036 3.67698836148 3.7461193045 0
324 12.3920378685 113.35769 69.056433 0.067460522 111.382187161 71.5258803732 0.122175221037 3.16240127048 3.13492133217 0
327 12.4004530907 111.81488 68.96352 0.032275621 110.629086923 71.4485379034 0.0846049956948 2.75343770636 2.99825231457 0
330 12.5517809391 110.29576 68.94659 -0.0039959963 109.010386716 71.5964532455 0.0512882392733 2.9451586885 3.16755337196 0
333 12.3771338463 108.74459 69.016615 -0.039899491 107.530214954 71.3917595213 0.0294826906377 2.66758659653 3.97530618125 0
336 12.3373701572 107.27384 69.125159 -0.081381225 105.841664711 71.4969938801 -0.00364518658249 2.77069066428 4.45394691739 0
339 12.3272669315 105.77123 69.311189 -0.11875782 104.345657691 71.1239613397 -0.011155696568 2.30616564098 6.1651475393 0
342 12.3396849632 104.23308 69.487176 -0.13593074 102.708767574 72.3801313112 -0.0921656401734 3.26997229396 2.50755551003 0
345 12.2652950287 102.67844 69.809947 -0.17996689 101.868109101 72.4731744181 -0.109544260359 2.78377737024 4.03491946063 0
