183 1.95838189125 57.788579 101.03213 -1.3093986 5.5 2.5 2.26892802759 111.546744176 -154.97698652 1.7763568394e-15
186 1.95501613617 57.852229 100.87925 -1.1701135 29.5 62.5 2.38528331106 47.7159901902 -156.290768232 0.109977982538
189 1.9551050663 57.956865 100.8248 -1.0236231 17.5 70.5 0.290888208666 50.5603740163 75.3159501088 0.227190349861
192 1.96006202698 57.906072 100.67156 -0.85835482 31.5 71.5 3.89790199612 39.3479421483 -87.486558156 2.36938723149
195 12.6313560009 57.990597 100.53155 -0.72265365 47.5 58.5 2.50163859453 43.32093975 -175.261662472 0.504842281923
198 1.95819997787 58.042848 100.37669 -0.56279892 47.5 58.5 2.73434916146 43.1834321159 -171.087330503 1.05012910002
201 1.97871804237 58.157277 100.32166 -0.41301063 57.5 103.5 5.52687596465 3.24559057959 -19.6695673403 0.505107884152
204 1.95669293404 58.686264 100.08548 -0.29965148 95.5 119.5 0.639954059065 41.6194034689 53.8354317955 0.468417104823
207 1.95892810822 59.980629 99.666017 -0.30408986 96.5 120.5 0.639954059065 42.0442541363 54.0897322374 4.64695934424
210 1.95820403099 61.363687 99.173884 -0.32636207 101.5 94.5 5.06145483078 40.4075341104 -51.3008307958 6.79748866911
213 1.95424008369 62.885593 98.69498 -0.37512441 101.5 93.5 4.94509954732 38.9622926066 -55.1736211813 7.04334054463
216 1.95256495476 64.287236 98.118834 -0.4012694 61.5 100.5 5.99229709851 3.66587452585 6.32437640108 7.46419968489
219 3.71687197685 66.572969 97.068508 -0.44319642 63.5 98.5 5.99229709851 3.39003065193 8.72661769464 6.44562578945
222 1.95579099655 67.896132 96.441291 -0.47211549 65.5 98.5 5.87594181505 3.15907127303 3.71689168642 7.05795216755
225 1.9597890377 69.150612 95.708615 -0.49267498 66.5 97.5 5.87594181505 3.19918805211 4.89486369236 8.97088779233
228 1.95121002197 70.465141 94.973778 -0.52461339 67.5 96.5 5.87594181505 3.33487852 6.72479978972 7.12891321956
231 1.95990395546 71.675984 94.192345 -0.54871183 68.5 95.5 5.75958653158 3.43465223382 1.4388720279 5.82539573066
234 1.95590782166 72.999296 93.402727 -0.58180979 70.5 95.5 5.75958653158 3.26267291222 3.33524544639 4.79906842284
237 1.95190501213 74.284244 92.44261 -0.63095882 71.5 94.5 5.75958653158 3.46191684817 6.15127743255 7.26536824689
240 1.94890213013 75.447368 91.599491 -0.66374929 72.5 93.5 5.75958653158 3.5069805512 8.0300329718 6.53492100399
243 1.97427916527 76.572595 90.665594 -0.69142624 73.5 92.5 5.75958653158 3.57853118009 9.6158053966 7.53025155066
246 1.94986987114 77.783785 89.658033 -0.71509647 75.5 91.5 5.64323124811 2.93402732695 4.30534300904 6.09802576113
249 1.99476099014 78.874801 88.696028 -0.74032963 76.5 90.5 5.64323124811 2.98228012876 5.75109658082 3.40951653692
252 1.95130705833 80.03236 87.613917 -0.7252394 77.5 89.5 5.64323124811 3.1575554235 4.88649008993 3.67133843551
255 1.94601416588 81.079285 86.604124 -0.70281223 79.5 88.5 5.64323124811 2.46748595104 3.60150790251 2.61983896784
258 1.95143699646 82.380517 85.593177 -0.66953842 80.5 88.5 5.75958653158 3.46207512059 8.36172568786 3.71125819368
261 1.96059703827 83.553536 84.670161 -0.64546431 81.5 87.5 5.75958653158 3.4964265857 6.98238078932 3.63557513072
264 1.95390796661 84.753159 83.736184 -0.60820056 82.5 85.5 5.64323124811 2.86142837778 -1.81934148117 5.0033199612
267 1.9545238018 85.938286 82.919631 -0.58097683 83.5 84.5 5.75958653158 2.90565049412 3.28752035389 3.60090207014
270 1.95714402199 87.249998 82.030848 -0.55954063 85.5 83.5 5.75958653158 2.28492901402 2.05931656509 7.13241825966
273 1.95600700378 88.578333 81.141585 -0.52544337 86.5 82.5 5.75958653158 2.48289334671 0.105687474131 5.2107412307
276 1.94947695732 89.874585 80.458812 -0.49549775 87.5 82.5 5.75958653158 3.13131000918 -1.61007016677 2.77679365249
279 1.96357297897 91.229191 79.664539 -0.46697991 88.5 81.5 5.87594181505 3.28898169606 3.42264462707 4.61962786161
282 1.95372414589 92.640842 79.007823 -0.44436504 89.5 81.5 5.87594181505 4.00946812786 2.12690802183 1.84530984593
285 1.95294189453 93.942666 78.269838 -0.40450827 91.5 80.5 5.87594181505 3.30760332171 -0.156716684195 4.42130314229
288 1.96190500259 95.385584 77.620959 -0.38607018 92.5 79.5 5.99229709851 3.44345612731 5.45352524319 6.02768801676
291 1.95371007919 96.747733 77.074345 -0.36376533 94.5 79.5 5.99229709851 3.30697835165 4.17555147552 6.28136146179
294 1.95854711533 98.250871 76.540386 -0.33417824 96.5 79.5 5.99229709851 3.43873003995 2.48033609044 10.3986872646
297 1.95503997803 99.752933 76.027378 -0.30758365 97.5 78.5 6.10865238198 3.34508096425 7.62324499223 8.85439509219
300 1.95879602432 100.00981 75.897783 -0.33361957 98.5 78.5 6.10865238198 3.00849788951 9.11499332397 9.40522569061
303 1.95626592636 98.714105 76.429985 -0.36219797 97.5 79.5 5.99229709851 3.30136987495 4.08574836254 9.22832029875
306 1.95876121521 97.284888 77.028291 -0.39087517 95.5 79.5 5.99229709851 3.04879821458 5.72883089079 8.40085034989
309 1.99333500862 95.817851 77.649213 -0.42317241 95.5 80.5 5.99229709851 2.86845180848 7.57932643271 4.14002676113
312 1.95465302467 94.571565 78.35291 -0.46228827 93.5 80.5 5.87594181505 2.39963476749 3.15383345607 2.98628407768
315 1.95490884781 93.13187 79.138887 -0.4938927 91.5 80.5 5.99229709851 2.12500077545 11.6313005757 4.81902058775
318 1.95391702652 91.836662 79.862922 -0.52529077 89.5 80.5 5.99229709851 2.4219532779 13.4302774715 6.6212162156
321 1.95331096649 90.529269 80.702102 -0.55721841 88.5 81.5 5.87594181505 2.18049854225 8.59292982666 2.80872215589
324 1.95379781723 89.308886 81.573217 -0.59808232 86.5 80.5 5.99229709851 3.00693120807 17.6009260707 3.19064987425
327 1.95299601555 88.100372 82.484783 -0.6409076 85.5 80.5 5.99229709851 3.27128386042 20.0546338712 5.66714738106
330 1.95214390755 86.96204 83.432583 -0.67310863 84.5 82.5 5.87594181505 2.63274609742 15.2329503195 1.65904379424
333 2.00804305077 85.711036 84.448892 -0.70015711 83.5 84.5 5.75958653158 2.21162660071 10.1160473991 1.91543417039
336 1.95283293724 84.630521 85.38864 -0.74348817 82.5 86.5 5.75958653158 2.40296499788 12.5987342589 4.71318055348
339 2.01614999771 83.531548 86.470864 -0.76732045 81.5 87.5 5.64323124811 2.27734674189 7.29755665241 4.70552768502
342 1.95696592331 82.436303 87.632765 -0.79615086 80.5 88.5 5.64323124811 2.12164225378 8.94941746704 2.2247245661
345 1.9561829567 81.390428 88.717115 -0.83255466 78.5 88.5 5.64323124811 2.8985708455 11.0352015653 2.09170799641
