243 4.09360408783 88.570925 51.559268 0.90792052 9.04642299327 63.1445409224 -0.103513114389 80.3639531638 -57.9508785081 0
246 4.14558506012 89.47196 52.652014 0.8832857 102.609766449 109.422217405 1.65884007232 58.2705582002 44.4359923166 0
249 4.12334895134 90.492516 53.754021 0.83763364 126.711645605 113.746433381 -2.53710582124 70.0779201509 166.641671915 0
252 4.0938179493 91.498687 54.898001 0.81217592 51.312499105 113.317602408 -2.83253243034 70.9068369496 151.173593969 0
255 4.1123290062 92.568948 55.94073 0.78340538 50.4906995691 92.4573396378 0.597871127074 55.7139279754 -10.6303296478 0
258 4.14545893669 93.547241 56.960456 0.75288469 24.991693689 69.1226409236 1.19480274982 69.626013883 25.3200397182 0
261 4.12432813644 94.620679 57.928363 0.72990952 52.8652417339 91.9243748994 -0.620676270785 53.8446410179 -77.3828656823 0
264 4.13958311081 95.770396 58.899507 0.6896339 92.0282389911 42.5221609592 -0.774564578733 16.7994405389 -83.8923932009 0
267 4.14304900169 96.962501 59.840194 0.66858365 52.7938544331 88.8334541512 -1.23423003939 52.8344440091 -109.023193602 0
270 4.12862706184 98.232224 60.772339 0.64204005 33.8516187132 141.852233439 2.69846555255 103.531693791 117.824502179 0
273 4.10757899284 99.416545 61.686454 0.60185601 40.7537475412 138.907809565 1.24365827038 96.9766031624 36.7725608016 0
276 4.14655089378 100.66015 62.48684 0.57932353 37.954870045 139.025936145 1.71264390388 98.9453655962 64.9344742595 0
279 4.12979006767 101.84252 63.245661 0.55317695 113.064937099 112.634356687 1.43564752548 50.6476643809 50.5618395196 0
282 4.11231017113 103.2489 64.041483 0.52149049 106.33008934 111.924698783 2.5703581729 47.982247566 117.391471011 0
285 4.12329888344 104.5021 64.838724 0.48902664 99.4406269107 41.748191769 -0.645165718793 23.6387645308 -64.9844353148 0
288 4.13043808937 105.89753 65.50297 0.45749312 90.2417239426 55.1141173074 -0.325842775205 18.7891597357 -44.8818407363 0
291 4.13228297234 107.23441 66.106065 0.425495 39.9883776214 72.5310531487 2.31182982599 67.5522711933 108.079024278 0
294 4.14578413963 108.62185 66.694881 0.38650919 98.2816492051 119.390779161 2.5800295631 53.7008141048 125.679459655 0
297 4.13660097122 110.08086 67.251857 0.35533208 102.865818316 35.41457074 -0.887736918035 32.6445956156 -71.222607231 0
300 4.17132019997 111.50781 67.766864 0.33459052 101.387551992 120.936738539 2.05048602283 54.1244416193 98.3135703975 0
303 4.13607692719 112.87691 68.182524 0.30685182 106.151675871 33.9371722035 -0.857795032579 34.8994683879 -66.729349276 0
306 4.12404513359 114.36462 68.651393 0.28808498 97.8101858896 52.9773316112 -0.566321637566 22.7974886585 -48.9538931746 0
309 4.12483811378 115.83449 69.001579 0.25083859 117.826099251 126.792512212 1.11952133166 57.8252407594 49.771854833 0
312 4.15089321136 117.19736 69.329841 0.23044123 106.646595281 27.1485343637 -1.19582523253 43.4808149153 -81.7190487638 0
315 4.14467000961 117.78731 69.484411 0.20147117 101.494099482 49.6761537845 -0.908419621518 25.6483091626 -63.5920580744 0
318 4.11864209175 116.42938 69.228806 0.13415298 107.571584449 26.9805284909 -1.31612318495 43.1668564354 -83.0947033799 0
321 4.12094593048 114.80773 69.128985 0.0979988 107.20242404 27.5579346737 -1.24961571519 42.2610092636 -77.212624131 0
324 4.14992189407 113.35769 69.056433 0.067460522 101.659357706 124.553790351 1.43956962305 56.7169079857 78.6160605214 0
327 4.12672615051 111.81488 68.96352 0.032275621 104.330879704 29.4276129523 -1.40035426113 40.2380194159 -82.0836458502 0
330 4.13124394417 110.29576 68.94659 -0.0039959963 101.393139616 121.618653792 1.56549450772 53.4191253562 89.9251818663 0
