123 6.38894796371 58.21235 101.09089 -1.0276822 91.1605964734 46.9343641066 -2.86101294434 63.3917679397 -105.042114102 0
126 6.51240801811 58.152327 101.12822 -1.1869287 97.8472432615 82.7181856454 -1.66623476131 43.7563223083 -27.4622144078 0
129 6.31749391556 58.049715 101.26081 -1.3398137 87.1383805761 53.548696411 -0.186695236522 55.8801954912 66.0688212359 0
132 6.49133300781 58.024835 101.49733 -1.4943786 4.06894365992 64.0666114782 0.461965459354 65.6680812828 112.090257876 0
135 6.35671210289 58.064001 101.65215 -1.6522241 72.5630988839 62.631780366 1.38102202209 41.6270715499 173.79220102 0
138 6.35180187225 58.104403 101.68885 -1.8037565 38.9285168369 138.420047362 1.25014492355 41.4354373668 174.975662618 0
141 6.37798380852 58.177183 101.78616 -1.9584038 39.5795345201 17.5672426065 -0.399478511307 86.2478902694 89.3198396183 0
144 6.43106198311 58.164815 101.89412 -2.1101089 122.017210385 104.658795626 1.8953048477 63.9122197058 -130.506697053 0
147 6.47356414795 58.333441 101.96561 -2.2758326 44.6328112661 140.989033793 -3.04426742668 41.3586128833 -44.0280723994 0
150 6.427120924 58.547547 101.97367 -2.4518694 55.0773082041 81.2144382127 1.00196810949 21.0472863263 -162.109687582 0
153 6.3597869873 58.609003 102.09152 -2.5989269 32.4615427761 58.8117834472 -0.0622412218231 50.5650597966 145.341383311 0
156 6.37104606628 58.561869 102.14088 -2.6173282 93.3626134363 101.479081407 -2.25177232799 34.8070365113 20.9448086422 0
159 6.390198946 58.51155 102.01626 -2.5045701 44.2024051043 63.4356833774 -0.314609071266 41.14866365 125.475524245 0
162 6.39633107185 58.437648 101.90068 -2.3721379 42.9810365496 64.4720023803 -0.202407888206 40.4946014412 124.316372359 0
165 6.37355589867 58.147744 101.95537 -2.2082701 103.041594695 16.7210036341 -0.445940838085 96.3345993921 100.97402882 0
168 6.39606189728 58.037351 101.82492 -2.0566813 23.7351826906 80.1154472541 -2.19892225267 40.5948267348 -8.1498062618 0
171 6.40184998512 57.944091 101.71587 -1.9011295 107.80511238 112.797866818 2.62233790343 51.0777065511 -100.824409018 0
174 6.3892159462 57.908577 101.57431 -1.7585036 25.5237918712 81.8653140153 -2.09705017667 37.9106690862 -19.3972900116 0
177 6.40203404427 57.841285 101.40683 -1.6171883 87.1767861558 70.0361340948 -2.04115578367 42.9498799724 -24.2915474652 0
180 6.35823893547 57.86028 101.30305 -1.4556073 91.0531250332 49.4742041678 -0.917150970624 61.5466832713 30.8512751253 0
183 6.37087392807 57.788579 101.03213 -1.3093986 126.363708052 80.1329952585 2.43055153149 71.6890658152 -145.716641876 0
186 6.40416383743 57.852229 100.87925 -1.1701135 102.762652359 90.0944823298 -2.91508397301 46.1871988757 -99.9794434785 0
189 6.34721207619 57.956865 100.8248 -1.0236231 33.0888155096 72.8969354406 -2.33748712945 37.3949930379 -75.2788637416 0
192 6.35923981667 57.906072 100.67156 -0.85835482 114.593353443 19.8201019617 -1.45243070775 98.744144861 -34.0380410785 0
195 6.34065699577 57.990597 100.53155 -0.72265365 99.0928189692 84.4121262467 3.02403140393 44.1500676437 -145.330759245 0
198 6.38158893585 58.042848 100.37669 -0.56279892 55.3751082928 60.2733149101 -2.88288164525 40.1920082696 -132.930948278 0
201 6.43459391594 58.157277 100.32166 -0.41301063 25.4120502207 80.1856279154 -0.380969464629 38.4409893855 1.83582354643 0
204 6.37324905396 58.686264 100.08548 -0.29965148 22.6912671909 80.1428250936 -0.18976435343 41.1503253936 6.29606857526 0
207 6.43432497978 59.980629 99.666017 -0.30408986 25.3409261521 78.2186045831 -0.219806343937 40.7418766476 4.82908975295 0
210 6.54261898994 61.363687 99.173884 -0.32636207 16.0610150485 39.8437925461 -0.70939844293 74.6484550267 -21.9463675689 0
213 6.41679501534 62.885593 98.69498 -0.37512441 95.8338411958 52.918816912 0.129378603741 56.4007461496 28.905893439 0
216 6.4800260067 64.287236 98.118834 -0.4012694 37.8245187597 7.78681947541 2.4202319291 94.1283605074 161.660118048 0
219 6.37634897232 66.572969 97.068508 -0.44319642 99.7073995581 55.0161413693 0.649886859226 53.5377626321 62.629058556 0
222 6.41689991951 67.896132 96.441291 -0.47211549 65.5298311613 97.2380701599 -0.352795820835 2.49684534739 6.83651345607 0
225 6.37924098969 69.150612 95.708615 -0.49267498 66.2520233114 97.3574937901 -0.443227646494 3.33475900928 2.83312351807 0
228 6.46793103218 70.465141 94.973778 -0.52461339 67.4699201543 96.4722279574 -0.521586426178 3.34913424477 0.173432251726 0
231 6.39553189278 71.675984 94.192345 -0.54871183 69.3061886516 96.3344686086 -0.503225645873 3.19446764698 2.60616637661 0
234 6.43348789215 72.999296 93.402727 -0.58180979 69.7709776046 95.0530547624 -0.531234316194 3.62568909112 2.89776119593 0
237 6.43172502518 74.284244 92.44261 -0.63095882 71.3926986194 93.8046833288 -0.511579073349 3.19629135737 6.83995564242 0
240 6.44919490814 75.447368 91.599491 -0.66374929 72.857022291 92.5944086389 -0.517289554006 2.7748426983 8.39152474107 0
243 6.46141791344 76.572595 90.665594 -0.69142624 74.0045890848 92.1583423694 -0.594890570071 2.97034544709 5.53108645943 0
246 6.48851394653 77.783785 89.658033 -0.71509647 75.40450035 91.1473086683 -0.665321133578 2.80694450638 2.85191670085 0
249 6.39282608032 78.874801 88.696028 -0.74032963 76.5069933296 89.6589824164 -0.655801761658 2.55612878625 4.84309010725 0
252 6.44558405876 80.03236 87.613917 -0.7252394 77.8070534381 89.7659798868 -0.671447953573 3.095700884 3.08202285419 0
255 6.4050359726 81.079285 86.604124 -0.70281223 79.2751201889 88.3408678054 -0.64808550818 2.50425432236 3.13561018689 0
258 6.43030405045 82.380517 85.593177 -0.66953842 80.6031084165 87.354731057 -0.605267789124 2.50244959359 3.68243589582 0
261 6.40968704224 83.553536 84.670161 -0.64546431 81.6736658308 87.0944380239 -0.58684565143 3.0677403641 3.35860173676 0
264 6.36869812012 84.753159 83.736184 -0.60820056 83.1396521072 85.9030743866 -0.545867798599 2.70163255107 3.57140415366 0
267 6.35350012779 85.938286 82.919631 -0.58097683 84.3620508084 84.5851042832 -0.540950691512 2.29310240425 2.29332880557 0
270 6.37752795219 87.249998 82.030848 -0.55954063 85.0960186177 83.5168173874 -0.521608300182 2.61681718876 2.17336240565 0
273 6.36882019043 88.578333 81.141585 -0.52544337 85.8383630344 82.5402443844 -0.472323658425 3.07631004387 3.0435352822 0
276 6.37664604187 89.874585 80.458812 -0.49549775 87.5425113956 82.2202874675 -0.440337566874 2.92256105477 3.16044569031 0
279 6.3705470562 91.229191 79.664539 -0.46697991 88.8565776635 81.7176480694 -0.428650243966 3.13760273066 2.19612809388 0
282 6.38403987885 92.640842 79.007823 -0.44436504 90.2013344118 81.197645544 -0.400237373086 3.2781885314 2.52832907394 0
285 6.3632619381 93.942666 78.269838 -0.40450827 91.26192538 80.5486392095 -0.360780596436 3.51842368454 2.50541114312 0
