63 1.32153892517 79.890684 97.897701 -0.093381766 2.5 3.5 1.1344640138 122.066555305 70.3503810753 3.9884057971
66 1.32634496689 78.411812 98.037468 -0.097953665 103.5 85.5 5.67232006898 28.046484289 -29.3876684077 3.06015799949
69 1.31796002388 76.931086 98.162597 -0.096433306 66.5 93.5 2.53072741539 11.4257326209 150.525221438 3.72957417151
72 1.342689991 75.443161 98.337547 -0.10164342 85.5 91.5 1.4835298642 12.1610879303 90.8237389813 4.46200181213
75 1.33533191681 73.912871 98.553041 -0.10292365 53.5 88.5 0.0872664625997 22.7540971214 10.8970907571 5.3425124812
78 1.34194087982 72.413468 98.668417 -0.11145399 52.5 88.5 4.79965544298 22.3594032137 -78.6141567631 7.77233618934
81 1.31735706329 70.926618 98.82512 -0.11572496 52.5 90.5 4.79965544298 20.2199869914 -78.3694482077 3.30140941241
84 1.35733294487 69.460294 99.048845 -0.12091472 55.5 91.5 4.62512251778 15.8705661336 -88.072096863 7.33252194231
87 1.38831305504 67.984026 99.205817 -0.12024712 55.5 93.5 4.62512251778 13.7261521486 -88.1103475254 3.10888664507
90 1.32251000404 66.409271 99.378533 -0.12589377 52.5 26.5 6.19591884458 74.1939916165 2.21318168799 6.85519875037
93 1.31620001793 64.97003 99.579245 -0.12534264 50.5 21.5 0.0872664625997 79.4087543535 12.181604265 3.07658008109
96 1.31249499321 63.450289 99.830398 -0.13542326 61.5 100.5 6.19591884458 2.06203637745 2.7591812459 7.35062777713
99 1.33606004715 62.015499 100.01094 -0.13023941 59.5 97.5 0.0872664625997 3.55423056407 12.4621685193 10.8551507496
102 1.32544517517 60.420275 100.24313 -0.1356293 58.5 97.5 0.0872664625997 3.34846506216 12.7709864683 6.6375098831
105 1.32002997398 58.989222 100.44438 -0.14088208 56.5 97.5 0.0872664625997 3.85559330709 13.071948593 2.8242393877
108 1.3618080616 58.528509 100.58832 -0.24160345 56.5 96.5 0.0872664625997 4.56390284575 18.8428580008 2.62318741851
111 1.32475805283 58.390768 100.67023 -0.3827913 56.5 96.5 6.19591884458 4.57884503808 16.9323259243 2.21471427182
114 1.32493710518 58.26024 100.80046 -0.53685502 56.5 96.5 6.02138591938 4.64676242875 15.7595268564 1.86571615729
117 1.37319588661 58.2435 100.85046 -0.70040996 56.5 101.5 5.67232006898 1.86056294212 5.13053463693 3.84167229604
120 6.38472914696 58.129433 100.95873 -0.85888639 56.5 96.5 5.32325421858 4.74713862389 -5.78943477177 1.36624519756
123 1.34708189964 58.21235 101.09089 -1.0276822 56.5 102.5 5.14872129338 2.21759633716 -6.11814725928 1.19912648446
126 1.42721796036 58.152327 101.12822 -1.1869287 56.5 101.5 5.14872129338 1.69363658538 3.00600509295 0.985514413022
129 1.39794301987 58.049715 101.26081 -1.3398137 56.5 101.5 4.97418836818 1.56806518912 1.76567034381 0.888770847506
132 1.3901488781 58.024835 101.49733 -1.4943786 56.5 101.5 4.79965544298 1.5248373376 0.621586774669 0.819314955201
135 1.38558006287 58.064001 101.65215 -1.6522241 56.5 101.5 4.62512251778 1.57138434207 -0.334532260199 0.759914727549
138 1.43189501762 58.104403 101.68885 -1.8037565 56.5 102.5 4.45058959259 1.797796793 -1.65236528071 0.72256488294
141 1.37834095955 58.177183 101.78616 -1.9584038 56.5 102.5 4.27605666739 1.82277545548 -2.79172767762 0.704887054725
144 1.35158395767 58.164815 101.89412 -2.1101089 56.5 101.5 4.27605666739 1.71083007883 5.90033428299 0.663053934663
147 1.33847784996 58.333441 101.96561 -2.2758326 56.5 102.5 3.92699081699 1.9097325919 -4.60439714172 1.87970362813
150 1.33312797546 58.547547 101.97367 -2.4518694 56.5 101.5 3.75245789179 2.10162127561 -4.51823146273 3.30570616352
153 1.35351896286 58.609003 102.09152 -2.5989269 55.5 101.5 3.75245789179 3.16477417273 3.90754263302 6.54325051733
156 1.32523179054 58.561869 102.14088 -2.6173282 55.5 101.5 3.57792496659 3.12822137125 -5.03814053943 6.51632009471
159 1.32461595535 58.51155 102.01626 -2.5045701 55.5 101.5 3.75245789179 3.05547996068 -1.49870377534 9.20487333874
162 1.32135796547 58.437648 101.90068 -2.3721379 55.5 101.5 3.92699081699 2.96484742176 0.913490093026 7.6026858828
165 1.33453798294 58.147744 101.95537 -2.2082701 55.5 101.5 4.10152374219 2.68661685516 1.52455675493 7.73493164341
168 1.33041810989 58.037351 101.82492 -2.0566813 55.5 101.5 4.27605666739 2.5580701913 2.83915829348 6.05134034142
171 1.34830784798 57.944091 101.71587 -1.9011295 55.5 101.5 4.45058959259 2.45360564745 3.92669665782 2.42455514798
174 1.37982106209 57.908577 101.57431 -1.7585036 55.5 101.5 4.62512251778 2.40972304239 5.75483453856 1.19861807215
177 1.37920403481 57.841285 101.40683 -1.6171883 55.5 100.5 4.62512251778 2.51076802993 -2.34193573206 1.01112968698
180 1.38393902779 57.86028 101.30305 -1.4556073 55.5 101.5 4.79965544298 2.3684828437 -1.59984508157 0.89330615394
183 1.34106898308 57.788579 101.03213 -1.3093986 55.5 101.5 4.97418836818 2.3359144197 0.0230134803386 0.82937226509
186 1.34680891037 57.852229 100.87925 -1.1701135 55.5 101.5 5.14872129338 2.43275807078 2.04256510128 0.821699881382
189 1.41215610504 57.956865 100.8248 -1.0236231 55.5 101.5 5.14872129338 2.54795617471 -6.3507165579 0.772754077044
192 1.36751008034 57.906072 100.67156 -0.85835482 55.5 101.5 5.32325421858 2.54469945235 -5.81989148929 0.89150536215
195 6.58240795135 57.990597 100.53155 -0.72265365 55.5 101.5 5.49778714378 2.67225912271 -3.59499580528 0.762499560012
198 1.43773198128 58.042848 100.37669 -0.56279892 55.5 101.5 5.67232006898 2.7799103056 -2.75399716948 1.33145566055
201 1.40496087074 58.157277 100.32166 -0.41301063 55.5 101.5 5.84685299418 2.90682063608 -1.33623400696 1.31974520504
204 1.37407112122 58.686264 100.08548 -0.29965148 56.5 101.5 6.02138591938 2.60396181003 2.16876512885 0.983368416834
207 1.40819692612 59.980629 99.666017 -0.30408986 57.5 101.5 6.02138591938 3.08496578262 2.42306557072 5.03818489089
210 1.39935898781 61.363687 99.173884 -0.32636207 58.5 100.5 6.02138591938 3.15583378514 3.69916920415 6.79964910178
213 1.33157300949 62.885593 98.69498 -0.37512441 59.5 100.5 6.02138591938 3.83670915787 6.49304548534 6.9850315531
216 1.35003995895 64.287236 98.118834 -0.4012694 61.5 100.5 6.02138591938 3.66587452585 7.99104306775 7.46038599911
219 2.59182405472 66.572969 97.068508 -0.44319642 63.5 98.5 6.02138591938 3.39003065193 10.3932843613 6.40043718125
222 1.35660386086 67.896132 96.441291 -0.47211549 65.5 97.5 6.02138591938 2.61960174609 12.0502250198 6.78822785658
225 1.38044118881 69.150612 95.708615 -0.49267498 66.5 97.5 5.84685299418 3.19918805211 3.22819702569 7.59241597646
