3 2.6513299942 31.520043 41.394881 -0.0070850614 2.5 4.5 0.1308996939 46.9403359567 7.90594411581 1.7763568394e-15
6 2.64860081673 31.529937 41.402987 -0.0081764059 11.5 136.5 0.218166156499 97.1835390267 12.9684735497 0.296310678583
9 2.63122415543 31.522543 41.401068 -0.0068718684 97.5 98.5 4.93055513688 87.2542999956 -77.1062709433 0.525764137145
12 2.64150094986 31.528168 41.375423 -0.0049451513 97.5 98.5 4.93055513688 87.2668316995 -77.2166637015 0.696174574745
15 2.62641596794 31.523843 41.397689 -0.0081913964 97.5 98.5 4.93055513688 87.255528272 -77.030667558 0.830866037838
18 2.62755799294 31.52518 41.394772 -0.0077822512 91.5 40.5 1.78896248329 59.9814942375 102.945890149 0.940114921175
21 2.61680984497 31.646202 41.400982 -0.0069641742 91.5 40.5 1.78896248329 59.8605788778 102.899017789 0.977000036375
24 2.62282991409 32.968315 41.348607 -0.0066445448 88.5 41.5 1.3526301703 55.5318913669 77.8807043738 4.08297325609
27 2.63486504555 34.520488 41.363888 -0.010157874 128.5 89.5 0.218166156499 105.589933016 13.082003309 2.99356214859
30 2.6354060173 35.981317 41.339656 -0.012968194 130.5 90.5 6.06501915068 106.538823244 -11.7569772159 1.16230505516
33 2.62797498703 37.47125 41.3168 -0.01805047 81.5 33.5 4.49422282389 44.7172582881 -101.465784251 1.4444824877
36 2.62727808952 39.051821 41.275587 -0.019803098 9.5 79.5 4.49422282389 48.315793211 -101.365366063 3.13212150714
39 2.63993906975 40.609584 41.247017 -0.013659721 65.5 50.5 1.3526301703 26.5546700799 78.2826443626 1.87402832607
42 2.68643593788 42.081473 41.279186 -0.014178183 81.5 28.5 4.49422282389 41.4382415852 -101.687649953 1.81947801838
45 2.62689208984 43.552295 41.213208 -0.0092852628 81.5 110.5 3.01069295969 78.9980244083 173.03200637 0.746097831643
48 2.63546514511 45.079977 41.189892 -0.010404952 79.5 111.5 3.09795942229 78.2831352865 178.096159836 2.37243689388
51 2.75119900703 46.640834 41.096545 -0.012029947 44.5 41.5 6.23955207588 2.17851925688 -1.81073480913 1.22234704215
54 2.8653690815 48.21014 41.103056 -0.013219293 46.5 41.5 6.23955207588 1.75560341727 -1.74259030295 2.66549281636
57 2.63675999641 49.69993 40.993437 -0.019411138 47.5 41.5 6.23955207588 2.25749819 -1.38782371705 2.25518319117
60 2.69784402847 51.221815 41.026894 -0.026800957 49.5 41.5 6.23955207588 1.7856304717 -0.964418276988 2.67644789229
63 2.6571969986 52.707826 40.957156 -0.02058299 50.5 41.5 6.23955207588 2.27358203164 -1.32068154324 3.3842235996
66 2.65100598335 54.31159 40.951842 -0.027308534 52.5 41.5 6.23955207588 1.89270587283 -0.93533625711 3.06898141769
69 2.63689994812 55.778879 40.909196 -0.015002614 53.5 41.5 6.23955207588 2.35421725061 -1.64041353614 1.70804284751
72 2.6357460022 57.331901 40.836464 -0.018380323 55.5 41.5 6.23955207588 1.94836888117 -1.44688506601 2.53593808887
75 2.63380002975 58.848313 40.76075 -0.022921269 56.5 41.5 6.23955207588 2.46192292903 -1.18670802522 1.41958850804
78 2.65923309326 60.388876 40.75568 -0.012358794 58.5 41.5 6.23955207588 2.03023762298 -1.79189326393 1.55188203446
81 2.68579506874 61.86858 40.735896 -0.015077049 60.5 41.5 6.23955207588 1.56743935743 -1.63614872479 2.84527042235
84 2.62752008438 63.333062 40.668539 -0.013920495 61.5 41.5 6.23955207588 2.01281983555 -1.70241438777 2.50545896914
87 2.62589502335 64.876385 40.58717 -0.032109511 63.5 41.5 6.23955207588 1.65157327331 -0.660260537471 1.25786302426
90 2.61776995659 66.44697 40.579857 -0.020157695 64.5 42.5 0.0436332312999 2.73452762307 3.65495084821 1.25943456998
93 2.63098406792 67.930314 40.55804 -0.02084507 66.5 42.5 0.0436332312999 2.41184717182 3.69433453465 0.802332751918
96 2.63389897346 69.414343 40.447992 -0.021831497 68.5 42.5 0.0436332312999 2.24649948892 3.75085263855 1.24345951923
99 2.62886190414 70.999462 40.351868 -0.031419309 70.5 41.5 6.23955207588 1.25206604413 -0.699806199083 0.398525340584
102 2.6277680397 72.481812 40.325422 -0.028226015 71.5 41.5 6.23955207588 1.53087827126 -0.882768468027 0.907295896492
105 2.62781596184 74.028193 40.279112 -0.026102315 73.5 42.5 0.0436332312999 2.28283406182 3.99555248502 1.06248274139
108 2.62920999527 75.500101 40.224463 -0.026983514 74.5 42.5 0.0436332312999 2.48561273101 4.04604146863 1.03481306469
111 2.65955591202 77.104162 40.159206 -0.035689283 76.5 41.5 6.23955207588 1.47062580988 -0.455154710252 3.05985669831
114 2.65401697159 78.584191 40.097894 -0.03659834 77.5 41.5 6.23955207588 1.77239142396 -0.403069580815 3.36883696999
117 2.62412285805 80.1084 40.071744 -0.024096447 79.5 41.5 6.23955207588 1.55243864985 -1.11937528564 3.62155341801
120 2.63537597656 80.881063 40.047709 -0.06972902 79.5 41.5 6.23955207588 2.00411680265 1.49517855558 2.05853427561
123 2.73233699799 80.819811 40.085383 -0.20196514 79.5 41.5 6.15228561328 1.934694377 4.07175013077 3.7680960692
126 3.57276201248 80.673305 40.189426 -0.34415967 79.5 41.5 5.97775268808 1.75904770615 2.21889656962 3.85555762943
129 3.80532407761 80.559381 40.228255 -0.49611957 79.5 41.5 5.80321976288 1.65518079018 0.925557494845 4.35482127092
132 3.59463596344 80.474435 40.358509 -0.64523249 79.5 41.5 5.62868683768 1.50084152138 -0.530901518283 4.40580275988
135 3.52982592583 80.446897 40.445937 -0.81868337 79.5 42.5 5.45415391248 2.26181094183 -0.592898141453 6.62276503396
138 3.51018095016 80.377523 40.602704 -0.97166139 79.5 42.5 5.27962098728 2.09040157079 -1.82790323718 5.98864436232
141 3.52753806114 80.303277 40.677658 -1.1291983 79.5 42.5 5.19235452468 1.99152813279 2.19829682335 5.53102532725
144 3.58062982559 80.24067 40.836497 -1.2914427 79.5 42.5 5.10508806208 1.82094323907 6.49421619298 3.40633324733
147 3.80588889122 80.334643 40.99259 -1.4510482 79.5 42.5 5.01782159948 1.72305363978 10.6389377301 2.93674057896
150 3.71864700317 80.305505 41.173119 -1.6076845 79.5 42.5 4.75602221168 1.55224079742 4.6135366386 1.51839622237
153 3.75801491737 80.260339 41.240273 -1.7630876 79.5 42.5 4.58148928649 1.47140324502 3.51747839185 1.20993862863
156 4.0022559166 80.351916 41.337649 -1.9138236 79.5 42.5 4.40695636129 1.44111787105 2.15401501253 1.18366126746
159 4.10414886475 80.458888 41.424429 -2.0695544 79.5 42.5 4.31968989869 1.44094384783 6.07673259273 2.96682216225
162 3.82153511047 80.580246 41.530351 -2.2462491 79.5 42.5 4.14515697349 1.45160277064 6.20059316506 1.36284030679
165 3.70363616943 80.700832 41.575869 -2.3973477 78.5 42.5 4.05789051089 2.38698127294 9.8579052354 1.87312605985
