3 1.87927699089 31.520043 41.394881 -0.0070850614 95.5 111.5 0.436332312999 94.9113407751 25.4059441158 0.569313042423
6 1.88918113708 31.529937 41.402987 -0.0081764059 65.5 136.5 0.436332312999 100.98221161 25.4684735497 1.840162802
9 1.88547205925 31.522543 41.401068 -0.0068718684 92.5 144.5 2.87979326579 119.781634827 165.393729057 1.5799262711
12 1.88310098648 31.528168 41.375423 -0.0049451513 72.5 132.5 1.308996939 99.9118589101 75.2833362985 4.03006947092
15 1.9177749157 31.523843 41.397689 -0.0081913964 84.5 140.5 1.65806278939 112.373223038 95.469332442 3.21208864575
18 1.96282887459 31.52518 41.394772 -0.0077822512 86.5 140.5 1.65806278939 113.331712468 95.4458901489 2.95461956974
21 1.87439703941 31.646202 41.400982 -0.0069641742 98.5 96.5 6.02138591938 86.6333197539 -14.6009822105 3.94432731646
24 1.87039709091 32.968315 41.348607 -0.0066445448 70.5 144.5 4.45058959259 109.767195722 -104.619295626 5.81126179805
27 1.86860609055 34.520488 41.363888 -0.010157874 62.5 108.5 0.959931088597 72.7331466818 55.582003309 3.39931105207
30 1.86648702621 35.981317 41.339656 -0.012968194 73.5 139.5 2.87979326579 105.086177532 165.743022784 2.48692467408
33 1.87591099739 37.47125 41.3168 -0.01805047 72.5 139.5 2.87979326579 104.244683744 166.034215749 2.80954622033
36 1.86603593826 39.051821 41.275587 -0.019803098 70.5 140.5 3.22885911619 104.088770276 -173.865366063 3.7608560134
39 1.86645698547 40.609584 41.247017 -0.013659721 40.5 41.5 4.97418836818 0.275697390893 -74.2173556374 0.505892433323
42 1.8683848381 42.081473 41.279186 -0.014178183 41.5 41.5 6.19591884458 0.62198848247 -4.18764995294 0.278789425666
45 1.86707687378 43.552295 41.213208 -0.0092852628 43.5 41.5 6.19591884458 0.291520871104 -4.46799362989 0.0
48 1.86596798897 45.079977 41.189892 -0.010404952 45.5 40.5 0.0872664625997 0.807694429963 5.59615983564 7.45890964799
51 1.86736917496 46.640834 41.096545 -0.012029947 47.5 40.5 0.0872664625997 1.0459599192 5.68926519087 4.54481842346
54 1.86697506905 48.21014 41.103056 -0.013219293 48.5 41.5 6.19591884458 0.491511300721 -4.24259030295 0.0
57 1.868527174 49.69993 40.993437 -0.019411138 50.5 41.5 6.19591884458 0.946951993434 -3.88782371705 2.98419824733
60 1.86849498749 51.221815 41.026894 -0.026800957 51.5 41.5 6.19591884458 0.548831651293 -3.46441827699 0.0
63 1.86862897873 52.707826 40.957156 -0.02058299 53.5 41.5 6.19591884458 0.960322474282 -3.82068154324 13.7946222474
66 1.87590003014 54.31159 40.951842 -0.027308534 54.5 41.5 6.19591884458 0.579633954375 -3.43533625711 1.52766867338
69 1.86661601067 55.778879 40.909196 -0.015002614 55.5 41.5 6.19591884458 0.653316816757 -4.14041353614 5.20976109324
72 1.86667490005 57.331901 40.836464 -0.018380323 57.5 41.5 6.19591884458 0.684497843019 -3.94688506601 1.48036057257
75 1.86735510826 58.848313 40.76075 -0.022921269 59.5 41.5 6.19591884458 0.985487954502 -3.68670802522 0.643710611953
78 1.86388587952 60.388876 40.75568 -0.012358794 60.5 41.5 6.19591884458 0.75256946907 -4.29189326393 2.95883456889
81 1.86644291878 61.86858 40.735896 -0.015077049 62.5 41.5 6.19591884458 0.991234653962 -4.13614872479 6.38528034901
84 1.86799311638 63.333062 40.668539 -0.013920495 63.5 41.5 6.19591884458 0.848054060992 -4.20241438777 9.09952794884
87 1.86781907082 64.876385 40.58717 -0.032109511 65.5 41.5 6.19591884458 1.10551086703 -3.16026053747 8.14443431831
90 1.86552786827 66.44697 40.579857 -0.020157695 66.5 41.5 6.19591884458 0.921669854855 -3.84504915179 5.52611307359
93 1.87168383598 67.930314 40.55804 -0.02084507 68.5 41.5 6.19591884458 1.10083185828 -3.80566546535 4.20936263934
96 1.86774420738 69.414343 40.447992 -0.021831497 69.5 41.5 6.19591884458 1.05548943799 -3.74914736145 4.55250745179
99 1.86528992653 70.999462 40.351868 -0.031419309 71.5 41.5 6.19591884458 1.25249566022 -3.19980619908 8.19463997998
102 1.86643791199 72.481812 40.325422 -0.028226015 72.5 41.5 6.19591884458 1.17471880951 -3.38276846803 9.24942874876
105 1.86433506012 74.028193 40.279112 -0.026102315 74.5 40.5 6.19591884458 0.520954272267 -3.50444751498 0.0
108 1.86600494385 75.500101 40.224463 -0.026983514 76.5 40.5 6.19591884458 1.03716857288 -3.45395853137 0.3330562022
111 1.864590168 77.104162 40.159206 -0.035689283 77.5 40.5 6.19591884458 0.522329659009 -2.95515471025 0.0
114 1.86683797836 78.584191 40.097894 -0.03659834 78.5 40.5 6.19591884458 0.410825217966 -2.90306958082 0.0
117 1.86328411102 80.1084 40.071744 -0.024096447 80.5 40.5 6.19591884458 0.580304886707 -3.61937528564 0.0
120 1.86689805984 80.881063 40.047709 -0.06972902 81.5 40.5 6.19591884458 0.766583432282 -1.00482144442 2.2106762536
123 1.87002301216 80.819811 40.085383 -0.20196514 81.5 40.5 6.02138591938 0.796595463463 -3.42824986923 9.97846608132
126 1.87004995346 80.673305 40.189426 -0.34415967 81.5 40.5 5.84685299418 0.883108618745 -5.28110343038 3.43310756976
129 1.87091612816 80.559381 40.228255 -0.49611957 81.5 40.5 5.67232006898 0.979086026959 -6.57444250515 3.79435425141
132 1.86987519264 80.474435 40.358509 -0.64523249 80.5 40.5 5.49778714378 0.143782030539 -8.03090151828 3.89260860927
135 1.86919498444 80.446897 40.445937 -0.81868337 80.5 40.5 5.49778714378 0.0757808457198 1.90710185855 0.0
138 1.8691599369 80.377523 40.602704 -0.97166139 81.5 41.5 5.14872129338 1.43704374573 -9.32790323718 3.47241552659
141 1.86919498444 80.303277 40.677658 -1.1291983 80.5 40.5 5.14872129338 0.265070374982 -0.301703176653 0.0
144 1.86837291718 80.24067 40.836497 -1.2914427 79.5 40.5 5.14872129338 0.813524603137 8.99421619298 4.01825280556
147 1.86843705177 80.334643 40.99259 -1.4510482 79.5 40.5 4.97418836818 0.969161413568 8.13893773005 3.12353351709
150 1.86913299561 80.305505 41.173119 -1.6076845 79.5 40.5 4.79965544298 1.04972734231 7.1135366386 8.55289382521
153 1.86965894699 80.260339 41.240273 -1.7630876 79.5 40.5 4.62512251778 1.06118778237 6.01747839185 9.76483377635
156 1.86881494522 80.351916 41.337649 -1.9138236 79.5 41.5 4.45058959259 0.867247783656 4.65401501253 9.57294040027
159 1.86969804764 80.458888 41.424429 -2.0695544 79.5 40.5 4.10152374219 1.33192911695 -6.42326740727 1.35068195989
162 1.86817502975 80.580246 41.530351 -2.2462491 80.5 41.5 3.92699081699 0.0857939608422 -6.29940683494 14.65448631
165 1.89448904991 80.700832 41.575869 -2.3973477 79.5 42.5 4.10152374219 1.51526090076 12.3579052354 0.0153684102528
168 8.42172789574 80.863789 41.557834 -2.56541 80.5 42.5 3.92699081699 1.00996000321 11.9871657207 0.298680885193
171 1.87077307701 80.910142 41.637692 -2.7112414 80.5 42.5 3.75245789179 0.95487776549 10.3426894611 0.00526645112814
174 1.87189292908 81.000304 41.730578 -2.863125 80.5 42.5 3.57792496659 0.917776828265 9.04497871839 1.43691755439
177 1.91136598587 81.313486 41.614906 -3.0334876 80.5 41.5 3.40339204139 0.821561233891 8.80603668527 0.642061775177
180 1.87454104424 81.419836 41.643078 3.1037871 80.5 41.5 3.22885911619 0.930897191413 7.16609866285 0.269638760471
183 1.87711119652 81.472606 41.653948 2.9566422 81.5 42.5 3.05432619099 0.846495373844 5.59688040973 0.0384985908976
186 1.87285590172 81.600227 41.551467 2.7956666 81.5 42.5 2.87979326579 0.953813558101 4.82010289431 0.200567359147
189 1.8784570694 81.705618 41.391179 2.6371497 81.5 41.5 2.53072741539 0.232638715533 -6.09754775419 0.262541924603
192 1.87731719017 81.817002 41.340993 2.4823985 81.5 41.5 2.53072741539 0.354645589361 2.76904288039 0.0
195 1.90018582344 81.903012 41.262396 2.332631 81.5 40.5 2.18166156499 0.862360906442 -8.64991146138 0.0224272746741
198 1.87550210953 81.909487 41.089487 2.1583794 81.5 40.5 2.00712863979 0.717756592682 -8.66603020798 3.27311661348
201 1.8737180233 81.924053 40.998223 1.9975831 81.5 40.5 1.83259571459 0.654253089055 -9.45308085666 2.53891265069
204 1.87727189064 81.960862 40.844259 1.8446809 80.5 40.5 1.65806278939 1.50087709095 -10.6924301184 0.372683697735
207 1.87474012375 81.927588 40.703608 1.6857979 80.5 40.5 1.4835298642 1.44203457497 -11.589104782 1.38267495376
210 1.87624001503 81.924928 40.686406 1.5459903 80.5 40.5 1.308996939 1.43706889258 -13.5787193582 0.669786442606
213 1.86991095543 81.81851 40.588718 1.3660151 80.5 40.5 1.1344640138 1.3214913937 -13.2668999811 0.260848238596
216 1.86929893494 81.824065 40.431016 1.2110526 81.5 40.5 1.1344640138 0.331325997291 -4.38820274835 0.0
219 1.86757802963 82.277545 41.390368 1.1504821 82.5 41.5 1.1344640138 0.248002827502 -0.917768735348 0.0
222 1.86767220497 82.927041 42.739254 1.1137092 82.5 42.5 1.1344640138 0.489496161575 1.18916323511 0.0
225 1.88348793983 83.677797 44.09726 1.084748 83.5 43.5 0.959931088597 0.623162323002 -7.15148223526 5.92611792573
228 1.86997389793 84.372874 45.412874 1.0478677 84.5 44.5 1.308996939 0.921683220934 14.9616033019 0.0872165403244
231 1.86962008476 85.159381 46.677356 1.0274995 84.5 46.5 1.1344640138 0.682816559478 6.1286151982 8.06210795341
234 1.87349820137 85.928298 47.908079 0.99952116 85.5 48.5 1.1344640138 0.730622780267 7.73165599798 1.40039757475
237 1.86919903755 86.76373 49.194484 0.95689161 86.5 49.5 1.1344640138 0.403600717487 10.1741492955 0.880982730057
240 1.88238286972 87.649962 50.387631 0.93226665 87.5 50.5 1.1344640138 0.187391017941 11.5850555742 0.150321887613
243 1.89379692078 88.570925 51.559268 0.90792052 88.5 52.5 1.1344640138 0.943401850459 12.9799860707 0.0243947634561
246 1.86962199211 89.47196 52.652014 0.8832857 89.5 53.5 0.959931088597 0.848449466849 4.39145728574 0.0992235524669
249 1.86995792389 90.492516 53.754021 0.83763364 90.5 54.5 0.959931088597 0.746016540498 7.00712764982 0.510763581859
252 1.87243199348 91.498687 54.898001 0.81217592 91.5 55.5 0.785398163397 0.602000431869 -1.53425243815 0.404989618762
255 1.86999082565 92.568948 55.94073 0.78340538 93.5 55.5 0.785398163397 1.03009745151 0.114178078158 0.361414577721
258 1.89920592308 93.547241 56.960456 0.75288469 94.5 55.5 0.610865238198 1.74375498279 -8.13711519702 0.297298107431
261 1.88663005829 94.620679 57.928363 0.72990952 94.5 57.5 0.785398163397 0.445037392598 3.17926507758 0.0
264 1.87202715874 95.770396 58.899507 0.6896339 96.5 58.5 0.785398163397 0.831822000109 5.48688812085 13.6931792855
267 1.87147808075 96.962501 59.840194 0.66858365 97.5 59.5 0.785398163397 0.636110943654 6.69297860355 0.75488996696
270 1.8679831028 98.232224 60.772339 0.64204005 98.5 61.5 0.959931088597 0.775367343326 18.2138148566 5.32525767215
273 1.87258315086 99.416545 61.686454 0.60185601 100.5 63.5 0.785398163397 2.1125396638 10.5161907524 4.59186109219
276 1.86920189857 100.66015 62.48684 0.57932353 101.5 64.5 0.785398163397 2.18132097778 11.8072067584 4.49800918539
279 1.87090992928 101.84252 63.245661 0.55317695 101.5 64.5 0.261799387799 1.30026392602 -16.6947045589 10.9239371286
282 1.86887598038 103.2489 64.041483 0.52149049 103.5 64.5 0.436332312999 0.522770551283 -4.87920413321 0.0
285 1.86895298958 104.5021 64.838724 0.48902664 105.5 65.5 0.436332312999 1.19711752062 -3.01916254146 0.354410062728
288 1.86856508255 105.89753 65.50297 0.45749312 106.5 65.5 0.261799387799 0.602477320569 -11.2124249323 0.542054425922
291 1.86926388741 107.23441 66.106065 0.425495 107.5 66.5 0.261799387799 0.475102970234 -9.37906770392 0.591354624902
294 1.86818099022 108.62185 66.694881 0.38650919 109.5 66.5 0.261799387799 0.899514328213 -7.14534533002 0.680713172581
297 1.869587183 110.08086 67.251857 0.35533208 111.5 66.5 0.261799387799 1.60600351433 -5.3590285096 0.31150178676
300 1.86715388298 111.50781 67.766864 0.33459052 112.5 66.5 0.0872664625997 1.60915673276 -14.1706246611 0.24979918105
303 1.87001013756 112.87691 68.182524 0.30685182 113.5 66.5 0.0872664625997 1.79419289896 -12.5813142219 0.610838285944
306 1.86788511276 114.36462 68.651393 0.28808498 114.5 66.5 0.0872664625997 2.15564829804 -11.5060534951 0.177167269115
309 1.86874508858 115.83449 69.001579 0.25083859 115.5 66.5 0.0872664625997 2.52384251754 -9.37199254601 1.12880377038
312 1.8864300251 117.19736 69.329841 0.23044123 118.5 67.5 0.0872664625997 2.24614982913 -8.2033099048 0.427517865323
315 1.86981201172 117.78731 69.484411 0.20147117 118.5 66.5 0.0872664625997 3.06832789203 -6.54344773456 0.799997103959
318 1.86695480347 116.42938 69.228806 0.13415298 118.5 66.5 0.0872664625997 3.42547067861 -2.6863995631 0.841277858502
321 1.87288379669 114.80773 69.128985 0.0979988 114.5 66.5 0.0872664625997 2.64693405341 -0.614917637347 0.828067956024
324 1.86721420288 113.35769 69.056433 0.067460522 113.5 67.5 0.0872664625997 1.56292540436 1.13479680565 0.474594688261
327 1.86516618729 111.81488 68.96352 0.032275621 113.5 67.5 6.19591884458 2.23193194448 -6.84925686446 0.839711192412
330 1.86835193634 110.29576 68.94659 -0.0039959963 111.5 67.5 6.19591884458 1.88223712791 -4.77104627706 0.263263783562
333 1.86554503441 108.74459 69.016615 -0.039899491 110.5 68.5 6.19591884458 1.829851176 -2.71392756098 0.636221496824
336 1.86741709709 107.27384 69.125159 -0.081381225 109.5 68.5 6.19591884458 2.31227423133 -0.337199275895 0.218001859835
339 1.86457586288 105.77123 69.311189 -0.11875782 107.5 67.5 6.19591884458 2.50380736212 1.80432187017 0.255459813984
342 1.86703801155 104.23308 69.487176 -0.13593074 105.5 69.5 6.19591884458 1.26698490179 2.78825770809 0.0540248329257
345 1.86536598206 102.67844 69.809947 -0.17996689 103.5 71.5 6.02138591938 1.87915938026 -4.6886567509 0.467661300323
348 1.86699604988 101.19539 70.111952 -0.20894349 101.5 68.5 6.19591884458 1.64048057057 6.97158013373 0.173058606406
351 1.86426186562 99.695937 70.47501 -0.24032587 99.5 70.5 6.02138591938 0.197524196161 -1.23034194119 0.0
354 1.86759996414 98.200311 70.897104 -0.28344925 97.5 70.5 6.02138591938 0.805063403427 1.24044573115 0.311600327581
357 1.86491513252 96.614615 71.415819 -0.3144709 96.5 71.5 6.02138591938 0.142207731808 3.01785534968 0.0
360 1.86766314507 95.216051 71.909445 -0.34657274 95.5 66.5 0.0872664625997 5.41689230488 24.8571552963 1.75568975024
363 1.86858606339 93.790761 72.497598 -0.38120404 94.5 66.5 0.0872664625997 6.03938752927 26.8413826253 0.834458029031
366 1.86598205566 92.417114 73.016357 -0.35870282 92.5 73.5 5.84685299418 0.490694039545 -4.44784231456 0.0
369 1.86835813522 91.055309 73.519772 -0.33819517 91.5 73.5 6.02138591938 0.445130337615 4.37715589271 0.0
372 1.86559987068 89.614615 74.074076 -0.31837694 89.5 73.5 6.02138591938 0.585405715723 3.24165495629 14.9080571922
375 1.86751294136 88.314109 74.556366 -0.29979055 87.5 74.5 6.02138591938 0.816057957401 2.17673325291 0.0936166321022
378 1.86679387093 86.88131 74.994533 -0.2764152 86.5 74.5 6.02138591938 0.624467936878 0.837424353265 0.0
381 1.86904215813 85.443672 75.387112 -0.25727157 85.5 75.5 6.02138591938 0.126160786808 -0.259424850295 0.0
384 1.86866402626 84.055287 75.832526 -0.23267107 84.5 76.5 6.02138591938 0.802054357912 -1.66892967421 4.36946936539
387 1.87029600143 82.664555 76.128737 -0.22389476 82.5 75.5 6.19591884458 0.649914273727 7.82822480309 0.017443400202
390 1.86848807335 81.173968 76.455415 -0.20673661 80.5 75.5 6.19591884458 1.16920942831 6.84513522384 0.176626669708
393 1.87059402466 79.819657 76.754609 -0.1833313 79.5 76.5 6.19591884458 0.408664092538 5.50410974265 1.81765093388
396 1.86859989166 78.325485 77.027059 -0.15611548 78.5 76.5 6.19591884458 0.555199671025 3.94475812066 4.59197114486
399 1.8684630394 76.892215 77.264525 -0.13798763 77.5 77.5 6.19591884458 0.651806015506 2.90610882401 0.45154656045
402 1.86759114265 75.420868 77.548324 -0.12557438 75.5 76.5 6.19591884458 1.05130636943 2.19488198897 0.216287297828
405 1.86925005913 73.926916 77.691819 -0.097717287 74.5 77.5 6.19591884458 0.604334178925 0.598788130569 0.908871406253
408 1.86676502228 72.448195 77.857208 -0.08052134 72.5 77.5 6.19591884458 0.360945028071 -0.386467057262 0.0
411 1.87068414688 71.010734 77.97039 -0.05919809 70.5 77.5 6.19591884458 0.69434571422 -1.60819928776 0.587386417152
414 1.87109589577 70.665666 77.98114 -0.052809071 71.5 78.5 6.19591884458 0.982511538434 -1.97426311169 0.589177878898
417 1.87227106094 70.65903 77.973391 -0.052747867 70.5 78.5 6.19591884458 0.550097791107 -1.97776984258 1.99594726112
420 1.87028002739 70.662549 77.975477 -0.051931253 70.5 78.5 6.19591884458 0.549132547688 -2.02455837827 3.69980149503
423 1.87057995796 70.657477 77.975804 -0.053730261 70.5 78.5 6.19591884458 0.547339430285 -1.92148281256 1.94068388612
426 1.86917114258 70.657208 77.964864 -0.053397677 70.5 78.5 6.19591884458 0.557749848731 -1.9405384721 3.8414769035
