3 1.87544202805 31.520043 41.394881 -0.0070850614 113.5 99.5 2.70526034059 100.483422532 155.405944116 0.824801827642
6 1.87723922729 31.529937 41.402987 -0.0081764059 17.5 3.5 0.959931088597 40.416278351 55.4684735497 0.702506422208
9 1.87371301651 31.522543 41.401068 -0.0068718684 37.5 137.5 1.1344640138 96.2846546638 65.3937290567 0.257141404523
12 1.87412595749 31.528168 41.375423 -0.0049451513 29.5 146.5 5.84685299418 105.144139898 -24.7166637015 0.41288004379
15 1.87803888321 31.523843 41.397689 -0.0081913964 18.5 138.5 5.84685299418 97.9718290532 -24.530667558 0.336341416799
18 1.8747959137 31.52518 41.394772 -0.0077822512 19.5 135.5 0.436332312999 94.8704321217 25.4458901489 0.218243410156
21 1.87446188927 31.646202 41.400982 -0.0069641742 53.5 18.5 2.53072741539 31.6550701087 145.399017789 0.205253481788
24 1.87179088593 32.968315 41.348607 -0.0066445448 33.5 10.5 5.32325421858 30.8531885351 -54.6192956262 0.410129576851
27 1.87093400955 34.520488 41.363888 -0.010157874 51.5 21.5 2.70526034059 26.13193208 155.582003309 0.838157264077
30 1.87079882622 35.981317 41.339656 -0.012968194 49.5 21.5 2.18166156499 24.0076392062 125.743022784 0.883141706217
33 1.87048196793 37.47125 41.3168 -0.01805047 48.5 26.5 4.97418836818 18.4708118068 -73.9657842508 0.759858249828
36 1.86955904961 39.051821 41.275587 -0.019803098 49.5 24.5 6.02138591938 19.7632174408 -13.8653660633 1.23770242286
39 1.86964917183 40.609584 41.247017 -0.013659721 50.5 23.5 4.97418836818 20.316912685 -74.2173556374 1.04759988865
42 1.871270895 42.081473 41.279186 -0.014178183 106.5 62.5 1.4835298642 67.823812689 85.8123500471 1.02167127573
45 1.87144899368 43.552295 41.213208 -0.0092852628 44.5 40.5 0.0872664625997 1.18609039212 5.53200637011 0.740841134873
48 1.86853504181 45.079977 41.189892 -0.010404952 45.5 40.5 0.0872664625997 0.807694429963 5.59615983564 17.7502899486
51 1.87028598785 46.640834 41.096545 -0.012029947 47.5 40.5 0.261799387799 1.0459599192 15.6892651909 1.82877107061
54 1.86835598946 48.21014 41.103056 -0.013219293 49.5 40.5 0.261799387799 1.42387336471 15.757409697 7.17854655388
57 1.87091803551 49.69993 40.993437 -0.019411138 49.5 40.5 0.0872664625997 0.532402176807 6.11217628295 2.54366686076
60 1.87047505379 51.221815 41.026894 -0.026800957 51.5 41.5 6.19591884458 0.548831651293 -3.46441827699 0.0
63 1.87054514885 52.707826 40.957156 -0.02058299 53.5 40.5 0.0872664625997 0.914620825595 6.17931845676 1.98078513304
66 1.86889195442 54.31159 40.951842 -0.027308534 54.5 41.5 6.19591884458 0.579633954375 -3.43533625711 1.77923361973
69 1.8753490448 55.778879 40.909196 -0.015002614 55.5 41.5 6.19591884458 0.653316816757 -4.14041353614 0.533525233602
72 1.87132000923 57.331901 40.836464 -0.018380323 57.5 41.5 6.19591884458 0.684497843019 -3.94688506601 0.185494430073
75 1.87313199043 58.848313 40.76075 -0.022921269 59.5 41.5 6.19591884458 0.985487954502 -3.68670802522 0.240776629079
78 1.89186477661 60.388876 40.75568 -0.012358794 61.5 40.5 6.19591884458 1.14016174544 -4.29189326393 0.506196513463
81 1.87151813507 61.86858 40.735896 -0.015077049 61.5 41.5 6.19591884458 0.848354960624 -4.13614872479 0.118528637605
84 1.87196707726 63.333062 40.668539 -0.013920495 63.5 41.5 6.19591884458 0.848054060992 -4.20241438777 2.52846064545
87 1.86997818947 64.876385 40.58717 -0.032109511 65.5 41.5 6.19591884458 1.10551086703 -3.16026053747 0.0212396189783
90 1.87005901337 66.44697 40.579857 -0.020157695 66.5 40.5 6.19591884458 0.0958609479872 -3.84504915179 0.0
93 1.87013912201 67.930314 40.55804 -0.02084507 68.5 41.5 6.19591884458 1.10083185828 -3.80566546535 0.544374248538
96 1.87249302864 69.414343 40.447992 -0.021831497 69.5 41.5 6.19591884458 1.05548943799 -3.74914736145 2.78521832337
99 1.8703250885 70.999462 40.351868 -0.031419309 71.5 41.5 6.19591884458 1.25249566022 -3.19980619908 0.215359013566
102 1.87263393402 72.481812 40.325422 -0.028226015 72.5 41.5 6.19591884458 1.17471880951 -3.38276846803 0.100131058673
105 1.86938691139 74.028193 40.279112 -0.026102315 74.5 40.5 6.19591884458 0.520954272267 -3.50444751498 0.0
108 1.87206912041 75.500101 40.224463 -0.026983514 75.5 40.5 6.19591884458 0.275537018511 -3.45395853137 0.0
111 1.86975979805 77.104162 40.159206 -0.035689283 77.5 40.5 6.19591884458 0.522329659009 -2.95515471025 0.0
114 1.87206101418 78.584191 40.097894 -0.03659834 78.5 40.5 6.19591884458 0.410825217966 -2.90306958082 0.0
117 1.86939311028 80.1084 40.071744 -0.024096447 80.5 40.5 6.19591884458 0.580304886707 -3.61937528564 0.0
120 1.87286090851 80.881063 40.047709 -0.06972902 82.5 40.5 6.19591884458 1.68092955196 -1.00482144442 0.703994322959
123 1.87400984764 80.819811 40.085383 -0.20196514 81.5 38.5 6.02138591938 1.72513661268 -3.42824986923 0.372176265579
126 1.87399601936 80.673305 40.189426 -0.34415967 80.5 39.5 5.84685299418 0.710874695358 -5.28110343038 0.299321568443
129 1.87489008904 80.559381 40.228255 -0.49611957 80.5 40.5 5.84685299418 0.278157236444 3.42555749485 0.0
132 1.87566804886 80.474435 40.358509 -0.64523249 80.5 39.5 5.67232006898 0.858889557688 1.96909848172 0.0108658577674
135 1.87365412712 80.446897 40.445937 -0.81868337 80.5 40.5 5.49778714378 0.0757808457198 1.90710185855 0.0
138 1.87433195114 80.377523 40.602704 -0.97166139 81.5 41.5 4.97418836818 1.43704374573 -19.3279032372 1.34138676248
141 1.87363219261 80.303277 40.677658 -1.1291983 81.5 41.5 4.97418836818 1.45203040729 -10.3017031767 0.770300369465
144 1.87833786011 80.24067 40.836497 -1.2914427 80.5 40.5 5.14872129338 0.42483206083 8.99421619298 0.618127618933
147 1.8809709549 80.334643 40.99259 -1.4510482 79.5 40.5 4.97418836818 0.969161413568 8.13893773005 0.140968447403
150 1.87780880928 80.305505 41.173119 -1.6076845 80.5 40.5 4.62512251778 0.700655045786 -2.8864633614 2.03808268456
153 1.88274502754 80.260339 41.240273 -1.7630876 80.5 40.5 4.45058959259 0.778101220568 -3.98252160815 1.10059234226
156 1.88213610649 80.351916 41.337649 -1.9138236 80.5 40.5 4.27605666739 0.850637830253 -5.34598498747 1.06213012657
159 1.87859392166 80.458888 41.424429 -2.0695544 80.5 40.5 4.10152374219 0.925342732497 -6.42326740727 0.660443104863
162 1.87907409668 80.580246 41.530351 -2.2462491 80.5 40.5 4.10152374219 1.03347114315 3.70059316506 0.351257966595
165 1.87754201889 80.700832 41.575869 -2.3973477 80.5 40.5 3.75245789179 1.09445310424 -7.6420947646 0.477450113037
168 8.42492890358 80.863789 41.557834 -2.56541 81.5 40.5 3.57792496659 1.23441371026 -8.01283427934 1.70752198828
171 1.87692594528 80.910142 41.637692 -2.7112414 81.5 40.5 3.40339204139 1.28151299136 -9.65731053886 0.719565995212
174 1.8775601387 81.000304 41.730578 -2.863125 80.5 40.5 3.40339204139 1.32839237671 -0.955021281606 0.344669613108
177 1.89503908157 81.313486 41.614906 -3.0334876 80.5 41.5 3.40339204139 0.821561233891 8.80603668527 0.0609115446848
180 1.87846779823 81.419836 41.643078 3.1037871 80.5 40.5 3.05432619099 1.46721695089 -2.83390133715 0.216524903609
183 1.87767720222 81.472606 41.653948 2.9566422 79.5 39.5 3.05432619099 2.92073045965 5.59688040973 0.848368645447
186 1.89018392563 81.600227 41.551467 2.7956666 81.5 41.5 2.87979326579 0.112669000253 4.82010289431 0.0
189 1.87293314934 81.705618 41.391179 2.6371497 78.5 38.5 2.70526034059 4.3168162773 3.90245224581 0.298230021924
192 1.8736679554 81.817002 41.340993 2.4823985 81.5 40.5 2.35619449019 0.898754412536 -7.23095711961 0.326216257939
195 1.87298107147 81.903012 41.262396 2.332631 80.5 40.5 2.35619449019 1.59677497881 1.35008853862 0.0803827439656
198 1.87306809425 81.909487 41.089487 2.1583794 80.5 40.5 2.18166156499 1.5277920429 1.33396979202 2.87531202135
201 1.87372589111 81.924053 40.998223 1.9975831 81.5 40.5 2.00712863979 0.654253089055 0.546919143341 0.0
204 1.87559914589 81.960862 40.844259 1.8446809 80.5 41.5 2.00712863979 1.60128512206 9.30756988161 1.22897890422
207 1.87451410294 81.927588 40.703608 1.6857979 80.5 40.5 1.4835298642 1.44203457497 -11.589104782 2.66280819632
210 1.87535881996 81.924928 40.686406 1.5459903 80.5 40.5 1.308996939 1.43706889258 -13.5787193582 1.93444360976
213 1.87285995483 81.81851 40.588718 1.3660151 80.5 40.5 1.1344640138 1.3214913937 -13.2668999811 1.58115071643
216 1.8733048439 81.824065 40.431016 1.2110526 80.5 40.5 0.959931088597 1.32586082093 -14.3882027483 1.06564004506
219 1.87089014053 82.277545 41.390368 1.1504821 81.5 41.5 0.959931088597 0.785235889685 -10.9177687353 1.12300153619
222 1.87073802948 82.927041 42.739254 1.1137092 82.5 42.5 1.1344640138 0.489496161575 1.18916323511 0.0
225 1.86977601051 83.677797 44.09726 1.084748 83.5 43.5 1.1344640138 0.623162323002 2.84851776474 0.413156339936
228 1.87079691887 84.372874 45.412874 1.0478677 83.5 45.5 1.1344640138 0.877211468092 4.96160330192 0.156652416515
231 1.86950206757 85.159381 46.677356 1.0274995 84.5 46.5 0.959931088597 0.682816559478 -3.8713848018 10.1895272112
234 1.87196516991 85.928298 47.908079 0.99952116 84.5 47.5 0.959931088597 1.48545065453 -2.26834400202 7.3157027722
237 1.86816716194 86.76373 49.194484 0.95689161 85.5 48.5 0.959931088597 1.44198527702 0.174149295522 1.65743851743
240 1.8698091507 87.649962 50.387631 0.93226665 86.5 49.5 0.959931088597 1.45268764489 1.5850555742 2.33817702387
243 1.86869597435 88.570925 51.559268 0.90792052 87.5 50.5 0.785398163397 1.50629646864 -7.02001392932 1.1277961148
246 1.87019991875 89.47196 52.652014 0.8832857 89.5 52.5 0.785398163397 0.154578451914 -5.60854271426 0.145174219278
249 1.87156796455 90.492516 53.754021 0.83763364 88.5 53.5 0.785398163397 2.00864299434 -2.99287235018 0.517987469538
252 1.87074804306 91.498687 54.898001 0.81217592 90.5 55.5 0.785398163397 1.16609541632 -1.53425243815 0.2895860991
255 1.86971092224 92.568948 55.94073 0.78340538 92.5 56.5 0.785398163397 0.563504001409 0.114178078158 1.47095341449
258 1.87175607681 93.547241 56.960456 0.75288469 93.5 57.5 0.785398163397 0.541608197886 1.86288480298 0.690318926626
261 1.87233781815 94.620679 57.928363 0.72990952 94.5 58.5 0.785398163397 0.584236493905 3.17926507758 0.544574404507
264 1.87112903595 95.770396 58.899507 0.6896339 95.5 59.5 0.785398163397 0.658563466847 5.48688812085 0.201394096353
267 1.87067198753 96.962501 59.840194 0.66858365 96.5 61.5 0.785398163397 1.72303892372 6.69297860355 0.440795375719
270 1.86860084534 98.232224 60.772339 0.64204005 97.5 62.5 0.785398163397 1.87642333099 8.21381485663 0.115932887047
273 1.87015581131 99.416545 61.686454 0.60185601 98.5 63.5 0.785398163397 2.03199503718 10.5161907524 0.0542014499404
276 1.88288497925 100.66015 62.48684 0.57932353 100.5 63.5 0.610865238198 1.02573934706 1.80720675838 0.138575076479
279 1.87002110481 101.84252 63.245661 0.55317695 101.5 64.5 0.610865238198 1.30026392602 3.30529544108 0.138943695471
282 1.86904621124 103.2489 64.041483 0.52149049 102.5 65.5 0.610865238198 1.63954964831 5.12079586679 2.87207799172
285 1.86852097511 104.5021 64.838724 0.48902664 103.5 66.5 0.610865238198 1.94011400649 6.98083745854 0.633726105442
288 1.86892294884 105.89753 65.50297 0.45749312 106.5 65.5 0.436332312999 0.602477320569 -1.21242493227 0.506321905346
291 1.87010192871 107.23441 66.106065 0.425495 108.5 64.5 0.436332312999 2.04478919019 0.620932296081 0.0443964776899
294 1.8698990345 108.62185 66.694881 0.38650919 108.5 66.5 0.436332312999 0.229839132136 2.85465466998 0.0
297 1.87115693092 110.08086 67.251857 0.35533208 110.5 66.5 0.436332312999 0.860794567855 4.6409714904 4.957345506
300 1.86892795563 111.50781 67.766864 0.33459052 111.5 67.5 0.436332312999 0.266978258658 5.82937533891 1.22560352039
303 1.87050700188 112.87691 68.182524 0.30685182 113.5 67.5 0.436332312999 0.924164573372 7.41868577809 2.40363564348
306 1.86864686012 114.36462 68.651393 0.28808498 114.5 68.5 0.261799387799 0.203095014338 -1.50605349511 0.0
309 1.87092494965 115.83449 69.001579 0.25083859 115.5 68.5 0.261799387799 0.602880629429 0.628007453988 13.9638807295
312 1.87135100365 117.19736 69.329841 0.23044123 117.5 68.5 0.261799387799 0.883304621793 1.7966900952 7.32652153495
315 1.87280297279 117.78731 69.484411 0.20147117 118.5 68.5 0.261799387799 1.21531561869 3.45655226544 0.472803299754
318 1.87130498886 116.42938 69.228806 0.13415298 116.5 68.5 0.261799387799 0.732219482147 7.3136004369 0.169895869483
321 1.87234687805 114.80773 69.128985 0.0979988 114.5 68.5 0.0872664625997 0.700228450668 -0.614917637347 12.7576618065
324 1.8712451458 113.35769 69.056433 0.067460522 113.5 68.5 0.0872664625997 0.574342945973 1.13479680565 20.8264172817
327 1.87107181549 111.81488 68.96352 0.032275621 112.5 68.5 0.0872664625997 0.827188131443 3.15074313554 5.52376970112
330 1.872164011 110.29576 68.94659 -0.0039959963 110.5 67.5 0.0872664625997 1.46093689313 5.22895372294 8.85602940195
333 1.87051200867 108.74459 69.016615 -0.039899491 108.5 67.5 0.0872664625997 1.53621135471 7.28607243902 1.41945632405
336 1.86915493011 107.27384 69.125159 -0.081381225 107.5 67.5 0.0872664625997 1.64081995383 9.6628007241 1.04083377576
339 1.86844801903 105.77123 69.311189 -0.11875782 106.5 67.5 0.0872664625997 1.95230922413 11.8043218702 10.0941422298
342 1.87124800682 104.23308 69.487176 -0.13593074 104.5 67.5 0.0872664625997 2.00502237927 12.7882577081 0.914811393299
345 1.87037205696 102.67844 69.809947 -0.17996689 102.5 67.5 0.0872664625997 2.31682886213 15.3113432491 3.34647486493
348 1.87259984016 101.19539 70.111952 -0.20894349 101.5 67.5 0.0872664625997 2.62965406516 16.9715801337 1.07636711361
351 1.86935806274 99.695937 70.47501 -0.24032587 100.5 67.5 0.0872664625997 3.08175304138 18.7696580588 1.19727011329
354 1.87253284454 98.200311 70.897104 -0.28344925 98.5 67.5 0.0872664625997 3.4102975066 21.2404457311 0.692958864128
357 1.87050795555 96.614615 71.415819 -0.3144709 97.5 66.5 0.0872664625997 4.99491571891 23.0178553497 0.791507465754
360 1.8707818985 95.216051 71.909445 -0.34657274 95.5 66.5 0.0872664625997 5.41689230488 24.8571552963 0.449655597054
363 1.87098097801 93.790761 72.497598 -0.38120404 94.5 67.5 6.19591884458 5.04767329853 16.8413826253 0.984771336858
366 1.86936092377 92.417114 73.016357 -0.35870282 92.5 67.5 6.19591884458 5.51697966649 15.5521576854 0.637950171439
369 1.87197399139 91.055309 73.519772 -0.33819517 91.5 67.5 6.19591884458 6.03617470071 14.3771558927 0.388905043534
372 1.86891412735 89.614615 74.074076 -0.31837694 89.5 68.5 0.0872664625997 5.57525424102 23.2416549563 12.7391137361
375 1.87097597122 88.314109 74.556366 -0.29979055 87.5 71.5 6.19591884458 3.16293322564 12.1767332529 10.9696445014
378 1.87069106102 86.88131 74.994533 -0.2764152 85.5 73.5 6.19591884458 2.03510348734 10.8374243533 1.01605149143
381 1.87045097351 85.443672 75.387112 -0.25727157 84.5 73.5 6.19591884458 2.10990723591 9.7405751497 1.19754661527
384 1.8693048954 84.055287 75.832526 -0.23267107 82.5 73.5 6.19591884458 2.80349695792 8.33107032579 1.59211616822
387 1.87101197243 82.664555 76.128737 -0.22389476 81.5 74.5 6.19591884458 2.00224188429 7.82822480309 0.942608556404
390 1.87016177177 81.173968 76.455415 -0.20673661 79.5 74.5 6.19591884458 2.57406617771 6.84513522384 1.20532758748
393 1.87128591537 79.819657 76.754609 -0.1833313 78.5 74.5 6.19591884458 2.61242346118 5.50410974265 1.1657366263
396 1.86900186539 78.325485 77.027059 -0.15611548 77.5 75.5 0.0872664625997 1.73589592854 13.9447581207 0.59996701971
399 1.87158203125 76.892215 77.264525 -0.13798763 76.5 75.5 0.0872664625997 1.80758985443 12.906108824 0.00704204031332
402 1.87086296082 75.420868 77.548324 -0.12557438 75.5 77.5 6.19591884458 0.0927204529756 2.19488198897 0.0
405 1.87231397629 73.926916 77.691819 -0.097717287 74.5 78.5 6.19591884458 0.990748101092 0.598788130569 0.170549908017
408 1.87005805969 72.448195 77.857208 -0.08052134 72.5 78.5 6.19591884458 0.644876199971 -0.386467057262 1.26280019503
411 1.87185716629 71.010734 77.97039 -0.05919809 70.5 78.5 6.19591884458 0.73575537433 -1.60819928776 1.09142685756
414 1.87385392189 70.665666 77.98114 -0.052809071 70.5 78.5 6.19591884458 0.54466588213 -1.97426311169 0.429528273706
417 1.87461400032 70.65903 77.973391 -0.052747867 70.5 78.5 6.19591884458 0.550097791107 -1.97776984258 0.477330085688
420 1.87430119514 70.662549 77.975477 -0.051931253 70.5 78.5 6.19591884458 0.549132547688 -2.02455837827 0.451484691608
423 1.87499308586 70.657477 77.975804 -0.053730261 70.5 78.5 6.19591884458 0.547339430285 -1.92148281256 0.453991257259
426 1.87524795532 70.657208 77.964864 -0.053397677 70.5 78.5 6.19591884458 0.557749848731 -1.9405384721 0.440517882362
