3 1.8772790432 58.425211 99.52669 -0.076600623 102.5 40.5 4.27605666739 73.6663909646 -110.611107594 0.455465714532
6 1.87970399857 58.436309 99.5178 -0.082073852 37.5 35.5 2.35619449019 67.3543447105 139.702485328 0.895280543452
9 1.87157487869 59.138497 99.506199 -0.079127672 107.5 25.5 2.18166156499 88.4067444421 129.533681648 2.39413425733
12 1.87100720406 60.588187 99.398001 -0.084356487 108.5 26.5 2.35619449019 87.2333673243 139.83327068 1.74563893432
15 1.87257003784 62.026729 99.268445 -0.080345137 55.5 123.5 0.959931088597 25.0951479206 59.6034372545 1.44785021402
18 1.87629294395 63.612811 99.142137 -0.077882356 45.5 31.5 0.959931088597 70.0252284555 59.4623302973 0.913253042886
21 1.8753490448 65.109709 99.045111 -0.075303117 65.5 97.5 0.0872664625997 1.59364207619 9.31455078828 0.0729989687914
24 1.87912583351 66.576646 98.887554 -0.079079542 67.5 97.5 0.0872664625997 1.66669994667 9.53092400243 0.980899771386
27 1.86951398849 68.114632 98.811042 -0.080004433 68.5 97.5 0.0872664625997 1.36650635607 9.58391635324 0.591209798997
30 1.87229895592 69.601579 98.673025 -0.074381156 69.5 97.5 0.0872664625997 1.17741494124 9.2617263141 0.920496636279
33 1.8693189621 71.154315 98.514904 -0.080273853 71.5 97.5 0.0872664625997 1.07216055162 9.59935298215 0.669748985153
36 1.86971092224 72.642873 98.438251 -0.077397051 73.5 97.5 0.0872664625997 1.27081927634 9.43452436906 0.0322711575899
39 1.86966395378 74.179887 98.27586 -0.078945335 74.5 98.5 6.19591884458 0.390782640824 -0.476765492254 0.0
42 1.87199497223 75.689674 98.17429 -0.079512997 75.5 98.5 6.19591884458 0.376912762289 -0.444240855464 0.0
45 1.86998486519 77.259307 98.055637 -0.072379503 77.5 98.5 6.19591884458 0.505362836008 -0.852959954846 0.0
48 1.87604880333 78.667542 97.976243 -0.066300397 78.5 98.5 6.19591884458 0.549901551928 -1.20126707186 1.26845538233
51 1.86716890335 80.25432 97.827625 -0.077582567 80.5 98.5 6.19591884458 0.715853897821 -0.554846347109 0.971301161946
54 1.86997699738 81.813353 97.68277 -0.074716444 82.5 97.5 6.19591884458 0.710555399324 -0.719063098574 1.31074630757
57 1.87003898621 82.622729 97.654646 -0.085105116 82.5 97.5 6.19591884458 0.197427943202 -0.123836038229 0.0
60 1.87081193924 81.436592 97.754867 -0.094486992 81.5 97.5 6.19591884458 0.262636178302 0.413705860486 0.0
63 1.86853408813 79.890684 97.897701 -0.093381766 80.5 99.5 6.02138591938 1.7142427113 -9.64961892472 0.562121410544
66 1.87080192566 78.411812 98.037468 -0.097953665 78.5 97.5 6.19591884458 0.544654913104 0.612331592338 0.0898073479741
69 1.8712439537 76.931086 98.162597 -0.096433306 77.5 98.5 6.19591884458 0.661440793877 0.525221438294 0.108583844647
72 1.87154793739 75.443161 98.337547 -0.10164342 75.5 98.5 6.19591884458 0.172109410347 0.823738981276 0.0
75 1.87219190598 73.912871 98.553041 -0.10292365 73.5 98.5 6.19591884458 0.416264111259 0.897090757082 0.0
78 1.86926388741 72.413468 98.668417 -0.11145399 72.5 98.5 6.19591884458 0.18934643623 1.38584323689 0.0
81 1.87087512016 70.926618 98.82512 -0.11572496 70.5 98.5 6.19591884458 0.536382263245 1.63055179232 0.0
84 1.8690431118 69.460294 99.048845 -0.12091472 69.5 99.5 6.19591884458 0.452898885471 1.92790313701 0.0
87 1.86884212494 67.984026 99.205817 -0.12024712 68.5 99.5 6.19591884458 0.593946804154 1.8896524746 0.776605418764
90 1.86826586723 66.409271 99.378533 -0.12589377 66.5 99.5 6.19591884458 0.151611290905 2.21318168799 0.0
93 1.87010884285 64.97003 99.579245 -0.12534264 65.5 99.5 6.19591884458 0.535861895384 2.18160426503 2.56705768792
96 1.86992883682 63.450289 99.830398 -0.13542326 63.5 99.5 6.19591884458 0.334116778874 2.7591812459 0.0
99 1.87116980553 62.015499 100.01094 -0.13023941 62.5 101.5 6.02138591938 1.56589939096 -7.53783148073 0.177092672125
102 1.86823296547 60.420275 100.24313 -0.1356293 61.5 101.5 6.02138591938 1.65696357007 -7.22901353169 0.100927316253
105 1.86914300919 58.989222 100.44438 -0.14088208 59.5 100.5 6.19591884458 0.513797381936 3.07194859302 0.652458436561
108 1.87339901924 58.528509 100.58832 -0.24160345 59.5 101.5 5.84685299418 1.33227444075 -11.1571419992 0.786861749869
111 1.87360405922 58.390768 100.67023 -0.3827913 59.5 101.5 5.67232006898 1.3852486718 -13.0676740757 0.0755605536778
114 1.87402796745 58.26024 100.80046 -0.53685502 58.5 101.5 5.67232006898 0.739487031124 -4.24047314359 5.3922925334
117 1.87481284142 58.2435 100.85046 -0.70040996 58.5 101.5 5.49778714378 0.698351245148 -4.86946536307 1.6820209352
120 8.41998696327 58.129433 100.95873 -0.85888639 60.5 101.5 5.32325421858 2.43157585002 -5.78943477177 0.901092366207
123 1.87208819389 58.21235 101.09089 -1.0276822 58.5 101.5 5.14872129338 0.500113501717 -6.11814725928 5.36307575513
126 1.8719098568 58.152327 101.12822 -1.1869287 58.5 101.5 4.97418836818 0.509015602245 -6.99399490705 0.879837692023
129 1.87280488014 58.049715 101.26081 -1.3398137 58.5 101.5 4.79965544298 0.509871000671 -8.23432965619 2.11774191217
132 1.87940907478 58.024835 101.49733 -1.4943786 58.5 101.5 4.62512251778 0.47517250144 -9.37841322533 0.868011927411
135 1.87392902374 58.064001 101.65215 -1.6522241 58.5 101.5 4.45058959259 0.461784311666 -10.3345322602 0.401476409171
138 1.87208390236 58.104403 101.68885 -1.8037565 59.5 102.5 4.27605666739 1.61420423395 -11.6523652807 0.103354508103
141 1.87324905396 58.177183 101.78616 -1.9584038 58.5 102.5 4.27605666739 0.783440081365 -2.79172767762 0.0648332275617
144 1.87777304649 58.164815 101.89412 -2.1101089 58.5 101.5 4.10152374219 0.517377578394 -4.09966571701 0.0
147 1.87250804901 58.333441 101.96561 -2.2758326 58.5 101.5 3.92699081699 0.494504370639 -4.60439714172 0.0
150 1.87406516075 58.547547 101.97367 -2.4518694 58.5 101.5 3.75245789179 0.476050402908 -4.51823146273 0.0
153 1.87333703041 58.609003 102.09152 -2.5989269 59.5 101.5 3.57792496659 1.06947256365 -6.09245736698 0.151886188506
156 1.87305498123 58.561869 102.14088 -2.6173282 58.5 101.5 3.57792496659 0.643859415992 -5.03814053943 0.899134320016
159 1.87314796448 58.51155 102.01626 -2.5045701 58.5 101.5 3.75245789179 0.516389184724 -1.49870377534 0.872205239295
162 1.8740439415 58.437648 101.90068 -2.3721379 58.5 101.5 3.92699081699 0.40550244673 0.913490093026 0.0
165 1.8743751049 58.147744 101.95537 -2.2082701 57.5 101.5 3.92699081699 0.7917917191 -8.47544324507 0.893037404619
168 1.87425494194 58.037351 101.82492 -2.0566813 57.5 102.5 4.10152374219 0.862832025136 -7.16084170652 0.713629190414
171 1.87249803543 57.944091 101.71587 -1.9011295 57.5 101.5 4.27605666739 0.493777959392 -6.07330334218 1.54536643134
174 1.87277197838 57.908577 101.57431 -1.7585036 58.5 101.5 4.27605666739 0.596073100407 -14.2451654614 0.287749544662
177 1.87878394127 57.841285 101.40683 -1.6171883 57.5 102.5 4.62512251778 1.1452057021 -2.34193573206 0.336411880373
180 1.87647390366 57.86028 101.30305 -1.4556073 57.5 102.5 4.79965544298 1.24999639235 -1.59984508157 0.247548686877
183 1.87830400467 57.788579 101.03213 -1.3093986 56.5 102.5 5.14872129338 1.95322251066 10.0230134803 0.225372866898
186 1.87706613541 57.852229 100.87925 -1.1701135 56.5 102.5 5.14872129338 2.11077090916 2.04256510128 0.58814226339
189 1.87396407127 57.956865 100.8248 -1.0236231 58.5 102.5 5.14872129338 1.76104817317 -6.3507165579 0.335641667427
192 1.8734960556 57.906072 100.67156 -0.85835482 56.5 103.5 5.49778714378 3.15865656613 4.18010851071 1.58025177591
195 8.41785407066 57.990597 100.53155 -0.72265365 59.5 100.5 5.49778714378 1.50973269783 -3.59499580528 3.21606003823
198 1.87598991394 58.042848 100.37669 -0.56279892 58.5 100.5 5.67232006898 0.473490556615 -2.75399716948 0.0
201 1.87683391571 58.157277 100.32166 -0.41301063 58.5 100.5 5.84685299418 0.386347266496 -1.33623400696 0.0
204 1.87660908699 58.686264 100.08548 -0.29965148 58.5 100.5 6.02138591938 0.454445935284 2.16876512885 0.0
207 1.88421583176 59.980629 99.666017 -0.30408986 60.5 100.5 6.02138591938 0.982483526544 2.42306557072 1.05685713514
210 1.86933898926 61.363687 99.173884 -0.32636207 61.5 99.5 5.84685299418 0.35345845502 -6.30083079585 11.8467948578
213 1.87135004997 62.885593 98.69498 -0.37512441 64.5 99.5 6.02138591938 1.80398646393 6.49304548534 0.694139830924
216 1.86884999275 64.287236 98.118834 -0.4012694 64.5 97.5 5.84685299418 0.654388293945 -2.00895693225 0.0161073018528
219 3.5230820179 66.572969 97.068508 -0.44319642 66.5 96.5 5.84685299418 0.573171720364 0.393284361307 0.170523578828
222 1.90923905373 67.896132 96.441291 -0.47211549 67.5 96.5 5.84685299418 0.400458871927 2.05022501975 0.0
225 2.07604289055 69.150612 95.708615 -0.49267498 69.5 95.5 5.84685299418 0.406930206263 3.22819702569 0.0
228 1.89411401749 70.465141 94.973778 -0.52461339 70.5 94.5 5.84685299418 0.475058673392 5.05813312305 1.40733490079
231 1.9082069397 71.675984 94.192345 -0.54871183 71.5 93.5 5.84685299418 0.714361230248 6.4388720279 2.11742538253
234 1.88611197472 72.999296 93.402727 -0.58180979 72.5 93.5 5.84685299418 0.508683135306 8.33524544639 8.43771412021
237 1.90290498734 74.284244 92.44261 -0.63095882 74.5 92.5 5.84685299418 0.223258289064 11.1512774326 0.717456613594
240 1.9869120121 75.447368 91.599491 -0.66374929 74.5 91.5 5.84685299418 0.952577863749 13.0300329718 5.33893696691
243 1.8872449398 76.572595 90.665594 -0.69142624 75.5 89.5 5.84685299418 1.58400423196 14.6158053966 0.3485072346
246 1.8960518837 77.783785 89.658033 -0.71509647 76.5 89.5 5.84685299418 1.29347530139 15.9720096757 1.45984720364
249 1.88240790367 78.874801 88.696028 -0.74032963 77.5 88.5 5.84685299418 1.38870614832 17.4177632475 0.956473374229
252 1.87843608856 80.03236 87.613917 -0.7252394 79.5 87.5 5.67232006898 0.544411840879 6.5531567566 0.883762701666
255 1.87524199486 81.079285 86.604124 -0.70281223 80.5 86.5 5.67232006898 0.588568533478 5.26817456918 0.863655511939
258 1.86852312088 82.380517 85.593177 -0.66953842 81.5 85.5 5.67232006898 0.885433306702 3.36172568786 3.4106144635
261 1.87077689171 83.553536 84.670161 -0.64546431 82.5 84.5 5.67232006898 1.06718923777 1.98238078932 0.0778979313593
264 1.90079188347 84.753159 83.736184 -0.60820056 84.5 83.5 5.67232006898 0.346225881668 -0.152674814507 0.0
267 2.07855606079 85.938286 82.919631 -0.58097683 85.5 82.5 5.84685299418 0.606782328316 8.28752035389 0.103633828926
270 2.06568598747 87.249998 82.030848 -0.55954063 87.5 82.5 5.84685299418 0.531605680094 7.05931656509 0.657180671112
273 1.98801898956 88.578333 81.141585 -0.52544337 88.5 82.5 5.84685299418 1.36067166176 5.10568747413 0.402932939233
276 1.93414092064 89.874585 80.458812 -0.49549775 89.5 80.5 5.67232006898 0.376842637674 -6.61007016677 0.0277831294818
279 1.87543392181 91.229191 79.664539 -0.46697991 90.5 81.5 5.84685299418 1.97500293595 1.7559779604 0.29607463632
282 1.87548804283 92.640842 79.007823 -0.44436504 93.5 80.5 5.84685299418 1.7218433925 0.460241355162 0.286153809498
285 1.88254094124 93.942666 78.269838 -0.40450827 93.5 80.5 6.02138591938 2.27367010224 8.17661664914 0.870550569538
288 1.87283611298 95.385584 77.620959 -0.38607018 95.5 78.5 5.84685299418 0.886455921486 -2.87980809014 0.448028611746
291 1.87061309814 96.747733 77.074345 -0.36376533 96.5 77.5 5.84685299418 0.492497531277 -4.15778185782 0.0
294 1.87228798866 98.250871 76.540386 -0.33417824 98.5 77.5 5.84685299418 0.99142538178 -5.85299724289 0.301259968273
297 1.91223192215 99.752933 76.027378 -0.30758365 99.5 77.5 6.02138591938 1.49418561677 2.62324499223 0.249924148043
300 1.8892261982 100.00981 75.897783 -0.33361957 100.5 76.5 5.84685299418 0.776499550025 -5.88500667603 0.368559128875
303 1.88078904152 98.714105 76.429985 -0.36219797 99.5 77.5 6.02138591938 1.327615551 5.75241502921 1.34630045983
306 1.8854739666 97.284888 77.028291 -0.39087517 97.5 77.5 6.02138591938 0.518442430001 7.39549755746 0.491921502672
309 1.88499379158 95.817851 77.649213 -0.42317241 95.5 78.5 5.84685299418 0.90822231726 -0.75400690062 0.530910940082
312 1.88569498062 94.571565 78.35291 -0.46228827 94.5 79.5 5.84685299418 1.14932024141 1.4871667894 0.02052396232
315 1.88283801079 93.13187 79.138887 -0.4938927 92.5 79.5 5.84685299418 0.727779015683 3.29796724232 0.440149271883
318 1.88082098961 91.836662 79.862922 -0.52529077 91.5 79.5 5.84685299418 0.495028969181 5.09694413818 1.11075289123
321 1.88265109062 90.529269 80.702102 -0.55721841 90.5 80.5 5.84685299418 0.204210412969 6.92626315999 1.43843720105
324 1.92163395882 89.308886 81.573217 -0.59808232 89.5 81.5 5.84685299418 0.204658960432 9.26759273739 0.549631372852
327 1.89378905296 88.100372 82.484783 -0.6409076 88.5 81.5 5.84685299418 1.06277941995 11.7213005379 0.324287571909
330 1.89729690552 86.96204 83.432583 -0.67310863 86.5 82.5 5.67232006898 1.04076510966 3.56628365283 0.234716220294
333 1.90761613846 85.711036 84.448892 -0.70015711 84.5 81.5 6.02138591938 3.18787895331 25.1160473991 0.401805810364
336 1.91680383682 84.630521 85.38864 -0.74348817 83.5 85.5 5.67232006898 1.13599242121 7.59873425891 0.267153861598
339 1.87863183022 83.531548 86.470864 -0.76732045 82.5 85.5 5.67232006898 1.4165691592 8.96422331908 0.224556428504
342 1.87332487106 82.436303 87.632765 -0.79615086 81.5 86.5 5.67232006898 1.46963255715 10.6160841337 0.161170373822
345 1.87784409523 81.390428 88.717115 -0.83255466 79.5 88.5 5.67232006898 1.90285494623 12.7018682319 0.499567352123
348 3.48906707764 80.091493 90.270385 -0.85191671 80.5 90.5 5.49778714378 0.468616065958 3.81123197967 0.0
351 1.87117290497 79.121061 91.3195 -0.83027867 77.5 90.5 5.67232006898 1.81643029476 12.5714636107 0.170425624703
354 1.86749887466 78.091476 92.534394 -0.81038411 76.5 91.5 5.67232006898 1.89809557341 11.4315892875 8.34627140858
357 1.96438717842 77.093441 93.512556 -0.78090008 75.5 91.5 5.84685299418 2.56698965203 19.7422788054 1.6437888529
360 1.88736510277 76.051262 94.597058 -0.76703211 74.5 92.5 5.84685299418 2.60846047469 18.947702654 6.35819087891
363 1.87827587128 75.027276 95.58972 -0.75132884 73.5 93.5 5.84685299418 2.58833955627 18.0479715585 0.885165693447
366 1.87493896484 73.852657 96.593273 -0.72312741 72.5 93.5 5.84685299418 3.37609520188 16.4321486432 7.92472880056
369 1.87853312492 72.811015 97.559971 -0.70587276 71.5 94.5 5.84685299418 3.32899126629 15.4435300213 2.30988254037
372 1.8839199543 71.630899 98.505259 -0.68120937 70.5 94.5 5.84685299418 4.16185441904 14.0304218658 0.88476461861
375 1.88014507294 70.538887 99.423882 -0.66641532 69.5 95.5 5.84685299418 4.05908070241 13.1827852389 1.4440880614
378 1.88119912148 69.331788 100.31013 -0.63648641 67.5 96.5 5.84685299418 4.22759244652 11.4679850104 9.65301633523
381 1.87425804138 68.205766 101.18772 -0.63190253 66.5 96.5 5.84685299418 4.98842224006 11.2053480326 2.45661725249
384 1.87879896164 66.997353 102.01418 -0.604237 64.5 98.5 6.02138591938 4.31117537094 19.6202299256 1.79806580024
387 1.87685704231 65.749881 102.79371 -0.58263231 63.5 98.5 6.02138591938 4.84746429366 18.382372371 1.31886390035
390 1.87861609459 64.390622 103.72927 -0.540005 61.5 101.5 6.02138591938 3.65038905869 15.940007416 7.74271932871
393 1.8778719902 63.066948 104.49561 -0.5165186 62.5 104.5 5.67232006898 0.566964996101 -5.40566417999 0.957519958933
396 1.87741088867 62.072466 105.11862 -0.50368551 61.5 105.5 5.67232006898 0.687872099707 -6.14094607511 7.26683714255
399 1.88340592384 62.084059 105.11634 -0.50537083 60.5 104.5 5.84685299418 1.69974054228 3.95561564802 5.25148707244
402 1.88135910034 62.06969 105.12384 -0.50501376 60.5 104.5 5.84685299418 1.68911309322 3.93515704403 5.9076168064
405 1.88397717476 62.088061 105.11683 -0.50531554 61.5 105.5 5.67232006898 0.701879611202 -6.04755223563 6.9848088805
408 1.88330078125 62.080145 105.11527 -0.50526072 61.5 105.5 5.67232006898 0.696121680401 -6.05069319026 5.26835694821
411 1.88139986992 62.084425 105.11388 -0.50526675 61.5 105.5 5.67232006898 0.700457875268 -6.05034769671 4.88235083492
414 1.88110303879 62.090561 105.10315 -0.50372534 59.5 103.5 5.84685299418 3.0464891625 3.86133601579 7.64622498874
