3 1.87251496315 58.425211 99.52669 -0.076600623 88.5 44.5 0.436332312999 62.7090866283 29.388892406 4.90872656196
6 1.87552309036 58.436309 99.5178 -0.082073852 114.5 45.5 4.10152374219 77.8528109023 -120.297514672 6.09863495699
9 1.86769890785 59.138497 99.506199 -0.079127672 14.5 54.5 5.14872129338 63.3889056764 -60.4663183517 1.56044889209
12 1.86731410027 60.588187 99.398001 -0.084356487 93.5 78.5 0.610865238198 38.9860729074 39.8332706797 0.733032318312
15 1.86681318283 62.026729 99.268445 -0.080345137 62.5 100.5 6.02138591938 1.31936088977 -10.3965627455 0.331539111012
18 1.86585497856 63.612811 99.142137 -0.077882356 63.5 100.5 6.02138591938 1.36254109974 -10.5376697027 0.0555498081149
21 1.86688399315 65.109709 99.045111 -0.075303117 64.5 99.5 6.19591884458 0.760703008409 -0.68544921172 0.249016822261
24 1.86703896523 66.576646 98.887554 -0.079079542 66.5 99.5 6.19591884458 0.617223389246 -0.469075997572 15.4443495818
27 1.86470413208 68.114632 98.811042 -0.080004433 68.5 99.5 6.19591884458 0.789412199797 -0.416083646763 7.90157999935
30 1.8683218956 69.601579 98.673025 -0.074381156 69.5 99.5 6.19591884458 0.833190220698 -0.738273685896 12.7683627063
33 1.86809778214 71.154315 98.514904 -0.080273853 70.5 99.5 6.19591884458 1.18259978371 -0.400647017846 0.19519654079
36 1.86555576324 72.642873 98.438251 -0.077397051 72.5 98.5 6.19591884458 0.155645858056 -0.565475630941 0.0
39 1.86593008041 74.179887 98.27586 -0.078945335 74.5 98.5 6.19591884458 0.390782640824 -0.476765492254 0.0
42 1.86720395088 75.689674 98.17429 -0.079512997 76.5 98.5 6.19591884458 0.873335691688 -0.444240855464 0.0946088190541
45 1.86623907089 77.259307 98.055637 -0.072379503 77.5 98.5 6.19591884458 0.505362836008 -0.852959954846 0.0
48 1.86654186249 78.667542 97.976243 -0.066300397 78.5 98.5 6.19591884458 0.549901551928 -1.20126707186 0.304544746282
51 1.86487698555 80.25432 97.827625 -0.077582567 80.5 98.5 6.19591884458 0.715853897821 -0.554846347109 0.026751467605
54 1.86854195595 81.813353 97.68277 -0.074716444 81.5 97.5 6.19591884458 0.362760217649 -0.719063098574 0.0
57 1.87556314468 82.622729 97.654646 -0.085105116 82.5 97.5 6.19591884458 0.197427943202 -0.123836038229 0.0
60 1.86718893051 81.436592 97.754867 -0.094486992 81.5 98.5 6.19591884458 0.747826023988 0.413705860486 0.161660862073
63 1.86600494385 79.890684 97.897701 -0.093381766 79.5 98.5 6.19591884458 0.717912301926 0.350381075278 0.021778988435
66 1.86735796928 78.411812 98.037468 -0.097953665 78.5 98.5 6.19591884458 0.470864072072 0.612331592338 0.0
69 1.86636996269 76.931086 98.162597 -0.096433306 76.5 99.5 6.19591884458 1.40516259693 0.525221438294 0.123688729405
72 1.86763310432 75.443161 98.337547 -0.10164342 75.5 97.5 6.19591884458 0.839473435631 0.823738981276 0.225545419056
75 1.86718201637 73.912871 98.553041 -0.10292365 74.5 100.5 5.84685299418 2.03356086959 -19.1029092429 2.91572652874
78 1.86419200897 72.413468 98.668417 -0.11145399 72.5 100.5 5.84685299418 1.83362593593 -18.6141567631 1.44040650547
81 1.86813998222 70.926618 98.82512 -0.11572496 71.5 101.5 5.84685299418 2.73564433586 -18.3694482077 0.491057265034
84 1.86670899391 69.460294 99.048845 -0.12091472 69.5 101.5 5.84685299418 2.45147657555 -18.072096863 0.89813310253
87 1.8664829731 67.984026 99.205817 -0.12024712 68.5 101.5 5.84685299418 2.35148991198 -18.1103475254 2.938716509
90 1.86548399925 66.409271 99.378533 -0.12589377 67.5 101.5 5.84685299418 2.38543748263 -17.786818312 0.0389926990364
93 1.8679189682 64.97003 99.579245 -0.12534264 65.5 99.5 6.19591884458 0.535861895384 2.18160426503 0.514110077144
96 1.87262010574 63.450289 99.830398 -0.13542326 63.5 99.5 6.19591884458 0.334116778874 2.7591812459 0.0
99 1.86873579025 62.015499 100.01094 -0.13023941 62.5 99.5 6.19591884458 0.704131310624 2.46216851927 10.5662900197
102 1.86950588226 60.420275 100.24313 -0.1356293 59.5 99.5 6.19591884458 1.18285598131 2.77098646831 0.269142332184
105 1.87332892418 58.989222 100.44438 -0.14088208 58.5 99.5 6.19591884458 1.06357498545 3.07194859302 1.99035978945
108 1.8703019619 58.528509 100.58832 -0.24160345 57.5 99.5 6.02138591938 1.49742151229 -1.1571419992 0.046707129625
111 1.87020206451 58.390768 100.67023 -0.3827913 57.5 100.5 5.84685299418 0.90688802105 -3.06767407567 0.0435314563981
114 1.87639284134 58.26024 100.80046 -0.53685502 57.5 100.5 5.67232006898 0.817460133095 -4.24047314359 0.192227770842
117 1.87079405785 58.2435 100.85046 -0.70040996 57.5 100.5 5.49778714378 0.821957700615 -4.86946536307 0.220099148174
120 8.41638112068 58.129433 100.95873 -0.85888639 57.5 100.5 5.32325421858 0.778857570027 -5.78943477177 0.165541635839
123 1.87389492989 58.21235 101.09089 -1.0276822 58.5 100.5 5.32325421858 0.657186057825 3.88185274072 0.18998366743
126 1.87448310852 58.152327 101.12822 -1.1869287 58.5 100.5 5.14872129338 0.718008971622 3.00600509295 0.0393319649084
129 1.87434196472 58.049715 101.26081 -1.3398137 57.5 100.5 4.97418836818 0.938625823918 1.76567034381 0.00655358920051
132 1.87368488312 58.024835 101.49733 -1.4943786 58.5 101.5 4.79965544298 0.47517250144 0.621586774669 0.0
135 1.87377619743 58.064001 101.65215 -1.6522241 58.5 101.5 4.62512251778 0.461784311666 -0.334532260199 0.0
138 1.87366700172 58.104403 101.68885 -1.8037565 58.5 101.5 4.45058959259 0.438362075126 -1.65236528071 0.0
141 1.87357616425 58.177183 101.78616 -1.9584038 58.5 101.5 4.27605666739 0.431391192642 -2.79172767762 0.0
144 1.87516307831 58.164815 101.89412 -2.1101089 58.5 101.5 3.92699081699 0.517377578394 -14.099665717 8.58956822032
147 1.87359809875 58.333441 101.96561 -2.2758326 57.5 102.5 4.10152374219 0.990048772829 5.39560285828 0.585744344424
150 1.87324595451 58.547547 101.97367 -2.4518694 59.5 100.5 3.57792496659 1.75467090536 -14.5182314627 0.985952829348
153 1.87490797043 58.609003 102.09152 -2.5989269 58.5 102.5 3.75245789179 0.422773656238 3.90754263302 0.0
156 1.87397694588 58.561869 102.14088 -2.6173282 59.5 100.5 3.40339204139 1.89012617239 -15.0381405394 2.24812196057
159 1.87461400032 58.51155 102.01626 -2.5045701 59.5 100.5 3.57792496659 1.80999386466 -11.4987037753 11.4451028929
162 1.87443494797 58.437648 101.90068 -2.3721379 59.5 100.5 3.75245789179 1.75798072637 -9.08650990697 1.3229820974
165 1.87430095673 58.147744 101.95537 -2.2082701 59.5 101.5 3.92699081699 1.42687004539 -8.47544324507 20.3230866648
168 1.87596297264 58.037351 101.82492 -2.0566813 59.5 101.5 4.10152374219 1.49830407581 -7.16084170652 3.70574234284
171 1.87313008308 57.944091 101.71587 -1.9011295 59.5 101.5 4.27605666739 1.57081274288 -6.07330334218 2.10444543179
174 1.87392401695 57.908577 101.57431 -1.7585036 59.5 101.5 4.45058959259 1.59315697313 -4.24516546144 8.1842159048
177 1.87270784378 57.841285 101.40683 -1.6171883 59.5 101.5 4.62512251778 1.66132961814 -2.34193573206 1.87401535763
180 1.87410497665 57.86028 101.30305 -1.4556073 59.5 101.5 4.79965544298 1.65150567087 -1.59984508157 1.33086048266
183 1.87321591377 57.788579 101.03213 -1.3093986 59.5 101.5 4.97418836818 1.77422213269 0.0230134803386 1.24450310276
186 1.87506222725 57.852229 100.87925 -1.1701135 59.5 101.5 5.14872129338 1.76081794372 2.04256510128 1.36340836446
189 1.87406897545 57.956865 100.8248 -1.0236231 58.5 101.5 5.14872129338 0.866539478746 -6.3507165579 0.94957410514
192 1.87411499023 57.906072 100.67156 -0.85835482 58.5 101.5 5.32325421858 1.01934454567 -5.81989148929 0.879783495587
195 8.41249895096 57.990597 100.53155 -0.72265365 58.5 101.5 5.67232006898 1.09425171643 6.40500419472 1.02304073309
198 1.87398910522 58.042848 100.37669 -0.56279892 58.5 101.5 5.67232006898 1.21277092116 -2.75399716948 0.500540489769
201 1.87468910217 58.157277 100.32166 -0.41301063 58.5 101.5 5.84685299418 1.2271691857 -1.33623400696 0.521936649483
204 1.87654614449 58.686264 100.08548 -0.29965148 59.5 101.5 5.84685299418 1.63188023706 -7.83123487115 0.254346578152
207 1.87112808228 59.980629 99.666017 -0.30408986 60.5 100.5 5.84685299418 0.982483526544 -7.57693442928 0.704293492604
210 1.87046003342 61.363687 99.173884 -0.32636207 61.5 99.5 5.84685299418 0.35345845502 -6.30083079585 11.5289536127
213 1.8716468811 62.885593 98.69498 -0.37512441 62.5 99.5 5.84685299418 0.892602465854 -3.50695451466 14.166290598
216 1.87135314941 64.287236 98.118834 -0.4012694 64.5 98.5 5.84685299418 0.436527249152 -2.00895693225 0.0
219 3.47587680817 66.572969 97.068508 -0.44319642 67.5 97.5 5.84685299418 1.02253206357 0.393284361307 2.96489640665
222 1.86945104599 67.896132 96.441291 -0.47211549 67.5 96.5 5.84685299418 0.400458871927 2.05022501975 0.0
225 1.8718957901 69.150612 95.708615 -0.49267498 69.5 95.5 5.84685299418 0.406930206263 3.22819702569 0.0
228 1.86806297302 70.465141 94.973778 -0.52461339 70.5 94.5 5.67232006898 0.475058673392 -4.94186687695 0.0
231 1.86907315254 71.675984 94.192345 -0.54871183 71.5 93.5 5.84685299418 0.714361230248 6.4388720279 0.0764280680651
234 1.86905813217 72.999296 93.402727 -0.58180979 71.5 92.5 5.49778714378 1.75008700702 -11.6647545536 1.43081500416
237 1.88635396957 74.284244 92.44261 -0.63095882 74.5 92.5 5.67232006898 0.223258289064 1.15127743255 0.0
240 1.87337803841 75.447368 91.599491 -0.66374929 75.5 91.5 5.67232006898 0.112554815557 3.0300329718 0.0
243 1.86860108376 76.572595 90.665594 -0.69142624 76.5 91.5 5.84685299418 0.837558002088 14.6158053966 0.766027172369
246 1.88319516182 77.783785 89.658033 -0.71509647 77.5 88.5 5.67232006898 1.1922979306 5.9720096757 12.899002157
249 1.86953902245 78.874801 88.696028 -0.74032963 78.5 88.5 5.67232006898 0.422968989862 7.41776324748 5.92431121067
252 1.86833500862 80.03236 87.613917 -0.7252394 79.5 87.5 5.67232006898 0.544411840879 6.5531567566 0.471875872241
255 1.87039017677 81.079285 86.604124 -0.70281223 81.5 86.5 5.49778714378 0.433408489304 -4.73182543082 0.0
258 1.86858892441 82.380517 85.593177 -0.66953842 81.5 84.5 5.84685299418 1.40369018684 13.3617256879 0.0112374910925
261 1.87072491646 83.553536 84.670161 -0.64546431 83.5 84.5 5.67232006898 0.178384049783 1.98238078932 0.0
264 1.871352911 84.753159 83.736184 -0.60820056 84.5 83.5 5.67232006898 0.346225881668 -0.152674814507 0.0
267 1.86865401268 85.938286 82.919631 -0.58097683 85.5 82.5 5.84685299418 0.606782328316 8.28752035389 7.41578510348
270 1.86989784241 87.249998 82.030848 -0.55954063 86.5 81.5 5.84685299418 0.918856136241 7.05931656509 1.86829536566
273 1.86940312386 88.578333 81.141585 -0.52544337 88.5 80.5 5.84685299418 0.646349264031 5.10568747413 1.45198359034
276 1.86971998215 89.874585 80.458812 -0.49549775 89.5 80.5 5.84685299418 0.376842637674 3.38992983323 0.0
279 1.86792993546 91.229191 79.664539 -0.46697991 90.5 79.5 5.84685299418 0.747524311981 1.7559779604 0.313177991191
282 1.87047505379 92.640842 79.007823 -0.44436504 92.5 78.5 5.84685299418 0.526992095095 0.460241355162 5.56149168121
285 1.86807513237 93.942666 78.269838 -0.40450827 93.5 78.5 6.02138591938 0.498926581573 8.17661664914 0.291106011156
288 1.8711669445 95.385584 77.620959 -0.38607018 94.5 77.5 6.02138591938 0.8938065231 7.12019190986 0.657142872306
291 1.86897397041 96.747733 77.074345 -0.36376533 96.5 76.5 6.02138591938 0.625494858743 5.84221814218 0.383674953722
294 1.8721780777 98.250871 76.540386 -0.33417824 98.5 76.5 6.02138591938 0.252381234716 4.14700275711 0.0
297 1.86889004707 99.752933 76.027378 -0.30758365 99.5 75.5 6.02138591938 0.584895424305 2.62324499223 30.9382629283
300 1.87284302711 100.00981 75.897783 -0.33361957 100.5 76.5 5.84685299418 0.776499550025 -5.88500667603 1.94541639753
303 1.87058591843 98.714105 76.429985 -0.36219797 97.5 76.5 6.02138591938 1.21612213665 5.75241502921 0.1235417715
306 1.8699259758 97.284888 77.028291 -0.39087517 95.5 76.5 6.02138591938 1.86142863232 7.39549755746 0.0652247132566
309 1.86977410316 95.817851 77.649213 -0.42317241 96.5 77.5 5.84685299418 0.698277722378 -0.75400690062 0.293071966503
312 1.87123513222 94.571565 78.35291 -0.46228827 94.5 78.5 5.84685299418 0.16357572352 1.4871667894 0.0
315 1.87087702751 93.13187 79.138887 -0.4938927 92.5 78.5 5.84685299418 0.898574591044 3.29796724232 0.239742123193
318 1.87033987045 91.836662 79.862922 -0.52529077 91.5 79.5 5.84685299418 0.495028969181 5.09694413818 2.25901260692
321 1.87027001381 90.529269 80.702102 -0.55721841 90.5 79.5 5.84685299418 1.2024582707 6.92626315999 1.64738106264
324 1.87317204475 89.308886 81.573217 -0.59808232 88.5 80.5 5.84685299418 1.343908959 9.26759273739 4.54630091402
327 1.87390208244 88.100372 82.484783 -0.6409076 87.5 81.5 5.84685299418 1.15336208342 11.7213005379 3.13577706162
330 1.87273812294 86.96204 83.432583 -0.67310863 86.5 82.5 5.84685299418 1.04076510966 13.5662836528 0.404506906604
333 1.87506604195 85.711036 84.448892 -0.70015711 84.5 82.5 5.84685299418 2.29451263256 15.1160473991 1.55047556597
336 1.8716609478 84.630521 85.38864 -0.74348817 83.5 82.5 5.84685299418 3.10198626384 17.5987342589 9.48009782923
339 1.87141990662 83.531548 86.470864 -0.76732045 82.5 84.5 5.84685299418 2.22449908582 18.9642233191 2.14136038503
342 1.87219190598 82.436303 87.632765 -0.79615086 81.5 86.5 5.67232006898 1.46963255715 10.6160841337 0.995456382043
345 1.87246012688 81.390428 88.717115 -0.83255466 80.5 87.5 5.67232006898 1.50805535257 12.7018682319 0.944951465837
348 3.48173594475 80.091493 90.270385 -0.85191671 78.5 88.5 5.67232006898 2.38056989338 13.8112319797 13.637591112
351 1.87526321411 79.121061 91.3195 -0.83027867 77.5 88.5 5.84685299418 3.25229442328 22.5714636107 1.93333848755
354 1.87037706375 78.091476 92.534394 -0.81038411 76.5 90.5 5.84685299418 2.5829353081 21.4315892875 1.35140094744
357 1.87217307091 77.093441 93.512556 -0.78090008 75.5 90.5 5.84685299418 3.40801230538 19.7422788054 4.49148346439
360 1.86928486824 76.051262 94.597058 -0.76703211 72.5 90.5 6.02138591938 5.42193194793 28.947702654 2.66535212375
363 1.87342190742 75.027276 95.58972 -0.75132884 71.5 90.5 6.02138591938 6.19248945567 28.0479715585 2.18761441411
366 1.8699889183 73.852657 96.593273 -0.72312741 70.5 92.5 6.02138591938 5.29104836608 26.4321486432 2.46540745299
369 1.87313890457 72.811015 97.559971 -0.70587276 68.5 92.5 6.02138591938 6.64741730682 25.4435300213 18.259654398
372 1.87224292755 71.630899 98.505259 -0.68120937 66.5 92.5 6.02138591938 7.89868724569 24.0304218658 1.96988909154
375 1.872797966 70.538887 99.423882 -0.66641532 65.5 94.5 5.84685299418 7.04521086616 13.1827852389 7.23541161758
378 1.8716609478 69.331788 100.31013 -0.63648641 68.5 99.5 5.67232006898 1.16111235195 1.46798501043 4.18781796742
381 1.873005867 68.205766 101.18772 -0.63190253 67.5 100.5 5.67232006898 0.985426022163 1.20534803264 1.12793366116
384 1.8699119091 66.997353 102.01418 -0.604237 65.5 101.5 5.84685299418 1.58317626277 9.62022992565 4.53155671456
387 1.87157201767 65.749881 102.79371 -0.58263231 64.5 101.5 5.84685299418 1.79885743689 8.38237237096 2.10295780502
390 1.87050509453 64.390622 103.72927 -0.540005 62.5 102.5 6.02138591938 2.25511779732 15.940007416 1.30841276676
393 1.86930799484 63.066948 104.49561 -0.5165186 60.5 103.5 6.02138591938 2.7532637554 14.59433582 15.3789465306
396 1.87242078781 62.072466 105.11862 -0.50368551 61.5 104.5 5.84685299418 0.842857061165 3.85905392489 19.7399858827
399 1.87494182587 62.084059 105.11634 -0.50537083 61.5 104.5 5.84685299418 0.849117136254 3.95561564802 21.4404711674
402 1.87275600433 62.06969 105.12384 -0.50501376 61.5 104.5 5.84685299418 0.844821307556 3.93515704403 16.878459464
405 1.87431097031 62.088061 105.11683 -0.50531554 61.5 104.5 5.84685299418 0.852229422527 3.95244776437 17.1600899393
408 1.87499213219 62.080145 105.11527 -0.50526072 61.5 104.5 5.84685299418 0.845650869996 3.94930680974 10.1847460366
411 1.87264204025 62.084425 105.11388 -0.50526675 61.5 104.5 5.84685299418 0.847585532572 3.94965230329 14.8128120779
414 1.87267398834 62.090561 105.10315 -0.50372534 61.5 104.5 5.84685299418 0.844128081052 3.86133601579 15.647275053
