3 1.87221980095 31.520043 41.394881 -0.0070850614 16.5 41.5 0.436332312999 15.0204108375 25.4059441158 0.226406836029
6 1.87277197838 31.529937 41.402987 -0.0081764059 118.5 83.5 2.00712863979 96.6227217674 115.46847355 0.469303900372
9 1.87415409088 31.522543 41.401068 -0.0068718684 67.5 17.5 4.10152374219 43.1930372135 -124.606270943 0.134736399661
12 1.87266111374 31.528168 41.375423 -0.0049451513 22.5 41.5 0.436332312999 9.02902745954 25.2833362985 0.720065053272
15 1.87179207802 31.523843 41.397689 -0.0081913964 39.5 48.5 1.1344640138 10.6799766867 65.469332442 0.861752701655
18 1.87173914909 31.52518 41.394772 -0.0077822512 36.5 50.5 0.610865238198 10.3756450867 35.4458901489 1.27935158049
21 1.87072396278 31.646202 41.400982 -0.0069641742 107.5 95.5 5.67232006898 93.1692139045 -34.6009822105 1.51564528294
24 1.87212109566 32.968315 41.348607 -0.0066445448 107.5 101.5 5.32325421858 95.7766263176 -54.6192956262 1.09040484959
27 1.86873412132 34.520488 41.363888 -0.010157874 44.5 53.5 2.18166156499 15.7122841826 125.582003309 1.27235176822
30 1.87058806419 35.981317 41.339656 -0.012968194 21.5 110.5 1.1344640138 70.6601848586 65.7430227841 1.52714356412
33 1.87099099159 37.47125 41.3168 -0.01805047 116.5 113.5 4.27605666739 107.032507626 -113.965784251 1.17989999901
36 1.86339116096 39.051821 41.275587 -0.019803098 22.5 116.5 0.959931088597 77.0238605213 56.1346339367 0.997951386116
39 1.86427211761 40.609584 41.247017 -0.013659721 40.5 42.5 6.19591884458 1.25776589688 -4.21735563737 3.98201971839
42 1.86647295952 42.081473 41.279186 -0.014178183 41.5 42.5 6.19591884458 1.35221953555 -4.18764995294 1.16009964827
45 1.86669301987 43.552295 41.213208 -0.0092852628 43.5 42.5 6.19591884458 1.28785419139 -4.46799362989 0.673503963054
48 1.86408209801 45.079977 41.189892 -0.010404952 45.5 42.5 6.19591884458 1.3757915148 -4.40384016436 0.061354453512
51 1.86495518684 46.640834 41.096545 -0.012029947 47.5 42.5 6.19591884458 1.64555527181 -4.31073480913 0.32965394179
54 1.86381602287 48.21014 41.103056 -0.013219293 48.5 40.5 0.0872664625997 0.669100410055 5.75740969705 0.0164599673386
57 1.87147593498 49.69993 40.993437 -0.019411138 50.5 41.5 6.19591884458 0.946951993434 -3.88782371705 0.823437189244
60 1.86559486389 51.221815 41.026894 -0.026800957 51.5 40.5 6.19591884458 0.595822273384 -3.46441827699 0.225995872727
63 1.86652612686 52.707826 40.957156 -0.02058299 53.5 41.5 6.19591884458 0.960322474282 -3.82068154324 0.181663751662
66 1.86452698708 54.31159 40.951842 -0.027308534 54.5 41.5 6.19591884458 0.579633954375 -3.43533625711 3.40378955953
69 1.86690711975 55.778879 40.909196 -0.015002614 55.5 41.5 6.19591884458 0.653316816757 -4.14041353614 4.03868161468
72 1.86512088776 57.331901 40.836464 -0.018380323 57.5 41.5 6.19591884458 0.684497843019 -3.94688506601 3.75643841843
75 1.86654806137 58.848313 40.76075 -0.022921269 59.5 41.5 6.19591884458 0.985487954502 -3.68670802522 0.565901285519
78 1.8640089035 60.388876 40.75568 -0.012358794 60.5 41.5 6.19591884458 0.75256946907 -4.29189326393 0.186316535859
81 1.86771416664 61.86858 40.735896 -0.015077049 62.5 40.5 6.19591884458 0.674046095765 -4.13614872479 0.217420990425
84 1.86560893059 63.333062 40.668539 -0.013920495 63.5 40.5 6.19591884458 0.23722076293 -4.20241438777 0.0
87 1.86516308784 64.876385 40.58717 -0.032109511 65.5 41.5 6.19591884458 1.10551086703 -3.16026053747 9.27469573736
90 1.86456608772 66.44697 40.579857 -0.020157695 67.5 41.5 6.19591884458 1.39840456283 -3.84504915179 0.689386345245
93 1.86425209045 67.930314 40.55804 -0.02084507 66.5 37.5 6.02138591938 3.37600455868 -13.8056654653 0.481735100169
96 1.86744689941 69.414343 40.447992 -0.021831497 70.5 40.5 6.19591884458 1.08690199821 -3.74914736145 0.472830603345
99 1.86353397369 70.999462 40.351868 -0.031419309 71.5 40.5 6.19591884458 0.521997489331 -3.19980619908 0.637938529429
102 1.86429286003 72.481812 40.325422 -0.028226015 72.5 39.5 0.0872664625997 0.825622360058 6.61723153197 1.38465707841
105 1.86399507523 74.028193 40.279112 -0.026102315 74.5 40.5 0.0872664625997 0.520954272267 6.49555248502 0.467658091718
108 1.86634397507 75.500101 40.224463 -0.026983514 75.5 40.5 0.0872664625997 0.275537018511 6.54604146863 0.00758750967029
111 1.8656270504 77.104162 40.159206 -0.035689283 77.5 40.5 6.19591884458 0.522329659009 -2.95515471025 0.0
114 1.86589884758 78.584191 40.097894 -0.03659834 78.5 41.5 0.0872664625997 1.40463139639 7.09693041918 0.114448959543
117 1.86457395554 80.1084 40.071744 -0.024096447 80.5 40.5 6.19591884458 0.580304886707 -3.61937528564 0.0
120 1.86828303337 80.881063 40.047709 -0.06972902 81.5 40.5 6.19591884458 0.766583432282 -1.00482144442 0.20948485988
123 1.86911296844 80.819811 40.085383 -0.20196514 81.5 41.5 6.19591884458 1.56964911124 6.57175013077 0.208294242525
126 1.86921906471 80.673305 40.189426 -0.34415967 81.5 41.5 6.02138591938 1.54952535717 4.71889656962 0.0707276385842
129 1.87125897408 80.559381 40.228255 -0.49611957 81.5 41.5 6.02138591938 1.58180259457 13.4255574948 0.603628648841
132 1.86925697327 80.474435 40.358509 -0.64523249 81.5 41.5 5.84685299418 1.53453096166 11.9690984817 0.339856972154
135 1.86948490143 80.446897 40.445937 -0.81868337 81.5 41.5 5.67232006898 1.48999152232 11.9071018585 0.355819121925
138 1.86915802956 80.377523 40.602704 -0.97166139 81.5 41.5 5.49778714378 1.43704374573 10.6720967628 0.0344982380992
141 1.86956501007 80.303277 40.677658 -1.1291983 80.5 40.5 5.32325421858 0.265070374982 9.69829682335 0.163450135567
144 1.86729502678 80.24067 40.836497 -1.2914427 80.5 40.5 4.97418836818 0.42483206083 -1.00578380702 0.0
147 1.86834692955 80.334643 40.99259 -1.4510482 80.5 40.5 4.79965544298 0.519603546513 -1.86106226995 0.0
150 1.86822891235 80.305505 41.173119 -1.6076845 80.5 41.5 4.62512251778 0.380367576413 -2.8864633614 0.0
153 1.8716981411 80.260339 41.240273 -1.7630876 83.5 40.5 4.10152374219 3.32316227552 -23.9825216082 0.495706269654
156 1.87190294266 80.351916 41.337649 -1.9138236 83.5 40.5 3.92699081699 3.25762010036 -25.3459849875 1.13403760291
159 1.87342596054 80.458888 41.424429 -2.0695544 80.5 41.5 4.10152374219 0.0860300679123 -6.42326740727 0.470112956308
162 1.87211990356 80.580246 41.530351 -2.2462491 80.5 41.5 3.92699081699 0.0857939608422 -6.29940683494 0.179498748278
165 1.86997103691 80.700832 41.575869 -2.3973477 80.5 41.5 3.92699081699 0.214684879265 2.3579052354 0.0
168 8.40922522545 80.863789 41.557834 -2.56541 80.5 41.5 3.40339204139 0.368357446072 -18.0128342793 0.288656421969
171 1.86872291565 80.910142 41.637692 -2.7112414 80.5 41.5 3.22885911619 0.432637893657 -19.6573105389 0.115957753778
174 1.87075901031 81.000304 41.730578 -2.863125 80.5 41.5 3.57792496659 0.550881390591 9.04497871839 0.597054410007
177 1.86976408958 81.313486 41.614906 -3.0334876 79.5 41.5 3.57792496659 1.81712268739 18.8060366853 0.467928355283
180 1.86969900131 81.419836 41.643078 3.1037871 80.5 41.5 2.87979326579 0.930897191413 -12.8339013371 0.348924568001
183 1.87032699585 81.472606 41.653948 2.9566422 80.5 40.5 3.40339204139 1.50915818188 25.5968804097 0.137114089654
186 1.86992692947 81.600227 41.551467 2.7956666 80.5 40.5 2.87979326579 1.52186803095 4.82010289431 0.225473822268
189 1.86893796921 81.705618 41.391179 2.6371497 79.5 37.5 3.05432619099 4.47280949426 23.9024522458 0.370680425509
192 1.87420392036 81.817002 41.340993 2.4823985 80.5 37.5 3.05432619099 4.06050754144 32.7690428804 0.161538046917
195 1.86902403831 81.903012 41.262396 2.332631 80.5 36.5 2.53072741539 4.96476165923 11.3500885386 0.00548626554952
198 1.86884999275 81.909487 41.089487 2.1583794 81.5 40.5 2.18166156499 0.717756592682 1.33396979202 0.52852864136
201 1.86814594269 81.924053 40.998223 1.9975831 81.5 40.5 2.00712863979 0.654253089055 0.546919143341 0.0
204 1.86916804314 81.960862 40.844259 1.8446809 82.5 41.5 2.00712863979 0.848920515788 9.30756988161 0.043387755646
207 1.87082409859 81.927588 40.703608 1.6857979 82.5 41.5 1.83259571459 0.980762823219 8.41089521798 0.0174861394022
210 1.86900186539 81.924928 40.686406 1.5459903 81.5 41.5 1.4835298642 0.9178774439 -3.57871935816 0.0632375504953
213 1.87189912796 81.81851 40.588718 1.3660151 82.5 41.5 1.4835298642 1.13792069303 6.73310001886 0.189784964405
216 1.87188887596 81.824065 40.431016 1.2110526 82.5 41.5 1.308996939 1.26475883728 5.61179725165 0.0755510019476
219 1.86918497086 82.277545 41.390368 1.1504821 82.5 41.5 1.1344640138 0.248002827502 -0.917768735348 0.0
222 1.87315797806 82.927041 42.739254 1.1137092 83.5 43.5 1.1344640138 0.952374134569 1.18916323511 0.452006536584
225 1.87122797966 83.677797 44.09726 1.084748 84.5 44.5 1.1344640138 0.915542069382 2.84851776474 0.0317661383895
228 1.87525010109 84.372874 45.412874 1.0478677 84.5 46.5 1.1344640138 1.09453367228 4.96160330192 0.0707802832248
231 1.90639185905 85.159381 46.677356 1.0274995 85.5 46.5 1.1344640138 0.384026631755 6.1286151982 0.623499968177
234 1.87190389633 85.928298 47.908079 0.99952116 86.5 48.5 0.959931088597 0.822929916241 -2.26834400202 0.255471257268
237 1.87918591499 86.76373 49.194484 0.95689161 87.5 49.5 0.959931088597 0.797140852771 0.174149295522 0.164757908496
240 1.89439702034 87.649962 50.387631 0.93226665 87.5 49.5 0.959931088597 0.900209638698 1.5850555742 0.0188446938615
243 1.89010095596 88.570925 51.559268 0.90792052 88.5 52.5 0.959931088597 0.943401850459 2.97998607068 0.252265011664
246 1.87041902542 89.47196 52.652014 0.8832857 88.5 53.5 0.959931088597 1.28987848179 4.39145728574 0.20439832143
249 1.87019705772 90.492516 53.754021 0.83763364 89.5 54.5 0.959931088597 1.24160085321 7.00712764982 1.0489957873
252 1.86712503433 91.498687 54.898001 0.81217592 91.5 55.5 0.785398163397 0.602000431869 -1.53425243815 0.401620071908
255 1.86728382111 92.568948 55.94073 0.78340538 92.5 55.5 0.785398163397 0.446090528485 0.114178078158 0.0
258 1.8690328598 93.547241 56.960456 0.75288469 93.5 56.5 0.785398163397 0.462873027964 1.86288480298 0.0
261 1.8682410717 94.620679 57.928363 0.72990952 94.5 57.5 0.610865238198 0.445037392598 -6.82073492242 0.0141970656016
264 1.86679792404 95.770396 58.899507 0.6896339 95.5 58.5 0.610865238198 0.482410447508 -4.51311187915 0.0
267 1.86811304092 96.962501 59.840194 0.66858365 97.5 59.5 0.610865238198 0.636110943654 -3.30702139645 0.21214880504
270 1.86770701408 98.232224 60.772339 0.64204005 98.5 60.5 0.785398163397 0.381932608057 8.21381485663 5.62513365028
273 1.8684091568 99.416545 61.686454 0.60185601 98.5 60.5 0.610865238198 1.49924241907 0.516190752417 6.73943486422
276 1.86690688133 100.66015 62.48684 0.57932353 100.5 61.5 0.610865238198 0.999750572943 1.80720675838 0.561036515073
279 1.86946082115 101.84252 63.245661 0.55317695 101.5 63.5 0.436332312999 0.426624281214 -6.69470455892 0.0510216291737
282 1.86709308624 103.2489 64.041483 0.52149049 103.5 63.5 0.610865238198 0.59687104913 5.12079586679 0.754224932093
285 1.86699509621 104.5021 64.838724 0.48902664 104.5 64.5 0.436332312999 0.338730509662 -3.01916254146 0.0
288 1.86664915085 105.89753 65.50297 0.45749312 105.5 64.5 0.610865238198 1.07887854822 8.78757506773 0.197764924205
291 1.88103294373 107.23441 66.106065 0.425495 107.5 66.5 0.436332312999 0.475102970234 0.620932296081 0.0
294 1.86360406876 108.62185 66.694881 0.38650919 109.5 66.5 0.436332312999 0.899514328213 2.85465466998 0.133053110235
297 1.86463403702 110.08086 67.251857 0.35533208 110.5 67.5 0.436332312999 0.487086530351 4.6409714904 0.0
300 1.86405587196 111.50781 67.766864 0.33459052 112.5 67.5 0.436332312999 1.02745189211 5.82937533891 0.286142309942
303 1.87052583694 112.87691 68.182524 0.30685182 113.5 67.5 0.261799387799 0.924164573372 -2.58131422191 0.384963544426
306 1.86388111115 114.36462 68.651393 0.28808498 115.5 68.5 0.261799387799 1.14542899599 -1.50605349511 0.0934047779602
309 1.86650800705 115.83449 69.001579 0.25083859 116.5 68.5 0.261799387799 0.833357698315 0.628007453988 0.303436470828
312 1.86695885658 117.19736 69.329841 0.23044123 118.5 68.5 0.261799387799 1.5445086775 1.7966900952 0.0335680184563
315 1.86869692802 117.78731 69.484411 0.20147117 118.5 68.5 0.261799387799 1.21531561869 3.45655226544 0.234763438819
318 1.86856412888 116.42938 69.228806 0.13415298 117.5 68.5 0.261799387799 1.29513913154 7.3136004369 0.274711044963
321 1.864839077 114.80773 69.128985 0.0979988 116.5 67.5 0.0872664625997 2.34890823216 -0.614917637347 0.413189432251
324 1.86575508118 113.35769 69.056433 0.067460522 115.5 67.5 0.0872664625997 2.64801356107 1.13479680565 0.261950715191
327 1.86576104164 111.81488 68.96352 0.032275621 113.5 67.5 0.0872664625997 2.23193194448 3.15074313554 0.347607503964
330 1.8665189743 110.29576 68.94659 -0.0039959963 112.5 67.5 0.0872664625997 2.63653116911 5.22895372294 0.325519174634
333 1.86697888374 108.74459 69.016615 -0.039899491 110.5 67.5 0.0872664625997 2.31982441713 7.28607243902 0.340153015278
336 1.87394285202 107.27384 69.125159 -0.081381225 109.5 68.5 6.19591884458 2.31227423133 -0.337199275895 0.217874460639
339 1.87807106972 105.77123 69.311189 -0.11875782 106.5 68.5 0.0872664625997 1.09047389085 11.8043218702 29.1448812369
342 1.87889409065 104.23308 69.487176 -0.13593074 104.5 67.5 0.0872664625997 2.00502237927 12.7882577081 0.797436820188
345 1.86309313774 102.67844 69.809947 -0.17996689 103.5 67.5 0.0872664625997 2.45169655064 15.3113432491 1.24997381749
348 1.8659799099 101.19539 70.111952 -0.20894349 101.5 67.5 0.0872664625997 2.62965406516 16.9715801337 0.523887902952
351 1.86435008049 99.695937 70.47501 -0.24032587 99.5 67.5 0.0872664625997 2.98145531713 18.7696580588 0.595365810457
354 1.86598491669 98.200311 70.897104 -0.28344925 97.5 67.5 0.0872664625997 3.46853731183 21.2404457311 0.747739546939
357 1.86462807655 96.614615 71.415819 -0.3144709 96.5 71.5 6.02138591938 0.142207731808 3.01785534968 0.0
360 1.86570906639 95.216051 71.909445 -0.34657274 95.5 71.5 6.02138591938 0.49826924712 4.85715529628 0.0
363 1.86638402939 93.790761 72.497598 -0.38120404 93.5 71.5 6.02138591938 1.03910717865 6.84138262534 0.702200735791
366 1.86452913284 92.417114 73.016357 -0.35870282 91.5 72.5 6.02138591938 1.05248403334 5.55215768544 0.56982742674
369 1.86691498756 91.055309 73.519772 -0.33819517 91.5 74.5 5.84685299418 1.07638144608 -5.62284410729 18.2825282077
372 1.86620497704 89.614615 74.074076 -0.31837694 90.5 75.5 5.84685299418 1.67844149496 -6.75834504371 1.75986099383
375 1.86842894554 88.314109 74.556366 -0.29979055 88.5 76.5 5.84685299418 1.95250316001 -7.82326674709 1.26475393994
378 1.86347103119 86.88131 74.994533 -0.2764152 87.5 76.5 5.84685299418 1.62763884329 -9.16257564674 1.88250237018
381 1.86773204803 85.443672 75.387112 -0.25727157 85.5 77.5 5.84685299418 2.11363869763 -10.2594248503 0.705724056686
384 1.86490321159 84.055287 75.832526 -0.23267107 84.5 77.5 5.84685299418 1.72575757076 -11.6689296742 0.555040038053
387 1.86929297447 82.664555 76.128737 -0.22389476 83.5 77.5 6.02138591938 1.60571808335 -2.17177519691 0.556264542836
390 1.86642003059 81.173968 76.455415 -0.20673661 81.5 77.5 6.02138591938 1.09428272729 -3.15486477616 0.415038791457
393 1.86684298515 79.819657 76.754609 -0.1833313 80.5 78.5 6.02138591938 1.87330092098 -4.49589025735 0.897244554946
396 1.8653011322 78.325485 77.027059 -0.15611548 78.5 79.5 6.02138591938 2.47909109851 -6.05524187934 0.492237071604
399 1.86685013771 76.892215 77.264525 -0.13798763 77.5 80.5 5.84685299418 3.29206638479 -17.093891176 0.123618848135
402 1.86556100845 75.420868 77.548324 -0.12557438 75.5 79.5 6.02138591938 1.95327957098 -7.80511801103 0.230846914426
405 1.8675968647 73.926916 77.691819 -0.097717287 74.5 80.5 6.02138591938 2.86606102514 -9.40121186943 0.453359664392
408 1.86517500877 72.448195 77.857208 -0.08052134 73.5 81.5 6.02138591938 3.79159957185 -10.3864670573 0.30004929109
411 1.86565089226 71.010734 77.97039 -0.05919809 71.5 80.5 6.19591884458 2.5764914071 -1.60819928776 0.326010199578
414 1.8704199791 70.665666 77.98114 -0.052809071 70.5 80.5 6.19591884458 2.52430206654 -1.97426311169 0.785580537024
417 1.86863899231 70.65903 77.973391 -0.052747867 70.5 81.5 6.19591884458 3.53019285306 -1.97776984258 0.213858005707
420 1.86862182617 70.662549 77.975477 -0.051931253 70.5 80.5 6.19591884458 2.52975069027 -2.02455837827 0.877059477527
423 1.86918401718 70.657477 77.975804 -0.053730261 70.5 79.5 6.19591884458 1.53230951571 -1.92148281256 0.432628815979
426 1.86857295036 70.657208 77.964864 -0.053397677 70.5 78.5 6.19591884458 0.557749848731 -1.9405384721 0.433376663851
