3 1.87148094177 58.425211 99.52669 -0.076600623 5.5 99.5 2.00712863979 52.9252177298 119.388892406 0.770558096429
6 1.87614607811 58.436309 99.5178 -0.082073852 91.5 55.5 2.00712863979 55.0524693305 119.702485328 0.433558768471
9 1.86636996269 59.138497 99.506199 -0.079127672 92.5 57.5 2.18166156499 53.6424331742 129.533681648 0.420856301776
12 1.86827802658 60.588187 99.398001 -0.084356487 21.5 75.5 2.87979326579 45.8148536475 169.83327068 0.7637732471
15 1.86634206772 62.026729 99.268445 -0.080345137 114.5 8.5 1.1344640138 104.844431312 69.6034372545 1.12647536332
18 1.86676001549 63.612811 99.142137 -0.077882356 114.5 11.5 2.70526034059 101.344216324 159.462330297 1.41738300869
21 1.86597418785 65.109709 99.045111 -0.075303117 105.5 45.5 2.35619449019 67.070519001 139.314550788 1.1737193589
24 1.86793494225 66.576646 98.887554 -0.079079542 111.5 12.5 2.70526034059 97.3700016469 159.530924002 0.994139070129
27 1.86672401428 68.114632 98.811042 -0.080004433 85.5 57.5 4.97418836818 44.8202321683 -70.4160836468 0.883364361469
30 1.86985898018 69.601579 98.673025 -0.074381156 71.5 48.5 1.83259571459 50.2089278908 109.261726314 1.33737029442
33 1.86692595482 71.154315 98.514904 -0.080273853 71.5 49.5 1.83259571459 49.0161229826 109.599352982 1.59811180198
36 1.86880302429 72.642873 98.438251 -0.077397051 54.5 68.5 2.70526034059 35.0066095707 159.434524369 0.808062006875
39 1.86721801758 74.179887 98.27586 -0.078945335 54.5 73.5 2.70526034059 31.6408152719 159.523234508 1.35402935738
42 1.86834812164 75.689674 98.17429 -0.079512997 63.5 71.5 6.02138591938 29.3275621085 -10.4442408555 1.56574322928
45 1.86605882645 77.259307 98.055637 -0.072379503 64.5 70.5 6.02138591938 30.3663143235 -10.8529599548 1.24358816642
48 1.86703419685 78.667542 97.976243 -0.066300397 65.5 69.5 5.84685299418 31.3732462094 -21.2012670719 1.45655895183
51 1.86642098427 80.25432 97.827625 -0.077582567 66.5 66.5 5.84685299418 34.2140527679 -20.5548463471 1.51062506388
54 1.87000989914 81.813353 97.68277 -0.074716444 68.5 68.5 5.84685299418 32.0761505324 -20.7190630986 1.77548369873
57 1.86782312393 82.622729 97.654646 -0.085105116 68.5 67.5 6.02138591938 33.2979601446 -10.1238360382 2.27891382181
60 1.86995506287 81.436592 97.754867 -0.094486992 66.5 66.5 5.84685299418 34.6405613662 -19.5862941395 1.2575968824
63 1.86577391624 79.890684 97.897701 -0.093381766 64.5 66.5 6.02138591938 34.9669670128 -9.64961892472 1.86838045339
66 1.86730098724 78.411812 98.037468 -0.097953665 64.5 68.5 6.02138591938 32.6496635354 -9.38766840766 1.46570378408
69 1.86668014526 76.931086 98.162597 -0.096433306 62.5 68.5 6.02138591938 32.9867534614 -9.47477856171 1.23641107835
72 1.86452722549 75.443161 98.337547 -0.10164342 60.5 69.5 6.02138591938 32.4792576524 -9.17626101872 0.898201141535
75 1.86665797234 73.912871 98.553041 -0.10292365 59.5 69.5 6.02138591938 32.4316210173 -9.10290924292 1.00037210209
78 1.8632209301 72.413468 98.668417 -0.11145399 57.5 70.5 6.02138591938 31.8727351207 -8.61415676311 0.882587024359
81 1.86663293839 70.926618 98.82512 -0.11572496 56.5 68.5 6.19591884458 33.5818434564 1.63055179232 1.78985696675
84 1.86504793167 69.460294 99.048845 -0.12091472 56.5 72.5 6.02138591938 29.5433645917 -8.07209686299 1.11766065468
87 1.86639499664 67.984026 99.205817 -0.12024712 56.5 73.5 6.02138591938 28.1544291508 -8.1103475254 1.1169020379
90 1.86626720428 66.409271 99.378533 -0.12589377 75.5 52.5 0.959931088597 47.7518398597 62.213181688 1.41699768903
93 1.86732792854 64.97003 99.579245 -0.12534264 76.5 51.5 0.959931088597 49.4424312506 62.181604265 1.76797860913
96 1.86441707611 63.450289 99.830398 -0.13542326 76.5 49.5 0.959931088597 51.9946528022 62.7591812459 1.49388173646
99 1.86575889587 62.015499 100.01094 -0.13023941 50.5 76.5 5.84685299418 26.1795916107 -17.5378314807 1.15644956145
102 1.86395311356 60.420275 100.24313 -0.1356293 49.5 77.5 5.84685299418 25.2289985587 -17.2290135317 1.59635756459
105 1.86455011368 58.989222 100.44438 -0.14088208 47.5 77.5 5.84685299418 25.6602181548 -16.928051407 2.29982508252
108 1.872371912 58.528509 100.58832 -0.24160345 76.5 45.5 0.959931088597 57.9456425384 68.8428580008 1.76213933636
111 1.86924505234 58.390768 100.67023 -0.3827913 47.5 79.5 5.49778714378 23.8072985843 -23.0676740757 2.27446224528
114 1.87434387207 58.26024 100.80046 -0.53685502 47.5 80.5 5.32325421858 22.9758882542 -24.2404731436 1.64265397324
117 1.87854504585 58.2435 100.85046 -0.70040996 47.5 80.5 5.14872129338 23.0122579175 -24.8694653631 1.5244491887
120 8.42248392105 58.129433 100.95873 -0.85888639 47.5 80.5 4.97418836818 23.0552484071 -25.7894347718 1.3123650603
123 1.87650799751 58.21235 101.09089 -1.0276822 47.5 80.5 4.79965544298 23.2107559876 -26.1181472593 1.62402157333
126 1.86864614487 58.152327 101.12822 -1.1869287 47.5 80.5 4.62512251778 23.216277283 -26.9939949071 1.74667084835
129 1.86989188194 58.049715 101.26081 -1.3398137 46.5 79.5 4.45058959259 24.6359243471 -28.2343296562 2.90414084837
132 1.86843395233 58.024835 101.49733 -1.4943786 46.5 79.5 4.27605666739 24.8335327512 -29.3784132253 2.25733317516
135 1.86973404884 58.064001 101.65215 -1.6522241 46.5 79.5 4.10152374219 24.9888748997 -30.3345322602 2.03664982468
138 1.86994814873 58.104403 101.68885 -1.8037565 46.5 79.5 4.10152374219 25.0401124859 -21.6523652807 1.92707448074
141 1.87184810638 58.177183 101.78616 -1.9584038 46.5 78.5 4.10152374219 26.0499875309 -12.7917276776 1.79450987472
144 1.87014293671 58.164815 101.89412 -2.1101089 50.5 80.5 3.40339204139 22.72570702 -44.099665717 1.66427826154
147 1.86904501915 58.333441 101.96561 -2.2758326 50.5 80.5 3.22885911619 22.850278129 -44.6043971417 0.735662579246
150 1.87025499344 58.547547 101.97367 -2.4518694 59.5 100.5 3.57792496659 1.75467090536 -14.5182314627 4.54105031675
153 1.8693549633 58.609003 102.09152 -2.5989269 58.5 102.5 3.75245789179 0.422773656238 3.90754263302 0.0
156 1.87169003487 58.561869 102.14088 -2.6173282 58.5 102.5 3.75245789179 0.364410410884 4.96185946057 0.0
159 1.86876296997 58.51155 102.01626 -2.5045701 58.5 102.5 3.92699081699 0.483877866925 8.50129622466 21.6630254704
162 1.87301397324 58.437648 101.90068 -2.3721379 58.5 102.5 4.10152374219 0.60255475627 10.913490093 1.72287111848
165 1.8684129715 58.147744 101.95537 -2.2082701 58.5 102.5 4.10152374219 0.648618629424 1.52455675493 1.3875399756
168 1.87031912804 58.037351 101.82492 -2.0566813 57.5 102.5 4.45058959259 0.862832025136 12.8391582935 0.569826045396
171 1.86873197556 57.944091 101.71587 -1.9011295 57.5 102.5 4.62512251778 0.901152968802 13.9266966578 0.303391024373
174 1.86981511116 57.908577 101.57431 -1.7585036 58.5 102.5 4.62512251778 1.09849130221 5.75483453856 1.99616681481
177 1.87034702301 57.841285 101.40683 -1.6171883 58.5 102.5 4.79965544298 1.27629389254 7.65806426794 0.985203250394
180 1.8704791069 57.86028 101.30305 -1.4556073 57.5 102.5 5.14872129338 1.24999639235 18.4001549184 0.596872401953
183 1.86904001236 57.788579 101.03213 -1.3093986 58.5 103.5 5.14872129338 2.56836566247 10.0230134803 0.480624738558
186 1.87066698074 57.852229 100.87925 -1.1701135 58.5 101.5 5.14872129338 0.897183276115 2.04256510128 0.578371566434
189 1.87230181694 57.956865 100.8248 -1.0236231 58.5 101.5 5.14872129338 0.866539478746 -6.3507165579 1.35637172406
192 1.87143611908 57.906072 100.67156 -0.85835482 58.5 101.5 5.32325421858 1.01934454567 -5.81989148929 0.91257493702
195 8.41123700142 57.990597 100.53155 -0.72265365 58.5 101.5 5.32325421858 1.09425171643 -13.5949958053 0.411458959731
198 1.87306714058 58.042848 100.37669 -0.56279892 59.5 101.5 5.49778714378 1.8398688288 -12.7539971695 0.149055286041
201 1.8806681633 58.157277 100.32166 -0.41301063 59.5 101.5 5.67232006898 1.78644625173 -11.336234007 0.268509253773
204 1.86999177933 58.686264 100.08548 -0.29965148 60.5 101.5 5.67232006898 2.30010980349 -17.8312348712 0.727991635271
207 1.86548519135 59.980629 99.666017 -0.30408986 59.5 100.5 6.02138591938 0.962565260089 2.42306557072 0.569574287375
210 1.86398291588 61.363687 99.173884 -0.32636207 61.5 99.5 5.84685299418 0.35345845502 -6.30083079585 0.211329047756
213 1.86489796638 62.885593 98.69498 -0.37512441 63.5 99.5 5.67232006898 1.01269598698 -13.5069545147 0.168450422986
216 1.86468195915 64.287236 98.118834 -0.4012694 64.5 98.5 5.67232006898 0.436527249152 -12.0089569323 0.112752750047
219 3.46443510056 66.572969 97.068508 -0.44319642 66.5 96.5 5.67232006898 0.573171720364 -9.60671563869 0.377353244395
222 1.86585998535 67.896132 96.441291 -0.47211549 67.5 95.5 5.49778714378 1.02124889626 -17.9497749802 0.338017593151
225 1.86706781387 69.150612 95.708615 -0.49267498 68.5 93.5 5.49778714378 2.30245004132 -16.7718029743 0.409467986961
228 1.86519384384 70.465141 94.973778 -0.52461339 70.5 93.5 5.49778714378 1.47419019911 -14.9418668769 0.434493164746
231 1.86641788483 71.675984 94.192345 -0.54871183 71.5 92.5 5.49778714378 1.70147053083 -13.5611279721 0.439635405236
234 1.86453199387 72.999296 93.402727 -0.58180979 73.5 93.5 5.67232006898 0.510065223422 -1.66475455361 0.256782367755
237 1.86662197113 74.284244 92.44261 -0.63095882 73.5 92.5 5.49778714378 0.786341060632 -8.84872256745 0.224097803318
240 1.86391782761 75.447368 91.599491 -0.66374929 75.5 90.5 5.49778714378 1.1007500109 -6.9699670282 0.171483219911
243 1.86603784561 76.572595 90.665594 -0.69142624 75.5 88.5 5.49778714378 2.41666245199 -5.3841946034 0.267270852205
246 1.86388707161 77.783785 89.658033 -0.71509647 76.5 87.5 5.49778714378 2.51101779271 -4.0279903243 0.056205603801
249 1.86472296715 78.874801 88.696028 -0.74032963 78.5 87.5 5.49778714378 1.25337893966 -2.58223675252 0.0737051421413
252 1.86635088921 80.03236 87.613917 -0.7252394 80.5 87.5 5.67232006898 0.481315128049 6.5531567566 0.180220022462
255 1.86612796783 81.079285 86.604124 -0.70281223 82.5 86.5 5.67232006898 1.42452550648 5.26817456918 0.384108291902
258 1.86463117599 82.380517 85.593177 -0.66953842 83.5 85.5 5.67232006898 1.12335396942 3.36172568786 0.160349653646
261 1.86753296852 83.553536 84.670161 -0.64546431 84.5 83.5 5.67232006898 1.50501523887 1.98238078932 0.333746423783
264 1.86790299416 84.753159 83.736184 -0.60820056 85.5 82.5 5.67232006898 1.44427226005 -0.152674814507 0.36427360024
267 1.86301493645 85.938286 82.919631 -0.58097683 87.5 82.5 5.67232006898 1.61710877617 -1.71247964611 0.488663892809
270 1.86449599266 87.249998 82.030848 -0.55954063 88.5 82.5 5.84685299418 1.33514366235 7.05931656509 0.25254299955
273 1.8662378788 88.578333 81.141585 -0.52544337 89.5 82.5 5.67232006898 1.64157283454 -4.89431252587 0.266732391382
276 1.86711597443 89.874585 80.458812 -0.49549775 90.5 80.5 5.67232006898 0.626769793121 -6.61007016677 0.486640060708
279 1.8651239872 91.229191 79.664539 -0.46697991 92.5 81.5 5.84685299418 2.23245886793 1.7559779604 0.314716388848
282 1.86716103554 92.640842 79.007823 -0.44436504 95.5 83.5 6.02138591938 5.32488860619 10.4602413552 0.459512492798
285 1.86438298225 93.942666 78.269838 -0.40450827 94.5 80.5 5.84685299418 2.29874829718 -1.82338335086 6.9032816637
288 1.86761283875 95.385584 77.620959 -0.38607018 95.5 77.5 6.02138591938 0.166499551762 7.12019190986 0.437472366704
291 1.86424398422 96.747733 77.074345 -0.36376533 97.5 77.5 6.02138591938 0.864342419597 5.84221814218 0.615314342001
294 1.86707186699 98.250871 76.540386 -0.33417824 98.5 76.5 6.02138591938 0.252381234716 4.14700275711 0.0
297 1.86460804939 99.752933 76.027378 -0.30758365 100.5 77.5 6.02138591938 1.65127970295 2.62324499223 0.222072122251
300 1.87101507187 100.00981 75.897783 -0.33361957 100.5 76.5 5.84685299418 0.776499550025 -5.88500667603 1.30564735046
303 1.86628818512 98.714105 76.429985 -0.36219797 98.5 77.5 5.84685299418 1.0912254814 -4.24758497079 0.441720748014
306 1.86678195 97.284888 77.028291 -0.39087517 97.5 77.5 5.84685299418 0.518442430001 -2.60450244254 0.0
309 1.86581683159 95.817851 77.649213 -0.42317241 96.5 78.5 5.84685299418 1.0904887792 -0.75400690062 0.125809104737
312 1.86678409576 94.571565 78.35291 -0.46228827 94.5 78.5 5.84685299418 0.16357572352 1.4871667894 0.0
315 1.86624002457 93.13187 79.138887 -0.4938927 93.5 80.5 5.84685299418 1.41001712602 3.29796724232 3.1776288182
318 1.86679887772 91.836662 79.862922 -0.52529077 91.5 80.5 5.84685299418 0.720562058624 5.09694413818 0.854029684551
321 1.86941099167 90.529269 80.702102 -0.55721841 90.5 81.5 5.84685299418 0.798434651531 6.92626315999 0.84843554873
324 1.86786794662 89.308886 81.573217 -0.59808232 88.5 81.5 5.84685299418 0.812192889704 9.26759273739 0.981814557636
327 1.86634588242 88.100372 82.484783 -0.6409076 86.5 81.5 5.84685299418 1.87909235948 11.7213005379 0.25772725163
330 1.86431598663 86.96204 83.432583 -0.67310863 85.5 81.5 5.84685299418 2.42331137361 13.5662836528 0.04705593081
333 1.86707186699 85.711036 84.448892 -0.70015711 85.5 84.5 5.67232006898 0.217136410949 5.11604739908 0.565751301751
336 1.86374497414 84.630521 85.38864 -0.74348817 83.5 85.5 5.67232006898 1.13599242121 7.59873425891 0.348789118721
339 1.86576199532 83.531548 86.470864 -0.76732045 82.5 86.5 5.67232006898 1.03195939009 8.96422331908 0.281322665627
342 1.8687081337 82.436303 87.632765 -0.79615086 80.5 85.5 5.67232006898 2.88061726945 10.6160841337 0.108532501104
345 1.86664319038 81.390428 88.717115 -0.83255466 80.5 88.5 5.49778714378 0.916515655299 2.70186823195 0.424197117542
348 3.47312498093 80.091493 90.270385 -0.85191671 77.5 87.5 5.67232006898 3.79352988881 13.8112319797 0.405402182719
351 1.86860990524 79.121061 91.3195 -0.83027867 76.5 88.5 5.67232006898 3.84961569715 12.5714636107 0.340466852498
354 1.87549996376 78.091476 92.534394 -0.81038411 75.5 89.5 5.67232006898 3.99040033152 11.4315892875 0.218897941177
357 1.86695289612 77.093441 93.512556 -0.78090008 74.5 91.5 5.67232006898 3.28273024686 9.74227880543 0.549044927229
360 1.86439609528 76.051262 94.597058 -0.76703211 74.5 93.5 5.67232006898 1.89998685469 8.94770265401 0.354856076825
363 1.86624884605 75.027276 95.58972 -0.75132884 73.5 93.5 5.67232006898 2.58833955627 8.04797155846 0.314991684353
366 1.86763501167 73.852657 96.593273 -0.72312741 71.5 94.5 5.67232006898 3.14909301422 6.43214864323 0.226078091875
369 1.86732506752 72.811015 97.559971 -0.70587276 71.5 96.5 5.67232006898 1.68591187524 5.44353002125 0.169928765672
372 1.86531496048 71.630899 98.505259 -0.68120937 70.5 97.5 5.67232006898 1.51310217939 4.03042186577 0.176473609747
375 1.86472892761 70.538887 99.423882 -0.66641532 67.5 95.5 5.84685299418 4.96303174972 13.1827852389 0.640459362919
378 1.86605501175 69.331788 100.31013 -0.63648641 67.5 98.5 5.84685299418 2.57527045062 11.4679850104 0.539759786033
381 1.86567497253 68.205766 101.18772 -0.63190253 67.5 100.5 5.67232006898 0.985426022163 1.20534803264 0.249943082284
384 1.86434698105 66.997353 102.01418 -0.604237 66.5 102.5 5.67232006898 0.695256124755 -0.379770074354 0.0
387 1.86751794815 65.749881 102.79371 -0.58263231 64.5 101.5 5.67232006898 1.79885743689 -1.61762762904 0.0503396433153
390 1.86519694328 64.390622 103.72927 -0.540005 64.5 103.5 5.67232006898 0.254024171653 -4.05999258404 0.0
393 1.86563587189 63.066948 104.49561 -0.5165186 61.5 102.5 5.84685299418 2.53727911488 4.59433582001 0.891159504802
396 1.86708498001 62.072466 105.11862 -0.50368551 60.5 103.5 5.84685299418 2.25667455021 3.85905392489 0.396485560102
399 1.86751508713 62.084059 105.11634 -0.50537083 61.5 105.5 5.67232006898 0.698798906039 -6.04438435198 0.376856892544
402 1.86880588531 62.06969 105.12384 -0.50501376 62.5 105.5 5.67232006898 0.571544435455 -6.06484295597 0.446592371925
405 1.86803293228 62.088061 105.11683 -0.50531554 61.5 105.5 5.67232006898 0.701879611202 -6.04755223563 0.228358017687
408 1.87147402763 62.080145 105.11527 -0.50526072 61.5 104.5 5.67232006898 0.845650869996 -6.05069319026 0.435799992566
411 1.86885619164 62.084425 105.11388 -0.50526675 61.5 104.5 5.67232006898 0.847585532572 -6.05034769671 0.479763473039
414 1.86943888664 62.090561 105.10315 -0.50372534 62.5 105.5 5.67232006898 0.57020190917 -6.13866398421 0.41080176829
