3 1.87803697586 31.520043 41.394881 -0.0070850614 96.5 122.5 0.436332312999 103.925142 25.4059441158 0.503760521087
6 1.87896513939 31.529937 41.402987 -0.0081764059 106.5 25.5 1.308996939 76.638210716 75.4684735497 0.704955811915
9 1.88039112091 31.522543 41.401068 -0.0068718684 44.5 38.5 2.87979326579 13.2977661931 165.393729057 0.370942122256
12 1.9238820076 31.528168 41.375423 -0.0049451513 69.5 27.5 3.57792496659 40.4275572953 -154.716663701 1.02494908247
15 1.90040111542 31.523843 41.397689 -0.0081913964 85.5 18.5 3.40339204139 58.6321557341 -164.530667558 0.566675662823
18 1.89862203598 31.52518 41.394772 -0.0077822512 57.5 28.5 4.97418836818 28.9994210108 -74.5541098511 0.949731697939
21 1.88898992538 31.646202 41.400982 -0.0069641742 58.5 28.5 4.97418836818 29.7919754899 -74.6009822105 1.66094088273
24 1.87798595428 32.968315 41.348607 -0.0066445448 78.5 8.5 5.84685299418 56.1441476984 -24.6192956262 1.27363081274
27 1.88573098183 34.520488 41.363888 -0.010157874 55.5 16.5 1.83259571459 32.5323354562 105.582003309 1.88599643932
30 1.88706207275 35.981317 41.339656 -0.012968194 35.5 42.5 6.19591884458 1.25621027413 -4.25697721589 0.34636894523
33 1.90667915344 37.47125 41.3168 -0.01805047 37.5 41.5 0.0872664625997 0.185442181016 6.03421574923 0.678300142959
36 1.88200902939 39.051821 41.275587 -0.019803098 39.5 42.5 6.19591884458 1.30386027266 -3.86536606332 1.4139447371
39 1.88247704506 40.609584 41.247017 -0.013659721 40.5 41.5 0.0872664625997 0.275697390893 5.78264436263 1.10569727762
42 1.88070201874 42.081473 41.279186 -0.014178183 41.5 42.5 6.19591884458 1.35221953555 -4.18764995294 0.284173764331
45 1.94912910461 43.552295 41.213208 -0.0092852628 43.5 42.5 6.19591884458 1.28785419139 -4.46799362989 0.484286319174
48 2.05160117149 45.079977 41.189892 -0.010404952 45.5 42.5 6.19591884458 1.3757915148 -4.40384016436 0.341369993957
51 1.90330982208 46.640834 41.096545 -0.012029947 47.5 41.5 6.19591884458 0.949179726175 -4.31073480913 0.21769355058
54 1.86878395081 48.21014 41.103056 -0.013219293 48.5 41.5 6.19591884458 0.491511300721 -4.24259030295 0.0
57 1.8729121685 49.69993 40.993437 -0.019411138 50.5 42.5 0.0872664625997 1.70582650873 6.11217628295 3.08664268033
60 1.89442491531 51.221815 41.026894 -0.026800957 51.5 41.5 6.19591884458 0.548831651293 -3.46441827699 0.0
63 1.88448190689 52.707826 40.957156 -0.02058299 52.5 41.5 6.19591884458 0.581266939204 -3.82068154324 0.846702685331
66 1.89088392258 54.31159 40.951842 -0.027308534 54.5 41.5 6.19591884458 0.579633954375 -3.43533625711 1.39440159379
69 1.89159297943 55.778879 40.909196 -0.015002614 56.5 41.5 6.19591884458 0.932236484513 -4.14041353614 4.4372117461
72 1.89417600632 57.331901 40.836464 -0.018380323 57.5 42.5 6.19591884458 1.6720075649 -3.94688506601 5.1995341217
75 1.9102768898 58.848313 40.76075 -0.022921269 59.5 41.5 6.19591884458 0.985487954502 -3.68670802522 6.33031239419
78 1.87411403656 60.388876 40.75568 -0.012358794 60.5 41.5 6.19591884458 0.75256946907 -4.29189326393 4.38808405222
81 1.87615299225 61.86858 40.735896 -0.015077049 62.5 41.5 6.19591884458 0.991234653962 -4.13614872479 3.59992620366
84 1.87345981598 63.333062 40.668539 -0.013920495 63.5 41.5 6.19591884458 0.848054060992 -4.20241438777 1.88023820412
87 1.86801791191 64.876385 40.58717 -0.032109511 65.5 41.5 6.19591884458 1.10551086703 -3.16026053747 3.12386954968
90 1.87053108215 66.44697 40.579857 -0.020157695 67.5 41.5 6.19591884458 1.39840456283 -3.84504915179 1.05473975775
93 1.87248921394 67.930314 40.55804 -0.02084507 68.5 41.5 6.19591884458 1.10083185828 -3.80566546535 2.3580086302
96 1.86976385117 69.414343 40.447992 -0.021831497 70.5 41.5 6.19591884458 1.51174467213 -3.74914736145 0.291457963604
99 1.86896705627 70.999462 40.351868 -0.031419309 71.5 41.5 6.19591884458 1.25249566022 -3.19980619908 0.953052202021
102 1.87263703346 72.481812 40.325422 -0.028226015 73.5 41.5 6.19591884458 1.55445819546 -3.38276846803 0.371585403651
105 1.86750221252 74.028193 40.279112 -0.026102315 74.5 40.5 6.19591884458 0.520954272267 -3.50444751498 0.0
108 1.86882686615 75.500101 40.224463 -0.026983514 75.5 40.5 6.19591884458 0.275537018511 -3.45395853137 0.0
111 1.86545014381 77.104162 40.159206 -0.035689283 77.5 40.5 6.19591884458 0.522329659009 -2.95515471025 0.0
114 1.87040519714 78.584191 40.097894 -0.03659834 78.5 40.5 6.19591884458 0.410825217966 -2.90306958082 0.0
117 1.86687111855 80.1084 40.071744 -0.024096447 80.5 40.5 6.19591884458 0.580304886707 -3.61937528564 0.0
120 1.87004899979 80.881063 40.047709 -0.06972902 80.5 40.5 6.19591884458 0.591418767584 -1.00482144442 0.0
123 1.871489048 80.819811 40.085383 -0.20196514 81.5 40.5 6.02138591938 0.796595463463 -3.42824986923 0.915170093444
126 1.87281513214 80.673305 40.189426 -0.34415967 81.5 40.5 5.84685299418 0.883108618745 -5.28110343038 4.26838837014
129 1.87230396271 80.559381 40.228255 -0.49611957 81.5 40.5 5.67232006898 0.979086026959 -6.57444250515 7.9359057895
132 1.8780040741 80.474435 40.358509 -0.64523249 81.5 40.5 5.49778714378 1.03527932091 -8.03090151828 0.805076086924
135 1.87224888802 80.446897 40.445937 -0.81868337 81.5 40.5 5.32325421858 1.05448979918 -8.09289814145 2.16238175258
138 1.87102794647 80.377523 40.602704 -0.97166139 81.5 40.5 5.14872129338 1.12716579399 -9.32790323718 1.19694941814
141 1.8712041378 80.303277 40.677658 -1.1291983 81.5 40.5 4.97418836818 1.20983813119 -10.3017031767 0.66735036489
144 1.87038397789 80.24067 40.836497 -1.2914427 81.5 40.5 5.14872129338 1.3035115189 8.99421619298 0.588670912234
147 1.87588095665 80.334643 40.99259 -1.4510482 81.5 39.5 4.79965544298 1.89364248092 -1.86106226995 0.0851012687217
150 1.95619392395 80.305505 41.173119 -1.6076845 81.5 39.5 4.62512251778 2.05575910388 -2.8864633614 0.747373408214
153 1.90496110916 80.260339 41.240273 -1.7630876 81.5 39.5 4.45058959259 2.13665849154 -3.98252160815 0.805444497631
156 1.96058106422 80.351916 41.337649 -1.9138236 81.5 41.5 4.27605666739 1.15950623899 -5.34598498747 0.413597377082
159 1.91071200371 80.458888 41.424429 -2.0695544 81.5 41.5 4.10152374219 1.04385112568 -6.42326740727 0.480051763378
162 1.96471500397 80.580246 41.530351 -2.2462491 81.5 40.5 3.92699081699 1.38114829172 -6.29940683494 0.28181148868
165 1.96866202354 80.700832 41.575869 -2.3973477 80.5 39.5 3.75245789179 2.08556121881 -7.6420947646 0.371130666915
168 8.44566202164 80.863789 41.557834 -2.56541 81.5 40.5 3.57792496659 1.23441371026 -8.01283427934 1.08882830813
171 1.87762403488 80.910142 41.637692 -2.7112414 81.5 40.5 3.40339204139 1.28151299136 -9.65731053886 0.761313432485
174 1.8709051609 81.000304 41.730578 -2.863125 81.5 40.5 3.22885911619 1.32816350895 -10.9550212816 0.836238679602
177 1.90115404129 81.313486 41.614906 -3.0334876 81.5 40.5 3.22885911619 1.13039942544 -1.19396331473 0.648958064216
180 1.9030559063 81.419836 41.643078 3.1037871 80.5 40.5 3.05432619099 1.46721695089 -2.83390133715 0.48290251728
183 2.05287504196 81.472606 41.653948 2.9566422 80.5 40.5 2.87979326579 1.50915818188 -4.40311959027 0.781164952821
186 1.93363904953 81.600227 41.551467 2.7956666 80.5 40.5 2.70526034059 1.52186803095 -5.17989710569 0.897065145649
189 1.8868830204 81.705618 41.391179 2.6371497 80.5 39.5 2.53072741539 2.24278237285 -6.09754775419 0.949785405737
192 1.86976289749 81.817002 41.340993 2.4823985 80.5 39.5 2.35619449019 2.26357007712 -7.23095711961 0.747093876801
195 2.02162504196 81.903012 41.262396 2.332631 81.5 40.5 2.18166156499 0.862360906442 -8.64991146138 0.894858614339
198 2.11464500427 81.909487 41.089487 2.1583794 80.5 40.5 2.00712863979 1.5277920429 -8.66603020798 0.664463453096
201 1.87087607384 81.924053 40.998223 1.9975831 80.5 40.5 1.83259571459 1.50869251491 -9.45308085666 0.072812319543
204 1.87055802345 81.960862 40.844259 1.8446809 80.5 39.5 1.65806278939 1.98523299442 -10.6924301184 0.17215395772
207 1.87543702126 81.927588 40.703608 1.6857979 80.5 40.5 1.4835298642 1.44203457497 -11.589104782 1.18348367968
210 1.87458586693 81.924928 40.686406 1.5459903 80.5 40.5 1.308996939 1.43706889258 -13.5787193582 0.689319266758
213 1.87082409859 81.81851 40.588718 1.3660151 80.5 40.5 1.1344640138 1.3214913937 -13.2668999811 0.773800110163
216 1.87076616287 81.824065 40.431016 1.2110526 80.5 40.5 0.959931088597 1.32586082093 -14.3882027483 0.191639583758
219 1.86860084534 82.277545 41.390368 1.1504821 81.5 41.5 0.959931088597 0.785235889685 -10.9177687353 0.541741807201
222 1.87024092674 82.927041 42.739254 1.1137092 82.5 42.5 0.959931088597 0.489496161575 -8.81083676489 0.712042056366
225 1.86908578873 83.677797 44.09726 1.084748 83.5 44.5 0.959931088597 0.440240026359 -7.15148223526 3.92322341953
228 1.89820981026 84.372874 45.412874 1.0478677 84.5 44.5 0.959931088597 0.921683220934 -5.03839669808 2.61522864731
231 1.8795208931 85.159381 46.677356 1.0274995 85.5 46.5 0.959931088597 0.384026631755 -3.8713848018 0.0
234 1.88524603844 85.928298 47.908079 0.99952116 86.5 47.5 0.959931088597 0.702404190652 -2.26834400202 0.430221990975
237 1.95657110214 86.76373 49.194484 0.95689161 87.5 48.5 0.959931088597 1.01212723467 0.174149295522 1.780218244
240 1.99873113632 87.649962 50.387631 0.93226665 87.5 49.5 0.959931088597 0.900209638698 1.5850555742 0.207490387376
243 1.89492797852 88.570925 51.559268 0.90792052 88.5 50.5 0.959931088597 1.06163979364 2.97998607068 0.0292554854134
246 1.98792314529 89.47196 52.652014 0.8832857 89.5 52.5 0.785398163397 0.154578451914 -5.60854271426 0.141549884165
249 1.96035194397 90.492516 53.754021 0.83763364 90.5 52.5 0.959931088597 1.25404333207 7.00712764982 0.150348637064
252 1.89396500587 91.498687 54.898001 0.81217592 91.5 54.5 0.785398163397 0.398003165779 -1.53425243815 0.0
255 2.01609611511 92.568948 55.94073 0.78340538 92.5 56.5 0.785398163397 0.563504001409 0.114178078158 1.00537241255
258 1.96034312248 93.547241 56.960456 0.75288469 94.5 56.5 0.785398163397 1.05819158947 1.86288480298 1.89739018849
261 1.87384915352 94.620679 57.928363 0.72990952 94.5 57.5 0.785398163397 0.445037392598 3.17926507758 0.0
264 1.87256598473 95.770396 58.899507 0.6896339 95.5 58.5 0.610865238198 0.482410447508 -4.51311187915 0.0
267 1.88254284859 96.962501 59.840194 0.66858365 96.5 59.5 0.610865238198 0.574142084015 -3.30702139645 0.0
270 1.88946795464 98.232224 60.772339 0.64204005 97.5 60.5 0.436332312999 0.781230130689 -11.7861851434 1.66348709462
273 1.89322209358 99.416545 61.686454 0.60185601 98.5 61.5 0.610865238198 0.93531803743 0.516190752417 1.46840142015
276 1.87425899506 100.66015 62.48684 0.57932353 100.5 59.5 0.261799387799 2.99113042312 -18.1927932416 0.690105557443
279 1.88281488419 101.84252 63.245661 0.55317695 101.5 60.5 0.261799387799 2.76694312867 -16.6947045589 0.593353442073
282 1.86621809006 103.2489 64.041483 0.52149049 103.5 63.5 0.436332312999 0.59687104913 -4.87920413321 0.314190645085
285 1.86741805077 104.5021 64.838724 0.48902664 104.5 64.5 0.436332312999 0.338730509662 -3.01916254146 0.0
288 1.86444306374 105.89753 65.50297 0.45749312 106.5 65.5 0.436332312999 0.602477320569 -1.21242493227 0.460489447242
291 1.86504602432 107.23441 66.106065 0.425495 107.5 66.5 0.436332312999 0.475102970234 0.620932296081 0.0
294 1.86471199989 108.62185 66.694881 0.38650919 108.5 66.5 0.436332312999 0.229839132136 2.85465466998 0.0
297 1.86556696892 110.08086 67.251857 0.35533208 110.5 66.5 0.436332312999 0.860794567855 4.6409714904 0.818728603936
300 1.89707589149 111.50781 67.766864 0.33459052 112.5 67.5 0.261799387799 1.02745189211 -4.17062466109 0.292173331127
303 1.90162420273 112.87691 68.182524 0.30685182 112.5 66.5 0.261799387799 1.72422392939 -2.58131422191 0.534884082347
306 1.92237901688 114.36462 68.651393 0.28808498 114.5 67.5 0.436332312999 1.15932462445 8.49394650489 0.774074929093
309 1.87200903893 115.83449 69.001579 0.25083859 115.5 68.5 0.261799387799 0.602880629429 0.628007453988 0.790349844583
312 1.89669299126 117.19736 69.329841 0.23044123 117.5 68.5 0.261799387799 0.883304621793 1.7966900952 1.24117530301
315 1.88388204575 117.78731 69.484411 0.20147117 118.5 68.5 0.261799387799 1.21531561869 3.45655226544 2.66678722268
318 1.89784502983 116.42938 69.228806 0.13415298 116.5 68.5 0.261799387799 0.732219482147 7.3136004369 0.266769510408
321 1.87323617935 114.80773 69.128985 0.0979988 115.5 68.5 0.0872664625997 0.935339448075 -0.614917637347 0.461234888736
324 1.87755012512 113.35769 69.056433 0.067460522 113.5 68.5 0.0872664625997 0.574342945973 1.13479680565 0.543165882155
327 1.88991880417 111.81488 68.96352 0.032275621 112.5 67.5 0.0872664625997 1.61594560701 3.15074313554 1.1021184977
330 1.87821698189 110.29576 68.94659 -0.0039959963 110.5 67.5 0.0872664625997 1.46093689313 5.22895372294 0.62927775611
333 1.89426589012 108.74459 69.016615 -0.039899491 108.5 67.5 0.0872664625997 1.53621135471 7.28607243902 0.242485372498
336 1.89964795113 107.27384 69.125159 -0.081381225 107.5 67.5 0.0872664625997 1.64081995383 9.6628007241 0.180692937202
339 1.90982794762 105.77123 69.311189 -0.11875782 105.5 67.5 0.0872664625997 1.83138507874 11.8043218702 0.268062331588
342 1.89712715149 104.23308 69.487176 -0.13593074 104.5 67.5 0.0872664625997 2.00502237927 12.7882577081 0.221898008892
345 1.88090205193 102.67844 69.809947 -0.17996689 102.5 67.5 0.0872664625997 2.31682886213 15.3113432491 1.00566384005
348 1.8907558918 101.19539 70.111952 -0.20894349 100.5 67.5 0.0872664625997 2.70293553427 16.9715801337 0.293923776042
351 1.89594697952 99.695937 70.47501 -0.24032587 99.5 71.5 6.02138591938 1.04354961936 -1.23034194119 0.0834286814532
354 1.8948559761 98.200311 70.897104 -0.28344925 98.5 66.5 0.0872664625997 4.40730496829 21.2404457311 0.529347338814
357 1.87467503548 96.614615 71.415819 -0.3144709 96.5 66.5 0.0872664625997 4.91715497407 23.0178553497 0.226112102841
360 1.93289089203 95.216051 71.909445 -0.34657274 94.5 71.5 6.02138591938 0.824848011834 4.85715529628 0.286947865933
363 1.93637990952 93.790761 72.497598 -0.38120404 93.5 71.5 6.02138591938 1.03910717865 6.84138262534 0.119941754277
366 1.90082812309 92.417114 73.016357 -0.35870282 92.5 72.5 6.02138591938 0.522967150445 5.55215768544 0.158023804907
369 1.87566113472 91.055309 73.519772 -0.33819517 90.5 73.5 6.02138591938 0.555660883512 4.37715589271 0.97932632565
372 1.87621998787 89.614615 74.074076 -0.31837694 89.5 73.5 6.02138591938 0.585405715723 3.24165495629 0.393967445212
375 1.87895298004 88.314109 74.556366 -0.29979055 87.5 74.5 6.02138591938 0.816057957401 2.17673325291 0.234411672619
378 1.86854219437 86.88131 74.994533 -0.2764152 86.5 75.5 6.02138591938 0.63316206787 0.837424353265 0.190258020748
381 1.86842489243 85.443672 75.387112 -0.25727157 85.5 76.5 6.02138591938 1.11431258816 -0.259424850295 0.00523446969987
384 1.86445212364 84.055287 75.832526 -0.23267107 83.5 77.5 6.02138591938 1.75750197526 -1.66892967421 1.83770271876
387 1.86677098274 82.664555 76.128737 -0.22389476 82.5 77.5 6.02138591938 1.38110121396 -2.17177519691 0.703437467608
390 1.87022089958 81.173968 76.455415 -0.20673661 81.5 76.5 6.19591884458 0.329066387297 6.84513522384 0.988928623141
393 1.86590099335 79.819657 76.754609 -0.1833313 79.5 77.5 6.19591884458 0.81104151591 5.50410974265 0.778314335046
396 1.86506295204 78.325485 77.027059 -0.15611548 78.5 76.5 6.19591884458 0.555199671025 3.94475812066 1.51475412727
399 1.86634397507 76.892215 77.264525 -0.13798763 77.5 77.5 6.19591884458 0.651806015506 2.90610882401 3.79361006728
402 1.86522102356 75.420868 77.548324 -0.12557438 75.5 77.5 6.19591884458 0.0927204529756 2.19488198897 0.0
405 1.88661694527 73.926916 77.691819 -0.097717287 74.5 78.5 6.19591884458 0.990748101092 0.598788130569 0.224885612955
408 2.05356621742 72.448195 77.857208 -0.08052134 72.5 78.5 6.19591884458 0.644876199971 -0.386467057262 0.548394307039
411 1.8743019104 71.010734 77.97039 -0.05919809 71.5 78.5 6.19591884458 0.721018703541 -1.60819928776 2.49263833037
414 1.87568211555 70.665666 77.98114 -0.052809071 70.5 78.5 6.19591884458 0.54466588213 -1.97426311169 1.92008389831
417 1.88888502121 70.65903 77.973391 -0.052747867 70.5 78.5 6.19591884458 0.550097791107 -1.97776984258 1.25452929548
420 1.89108586311 70.662549 77.975477 -0.051931253 70.5 78.5 6.19591884458 0.549132547688 -2.02455837827 2.57764153104
423 1.91500306129 70.657477 77.975804 -0.053730261 70.5 78.5 6.19591884458 0.547339430285 -1.92148281256 2.15101780136
426 1.90796804428 70.657208 77.964864 -0.053397677 70.5 78.5 6.19591884458 0.557749848731 -1.9405384721 1.92009749577
