3 1.87152695656 58.425211 99.52669 -0.076600623 48.5 96.5 2.00712863979 10.376447646 119.388892406 0.446137363844
6 1.86900496483 58.436309 99.5178 -0.082073852 31.5 98.5 5.84685299418 26.9555311464 -20.297514672 1.14432731657
9 1.86415910721 59.138497 99.506199 -0.079127672 47.5 117.5 0.610865238198 21.429687045 39.5336816483 1.06029537181
12 1.86245989799 60.588187 99.398001 -0.084356487 41.5 19.5 2.18166156499 82.146512079 129.83327068 0.868853739352
15 1.86207199097 62.026729 99.268445 -0.080345137 59.5 124.5 5.14872129338 25.3577547736 -60.3965627455 0.960512295454
18 1.86180615425 63.612811 99.142137 -0.077882356 39.5 27.5 5.67232006898 75.5911598552 -30.5376697027 0.970602111129
21 1.86352610588 65.109709 99.045111 -0.075303117 41.5 25.5 5.67232006898 77.2418391228 -30.6854492117 0.820801164207
24 1.86371898651 66.576646 98.887554 -0.079079542 47.5 33.5 5.67232006898 68.1135129083 -30.4690759976 1.53882868435
27 1.86168003082 68.114632 98.811042 -0.080004433 65.5 122.5 0.436332312999 23.8328141775 29.5839163532 1.05608677592
30 1.86435699463 69.601579 98.673025 -0.074381156 33.5 18.5 3.22885911619 87.92632111 -170.738273686 1.32035413615
33 1.8634262085 71.154315 98.514904 -0.080273853 32.5 18.5 3.22885911619 88.862483255 -170.400647018 1.68426112435
36 1.86275815964 72.642873 98.438251 -0.077397051 53.5 96.5 4.10152374219 19.2407485206 -120.565475631 1.23081743835
39 1.86441016197 74.179887 98.27586 -0.078945335 52.5 94.5 4.10152374219 22.0062404575 -120.476765492 0.953022862968
42 1.86428999901 75.689674 98.17429 -0.079512997 49.5 16.5 5.67232006898 85.7705583008 -30.4442408555 0.954301959141
45 1.86290884018 77.259307 98.055637 -0.072379503 49.5 12.5 5.49778714378 89.9463514969 -40.8529599548 0.647407765493
48 1.86462903023 78.667542 97.976243 -0.066300397 78.5 98.5 6.19591884458 0.549901551928 -1.20126707186 0.0908588987855
51 1.86145305634 80.25432 97.827625 -0.077582567 80.5 98.5 6.19591884458 0.715853897821 -0.554846347109 0.0944081128972
54 1.86427497864 81.813353 97.68277 -0.074716444 81.5 97.5 6.19591884458 0.362760217649 -0.719063098574 0.0
57 1.86333990097 82.622729 97.654646 -0.085105116 83.5 98.5 6.19591884458 1.21828887903 -0.123836038229 0.227276456619
60 1.86135578156 81.436592 97.754867 -0.094486992 82.5 98.5 6.19591884458 1.29848363954 0.413705860486 0.0801620776218
63 1.8621430397 79.890684 97.897701 -0.093381766 80.5 98.5 6.19591884458 0.856755550468 0.350381075278 0.136660449772
66 1.86687207222 78.411812 98.037468 -0.097953665 78.5 98.5 6.19591884458 0.470864072072 0.612331592338 0.0
69 1.87095403671 76.931086 98.162597 -0.096433306 77.5 98.5 6.19591884458 0.661440793877 0.525221438294 0.256955091181
72 1.86838507652 75.443161 98.337547 -0.10164342 75.5 98.5 6.19591884458 0.172109410347 0.823738981276 0.0
75 1.86974596977 73.912871 98.553041 -0.10292365 73.5 99.5 6.19591884458 1.03305072979 0.897090757082 0.170792196178
78 1.85928487778 72.413468 98.668417 -0.11145399 72.5 100.5 6.02138591938 1.83362593593 -8.61415676311 0.015017823719
81 1.8608109951 70.926618 98.82512 -0.11572496 71.5 100.5 6.02138591938 1.77030786371 -8.36944820768 0.033767935093
84 1.85994791985 69.460294 99.048845 -0.12091472 69.5 101.5 6.02138591938 2.45147657555 -8.07209686299 0.0952451433733
87 1.86026382446 67.984026 99.205817 -0.12024712 68.5 99.5 6.19591884458 0.593946804154 1.8896524746 0.363846801198
90 1.85912013054 66.409271 99.378533 -0.12589377 66.5 99.5 6.19591884458 0.151611290905 2.21318168799 0.0
93 1.85979294777 64.97003 99.579245 -0.12534264 64.5 100.5 6.19591884458 1.0337881654 2.18160426503 0.376856425189
96 1.85909605026 63.450289 99.830398 -0.13542326 63.5 100.5 6.19591884458 0.671444727379 2.7591812459 0.726542651943
99 1.85893702507 62.015499 100.01094 -0.13023941 61.5 100.5 6.19591884458 0.710576457956 2.46216851927 0.289796250001
102 1.8642680645 60.420275 100.24313 -0.1356293 59.5 100.5 6.19591884458 0.955451868241 2.77098646831 0.145908090459
105 1.85955381393 58.989222 100.44438 -0.14088208 58.5 102.5 6.02138591938 2.11303377864 -6.92805140698 0.0957830253102
108 1.86395001411 58.528509 100.58832 -0.24160345 59.5 103.5 5.84685299418 3.06947474097 -11.1571419992 0.14633343144
111 1.86480712891 58.390768 100.67023 -0.3827913 58.5 100.5 5.84685299418 0.202261916148 -3.06767407567 0.0
114 1.86525416374 58.26024 100.80046 -0.53685502 58.5 101.5 5.49778714378 0.739487031124 -14.2404731436 0.0866598176633
117 1.86429595947 58.2435 100.85046 -0.70040996 58.5 101.5 5.49778714378 0.698351245148 -4.86946536307 0.688283368891
120 8.39711809158 58.129433 100.95873 -0.85888639 58.5 99.5 5.32325421858 1.50506249518 -5.78943477177 0.177341701385
123 1.86331796646 58.21235 101.09089 -1.0276822 58.5 99.5 5.14872129338 1.6166859666 -6.11814725928 0.655236216757
126 1.8646709919 58.152327 101.12822 -1.1869287 58.5 101.5 4.97418836818 0.509015602245 -6.99399490705 0.336849503338
129 1.86468482018 58.049715 101.26081 -1.3398137 58.5 101.5 4.79965544298 0.509871000671 -8.23432965619 0.191228471375
132 1.86557602882 58.024835 101.49733 -1.4943786 58.5 101.5 4.62512251778 0.47517250144 -9.37841322533 0.61156830284
135 1.86544203758 58.064001 101.65215 -1.6522241 58.5 101.5 4.45058959259 0.461784311666 -10.3345322602 0.163485551558
138 1.86322808266 58.104403 101.68885 -1.8037565 58.5 101.5 4.27605666739 0.438362075126 -11.6523652807 0.133346020392
141 1.86348700523 58.177183 101.78616 -1.9584038 58.5 101.5 4.10152374219 0.431391192642 -12.7917276776 0.243283751502
144 1.8627910614 58.164815 101.89412 -2.1101089 59.5 101.5 3.92699081699 1.392138484 -14.099665717 0.536874715035
147 1.86396193504 58.333441 101.96561 -2.2758326 58.5 101.5 3.75245789179 0.494504370639 -14.6043971417 0.331320537776
150 1.86422395706 58.547547 101.97367 -2.4518694 57.5 101.5 3.57792496659 1.14965994368 -14.5182314627 0.256011850166
153 1.86393880844 58.609003 102.09152 -2.5989269 58.5 101.5 3.57792496659 0.601479479624 -6.09245736698 0.879255209782
156 1.86452198029 58.561869 102.14088 -2.6173282 58.5 101.5 3.57792496659 0.643859415992 -5.03814053943 0.793787474817
159 1.86342597008 58.51155 102.01626 -2.5045701 57.5 101.5 3.57792496659 1.13567503719 -11.4987037753 1.30808108142
162 1.86457014084 58.437648 101.90068 -2.3721379 57.5 101.5 3.75245789179 1.01967064992 -9.08650990697 0.371845137508
165 1.86413097382 58.147744 101.95537 -2.2082701 57.5 101.5 3.92699081699 0.7917917191 -8.47544324507 0.242575087295
168 1.86459898949 58.037351 101.82492 -2.0566813 57.5 101.5 4.27605666739 0.627948328767 2.83915829348 0.230480242294
171 1.86396217346 57.944091 101.71587 -1.9011295 56.5 100.5 4.10152374219 1.88778671284 -16.0733033422 0.151749576416
174 1.86322307587 57.908577 101.57431 -1.7585036 57.5 101.5 4.45058959259 0.415279593803 -4.24516546144 0.0
177 1.86373901367 57.841285 101.40683 -1.6171883 56.5 101.5 4.45058959259 1.34451705089 -12.3419357321 0.101364273402
180 1.86501216888 57.86028 101.30305 -1.4556073 56.5 101.5 4.79965544298 1.37446388854 -1.59984508157 0.0709341262316
183 1.86286497116 57.788579 101.03213 -1.3093986 56.5 101.5 4.97418836818 1.37088955651 0.0230134803386 0.621133083252
186 1.86443996429 57.852229 100.87925 -1.1701135 57.5 100.5 5.14872129338 0.517586544397 2.04256510128 0.0
189 1.86393284798 57.956865 100.8248 -1.0236231 56.5 101.5 5.14872129338 1.60572434379 -6.3507165579 0.180899277654
192 1.86799883842 57.906072 100.67156 -0.85835482 56.5 101.5 4.97418836818 1.63197772742 -25.8198914893 0.104156979617
195 8.39621305466 57.990597 100.53155 -0.72265365 56.5 100.5 5.14872129338 1.49093085652 -23.5949958053 0.0424055134419
198 1.86548995972 58.042848 100.37669 -0.56279892 57.5 100.5 5.67232006898 0.556677022342 -2.75399716948 1.1143623118
201 1.86540102959 58.157277 100.32166 -0.41301063 57.5 100.5 5.84685299418 0.681042003351 -1.33623400696 0.684270279791
204 1.86496090889 58.686264 100.08548 -0.29965148 57.5 100.5 6.02138591938 1.25660220758 2.16876512885 0.438197208261
207 1.86110210419 59.980629 99.666017 -0.30408986 59.5 99.5 6.02138591938 0.508493736372 2.42306557072 0.0
210 1.86076498032 61.363687 99.173884 -0.32636207 60.5 99.5 6.02138591938 0.923204679053 3.69916920415 0.258284698352
213 1.85988402367 62.885593 98.69498 -0.37512441 62.5 98.5 6.02138591938 0.432086984355 6.49304548534 0.58592894192
216 1.85797286034 64.287236 98.118834 -0.4012694 64.5 98.5 5.84685299418 0.436527249152 -2.00895693225 0.0
219 3.45381879807 66.572969 97.068508 -0.44319642 66.5 96.5 5.84685299418 0.573171720364 0.393284361307 0.246623892733
222 1.86037302017 67.896132 96.441291 -0.47211549 67.5 96.5 5.84685299418 0.400458871927 2.05022501975 0.0
225 1.86055612564 69.150612 95.708615 -0.49267498 69.5 95.5 5.84685299418 0.406930206263 3.22819702569 0.0
228 1.86018800735 70.465141 94.973778 -0.52461339 70.5 95.5 5.84685299418 0.52737533424 5.05813312305 0.268367551614
231 1.86180901527 71.675984 94.192345 -0.54871183 71.5 94.5 5.67232006898 0.354431893713 -3.5611279721 0.0
234 1.85883402824 72.999296 93.402727 -0.58180979 73.5 93.5 5.67232006898 0.510065223422 -1.66475455361 0.0122921869631
237 1.86139798164 74.284244 92.44261 -0.63095882 74.5 92.5 5.67232006898 0.223258289064 1.15127743255 0.0
240 1.8598279953 75.447368 91.599491 -0.66374929 75.5 91.5 5.67232006898 0.112554815557 3.0300329718 0.0
243 1.85901284218 76.572595 90.665594 -0.69142624 76.5 90.5 5.67232006898 0.180807651555 4.6158053966 0.0
246 1.85715007782 77.783785 89.658033 -0.71509647 78.5 89.5 5.67232006898 0.733442809845 5.9720096757 0.176094386117
249 1.86069893837 78.874801 88.696028 -0.74032963 78.5 87.5 5.49778714378 1.25337893966 -2.58223675252 0.0654222081549
252 1.85915493965 80.03236 87.613917 -0.7252394 78.5 85.5 5.32325421858 2.6108949141 -13.4468432434 0.308162018986
255 1.86030316353 81.079285 86.604124 -0.70281223 81.5 87.5 5.67232006898 0.989744875511 5.26817456918 0.144858852136
258 1.85915184021 82.380517 85.593177 -0.66953842 82.5 86.5 5.67232006898 0.914660669657 3.36172568786 0.0584568515638
261 1.86059689522 83.553536 84.670161 -0.64546431 83.5 85.5 5.67232006898 0.831564110106 1.98238078932 0.117333509964
264 1.86099815369 84.753159 83.736184 -0.60820056 86.5 85.5 5.84685299418 2.4824383902 9.84732518549 0.0338663131973
267 1.86479687691 85.938286 82.919631 -0.58097683 86.5 84.5 5.84685299418 1.67722651838 8.28752035389 0.159403400678
270 1.85881018639 87.249998 82.030848 -0.55954063 88.5 82.5 5.84685299418 1.33514366235 7.05931656509 0.0365600272199
273 1.86647510529 88.578333 81.141585 -0.52544337 89.5 82.5 5.84685299418 1.64157283454 5.10568747413 0.307824097409
276 1.8594751358 89.874585 80.458812 -0.49549775 92.5 82.5 5.84685299418 3.32554542497 3.38992983323 0.165084630686
279 1.85837197304 91.229191 79.664539 -0.46697991 92.5 80.5 5.84685299418 1.52083878074 1.7559779604 0.162413250204
282 1.86056900024 92.640842 79.007823 -0.44436504 93.5 80.5 5.84685299418 1.7218433925 0.460241355162 0.14735203725
285 1.85961604118 93.942666 78.269838 -0.40450827 95.5 79.5 5.84685299418 1.98458754753 -1.82338335086 0.387394265388
288 1.86131596565 95.385584 77.620959 -0.38607018 95.5 78.5 5.84685299418 0.886455921486 -2.87980809014 0.177198970642
291 1.85908102989 96.747733 77.074345 -0.36376533 97.5 78.5 6.02138591938 1.61195465765 5.84221814218 0.0997917704562
294 1.86228394508 98.250871 76.540386 -0.33417824 99.5 78.5 6.02138591938 2.32387828589 4.14700275711 0.229312879808
297 1.85845017433 99.752933 76.027378 -0.30758365 101.5 77.5 6.02138591938 2.28491983609 2.62324499223 0.349303906363
300 1.86403107643 100.00981 75.897783 -0.33361957 102.5 77.5 6.02138591938 2.961105461 4.11499332397 0.332763407391
303 1.86105895042 98.714105 76.429985 -0.36219797 99.5 77.5 5.84685299418 1.327615551 -4.24758497079 0.282478009506
306 1.86109495163 97.284888 77.028291 -0.39087517 98.5 78.5 5.84685299418 1.90851370266 -2.60450244254 0.131233839299
309 1.85860490799 95.817851 77.649213 -0.42317241 96.5 78.5 5.84685299418 1.0904887792 -0.75400690062 0.270536224542
312 1.86303114891 94.571565 78.35291 -0.46228827 95.5 79.5 5.84685299418 1.47573948152 1.4871667894 0.110940982934
315 1.85936713219 93.13187 79.138887 -0.4938927 93.5 80.5 5.84685299418 1.41001712602 3.29796724232 0.0866779701793
318 1.86096405983 91.836662 79.862922 -0.52529077 92.5 80.5 5.84685299418 0.919720435963 5.09694413818 0.3267623555
321 1.85922694206 90.529269 80.702102 -0.55721841 91.5 81.5 5.84685299418 1.25656670844 6.92626315999 0.281333135793
324 1.86580014229 89.308886 81.573217 -0.59808232 89.5 81.5 5.84685299418 0.204658960432 9.26759273739 0.116040875177
327 1.86680793762 88.100372 82.484783 -0.6409076 88.5 83.5 5.67232006898 1.0910399147 1.72130053786 0.108334958949
330 1.87267613411 86.96204 83.432583 -0.67310863 87.5 82.5 5.67232006898 1.07662064512 3.56628365283 0.0509701975035
333 1.86813092232 85.711036 84.448892 -0.70015711 85.5 84.5 5.67232006898 0.217136410949 5.11604739908 0.536247227507
336 1.8725938797 84.630521 85.38864 -0.74348817 84.5 86.5 5.67232006898 1.11899811485 7.59873425891 0.287222069321
339 1.87838196754 83.531548 86.470864 -0.76732045 82.5 87.5 5.67232006898 1.45712462844 8.96422331908 0.264028240857
342 1.86190700531 82.436303 87.632765 -0.79615086 81.5 88.5 5.67232006898 1.27622876203 10.6160841337 0.211880052872
345 1.87186408043 81.390428 88.717115 -0.83255466 79.5 89.5 5.67232006898 2.0461248609 12.7018682319 0.152799388338
348 3.46380710602 80.091493 90.270385 -0.85191671 76.5 89.5 5.67232006898 3.67318867161 13.8112319797 0.117390582732
351 1.86204099655 79.121061 91.3195 -0.83027867 77.5 90.5 5.67232006898 1.81643029476 12.5714636107 0.105283842414
354 1.86111998558 78.091476 92.534394 -0.81038411 76.5 92.5 5.67232006898 1.5918476076 11.4315892875 0.128713456254
357 1.86479210854 77.093441 93.512556 -0.78090008 74.5 93.5 5.67232006898 2.59347139441 9.74227880543 0.379295003094
360 1.86008691788 76.051262 94.597058 -0.76703211 72.5 92.5 5.84685299418 4.12421071819 18.947702654 0.393487433369
363 1.8625459671 75.027276 95.58972 -0.75132884 71.5 93.5 5.84685299418 4.09982995484 18.0479715585 0.706677299479
366 1.8611831665 73.852657 96.593273 -0.72312741 69.5 93.5 5.84685299418 5.33984651579 16.4321486432 0.68258128026
369 1.86090898514 72.811015 97.559971 -0.70587276 68.5 94.5 5.84685299418 5.28661260649 15.4435300213 0.574554053669
372 1.8593070507 71.630899 98.505259 -0.68120937 67.5 95.5 5.84685299418 5.10841542998 14.0304218658 1.23290283088
375 1.86164903641 70.538887 99.423882 -0.66641532 66.5 97.5 5.84685299418 4.47369312187 13.1827852389 1.1434595208
378 1.86181592941 69.331788 100.31013 -0.63648641 65.5 97.5 5.84685299418 4.75178175991 11.4679850104 1.70322735637
381 1.86257004738 68.205766 101.18772 -0.63190253 65.5 98.5 5.84685299418 3.81379187229 11.2053480326 1.58439810738
384 1.86015510559 66.997353 102.01418 -0.604237 59.5 89.5 6.19591884458 14.5881802525 29.6202299256 3.47221899516
387 1.86309599876 65.749881 102.79371 -0.58263231 64.5 100.5 5.84685299418 2.61214625897 8.38237237096 0.81686349282
390 1.86217212677 64.390622 103.72927 -0.540005 63.5 101.5 5.84685299418 2.40059415141 5.94000741596 0.139506704739
393 1.86050200462 63.066948 104.49561 -0.5165186 61.5 100.5 6.02138591938 4.29187899489 14.59433582 0.725999335551
396 1.86291599274 62.072466 105.11862 -0.50368551 60.5 100.5 6.02138591938 4.87896505681 13.8590539249 1.3723228983
399 1.86667203903 62.084059 105.11634 -0.50537083 62.5 103.5 5.84685299418 1.66900027294 3.95561564802 1.04078226266
402 1.86463093758 62.06969 105.12384 -0.50501376 62.5 103.5 5.84685299418 1.67988780628 3.93515704403 0.754450341545
405 1.86482095718 62.088061 105.11683 -0.50531554 62.5 103.5 5.84685299418 1.66848224103 3.95244776437 1.10870787623
408 1.86657810211 62.080145 105.11527 -0.50526072 62.5 103.5 5.84685299418 1.6689443951 3.94930680974 1.40977712898
411 1.86513805389 62.084425 105.11388 -0.50526675 61.5 103.5 5.84685299418 1.71643853226 3.94965230329 0.370802366823
414 1.86368107796 62.090561 105.10315 -0.50372534 61.5 103.5 5.84685299418 1.70846487152 3.86133601579 0.177509094149
