3 1.87059307098 31.520043 41.394881 -0.0070850614 75.5 36.5 0.436332312999 44.2515138467 25.4059441158 0.124440622631
6 1.86988401413 31.529937 41.402987 -0.0081764059 76.5 53.5 4.10152374219 46.5687050469 -124.53152645 0.172607055044
9 1.86641287804 31.522543 41.401068 -0.0068718684 72.5 44.5 5.32325421858 41.0944687486 -54.6062709433 0.388589579165
12 1.86660695076 31.528168 41.375423 -0.0049451513 66.5 95.5 1.1344640138 64.4398856987 65.2833362985 0.553107417081
15 1.86414384842 31.523843 41.397689 -0.0081913964 85.5 40.5 2.35619449019 53.9836213127 135.469332442 0.838934002215
18 1.86543703079 31.52518 41.394772 -0.0077822512 63.5 44.5 0.785398163397 32.1252479362 45.4458901489 0.635873042258
21 1.86559486389 31.646202 41.400982 -0.0069641742 66.5 97.5 0.959931088597 66.0445838475 55.3990177895 0.667588137663
24 1.86313390732 32.968315 41.348607 -0.0066445448 36.5 23.5 0.610865238198 18.1946577538 35.3807043738 1.00608231903
27 1.86210513115 34.520488 41.363888 -0.010157874 56.5 60.5 2.53072741539 29.1425759025 145.582003309 1.43913327136
30 1.86351513863 35.981317 41.339656 -0.012968194 49.5 56.5 5.67232006898 20.3123317286 -34.2569772159 1.56650415452
33 1.86373996735 37.47125 41.3168 -0.01805047 56.5 71.5 2.00712863979 35.6807915944 116.034215749 2.09927636539
36 1.86382102966 39.051821 41.275587 -0.019803098 51.5 57.5 2.53072741539 20.4496635085 146.134633937 2.07850801073
39 1.86108708382 40.609584 41.247017 -0.013659721 54.5 52.5 5.32325421858 17.8766127399 -54.2173556374 1.9490177132
42 1.86330199242 42.081473 41.279186 -0.014178183 55.5 51.5 5.32325421858 16.8677771408 -54.1876499529 1.72351580377
45 1.86426210403 43.552295 41.213208 -0.0092852628 93.5 37.5 4.27605666739 50.0855383161 -114.46799363 1.70189900469
48 1.86124706268 45.079977 41.189892 -0.010404952 93.5 37.5 4.27605666739 48.5604152607 -114.403840164 1.44515146469
51 1.86219096184 46.640834 41.096545 -0.012029947 88.5 38.5 3.40339204139 41.9396211732 -164.310734809 1.3060667242
54 1.8607339859 48.21014 41.103056 -0.013219293 99.5 47.5 0.959931088597 51.6872385735 55.757409697 2.17150153103
57 1.86142301559 49.69993 40.993437 -0.019411138 88.5 47.5 2.35619449019 39.3418453314 136.112176283 3.39858878629
60 1.86931395531 51.221815 41.026894 -0.026800957 47.5 34.5 4.97418836818 7.51347138023 -73.464418277 0.710590073452
63 1.86906480789 52.707826 40.957156 -0.02058299 48.5 33.5 4.97418836818 8.56241643782 -73.8206815432 1.12906337688
66 1.86697697639 54.31159 40.951842 -0.027308534 54.5 42.5 6.02138591938 1.55958055934 -13.4353362571 1.32094758834
69 1.86579799652 55.778879 40.909196 -0.015002614 56.5 43.5 0.0872664625997 2.68929002955 5.85958646386 2.0521365429
72 1.86960601807 57.331901 40.836464 -0.018380323 57.5 43.5 6.19591884458 2.66883519482 -3.94688506601 1.12250821003
75 1.89322900772 58.848313 40.76075 -0.022921269 59.5 43.5 6.19591884458 2.81570355479 -3.68670802522 1.18816388136
78 1.86357593536 60.388876 40.75568 -0.012358794 60.5 42.5 6.19591884458 1.7478560598 -4.29189326393 0.712873371407
81 1.86184692383 61.86858 40.735896 -0.015077049 62.5 42.5 6.19591884458 1.87370065358 -4.13614872479 0.888421896247
84 1.86161613464 63.333062 40.668539 -0.013920495 63.5 42.5 0.0872664625997 1.83905347676 5.79758561223 1.53850056453
87 1.86030197144 64.876385 40.58717 -0.032109511 66.5 43.5 0.0872664625997 3.33477199777 6.83973946253 2.13483595655
90 1.86000680923 66.44697 40.579857 -0.020157695 66.5 43.5 0.0872664625997 2.92062447455 6.15495084821 1.79445925149
93 1.8617670536 67.930314 40.55804 -0.02084507 68.5 42.5 6.19591884458 2.02379613109 -3.80566546535 0.956788990228
96 1.86442303658 69.414343 40.447992 -0.021831497 70.5 42.5 6.19591884458 2.32150553601 -3.74914736145 0.631336701054
99 1.86161708832 70.999462 40.351868 -0.031419309 71.5 42.5 6.19591884458 2.20567662609 -3.19980619908 0.526317965181
102 1.86271381378 72.481812 40.325422 -0.028226015 72.5 42.5 6.19591884458 2.17465406017 -3.38276846803 0.585869883994
105 1.8615000248 74.028193 40.279112 -0.026102315 75.5 43.5 0.0872664625997 3.5412335921 6.49555248502 0.252047055476
108 1.86342716217 75.500101 40.224463 -0.026983514 75.5 41.5 6.19591884458 1.275537004 -3.45395853137 0.611483668638
111 1.86233091354 77.104162 40.159206 -0.035689283 77.5 41.5 6.19591884458 1.39800438936 -2.95515471025 0.0785440403382
114 1.86105298996 78.584191 40.097894 -0.03659834 78.5 41.5 6.19591884458 1.40463139639 -2.90306958082 0.100716981754
117 1.85979795456 80.1084 40.071744 -0.024096447 80.5 40.5 6.19591884458 0.580304886707 -3.61937528564 0.0
120 1.86626696587 80.881063 40.047709 -0.06972902 81.5 41.5 6.19591884458 1.5786805119 -1.00482144442 0.43832707484
123 1.86615395546 80.819811 40.085383 -0.20196514 81.5 41.5 6.02138591938 1.56964911124 -3.42824986923 0.438930435446
126 1.86584186554 80.673305 40.189426 -0.34415967 81.5 41.5 5.84685299418 1.54952535717 -5.28110343038 0.630935800801
129 1.86610388756 80.559381 40.228255 -0.49611957 81.5 40.5 5.49778714378 0.979086026959 -16.5744425052 0.591755839627
132 1.86483693123 80.474435 40.358509 -0.64523249 81.5 41.5 5.49778714378 1.53453096166 -8.03090151828 0.246551464749
135 1.86468482018 80.446897 40.445937 -0.81868337 81.5 40.5 5.32325421858 1.05448979918 -8.09289814145 0.430698119393
138 1.86402201653 80.377523 40.602704 -0.97166139 79.5 41.5 5.14872129338 1.25506443147 -9.32790323718 0.329292235512
141 1.86496114731 80.303277 40.677658 -1.1291983 80.5 41.5 4.79965544298 0.845544974376 -20.3017031767 0.560733225328
144 1.86482095718 80.24067 40.836497 -1.2914427 80.5 41.5 4.79965544298 0.7123821165 -11.005783807 0.664745952429
147 1.86431908607 80.334643 40.99259 -1.4510482 79.5 41.5 4.79965544298 0.976777275303 -1.86106226995 0.223265504396
150 1.86498808861 80.305505 41.173119 -1.6076845 80.5 41.5 4.79965544298 0.380367576413 7.1135366386 0.478238624029
153 1.8651061058 80.260339 41.240273 -1.7630876 80.5 40.5 4.45058959259 0.778101220568 -3.98252160815 0.0731353666993
156 1.86561107635 80.351916 41.337649 -1.9138236 81.5 41.5 4.27605666739 1.15950623899 -5.34598498747 0.0867230530895
159 1.86567807198 80.458888 41.424429 -2.0695544 80.5 40.5 4.27605666739 0.925342732497 3.57673259273 0.221458802696
162 1.86582398415 80.580246 41.530351 -2.2462491 80.5 40.5 4.10152374219 1.03347114315 3.70059316506 0.64816853854
165 1.86655592918 80.700832 41.575869 -2.3973477 80.5 40.5 3.92699081699 1.09445310424 2.3579052354 0.590256431674
168 8.40804696083 80.863789 41.557834 -2.56541 79.5 40.5 3.92699081699 1.72595863452 11.9871657207 0.644490409762
171 1.86809706688 80.910142 41.637692 -2.7112414 79.5 41.5 3.75245789179 1.41684845591 10.3426894611 0.370280511753
174 1.86831903458 81.000304 41.730578 -2.863125 80.5 40.5 3.40339204139 1.32839237671 -0.955021281606 0.490821698335
177 1.86813592911 81.313486 41.614906 -3.0334876 80.5 41.5 3.22885911619 0.821561233891 -1.19396331473 0.231160849329
180 1.87165093422 81.419836 41.643078 3.1037871 80.5 41.5 3.22885911619 0.930897191413 7.16609866285 0.659096143769
183 1.86689901352 81.472606 41.653948 2.9566422 80.5 41.5 3.05432619099 0.984714383941 5.59688040973 0.441423982732
186 1.86771512032 81.600227 41.551467 2.7956666 81.5 41.5 2.87979326579 0.112669000253 4.82010289431 0.0
189 1.87000894547 81.705618 41.391179 2.6371497 81.5 41.5 2.70526034059 0.232638715533 3.90245224581 0.0
192 1.86783599854 81.817002 41.340993 2.4823985 81.5 40.5 2.35619449019 0.898754412536 -7.23095711961 0.16045388618
195 1.86834692955 81.903012 41.262396 2.332631 81.5 41.5 2.35619449019 0.46784007199 1.35008853862 0.0
198 1.86849999428 81.909487 41.089487 2.1583794 81.5 40.5 2.00712863979 0.717756592682 -8.66603020798 0.140172569582
201 1.86926412582 81.924053 40.998223 1.9975831 81.5 40.5 2.00712863979 0.654253089055 0.546919143341 0.0
204 1.86951088905 81.960862 40.844259 1.8446809 81.5 41.5 2.00712863979 0.801492384321 9.30756988161 0.00898373198077
207 1.87047410011 81.927588 40.703608 1.6857979 81.5 39.5 1.65806278939 1.27730329813 -1.58910478202 0.0470199206275
210 1.87238717079 81.924928 40.686406 1.5459903 81.5 40.5 1.4835298642 0.464016165688 -3.57871935816 0.0
213 1.86452388763 81.81851 40.588718 1.3660151 81.5 40.5 1.308996939 0.330635000603 -3.26689998114 0.0
216 1.86540985107 81.824065 40.431016 1.2110526 81.5 40.5 1.1344640138 0.331325997291 -4.38820274835 0.0
219 1.8626871109 82.277545 41.390368 1.1504821 81.5 41.5 1.1344640138 0.785235889685 -0.917768735348 0.0639668299696
222 1.86187791824 82.927041 42.739254 1.1137092 82.5 41.5 0.785398163397 1.31076866464 -18.8108367649 0.15660334853
225 1.86069011688 83.677797 44.09726 1.084748 83.5 43.5 1.1344640138 0.623162323002 2.84851776474 0.511645785702
228 1.86593604088 84.372874 45.412874 1.0478677 84.5 44.5 0.959931088597 0.921683220934 -5.03839669808 0.136748894852
231 1.86057806015 85.159381 46.677356 1.0274995 85.5 46.5 0.959931088597 0.384026631755 -3.8713848018 0.0
234 1.86285281181 85.928298 47.908079 0.99952116 87.5 46.5 0.785398163397 2.11019753745 -12.268344002 0.113341198667
237 1.86088299751 86.76373 49.194484 0.95689161 86.5 49.5 0.959931088597 0.403600717487 0.174149295522 0.0
240 1.86168885231 87.649962 50.387631 0.93226665 88.5 48.5 0.785398163397 2.07019694561 -8.4149444258 0.214772627488
243 1.86026597023 88.570925 51.559268 0.90792052 89.5 49.5 0.785398163397 2.25915140074 -7.02001392932 0.924465254092
246 1.86207103729 89.47196 52.652014 0.8832857 91.5 50.5 0.610865238198 2.95704421641 -15.6085427143 1.21413211886
249 1.86283707619 90.492516 53.754021 0.83763364 92.5 50.5 0.610865238198 3.8234336242 -12.9928723502 0.309180206933
252 1.86169695854 91.498687 54.898001 0.81217592 93.5 54.5 0.785398163397 2.04050447683 -1.53425243815 0.138645203942
255 1.85915112495 92.568948 55.94073 0.78340538 93.5 55.5 0.785398163397 1.03009745151 0.114178078158 0.0962290263512
258 1.86647295952 93.547241 56.960456 0.75288469 94.5 56.5 0.785398163397 1.05819158947 1.86288480298 0.106597559201
261 1.86236381531 94.620679 57.928363 0.72990952 95.5 57.5 0.785398163397 0.978110566761 3.17926507758 0.0429774002299
264 1.86027288437 95.770396 58.899507 0.6896339 96.5 58.5 0.785398163397 0.831822000109 5.48688812085 0.407063632009
267 1.86291313171 96.962501 59.840194 0.66858365 98.5 60.5 0.785398163397 1.67309507579 6.69297860355 0.950559266718
270 1.86158299446 98.232224 60.772339 0.64204005 101.5 60.5 0.610865238198 3.27910483472 -1.78618514337 0.568607626198
273 1.86231899261 99.416545 61.686454 0.60185601 99.5 62.5 0.785398163397 0.817815279352 10.5161907524 0.789038514282
276 1.86118507385 100.66015 62.48684 0.57932353 100.5 64.5 0.785398163397 2.019520044 11.8072067584 0.401060620512
279 1.86490702629 101.84252 63.245661 0.55317695 100.5 64.5 0.785398163397 1.8373149641 13.3052954411 0.109378203371
282 1.85957098007 103.2489 64.041483 0.52149049 102.5 65.5 0.785398163397 1.63954964831 15.1207958668 0.698981868799
285 1.86176896095 104.5021 64.838724 0.48902664 104.5 65.5 0.610865238198 0.661279334454 6.98083745854 0.806976719707
288 1.85922288895 105.89753 65.50297 0.45749312 106.5 65.5 0.610865238198 0.602477320569 8.78757506773 0.0176486882107
291 1.86234712601 107.23441 66.106065 0.425495 107.5 65.5 0.436332312999 0.66170449018 0.620932296081 0.263365466018
294 1.86131811142 108.62185 66.694881 0.38650919 108.5 66.5 0.436332312999 0.229839132136 2.85465466998 0.0
297 1.86232495308 110.08086 67.251857 0.35533208 110.5 67.5 0.436332312999 0.487086530351 4.6409714904 0.0
300 1.86242699623 111.50781 67.766864 0.33459052 111.5 67.5 0.436332312999 0.266978258658 5.82937533891 3.31005581949
303 1.86344003677 112.87691 68.182524 0.30685182 113.5 68.5 0.436332312999 0.699308343062 7.41868577809 1.64574862207
306 1.86149287224 114.36462 68.651393 0.28808498 114.5 67.5 0.436332312999 1.15932462445 8.49394650489 1.35688054783
309 1.86220788956 115.83449 69.001579 0.25083859 116.5 67.5 0.436332312999 1.6424503199 10.628007454 0.701778900459
312 1.86413383484 117.19736 69.329841 0.23044123 117.5 68.5 0.261799387799 0.883304621793 1.7966900952 0.0706212905728
315 1.86456298828 117.78731 69.484411 0.20147117 118.5 69.5 0.436332312999 0.712860472337 13.4565522654 0.340263475026
318 1.86245298386 116.42938 69.228806 0.13415298 116.5 67.5 0.261799387799 1.73024777706 7.3136004369 0.539066862611
321 1.86245894432 114.80773 69.128985 0.0979988 114.5 67.5 0.0872664625997 1.65779669535 -0.614917637347 0.507642419131
324 1.86520695686 113.35769 69.056433 0.067460522 112.5 67.5 0.0872664625997 1.77710883729 1.13479680565 1.89143159757
327 1.8909599781 111.81488 68.96352 0.032275621 112.5 67.5 0.261799387799 1.61594560701 13.1507431355 0.0139111898449
330 1.89631700516 110.29576 68.94659 -0.0039959963 110.5 66.5 0.0872664625997 2.45510012132 5.22895372294 0.25545135558
333 1.88437795639 108.74459 69.016615 -0.039899491 108.5 66.5 0.0872664625997 2.52847292379 7.28607243902 0.543266025498
336 1.88682293892 107.27384 69.125159 -0.081381225 107.5 67.5 0.0872664625997 1.64081995383 9.6628007241 0.189031062554
339 1.88459277153 105.77123 69.311189 -0.11875782 106.5 67.5 0.0872664625997 1.95230922413 11.8043218702 0.589192474904
342 1.89286994934 104.23308 69.487176 -0.13593074 104.5 66.5 0.0872664625997 2.99907764844 12.7882577081 0.461252945705
345 1.87452793121 102.67844 69.809947 -0.17996689 103.5 66.5 0.0872664625997 3.41038267302 15.3113432491 0.439146930737
348 1.86858916283 101.19539 70.111952 -0.20894349 101.5 67.5 6.19591884458 2.62965406516 6.97158013373 0.399592833826
351 1.86417102814 99.695937 70.47501 -0.24032587 99.5 69.5 6.19591884458 0.9945027944 8.76965805881 0.0345935791829
354 1.86546993256 98.200311 70.897104 -0.28344925 98.5 68.5 6.19591884458 2.41576511349 11.2404457311 0.000382314064791
357 1.86258196831 96.614615 71.415819 -0.3144709 97.5 71.5 6.02138591938 0.889377894365 3.01785534968 0.810952063074
360 1.86380195618 95.216051 71.909445 -0.34657274 95.5 71.5 6.02138591938 0.49826924712 4.85715529628 0.0
363 1.86373090744 93.790761 72.497598 -0.38120404 94.5 72.5 5.84685299418 0.709243067449 -3.15861737466 0.426500911834
366 1.86255002022 92.417114 73.016357 -0.35870282 92.5 72.5 6.02138591938 0.522967150445 5.55215768544 0.31787961218
369 1.8617579937 91.055309 73.519772 -0.33819517 91.5 72.5 6.02138591938 1.11251292912 4.37715589271 0.0581814251106
372 1.86103606224 89.614615 74.074076 -0.31837694 89.5 73.5 6.02138591938 0.585405715723 3.24165495629 0.358957933476
375 1.86300611496 88.314109 74.556366 -0.29979055 88.5 74.5 6.02138591938 0.19424878336 2.17673325291 0.0
378 1.86076807976 86.88131 74.994533 -0.2764152 86.5 74.5 6.02138591938 0.624467936878 0.837424353265 0.0
381 1.8656668663 85.443672 75.387112 -0.25727157 84.5 73.5 6.19591884458 2.10990723591 9.7405751497 0.0414273970681
384 1.86505508423 84.055287 75.832526 -0.23267107 83.5 73.5 6.19591884458 2.39771165761 8.33107032579 0.536258680738
387 1.86624598503 82.664555 76.128737 -0.22389476 82.5 74.5 6.19591884458 1.63702857739 7.82822480309 0.276780221402
390 1.86409401894 81.173968 76.455415 -0.20673661 81.5 75.5 6.19591884458 1.00951210357 6.84513522384 0.0934554743644
393 1.86656403542 79.819657 76.754609 -0.1833313 78.5 74.5 6.19591884458 2.61242346118 5.50410974265 0.212044078717
396 1.8636701107 78.325485 77.027059 -0.15611548 78.5 75.5 6.19591884458 1.53699859294 3.94475812066 1.04686477194
399 1.86743211746 76.892215 77.264525 -0.13798763 76.5 76.5 6.19591884458 0.859261940185 2.90610882401 0.375108237046
402 1.86314201355 75.420868 77.548324 -0.12557438 74.5 75.5 6.19591884458 2.24580254751 2.19488198897 0.0408050857181
405 1.86506891251 73.926916 77.691819 -0.097717287 73.5 77.5 6.19591884458 0.468029699717 0.598788130569 0.0
408 1.86372995377 72.448195 77.857208 -0.08052134 71.5 76.5 6.19591884458 1.65562293814 -0.386467057262 0.182559998461
411 1.86431002617 71.010734 77.97039 -0.05919809 70.5 74.5 0.0872664625997 3.50777079794 8.39180071224 0.602538982133
414 1.86712098122 70.665666 77.98114 -0.052809071 69.5 74.5 0.0872664625997 3.67111875634 8.02573688831 0.213977628311
417 1.86830806732 70.65903 77.973391 -0.052747867 69.5 74.5 0.0872664625997 3.66166568378 8.02223015742 0.264274857357
420 1.86748695374 70.662549 77.975477 -0.051931253 69.5 75.5 0.0872664625997 2.73486865405 7.97544162173 0.849438068195
423 1.86891794205 70.657477 77.975804 -0.053730261 69.5 75.5 0.0872664625997 2.73301270614 8.07851718744 1.34814975453
426 1.86812996864 70.657208 77.964864 -0.053397677 69.5 75.5 0.0872664625997 2.72299190116 8.0594615279 1.06145494683
