   1.4462315e+00   1.4179828e-01   3.1083116e+00
   1.4462124e+00   1.4184778e-01   3.1088373e+00
   1.4462680e+00   1.4180839e-01   3.1071809e+00
   1.4461940e+00   1.4195990e-01   3.1096145e+00
   1.4462683e+00   1.4186781e-01   3.1087544e+00
   1.4462028e+00   1.4198821e-01   3.1102278e+00
   1.4462125e+00   1.4202601e-01   3.1102648e+00
   1.4462622e+00   1.4176567e-01   3.1080376e+00
   1.4462281e+00   1.4178780e-01   3.1068148e+00
   1.4462497e+00   1.4177733e-01   3.1076333e+00
   1.4462124e+00   1.4180472e-01   3.1075162e+00
   1.4462500e+00   1.4179160e-01   3.1082967e+00
   1.4462279e+00   1.4179096e-01   3.1071723e+00
   1.4462469e+00   1.4182974e-01   3.1079610e+00
   1.4462602e+00   1.4177007e-01   3.1079279e+00
   1.4462782e+00   1.4185517e-01   3.1081308e+00
   1.4462700e+00   1.4180897e-01   3.1075633e+00
   1.4462805e+00   1.4185860e-01   3.1082993e+00
   1.4462063e+00   1.4199439e-01   3.1105635e+00
   1.4463221e+00   1.4176848e-01   3.1084165e+00
   1.4462380e+00   1.4193270e-01   3.1099358e+00
   1.4462747e+00   1.4174337e-01   3.1070209e+00
   1.4462367e+00   1.4199179e-01   3.1094065e+00
   1.4462855e+00   1.4178723e-01   3.1093552e+00
   1.4462479e+00   1.4183979e-01   3.1076347e+00
   1.4462469e+00   1.4186183e-01   3.1082221e+00
   1.4462268e+00   1.4201010e-01   3.1102073e+00
   1.4462672e+00   1.4178700e-01   3.1074294e+00
   1.4462375e+00   1.4202978e-01   3.1101577e+00
   1.4462550e+00   1.4184616e-01   3.1081652e+00
   1.4462583e+00   1.4180785e-01   3.1083848e+00
   1.4462328e+00   1.4176757e-01   3.1078114e+00
   1.4462407e+00   1.4198634e-01   3.1093699e+00
   1.4462431e+00   1.4179020e-01   3.1077526e+00
   1.4462487e+00   1.4182149e-01   3.1083319e+00
   1.4462300e+00   1.4186151e-01   3.1077265e+00
   1.4462842e+00   1.4180383e-01   3.1078032e+00
   1.4463039e+00   1.4177575e-01   3.1092994e+00
   1.4462239e+00   1.4199140e-01   3.1094415e+00
   1.4461915e+00   1.4202175e-01   3.1096962e+00
   1.4462510e+00   1.4184499e-01   3.1076448e+00
   1.4462841e+00   1.4185357e-01   3.1082874e+00
   1.4462659e+00   1.4180985e-01   3.1077938e+00
   1.4462309e+00   1.4177161e-01   3.1073069e+00
   1.4462568e+00   1.4187126e-01   3.1083239e+00
   1.4462890e+00   1.4178044e-01   3.1077060e+00
   1.4462344e+00   1.4178687e-01   3.1076755e+00
   1.4463214e+00   1.4182779e-01   3.1077524e+00
   1.4455284e+00   1.4195887e-01   3.1080486e+00
   1.4427277e+00   1.4229613e-01   3.1121598e+00
   1.4396431e+00   1.4249416e-01   3.1150015e+00
   1.4363240e+00   1.4241720e-01   3.1102820e+00
   1.4329260e+00   1.4274335e-01   3.0994266e+00
   1.4296152e+00   1.4306361e-01   3.1022194e+00
   1.4253914e+00   1.4322425e-01   3.1043100e+00
   1.4217766e+00   1.4324663e-01   3.0996788e+00
   1.4184112e+00   1.4318403e-01   3.0974759e+00
   1.4146374e+00   1.4344467e-01   3.1035468e+00
   1.4112483e+00   1.4351733e-01   3.1047101e+00
   1.4077305e+00   1.4380749e-01   3.1059964e+00
   1.4037414e+00   1.4381655e-01   3.1022657e+00
   1.4002078e+00   1.4399916e-01   3.1016804e+00
   1.3962310e+00   1.4441732e-01   3.1077344e+00
   1.3931388e+00   1.4452394e-01   3.1053031e+00
   1.3890653e+00   1.4469085e-01   3.1068359e+00
   1.3855382e+00   1.4513654e-01   3.1077084e+00
   1.3821225e+00   1.4520374e-01   3.1044028e+00
   1.3782444e+00   1.4530271e-01   3.1052533e+00
   1.3738763e+00   1.4585901e-01   3.1126046e+00
   1.3713511e+00   1.4528842e-01   3.1069670e+00
   1.3675496e+00   1.4553000e-01   3.1039149e+00
   1.3637738e+00   1.4590214e-01   3.1098408e+00
   1.3600629e+00   1.4624017e-01   3.1100324e+00
   1.3560725e+00   1.4588747e-01   3.1068663e+00
   1.3521083e+00   1.4622912e-01   3.1048846e+00
   1.3488328e+00   1.4613851e-01   3.1041238e+00
   1.3455583e+00   1.4645764e-01   3.1062305e+00
   1.3414154e+00   1.4687311e-01   3.1093996e+00
   1.3380910e+00   1.4690739e-01   3.1098313e+00
   1.3347004e+00   1.4675133e-01   3.1055145e+00
   1.3299637e+00   1.4728853e-01   3.1144447e+00
   1.3267593e+00   1.4705698e-01   3.1127167e+00
   1.3229069e+00   1.4770378e-01   3.1167343e+00
   1.3189054e+00   1.4756787e-01   3.1167356e+00
   1.3158229e+00   1.4696896e-01   3.1114791e+00
   1.3113035e+00   1.4744303e-01   3.1150962e+00
   1.3072400e+00   1.4795793e-01   3.1195239e+00
   1.3045640e+00   1.4777412e-01   3.1155989e+00
   1.3009167e+00   1.4782720e-01   3.1174706e+00
   1.2968253e+00   1.4827471e-01   3.1185476e+00
   1.2936044e+00   1.4894439e-01   3.1188855e+00
   1.2899755e+00   1.4866308e-01   3.1199325e+00
   1.2856552e+00   1.4889896e-01   3.1185678e+00
   1.2817082e+00   1.4912743e-01   3.1196352e+00
   1.2789077e+00   1.4889496e-01   3.1189811e+00
   1.2749516e+00   1.4925525e-01   3.1267622e+00
   1.2713914e+00   1.4929719e-01   3.1152745e+00
   1.2676205e+00   1.4964237e-01   3.1172134e+00
   1.2633993e+00   1.4939953e-01   3.1175760e+00
   1.2594739e+00   1.4968434e-01   3.1152273e+00
   1.2567859e+00   1.4955167e-01   3.1144496e+00
   1.2528522e+00   1.4961818e-01   3.1163029e+00
   1.2487949e+00   1.5005936e-01   3.1235331e+00
   1.2456162e+00   1.5000565e-01   3.1201548e+00
   1.2417543e+00   1.5017574e-01   3.1169916e+00
   1.2378540e+00   1.5017505e-01   3.1137944e+00
   1.2343267e+00   1.5032053e-01   3.1135027e+00
   1.2309824e+00   1.5061827e-01   3.1168545e+00
   1.2271643e+00   1.5045782e-01   3.1162879e+00
   1.2235334e+00   1.5079359e-01   3.1182301e+00
   1.2200098e+00   1.5125204e-01   3.1182652e+00
   1.2150788e+00   1.5111087e-01   3.1236121e+00
   1.2122570e+00   1.5119722e-01   3.1249741e+00
   1.2089622e+00   1.5076262e-01   3.1218492e+00
   1.2048460e+00   1.5121729e-01   3.1226653e+00
   1.2012975e+00   1.5129104e-01   3.1231492e+00
   1.1983815e+00   1.5128643e-01   3.1176474e+00
   1.1936601e+00   1.5150656e-01   3.1246827e+00
   1.1902480e+00   1.5167308e-01   3.1221572e+00
   1.1863809e+00   1.5176669e-01   3.1285994e+00
   1.1823646e+00   1.5177733e-01   3.1269736e+00
   1.1787386e+00   1.5176559e-01   3.1307070e+00
   1.1754200e+00   1.5161796e-01   3.1295979e+00
   1.1707366e+00   1.5191382e-01   3.1299568e+00
   1.1673613e+00   1.5156445e-01   3.1285495e+00
   1.1638604e+00   1.5216000e-01   3.1304272e+00
   1.1606901e+00   1.5252752e-01   3.1324311e+00
   1.1567887e+00   1.5241214e-01   3.1282093e+00
   1.1533519e+00   1.5239152e-01   3.1267839e+00
   1.1495088e+00   1.5257074e-01   3.1302744e+00
   1.1457087e+00   1.5206540e-01   3.1301053e+00
   1.1424820e+00   1.5291785e-01   3.1311487e+00
   1.1390704e+00   1.5287811e-01   3.1325043e+00
   1.1345473e+00   1.5201954e-01   3.1273107e+00
   1.1308516e+00   1.5276891e-01   3.1364838e+00
   1.1275839e+00   1.5284302e-01   3.1349090e+00
   1.1236026e+00   1.5239772e-01   3.1349438e+00
   1.1200560e+00   1.5262779e-01   3.1291616e+00
   1.1164698e+00   1.5334798e-01   3.1373970e+00
   1.1126879e+00   1.5281285e-01   3.1322267e+00
   1.1097751e+00   1.5314441e-01   3.1341092e+00
   1.1059082e+00   1.5358561e-01   3.1377649e+00
   1.1018984e+00   1.5292898e-01   3.1384873e+00
   1.0981501e+00   1.5294696e-01   3.1391535e+00
   1.0946985e+00   1.5387812e-01   3.1405142e+00
   1.0906478e+00   1.5414456e-01  -3.1372305e+00
   1.0870498e+00   1.5281732e-01   3.1353278e+00
   1.0830451e+00   1.5345065e-01   3.1396406e+00
   1.0793058e+00   1.5355621e-01  -3.1371184e+00
   1.0758050e+00   1.5314436e-01   3.1326494e+00
   1.0720268e+00   1.5374319e-01   3.1356106e+00
   1.0689318e+00   1.5356709e-01   3.1393889e+00
   1.0654828e+00   1.5330930e-01   3.1359210e+00
   1.0615824e+00   1.5484000e-01  -3.1380455e+00
   1.0582179e+00   1.5420157e-01   3.1368231e+00
   1.0542371e+00   1.5461477e-01  -3.1415485e+00
   1.0500401e+00   1.5421883e-01   3.1379578e+00
   1.0466353e+00   1.5369812e-01   3.1383664e+00
   1.0424643e+00   1.5415602e-01  -3.1407301e+00
   1.0384400e+00   1.5450879e-01  -3.1356072e+00
   1.0346501e+00   1.5408266e-01  -3.1349643e+00
   1.0312905e+00   1.5357658e-01   3.1409197e+00
   1.0276056e+00   1.5376302e-01   3.1408874e+00
   1.0235516e+00   1.5378256e-01  -3.1400706e+00
   1.0202924e+00   1.5423918e-01  -3.1373384e+00
   1.0165482e+00   1.5457025e-01  -3.1282987e+00
   1.0126062e+00   1.5417606e-01  -3.1294013e+00
   1.0097318e+00   1.5464559e-01  -3.1311292e+00
   1.0062048e+00   1.5484937e-01  -3.1272201e+00
   1.0022662e+00   1.5471321e-01  -3.1261270e+00
   9.9851938e-01   1.5393159e-01  -3.1326647e+00
   9.9483083e-01   1.5451400e-01  -3.1300002e+00
   9.9134194e-01   1.5490838e-01  -3.1300623e+00
   9.8790892e-01   1.5464048e-01  -3.1324912e+00
   9.8421904e-01   1.5407601e-01  -3.1340741e+00
   9.8033242e-01   1.5403554e-01  -3.1328728e+00
   9.7682847e-01   1.5436685e-01  -3.1298682e+00
   9.7266877e-01   1.5500877e-01  -3.1223297e+00
   9.6911440e-01   1.5427837e-01  -3.1295173e+00
   9.6590356e-01   1.5394196e-01  -3.1297509e+00
   9.6241336e-01   1.5472899e-01  -3.1264955e+00
   9.5807631e-01   1.5510662e-01  -3.1268492e+00
   9.5505994e-01   1.5453551e-01  -3.1334520e+00
   9.5158409e-01   1.5467425e-01  -3.1348744e+00
   9.4747341e-01   1.5544899e-01  -3.1242660e+00
   9.4371659e-01   1.5429804e-01  -3.1319707e+00
   9.4038520e-01   1.5499252e-01  -3.1322006e+00
   9.3622078e-01   1.5503892e-01  -3.1263025e+00
   9.3264839e-01   1.5415463e-01  -3.1376009e+00
   9.2944762e-01   1.5476429e-01  -3.1314493e+00
   9.2601922e-01   1.5438158e-01  -3.1340195e+00
   9.2170382e-01   1.5372789e-01  -3.1355901e+00
   9.1802801e-01   1.5494104e-01  -3.1260783e+00
   9.1400227e-01   1.5507833e-01  -3.1266645e+00
   9.0995665e-01   1.5472069e-01  -3.1254726e+00
   9.0608523e-01   1.5445894e-01  -3.1233731e+00
   9.0278437e-01   1.5403623e-01  -3.1194313e+00
   8.9889667e-01   1.5430726e-01  -3.1189352e+00
   8.9511746e-01   1.5439168e-01  -3.1162192e+00
   8.9176876e-01   1.5402318e-01  -3.1211286e+00
   8.8738339e-01   1.5428739e-01  -3.1194167e+00
   8.8403453e-01   1.5423755e-01  -3.1202098e+00
   8.8061630e-01   1.5398372e-01  -3.1246978e+00
   8.7650300e-01   1.5408625e-01  -3.1190087e+00
   8.7315209e-01   1.5482962e-01  -3.1089088e+00
   8.6987672e-01   1.5392996e-01  -3.1169748e+00
   8.6542212e-01   1.5400824e-01  -3.1153883e+00
   8.6190807e-01   1.5370123e-01  -3.1158583e+00
   8.5836210e-01   1.5361691e-01  -3.1176692e+00
   8.5481070e-01   1.5373407e-01  -3.1114753e+00
   8.5149092e-01   1.5353133e-01  -3.1147157e+00
   8.4733050e-01   1.5356807e-01  -3.1115865e+00
   8.4362479e-01   1.5361781e-01  -3.1118257e+00
   8.4037400e-01   1.5326054e-01  -3.1150641e+00
   8.3607989e-01   1.5321786e-01  -3.1182636e+00
   8.3280411e-01   1.5336282e-01  -3.1127570e+00
   8.2977733e-01   1.5344261e-01  -3.1095427e+00
   8.2539935e-01   1.5289798e-01  -3.1116490e+00
   8.2185540e-01   1.5278322e-01  -3.1141584e+00
   8.1809838e-01   1.5290761e-01  -3.1137133e+00
   8.1405292e-01   1.5264751e-01  -3.1094856e+00
   8.1019510e-01   1.5289573e-01  -3.1110019e+00
   8.0721336e-01   1.5220723e-01  -3.1166069e+00
   8.0353126e-01   1.5261969e-01  -3.1150828e+00
   7.9966409e-01   1.5214530e-01  -3.1164441e+00
   7.9617961e-01   1.5237465e-01  -3.1171619e+00
   7.9228002e-01   1.5242436e-01  -3.1142680e+00
   7.8914859e-01   1.5151826e-01  -3.1141111e+00
   7.8516656e-01   1.5181990e-01  -3.1141679e+00
   7.8155148e-01   1.5192885e-01  -3.1132004e+00
   7.7809895e-01   1.5141843e-01  -3.1108925e+00
   7.7342792e-01   1.5189880e-01  -3.1092098e+00
   7.6918787e-01   1.5167093e-01  -3.1100004e+00
   7.6593888e-01   1.5128819e-01  -3.1079743e+00
   7.6252807e-01   1.5161237e-01  -3.1017083e+00
   7.5846922e-01   1.5073410e-01  -3.1042821e+00
   7.5444134e-01   1.5125475e-01  -3.1045326e+00
   7.5088460e-01   1.5056983e-01  -3.1032362e+00
   7.4739691e-01   1.5089637e-01  -3.1069155e+00
   7.4403988e-01   1.5130839e-01  -3.1025655e+00
   7.4032888e-01   1.5066525e-01  -3.1037134e+00
   7.3713501e-01   1.5046601e-01  -3.1030738e+00
   7.3335183e-01   1.5065848e-01  -3.1012516e+00
   7.2921446e-01   1.5056014e-01  -3.0943048e+00
   7.2559351e-01   1.5020085e-01  -3.0991683e+00
   7.2244091e-01   1.5044893e-01  -3.1032607e+00
   7.1833476e-01   1.5043404e-01  -3.0977225e+00
   7.1493999e-01   1.5018059e-01  -3.1027199e+00
   7.1110577e-01   1.4996712e-01  -3.0978911e+00
   7.0752406e-01   1.4990131e-01  -3.0994977e+00
   7.0383473e-01   1.5001334e-01  -3.0938053e+00
   7.0012843e-01   1.4867701e-01  -3.1035644e+00
   6.9662589e-01   1.4910372e-01  -3.0991561e+00
   6.9307453e-01   1.4953773e-01  -3.0920979e+00
   6.8939111e-01   1.4903559e-01  -3.0949752e+00
   6.8543226e-01   1.4870270e-01  -3.1015732e+00
   6.8205333e-01   1.4871811e-01  -3.1022041e+00
   6.7851317e-01   1.4854334e-01  -3.1011536e+00
   6.7463395e-01   1.4848985e-01  -3.0993817e+00
   6.7089177e-01   1.4753928e-01  -3.1048762e+00
   6.6647628e-01   1.4863690e-01  -3.0875338e+00
   6.6355197e-01   1.4844326e-01  -3.0914116e+00
   6.5938180e-01   1.4868104e-01  -3.0834838e+00
   6.5589329e-01   1.4801507e-01  -3.0925665e+00
   6.5244342e-01   1.4798712e-01  -3.0919041e+00
   6.4909151e-01   1.4795955e-01  -3.0907113e+00
   6.4522024e-01   1.4734492e-01  -3.0986604e+00
   6.4166589e-01   1.4756365e-01  -3.0928125e+00
   6.3772523e-01   1.4777870e-01  -3.0896968e+00
   6.3370636e-01   1.4690919e-01  -3.0920879e+00
   6.2958184e-01   1.4643268e-01  -3.0902432e+00
   6.2625918e-01   1.4660831e-01  -3.0914880e+00
   6.2256350e-01   1.4635063e-01  -3.0911312e+00
   6.1888257e-01   1.4620758e-01  -3.0865128e+00
   6.1502725e-01   1.4608466e-01  -3.0887814e+00
   6.1187843e-01   1.4597290e-01  -3.0917582e+00
   6.0806453e-01   1.4570725e-01  -3.0885172e+00
   6.0408280e-01   1.4565055e-01  -3.0945706e+00
   6.0075068e-01   1.4594232e-01  -3.0820665e+00
   5.9757001e-01   1.4549766e-01  -3.0904269e+00
   5.9364685e-01   1.4506297e-01  -3.0920480e+00
   5.9021467e-01   1.4465731e-01  -3.0894143e+00
   5.8641711e-01   1.4486907e-01  -3.0854298e+00
   5.8309171e-01   1.4449062e-01  -3.0859896e+00
   5.7908483e-01   1.4434351e-01  -3.0876743e+00
   5.7530035e-01   1.4409700e-01  -3.0870974e+00
   5.7197106e-01   1.4386970e-01  -3.0899720e+00
   5.6836443e-01   1.4385494e-01  -3.0872420e+00
   5.6437491e-01   1.4409635e-01  -3.0908774e+00
   5.6050362e-01   1.4346093e-01  -3.0879718e+00
   5.5688586e-01   1.4293847e-01  -3.0904489e+00
   5.5334923e-01   1.4316884e-01  -3.0824592e+00
   5.4956332e-01   1.4291685e-01  -3.0836849e+00
   5.4633108e-01   1.4265618e-01  -3.0805190e+00
   5.4218779e-01   1.4246396e-01  -3.0758904e+00
   5.3859584e-01   1.4150475e-01  -3.0734946e+00
   5.3483010e-01   1.4143727e-01  -3.0788795e+00
   5.3153198e-01   1.4137820e-01  -3.0743790e+00
   5.2780122e-01   1.4142230e-01  -3.0797323e+00
   5.2400698e-01   1.4102271e-01  -3.0830949e+00
   5.2080346e-01   1.4097070e-01  -3.0811687e+00
   5.1667979e-01   1.4089036e-01  -3.0784881e+00
   5.1357959e-01   1.4076473e-01  -3.0813745e+00
   5.1003357e-01   1.4032300e-01  -3.0813365e+00
   5.0587629e-01   1.4030914e-01  -3.0803563e+00
   5.0224277e-01   1.3958614e-01  -3.0799773e+00
   4.9835635e-01   1.3955635e-01  -3.0739137e+00
   4.9493795e-01   1.3938394e-01  -3.0726825e+00
   4.9097132e-01   1.3927249e-01  -3.0663718e+00
   4.8708244e-01   1.3868880e-01  -3.0762702e+00
   4.8349381e-01   1.3827646e-01  -3.0779163e+00
   4.8003273e-01   1.3839831e-01  -3.0722675e+00
   4.7632314e-01   1.3837220e-01  -3.0734822e+00
   4.7215135e-01   1.3806943e-01  -3.0675554e+00
   4.6875565e-01   1.3759152e-01  -3.0698793e+00
   4.6510286e-01   1.3743914e-01  -3.0693324e+00
   4.6107206e-01   1.3765003e-01  -3.0581286e+00
   4.5734856e-01   1.3690274e-01  -3.0614585e+00
   4.5409475e-01   1.3652250e-01  -3.0626222e+00
   4.5043856e-01   1.3628321e-01  -3.0596800e+00
   4.4724311e-01   1.3628245e-01  -3.0627147e+00
   4.4324032e-01   1.3585841e-01  -3.0657919e+00
   4.3976538e-01   1.3527917e-01  -3.0596194e+00
   4.3610664e-01   1.3521220e-01  -3.0614757e+00
   4.3279534e-01   1.3422976e-01  -3.0587024e+00
   4.2912969e-01   1.3467750e-01  -3.0616970e+00
   4.2530692e-01   1.3397696e-01  -3.0653123e+00
   4.2148664e-01   1.3389560e-01  -3.0583632e+00
   4.1795630e-01   1.3321253e-01  -3.0601381e+00
   4.1359007e-01   1.3346978e-01  -3.0612604e+00
   4.1070790e-01   1.3314761e-01  -3.0602652e+00
   4.0732459e-01   1.3207531e-01  -3.0570041e+00
   4.0339444e-01   1.3247916e-01  -3.0524638e+00
   3.9977134e-01   1.3203081e-01  -3.0565279e+00
   3.9576997e-01   1.3175425e-01  -3.0532461e+00
   3.9231776e-01   1.3173870e-01  -3.0603686e+00
   3.8857963e-01   1.3151121e-01  -3.0546066e+00
   3.8504794e-01   1.3122681e-01  -3.0567436e+00
   3.8188064e-01   1.3093957e-01  -3.0560912e+00
   3.7804234e-01   1.2976371e-01  -3.0521812e+00
   3.7389253e-01   1.3000580e-01  -3.0605440e+00
   3.7041886e-01   1.2976018e-01  -3.0601785e+00
   3.6667281e-01   1.2980657e-01  -3.0532358e+00
   3.6278568e-01   1.2968205e-01  -3.0487709e+00
   3.5945462e-01   1.2867513e-01  -3.0538406e+00
   3.5575371e-01   1.2851105e-01  -3.0601993e+00
   3.5113769e-01   1.2966197e-01  -3.0434456e+00
   3.4782068e-01   1.2890858e-01  -3.0443952e+00
   3.4496566e-01   1.2709219e-01  -3.0532090e+00
   3.4114071e-01   1.2787055e-01  -3.0388142e+00
   3.3764937e-01   1.2644718e-01  -3.0470550e+00
   3.3407528e-01   1.2631283e-01  -3.0490856e+00
   3.2994103e-01   1.2619249e-01  -3.0544355e+00
   3.2586888e-01   1.2600209e-01  -3.0496009e+00
   3.2233564e-01   1.2610121e-01  -3.0449155e+00
   3.1912007e-01   1.2601464e-01  -3.0393225e+00
   3.1529421e-01   1.2533157e-01  -3.0440673e+00
   3.1166269e-01   1.2511436e-01  -3.0539184e+00
   3.0795633e-01   1.2480328e-01  -3.0507853e+00
   3.0432919e-01   1.2470919e-01  -3.0273849e+00
   3.0127116e-01   1.2347085e-01  -3.0509716e+00
   2.9693552e-01   1.2325550e-01  -3.0494335e+00
   2.9365445e-01   1.2313420e-01  -3.0455882e+00
   2.9071081e-01   1.2225320e-01  -3.0408620e+00
   2.8693317e-01   1.2166427e-01  -3.0537174e+00
   2.8235482e-01   1.2219548e-01  -3.0538300e+00
   2.7895134e-01   1.2161335e-01  -3.0488581e+00
   2.7569138e-01   1.2078003e-01  -3.0405850e+00
   2.7155051e-01   1.2093137e-01  -3.0542067e+00
   2.6846070e-01   1.2069169e-01  -3.0477413e+00
   2.6443319e-01   1.2017271e-01  -3.0488783e+00
   2.6121231e-01   1.2071001e-01  -3.0342424e+00
   2.5736402e-01   1.1937528e-01  -3.0464874e+00
   2.5358361e-01   1.1936386e-01  -3.0491509e+00
   2.4958563e-01   1.1938989e-01  -3.0649391e+00
   2.4679080e-01   1.1936661e-01  -3.0568449e+00
   2.4631767e-01   1.1940304e-01  -3.0427918e+00
   2.4632478e-01   1.1977142e-01  -3.0417119e+00
   2.4630522e-01   1.1972187e-01  -3.0401422e+00
   2.4697313e-01   1.1849656e-01  -3.0436544e+00
   2.4699445e-01   1.1850184e-01  -3.0433331e+00
   2.4671932e-01   1.1884490e-01  -3.0437997e+00
   2.4650731e-01   1.1873697e-01  -3.0473890e+00
   2.4663534e-01   1.1879587e-01  -3.0425086e+00
   2.4671330e-01   1.1882360e-01  -3.0420352e+00
   2.4659329e-01   1.1860453e-01  -3.0455696e+00
   2.4666490e-01   1.1858592e-01  -3.0445559e+00
   2.4667139e-01   1.1875179e-01  -3.0459406e+00
   2.4665765e-01   1.1880105e-01  -3.0427575e+00
   2.4666550e-01   1.1883548e-01  -3.0448123e+00
   2.4656262e-01   1.1865549e-01  -3.0459373e+00
   2.4666320e-01   1.1881668e-01  -3.0432372e+00
   2.4664418e-01   1.1863039e-01  -3.0442947e+00
   2.4661161e-01   1.1883639e-01  -3.0429788e+00
   2.4659878e-01   1.1873199e-01  -3.0477542e+00
   2.4663542e-01   1.1869502e-01  -3.0461898e+00
   2.4663673e-01   1.1882348e-01  -3.0418261e+00
   2.4666166e-01   1.1861529e-01  -3.0453431e+00
   2.4666191e-01   1.1863879e-01  -3.0441929e+00
   2.4663142e-01   1.1890787e-01  -3.0445900e+00
   2.4663223e-01   1.1880354e-01  -3.0428260e+00
   2.4665780e-01   1.1864303e-01  -3.0450774e+00
   2.4665735e-01   1.1886216e-01  -3.0423397e+00
   2.4666849e-01   1.1884096e-01  -3.0426944e+00
   2.4664708e-01   1.1895001e-01  -3.0441275e+00
   2.4660685e-01   1.1868409e-01  -3.0442705e+00
