  -5.5545225e-01   8.3154843e-01
  -5.5500016e-01   8.3185024e-01
  -5.5454799e-01   8.3215175e-01
  -5.5404720e-01   8.3248525e-01
  -5.5359509e-01   8.3278597e-01
  -5.5314229e-01   8.3308680e-01
  -5.5270460e-01   8.3337724e-01
  -5.5225193e-01   8.3367728e-01
  -5.5175876e-01   8.3400376e-01
  -5.5125711e-01   8.3433543e-01
  -5.5079202e-01   8.3464253e-01
  -5.5038876e-01   8.3490851e-01
  -5.4993504e-01   8.3520743e-01
  -5.4948123e-01   8.3550606e-01
  -5.4897798e-01   8.3583681e-01
  -5.4852261e-01   8.3613572e-01
  -5.4788309e-01   8.3655491e-01
  -5.4741572e-01   8.3686082e-01
  -5.4696109e-01   8.3715803e-01
  -5.4639647e-01   8.3752665e-01
  -5.4595015e-01   8.3781766e-01
  -5.4549579e-01   8.3811356e-01
  -5.4495550e-01   8.3846497e-01
  -5.4446457e-01   8.3878384e-01
  -5.4399351e-01   8.3908942e-01
  -5.4353822e-01   8.3938442e-01
  -5.4308214e-01   8.3967958e-01
  -5.4260993e-01   8.3998480e-01
  -5.4216261e-01   8.4027359e-01
  -5.4153175e-01   8.4068030e-01
  -5.4107390e-01   8.4097505e-01
  -5.4061779e-01   8.4126833e-01
  -5.4016049e-01   8.4156202e-01
  -5.3970315e-01   8.4185539e-01
  -5.3924209e-01   8.4215080e-01
  -5.3876939e-01   8.4245329e-01
  -5.3827992e-01   8.4276612e-01
  -5.3782283e-01   8.4305789e-01
  -5.3736538e-01   8.4334954e-01
  -5.3690710e-01   8.4364137e-01
  -5.3644851e-01   8.4393305e-01
  -5.3596345e-01   8.4424119e-01
  -5.3533090e-01   8.4464243e-01
  -5.3489503e-01   8.4491852e-01
  -5.3443579e-01   8.4520908e-01
  -5.3397737e-01   8.4549877e-01
  -5.3351764e-01   8.4578894e-01
  -5.3304021e-01   8.4608991e-01
  -5.3322839e-01   8.4597133e-01
  -5.3318730e-01   8.4599722e-01
  -5.3294513e-01   8.4614980e-01
  -5.3286618e-01   8.4619952e-01
  -5.3227936e-01   8.4656877e-01
  -5.3366136e-01   8.4569826e-01
  -5.3290397e-01   8.4617573e-01
  -5.3354195e-01   8.4577361e-01
  -5.3270812e-01   8.4629904e-01
  -5.3317691e-01   8.4600377e-01
  -5.3286569e-01   8.4619983e-01
  -5.3425973e-01   8.4532038e-01
  -5.3368316e-01   8.4568451e-01
  -5.3365816e-01   8.4570028e-01
  -5.3338029e-01   8.4587556e-01
  -5.3370888e-01   8.4566828e-01
  -5.3324032e-01   8.4596381e-01
  -5.3392298e-01   8.4553312e-01
  -5.3370560e-01   8.4567035e-01
  -5.3348860e-01   8.4580725e-01
  -5.3370846e-01   8.4566854e-01
  -5.3388274e-01   8.4555852e-01
  -5.3379569e-01   8.4561348e-01
  -5.3376551e-01   8.4563253e-01
  -5.3345393e-01   8.4582912e-01
  -5.3277663e-01   8.4625591e-01
  -5.3353207e-01   8.4577984e-01
  -5.3264744e-01   8.4633723e-01
  -5.3421324e-01   8.4534976e-01
  -5.3353762e-01   8.4577633e-01
  -5.3490921e-01   8.4490955e-01
  -5.3551486e-01   8.4452580e-01
  -5.3474929e-01   8.4501076e-01
  -5.3467130e-01   8.4506012e-01
  -5.3402926e-01   8.4546599e-01
  -5.3457384e-01   8.4512177e-01
  -5.3424838e-01   8.4532755e-01
  -5.3385362e-01   8.4557691e-01
  -5.3430776e-01   8.4529002e-01
  -5.3322782e-01   8.4597169e-01
  -5.3308161e-01   8.4606382e-01
  -5.3331435e-01   8.4591714e-01
  -5.3245189e-01   8.4646027e-01
  -5.3308250e-01   8.4606326e-01
  -5.3347072e-01   8.4581853e-01
  -5.3304760e-01   8.4608526e-01
  -5.3302106e-01   8.4610197e-01
  -5.3298266e-01   8.4612616e-01
  -5.3359727e-01   8.4573870e-01
  -5.3366090e-01   8.4569856e-01
  -5.3359092e-01   8.4574271e-01
  -5.3416231e-01   8.4538194e-01
  -5.3422870e-01   8.4533999e-01
  -5.3303919e-01   8.4609055e-01
  -5.3412267e-01   8.4540699e-01
  -5.3302973e-01   8.4609651e-01
  -5.3389541e-01   8.4555053e-01
  -5.3307786e-01   8.4606619e-01
  -5.3372986e-01   8.4565503e-01
  -5.3340209e-01   8.4586181e-01
  -5.3338610e-01   8.4587190e-01
  -5.3417030e-01   8.4537689e-01
  -5.3342941e-01   8.4584459e-01
  -5.3426752e-01   8.4531546e-01
  -5.3406018e-01   8.4544646e-01
  -5.3344321e-01   8.4583588e-01
  -5.3423302e-01   8.4533726e-01
  -5.3503731e-01   8.4482843e-01
  -5.3579312e-01   8.4434930e-01
  -5.3458191e-01   8.4511667e-01
  -5.3512254e-01   8.4477445e-01
  -5.3537215e-01   8.4461628e-01
  -5.3552695e-01   8.4451814e-01
  -5.3481601e-01   8.4496854e-01
  -5.3392219e-01   8.4553362e-01
  -5.3430728e-01   8.4529033e-01
  -5.3333182e-01   8.4590612e-01
  -5.3357966e-01   8.4574982e-01
  -5.3333725e-01   8.4590270e-01
  -5.3331636e-01   8.4591587e-01
  -5.3316772e-01   8.4600956e-01
  -5.3306892e-01   8.4607182e-01
  -5.3320153e-01   8.4598826e-01
  -5.3342213e-01   8.4584918e-01
  -5.3417626e-01   8.4537313e-01
  -5.3379721e-01   8.4561252e-01
  -5.3431118e-01   8.4528786e-01
  -5.3439976e-01   8.4523186e-01
  -5.3515615e-01   8.4475316e-01
  -5.3387551e-01   8.4556309e-01
  -5.3466679e-01   8.4506297e-01
  -5.3319403e-01   8.4599298e-01
  -5.3433486e-01   8.4527289e-01
  -5.3391637e-01   8.4553729e-01
  -5.3364673e-01   8.4570750e-01
  -5.3408880e-01   8.4542838e-01
  -5.3375562e-01   8.4563877e-01
  -5.3406462e-01   8.4544366e-01
  -5.3433431e-01   8.4527324e-01
  -5.3415261e-01   8.4538807e-01
  -5.3368405e-01   8.4568394e-01
  -5.3364807e-01   8.4570665e-01
  -5.3423883e-01   8.4533359e-01
  -5.3470364e-01   8.4503966e-01
  -5.3428387e-01   8.4530512e-01
  -5.3522120e-01   8.4471194e-01
  -5.3581384e-01   8.4433615e-01
  -5.3690503e-01   8.4364269e-01
  -5.3556253e-01   8.4449557e-01
  -5.3445576e-01   8.4519645e-01
  -5.3435152e-01   8.4526236e-01
  -5.3436311e-01   8.4525503e-01
  -5.3437764e-01   8.4524585e-01
  -5.3262708e-01   8.4635004e-01
  -5.3358481e-01   8.4574656e-01
  -5.3353920e-01   8.4577534e-01
  -5.3345976e-01   8.4582545e-01
  -5.3341304e-01   8.4585491e-01
  -5.3279900e-01   8.4624183e-01
  -5.3282890e-01   8.4622300e-01
  -5.3301667e-01   8.4610474e-01
  -5.3271396e-01   8.4629536e-01
  -5.3246163e-01   8.4645414e-01
  -5.3294377e-01   8.4615066e-01
  -5.3324775e-01   8.4595912e-01
  -5.3363951e-01   8.4571205e-01
  -5.3410706e-01   8.4541685e-01
  -5.3405222e-01   8.4545149e-01
  -5.3366120e-01   8.4569837e-01
  -5.3369348e-01   8.4567800e-01
  -5.3282728e-01   8.4622402e-01
  -5.3294116e-01   8.4615231e-01
  -5.3225596e-01   8.4658348e-01
  -5.3245417e-01   8.4645883e-01
  -5.3301507e-01   8.4610575e-01
  -5.3242537e-01   8.4647695e-01
  -5.3359285e-01   8.4574149e-01
  -5.3290151e-01   8.4617727e-01
  -5.3329234e-01   8.4593101e-01
  -5.3254019e-01   8.4640472e-01
  -5.3260142e-01   8.4636619e-01
  -5.3406901e-01   8.4544089e-01
  -5.3423740e-01   8.4533449e-01
  -5.3434772e-01   8.4526476e-01
  -5.3469868e-01   8.4504279e-01
  -5.3510221e-01   8.4478733e-01
  -5.3488742e-01   8.4492334e-01
  -5.3392823e-01   8.4552980e-01
  -5.3383647e-01   8.4558774e-01
  -5.3242221e-01   8.4647894e-01
  -5.3313430e-01   8.4603063e-01
  -5.3283892e-01   8.4621669e-01
  -5.3277755e-01   8.4625533e-01
  -5.3319463e-01   8.4599261e-01
  -5.3208697e-01   8.4668971e-01
  -5.3306194e-01   8.4607622e-01
  -5.3252219e-01   8.4641604e-01
  -5.3218963e-01   8.4662518e-01
  -5.3349370e-01   8.4580404e-01
  -5.3247202e-01   8.4644761e-01
  -5.3295245e-01   8.4614519e-01
  -5.3348282e-01   8.4581090e-01
  -5.3299821e-01   8.4611637e-01
  -5.3315155e-01   8.4601975e-01
  -5.3324372e-01   8.4596166e-01
  -5.3309101e-01   8.4605790e-01
  -5.3359315e-01   8.4574130e-01
  -5.3259897e-01   8.4636773e-01
  -5.3299708e-01   8.4611708e-01
  -5.3288111e-01   8.4619012e-01
  -5.3182613e-01   8.4685357e-01
  -5.3275685e-01   8.4626836e-01
  -5.3326222e-01   8.4595000e-01
  -5.3279444e-01   8.4624470e-01
  -5.3288859e-01   8.4618541e-01
  -5.3286919e-01   8.4619763e-01
  -5.3229472e-01   8.4655911e-01
  -5.3267495e-01   8.4631992e-01
  -5.3311355e-01   8.4604370e-01
  -5.3361773e-01   8.4572579e-01
  -5.3438769e-01   8.4523949e-01
  -5.3506159e-01   8.4481305e-01
  -5.3472162e-01   8.4502828e-01
  -5.3525665e-01   8.4468948e-01
  -5.3490196e-01   8.4491413e-01
  -5.3465404e-01   8.4507104e-01
  -5.3331902e-01   8.4591419e-01
  -5.3382246e-01   8.4559658e-01
  -5.3268381e-01   8.4631434e-01
  -5.3375544e-01   8.4563889e-01
  -5.3288385e-01   8.4618840e-01
  -5.3225878e-01   8.4658171e-01
  -5.3301553e-01   8.4610545e-01
  -5.3294170e-01   8.4615197e-01
  -5.3333963e-01   8.4590120e-01
  -5.3254033e-01   8.4640463e-01
  -5.3265467e-01   8.4633268e-01
  -5.3238917e-01   8.4649972e-01
  -5.3274222e-01   8.4627757e-01
  -5.3290206e-01   8.4617693e-01
  -5.3283040e-01   8.4622205e-01
  -5.3442244e-01   8.4521752e-01
  -5.3373208e-01   8.4565363e-01
  -5.3257602e-01   8.4638217e-01
  -5.3363977e-01   8.4571189e-01
  -5.3310678e-01   8.4604797e-01
  -5.3248933e-01   8.4643672e-01
  -5.3392415e-01   8.4553238e-01
  -5.3254019e-01   8.4640472e-01
  -5.3261989e-01   8.4635457e-01
  -5.3310116e-01   8.4605150e-01
  -5.3258175e-01   8.4637857e-01
  -5.3267899e-01   8.4631737e-01
  -5.3355037e-01   8.4576829e-01
  -5.3209163e-01   8.4668678e-01
  -5.3293019e-01   8.4615921e-01
  -5.3370662e-01   8.4566970e-01
  -5.3415214e-01   8.4538837e-01
  -5.3319324e-01   8.4599348e-01
  -5.3412253e-01   8.4540707e-01
  -5.3446359e-01   8.4519150e-01
  -5.3431548e-01   8.4528514e-01
  -5.3443938e-01   8.4520681e-01
  -5.3257056e-01   8.4638561e-01
  -5.3329643e-01   8.4592844e-01
  -5.3370305e-01   8.4567195e-01
  -5.3273483e-01   8.4628222e-01
  -5.3260233e-01   8.4636562e-01
  -5.3199031e-01   8.4675044e-01
  -5.3288813e-01   8.4618570e-01
  -5.3306046e-01   8.4607715e-01
  -5.3195706e-01   8.4677133e-01
  -5.3306612e-01   8.4607359e-01
  -5.3288512e-01   8.4618760e-01
  -5.3370264e-01   8.4567221e-01
  -5.3307949e-01   8.4606516e-01
  -5.3380751e-01   8.4560602e-01
  -5.3366314e-01   8.4569714e-01
  -5.3285466e-01   8.4620678e-01
  -5.3313338e-01   8.4603121e-01
  -5.3378588e-01   8.4561968e-01
  -5.3357771e-01   8.4575105e-01
  -5.3365004e-01   8.4570541e-01
  -5.3296875e-01   8.4613493e-01
  -5.3351606e-01   8.4578993e-01
  -5.3311610e-01   8.4604209e-01
  -5.3335486e-01   8.4589160e-01
  -5.3270484e-01   8.4630110e-01
  -5.3372806e-01   8.4565617e-01
  -5.3399276e-01   8.4548905e-01
  -5.3269344e-01   8.4630828e-01
  -5.3390303e-01   8.4554571e-01
  -5.3356557e-01   8.4575870e-01
  -5.3409264e-01   8.4542596e-01
  -5.3459180e-01   8.4511041e-01
  -5.3575106e-01   8.4437599e-01
  -5.3561866e-01   8.4445997e-01
  -5.3526707e-01   8.4468288e-01
  -5.3510053e-01   8.4478839e-01
  -5.3498798e-01   8.4485967e-01
  -5.3495250e-01   8.4488213e-01
  -5.3300913e-01   8.4610949e-01
  -5.3317355e-01   8.4600589e-01
  -5.3314006e-01   8.4602699e-01
  -5.3300756e-01   8.4611048e-01
  -5.3201469e-01   8.4673512e-01
  -5.3339129e-01   8.4586863e-01
  -5.3309785e-01   8.4605360e-01
  -5.3379152e-01   8.4561611e-01
  -5.3188044e-01   8.4681946e-01
  -5.3346029e-01   8.4582511e-01
  -5.3253517e-01   8.4640788e-01
  -5.3333325e-01   8.4590522e-01
  -5.3307035e-01   8.4607092e-01
  -5.3405309e-01   8.4545095e-01
  -5.3473310e-01   8.4502101e-01
  -5.3441647e-01   8.4522129e-01
  -5.3422191e-01   8.4534428e-01
  -5.3401512e-01   8.4547493e-01
  -5.3334473e-01   8.4589798e-01
  -5.3266631e-01   8.4632535e-01
  -5.3424461e-01   8.4532993e-01
  -5.3345887e-01   8.4582601e-01
  -5.3305487e-01   8.4608068e-01
  -5.3283835e-01   8.4621705e-01
  -5.3294280e-01   8.4615127e-01
  -5.3317302e-01   8.4600622e-01
  -5.3379488e-01   8.4561399e-01
  -5.3350915e-01   8.4579429e-01
  -5.3369536e-01   8.4567681e-01
  -5.3415908e-01   8.4538398e-01
  -5.3429913e-01   8.4529548e-01
  -5.3422321e-01   8.4534346e-01
  -5.3482974e-01   8.4495985e-01
  -5.3505832e-01   8.4481513e-01
  -5.3438468e-01   8.4524139e-01
  -5.3542164e-01   8.4458491e-01
  -5.3474467e-01   8.4501369e-01
  -5.3427909e-01   8.4530814e-01
  -5.3355161e-01   8.4576751e-01
  -5.3435270e-01   8.4526161e-01
  -5.3329965e-01   8.4592641e-01
  -5.3426187e-01   8.4531903e-01
  -5.3341912e-01   8.4585108e-01
  -5.3240862e-01   8.4648748e-01
  -5.3394157e-01   8.4552138e-01
  -5.3297023e-01   8.4613399e-01
  -5.3367508e-01   8.4568960e-01
  -5.3240513e-01   8.4648968e-01
  -5.3300778e-01   8.4611034e-01
  -5.3315175e-01   8.4601963e-01
  -5.3338799e-01   8.4587071e-01
  -5.3372552e-01   8.4565778e-01
  -5.3457585e-01   8.4512050e-01
  -5.3365849e-01   8.4570008e-01
  -5.3400152e-01   8.4548351e-01
  -5.3357301e-01   8.4575401e-01
  -5.3321003e-01   8.4598290e-01
  -5.3313828e-01   8.4602812e-01
  -5.3273734e-01   8.4628064e-01
  -5.3313536e-01   8.4602996e-01
  -5.3333452e-01   8.4590442e-01
  -5.3251578e-01   8.4642008e-01
  -5.3308926e-01   8.4605901e-01
  -5.3337564e-01   8.4587850e-01
  -5.3265452e-01   8.4633278e-01
  -5.3221336e-01   8.4661026e-01
  -5.3304872e-01   8.4608455e-01
  -5.3299533e-01   8.4611818e-01
  -5.3364936e-01   8.4570583e-01
  -5.3343994e-01   8.4583794e-01
  -5.3312375e-01   8.4603727e-01
  -5.3270603e-01   8.4630035e-01
  -5.3224517e-01   8.4659026e-01
  -5.3190266e-01   8.4680550e-01
  -5.3144260e-01   8.4709431e-01
  -5.3099301e-01   8.4737620e-01
  -5.3053555e-01   8.4766269e-01
  -5.3015724e-01   8.4789935e-01
  -5.2973742e-01   8.4816170e-01
  -5.2927736e-01   8.4844887e-01
  -5.2881613e-01   8.4873641e-01
  -5.2837174e-01   8.4901314e-01
  -5.2793895e-01   8.4928232e-01
  -5.2756013e-01   8.4951769e-01
  -5.2712448e-01   8.4978808e-01
  -5.2666205e-01   8.5007475e-01
  -5.2626163e-01   8.5032270e-01
  -5.2579938e-01   8.5060861e-01
  -5.2534468e-01   8.5088952e-01
  -5.2490692e-01   8.5115964e-01
  -5.2448532e-01   8.5141949e-01
  -5.2402356e-01   8.5170377e-01
  -5.2359141e-01   8.5196950e-01
  -5.2312815e-01   8.5225403e-01
  -5.2261508e-01   8.5256876e-01
  -5.2215563e-01   8.5285022e-01
  -5.2173459e-01   8.5310786e-01
