  -9.9596743e-01   3.7647986e+00
  -9.9598723e-01   3.7648463e+00
  -9.9600708e-01   3.7648940e+00
  -9.9602911e-01   3.7649467e+00
  -9.9604905e-01   3.7649943e+00
  -9.9606907e-01   3.7650419e+00
  -9.9608846e-01   3.7650879e+00
  -9.9610856e-01   3.7651354e+00
  -9.9613050e-01   3.7651871e+00
  -9.9615288e-01   3.7652397e+00
  -9.9617367e-01   3.7652884e+00
  -9.9619174e-01   3.7653306e+00
  -9.9621211e-01   3.7653780e+00
  -9.9623253e-01   3.7654254e+00
  -9.9625522e-01   3.7654779e+00
  -9.9627581e-01   3.7655254e+00
  -9.9630479e-01   3.7655920e+00
  -9.9632602e-01   3.7656406e+00
  -9.9634672e-01   3.7656879e+00
  -9.9637249e-01   3.7657465e+00
  -9.9639291e-01   3.7657929e+00
  -9.9641374e-01   3.7658400e+00
  -9.9643857e-01   3.7658959e+00
  -9.9646118e-01   3.7659467e+00
  -9.9648292e-01   3.7659955e+00
  -9.9650398e-01   3.7660425e+00
  -9.9652512e-01   3.7660896e+00
  -9.9654706e-01   3.7661383e+00
  -9.9656788e-01   3.7661844e+00
  -9.9659731e-01   3.7662493e+00
  -9.9661873e-01   3.7662964e+00
  -9.9664011e-01   3.7663433e+00
  -9.9666158e-01   3.7663902e+00
  -9.9668310e-01   3.7664371e+00
  -9.9670484e-01   3.7664844e+00
  -9.9672718e-01   3.7665328e+00
  -9.9675036e-01   3.7665829e+00
  -9.9677205e-01   3.7666296e+00
  -9.9679379e-01   3.7666764e+00
  -9.9681563e-01   3.7667231e+00
  -9.9683751e-01   3.7667699e+00
  -9.9686071e-01   3.7668193e+00
  -9.9689104e-01   3.7668837e+00
  -9.9691199e-01   3.7669280e+00
  -9.9693410e-01   3.7669746e+00
  -9.9695621e-01   3.7670212e+00
  -9.9697843e-01   3.7670678e+00
  -9.9700155e-01   3.7671162e+00
  -9.9688359e-01   3.7668697e+00
  -9.9582727e-01   3.7646597e+00
  -9.9453044e-01   3.7619496e+00
  -9.9311455e-01   3.7589947e+00
  -9.9164367e-01   3.7559249e+00
  -9.9014002e-01   3.7527899e+00
  -9.8845572e-01   3.7492643e+00
  -9.8686833e-01   3.7459520e+00
  -9.8539089e-01   3.7428611e+00
  -9.8378969e-01   3.7395146e+00
  -9.8226972e-01   3.7363325e+00
  -9.8076919e-01   3.7331913e+00
  -9.7902566e-01   3.7295280e+00
  -9.7749114e-01   3.7263033e+00
  -9.7594638e-01   3.7230481e+00
  -9.7436326e-01   3.7197235e+00
  -9.7284089e-01   3.7165290e+00
  -9.7126046e-01   3.7132176e+00
  -9.6968197e-01   3.7099136e+00
  -9.6802984e-01   3.7064477e+00
  -9.6640449e-01   3.7030374e+00
  -9.6486592e-01   3.6998030e+00
  -9.6332558e-01   3.6965811e+00
  -9.6174543e-01   3.6932613e+00
  -9.6026562e-01   3.6901520e+00
  -9.5848733e-01   3.6864347e+00
  -9.5696234e-01   3.6832442e+00
  -9.5541246e-01   3.6800011e+00
  -9.5386964e-01   3.6767691e+00
  -9.5236348e-01   3.6736084e+00
  -9.5086639e-01   3.6704519e+00
  -9.4932781e-01   3.6672016e+00
  -9.4765484e-01   3.6636566e+00
  -9.4604928e-01   3.6602572e+00
  -9.4448328e-01   3.6569537e+00
  -9.4293217e-01   3.6536817e+00
  -9.4140835e-01   3.6504779e+00
  -9.3963966e-01   3.6467732e+00
  -9.3809366e-01   3.6435336e+00
  -9.3653347e-01   3.6402569e+00
  -9.3503888e-01   3.6371285e+00
  -9.3342281e-01   3.6337473e+00
  -9.3190478e-01   3.6305736e+00
  -9.3033096e-01   3.6272711e+00
  -9.2861502e-01   3.6236896e+00
  -9.2709899e-01   3.6205108e+00
  -9.2557359e-01   3.6173258e+00
  -9.2396857e-01   3.6139786e+00
  -9.2248636e-01   3.6108805e+00
  -9.2087228e-01   3.6075036e+00
  -9.1920472e-01   3.6040043e+00
  -9.1761401e-01   3.6006613e+00
  -9.1606883e-01   3.5974193e+00
  -9.1454702e-01   3.5942156e+00
  -9.1298350e-01   3.5909352e+00
  -9.1141437e-01   3.5876390e+00
  -9.0994840e-01   3.5845762e+00
  -9.0818242e-01   3.5808680e+00
  -9.0664952e-01   3.5776586e+00
  -9.0506437e-01   3.5743340e+00
  -9.0353552e-01   3.5711319e+00
  -9.0195508e-01   3.5678194e+00
  -9.0040267e-01   3.5645549e+00
  -8.9870816e-01   3.5609907e+00
  -8.9713256e-01   3.5576825e+00
  -8.9564835e-01   3.5545639e+00
  -8.9409218e-01   3.5512953e+00
  -8.9261153e-01   3.5481686e+00
  -8.9104370e-01   3.5448546e+00
  -8.8957437e-01   3.5417321e+00
  -8.8783328e-01   3.5380386e+00
  -8.8630951e-01   3.5348068e+00
  -8.8475239e-01   3.5315192e+00
  -8.8320642e-01   3.5282561e+00
  -8.8165472e-01   3.5249880e+00
  -8.7992306e-01   3.5213525e+00
  -8.7834020e-01   3.5180250e+00
  -8.7687402e-01   3.5149548e+00
  -8.7524419e-01   3.5115425e+00
  -8.7376904e-01   3.5084572e+00
  -8.7218320e-01   3.5051381e+00
  -8.7059544e-01   3.5018150e+00
  -8.6896094e-01   3.4983958e+00
  -8.6734904e-01   3.4950186e+00
  -8.6579776e-01   3.4917685e+00
  -8.6427479e-01   3.4885732e+00
  -8.6278315e-01   3.4854328e+00
  -8.6118596e-01   3.4820750e+00
  -8.5954239e-01   3.4786036e+00
  -8.5801851e-01   3.4753941e+00
  -8.5643655e-01   3.4720652e+00
  -8.5488935e-01   3.4688127e+00
  -8.5335881e-01   3.4655955e+00
  -8.5175637e-01   3.4622340e+00
  -8.5024109e-01   3.4590533e+00
  -8.4846399e-01   3.4553181e+00
  -8.4696800e-01   3.4521814e+00
  -8.4537760e-01   3.4488350e+00
  -8.4390369e-01   3.4457361e+00
  -8.4229127e-01   3.4423524e+00
  -8.4079984e-01   3.4392134e+00
  -8.3901402e-01   3.4354692e+00
  -8.3752458e-01   3.4323492e+00
  -8.3596428e-01   3.4290633e+00
  -8.3448475e-01   3.4259412e+00
  -8.3293833e-01   3.4226757e+00
  -8.3147652e-01   3.4195760e+00
  -8.2991666e-01   3.4162637e+00
  -8.2821396e-01   3.4126430e+00
  -8.2666732e-01   3.4093667e+00
  -8.2506203e-01   3.4059720e+00
  -8.2348412e-01   3.4026391e+00
  -8.2195361e-01   3.3994160e+00
  -8.2024952e-01   3.3958298e+00
  -8.1870512e-01   3.3925993e+00
  -8.1712261e-01   3.3892791e+00
  -8.1561901e-01   3.3861351e+00
  -8.1401241e-01   3.3827675e+00
  -8.1253798e-01   3.3796797e+00
  -8.1091748e-01   3.3762956e+00
  -8.0938979e-01   3.3731046e+00
  -8.0763774e-01   3.3694402e+00
  -8.0616557e-01   3.3663709e+00
  -8.0460648e-01   3.3631206e+00
  -8.0303234e-01   3.3598299e+00
  -8.0147507e-01   3.3565670e+00
  -7.9980687e-01   3.3530656e+00
  -7.9820117e-01   3.3497001e+00
  -7.9671640e-01   3.3465855e+00
  -7.9509757e-01   3.3431925e+00
  -7.9354428e-01   3.3399497e+00
  -7.9202313e-01   3.3367612e+00
  -7.9044949e-01   3.3334784e+00
  -7.8868655e-01   3.3298088e+00
  -7.8713613e-01   3.3265676e+00
  -7.8562908e-01   3.3234248e+00
  -7.8407014e-01   3.3201651e+00
  -7.8251009e-01   3.3169024e+00
  -7.8099639e-01   3.3137454e+00
  -7.7924221e-01   3.3100771e+00
  -7.7768632e-01   3.3068251e+00
  -7.7619574e-01   3.3037072e+00
  -7.7466395e-01   3.3004947e+00
  -7.7309434e-01   3.2971843e+00
  -7.7162978e-01   3.2940942e+00
  -7.7005939e-01   3.2907915e+00
  -7.6829793e-01   3.2870746e+00
  -7.6671640e-01   3.2837405e+00
  -7.6518046e-01   3.2805063e+00
  -7.6363217e-01   3.2772665e+00
  -7.6206400e-01   3.2739839e+00
  -7.6048246e-01   3.2706796e+00
  -7.5874218e-01   3.2670454e+00
  -7.5725977e-01   3.2639527e+00
  -7.5569418e-01   3.2606933e+00
  -7.5412336e-01   3.2574140e+00
  -7.5259084e-01   3.2542288e+00
  -7.5100967e-01   3.2509286e+00
  -7.4948488e-01   3.2477497e+00
  -7.4774065e-01   3.2441126e+00
  -7.4622310e-01   3.2409528e+00
  -7.4463086e-01   3.2376147e+00
  -7.4316007e-01   3.2345366e+00
  -7.4155611e-01   3.2311709e+00
  -7.3991724e-01   3.2277450e+00
  -7.3831603e-01   3.2243897e+00
  -7.3676268e-01   3.2211477e+00
  -7.3518289e-01   3.2178425e+00
  -7.3368004e-01   3.2147100e+00
  -7.3204922e-01   3.2113078e+00
  -7.3051045e-01   3.2081089e+00
  -7.2876146e-01   3.2044514e+00
  -7.2721243e-01   3.2012247e+00
  -7.2567159e-01   3.1980015e+00
  -7.2417580e-01   3.1948730e+00
  -7.2255371e-01   3.1914857e+00
  -7.2100932e-01   3.1882653e+00
  -7.1935855e-01   3.1848234e+00
  -7.1777024e-01   3.1815059e+00
  -7.1631259e-01   3.1784487e+00
  -7.1473476e-01   3.1751364e+00
  -7.1320062e-01   3.1719002e+00
  -7.1168678e-01   3.1687004e+00
  -7.1015709e-01   3.1654705e+00
  -7.0840330e-01   3.1617805e+00
  -7.0683867e-01   3.1584915e+00
  -7.0547780e-01   3.1556360e+00
  -7.0371641e-01   3.1519501e+00
  -7.0216963e-01   3.1487117e+00
  -7.0061069e-01   3.1454581e+00
  -6.9886185e-01   3.1418017e+00
  -6.9731338e-01   3.1385713e+00
  -6.9574760e-01   3.1353086e+00
  -6.9421111e-01   3.1320991e+00
  -6.9270064e-01   3.1289449e+00
  -6.9110179e-01   3.1256063e+00
  -6.8963643e-01   3.1225499e+00
  -6.8784688e-01   3.1188278e+00
  -6.8628584e-01   3.1155677e+00
  -6.8478751e-01   3.1124406e+00
  -6.8320615e-01   3.1091303e+00
  -6.8166494e-01   3.1059105e+00
  -6.7993587e-01   3.1022825e+00
  -6.7840521e-01   3.0990824e+00
  -6.7683319e-01   3.0957895e+00
  -6.7525995e-01   3.0924991e+00
  -6.7368707e-01   3.0892151e+00
  -6.7216171e-01   3.0860292e+00
  -6.7061153e-01   3.0827905e+00
  -6.6885318e-01   3.0791314e+00
  -6.6736909e-01   3.0760331e+00
  -6.6577492e-01   3.0727084e+00
  -6.6418775e-01   3.0693916e+00
  -6.6269324e-01   3.0662732e+00
  -6.6115356e-01   3.0630620e+00
  -6.5940015e-01   3.0593982e+00
  -6.5791848e-01   3.0563023e+00
  -6.5634771e-01   3.0530111e+00
  -6.5486452e-01   3.0498955e+00
  -6.5328241e-01   3.0465624e+00
  -6.5173191e-01   3.0433006e+00
  -6.5020839e-01   3.0400936e+00
  -6.4843987e-01   3.0363919e+00
  -6.4691974e-01   3.0332101e+00
  -6.4532265e-01   3.0298736e+00
  -6.4379202e-01   3.0266720e+00
  -6.4219923e-01   3.0233549e+00
  -6.4063104e-01   3.0200869e+00
  -6.3891816e-01   3.0165093e+00
  -6.3736739e-01   3.0132853e+00
  -6.3583583e-01   3.0100932e+00
  -6.3428916e-01   3.0068682e+00
  -6.3272676e-01   3.0036147e+00
  -6.3112915e-01   3.0002807e+00
  -6.2962965e-01   2.9971463e+00
  -6.2792385e-01   2.9935807e+00
  -6.2638590e-01   2.9903676e+00
  -6.2482897e-01   2.9870990e+00
  -6.2330479e-01   2.9839047e+00
  -6.2170830e-01   2.9805528e+00
  -6.1999730e-01   2.9769682e+00
  -6.1839483e-01   2.9736089e+00
  -6.1691512e-01   2.9705086e+00
  -6.1533322e-01   2.9671967e+00
  -6.1380251e-01   2.9639934e+00
  -6.1220246e-01   2.9606534e+00
  -6.1068977e-01   2.9574858e+00
  -6.0915207e-01   2.9542723e+00
  -6.0741840e-01   2.9506447e+00
  -6.0590141e-01   2.9474703e+00
  -6.0434879e-01   2.9442200e+00
  -6.0279303e-01   2.9409647e+00
  -6.0120584e-01   2.9376425e+00
  -5.9948598e-01   2.9340292e+00
  -5.9802059e-01   2.9309435e+00
  -5.9649564e-01   2.9277269e+00
  -5.9498124e-01   2.9245128e+00
  -5.9347032e-01   2.9213076e+00
  -5.9185740e-01   2.9178809e+00
  -5.9030941e-01   2.9146051e+00
  -5.8858807e-01   2.9109773e+00
  -5.8707096e-01   2.9077962e+00
  -5.8547402e-01   2.9044526e+00
  -5.8389241e-01   2.9011436e+00
  -5.8235599e-01   2.8979344e+00
  -5.8081180e-01   2.8947066e+00
  -5.7907295e-01   2.8910802e+00
  -5.7750336e-01   2.8877974e+00
  -5.7596669e-01   2.8845864e+00
  -5.7443571e-01   2.8813844e+00
  -5.7289185e-01   2.8781607e+00
  -5.7129690e-01   2.8748317e+00
  -5.6977909e-01   2.8716751e+00
  -5.6806179e-01   2.8680742e+00
  -5.6652455e-01   2.8648561e+00
  -5.6501102e-01   2.8616828e+00
  -5.6341361e-01   2.8583206e+00
  -5.6192325e-01   2.8551793e+00
  -5.6032496e-01   2.8518257e+00
  -5.5860052e-01   2.8481968e+00
  -5.5708046e-01   2.8450116e+00
  -5.5553213e-01   2.8417634e+00
  -5.5393227e-01   2.8384103e+00
  -5.5236186e-01   2.8351194e+00
  -5.5089232e-01   2.8320505e+00
  -5.4928957e-01   2.8286960e+00
  -5.4758274e-01   2.8251170e+00
  -5.4600285e-01   2.8218116e+00
  -5.4449902e-01   2.8186622e+00
  -5.4290366e-01   2.8153071e+00
  -5.4140844e-01   2.8121693e+00
  -5.3972854e-01   2.8086343e+00
  -5.3821672e-01   2.8054584e+00
  -5.3665279e-01   2.8021517e+00
  -5.3518727e-01   2.7990548e+00
  -5.3361148e-01   2.7957335e+00
  -5.3206353e-01   2.7924685e+00
  -5.3050009e-01   2.7891725e+00
  -5.2872861e-01   2.7854486e+00
  -5.2721606e-01   2.7822671e+00
  -5.2566640e-01   2.7790222e+00
  -5.2411299e-01   2.7757595e+00
  -5.2257155e-01   2.7725305e+00
  -5.2097883e-01   2.7691901e+00
  -5.1926208e-01   2.7655988e+00
  -5.1773136e-01   2.7623983e+00
  -5.1616763e-01   2.7591175e+00
  -5.1464877e-01   2.7559333e+00
  -5.1311124e-01   2.7527208e+00
  -5.1151992e-01   2.7493873e+00
  -5.1009708e-01   2.7464164e+00
  -5.0830136e-01   2.7426543e+00
  -5.0675332e-01   2.7394077e+00
  -5.0526857e-01   2.7362897e+00
  -5.0369590e-01   2.7329915e+00
  -5.0212031e-01   2.7296834e+00
  -5.0062707e-01   2.7265483e+00
  -4.9884322e-01   2.7228172e+00
  -4.9726958e-01   2.7195254e+00
  -4.9576707e-01   2.7163806e+00
  -4.9416469e-01   2.7130346e+00
  -4.9260744e-01   2.7097765e+00
  -4.9106414e-01   2.7065468e+00
  -4.8952280e-01   2.7033268e+00
  -4.8782363e-01   2.6997795e+00
  -4.8625349e-01   2.6965078e+00
  -4.8471521e-01   2.6933059e+00
  -4.8325319e-01   2.6902599e+00
  -4.8306916e-01   2.6898752e+00
  -4.8306681e-01   2.6898702e+00
  -4.8310036e-01   2.6899405e+00
  -4.8313520e-01   2.6900134e+00
  -4.8315546e-01   2.6900557e+00
  -4.8317785e-01   2.6901024e+00
  -4.8319452e-01   2.6901370e+00
  -4.8321695e-01   2.6901835e+00
  -4.8323891e-01   2.6902288e+00
  -4.8326130e-01   2.6902750e+00
  -4.8327984e-01   2.6903131e+00
  -4.8330046e-01   2.6903554e+00
  -4.8332309e-01   2.6904016e+00
  -4.8334582e-01   2.6904480e+00
  -4.8336776e-01   2.6904926e+00
  -4.8338917e-01   2.6905361e+00
  -4.8340793e-01   2.6905741e+00
  -4.8342955e-01   2.6906177e+00
  -4.8345254e-01   2.6906640e+00
  -4.8347248e-01   2.6907041e+00
  -4.8349554e-01   2.6907503e+00
  -4.8351827e-01   2.6907957e+00
  -4.8354018e-01   2.6908393e+00
  -4.8356133e-01   2.6908814e+00
  -4.8358452e-01   2.6909274e+00
  -4.8360627e-01   2.6909704e+00
  -4.8362963e-01   2.6910164e+00
  -4.8365554e-01   2.6910674e+00
  -4.8367879e-01   2.6911130e+00
  -4.8370013e-01   2.6911548e+00
