   1.4764634e+00   1.4213680e+00  -2.3885801e+00
   1.4767344e+00   1.4209933e+00  -2.3928446e+00
   1.4767672e+00   1.4210405e+00  -2.3926678e+00
   1.4767546e+00   1.4210715e+00  -2.3927594e+00
   1.4768375e+00   1.4210060e+00  -2.3934809e+00
   1.4768690e+00   1.4210066e+00  -2.3924397e+00
   1.4767878e+00   1.4210514e+00  -2.3926785e+00
   1.4767072e+00   1.4210634e+00  -2.3927264e+00
   1.4767576e+00   1.4210325e+00  -2.3928348e+00
   1.4767409e+00   1.4210559e+00  -2.3929973e+00
   1.4767950e+00   1.4210478e+00  -2.3928725e+00
   1.4768185e+00   1.4210122e+00  -2.3933457e+00
   1.4767865e+00   1.4210544e+00  -2.3926717e+00
   1.4767720e+00   1.4209991e+00  -2.3937976e+00
   1.4767859e+00   1.4211142e+00  -2.3927062e+00
   1.4767704e+00   1.4210257e+00  -2.3930396e+00
   1.4767554e+00   1.4209874e+00  -2.3925732e+00
   1.4770730e+00   1.4220212e+00  -2.3892623e+00
   1.4768545e+00   1.4210216e+00  -2.3929649e+00
   1.4766870e+00   1.4209786e+00  -2.3937558e+00
   1.4767275e+00   1.4210262e+00  -2.3925722e+00
   1.4748832e+00   1.4197556e+00  -2.3912375e+00
   1.4725733e+00   1.4168253e+00  -2.4021210e+00
   1.4705118e+00   1.4146906e+00  -2.4058576e+00
   1.4677814e+00   1.4128879e+00  -2.4075565e+00
   1.4645173e+00   1.4105225e+00  -2.3934508e+00
   1.4614314e+00   1.4080448e+00  -2.3903652e+00
   1.4590809e+00   1.4060627e+00  -2.3944959e+00
   1.4564198e+00   1.4034652e+00  -2.3977901e+00
   1.4536054e+00   1.4007607e+00  -2.3989493e+00
   1.4509185e+00   1.3985787e+00  -2.3957097e+00
   1.4473628e+00   1.3965633e+00  -2.3853166e+00
   1.4454523e+00   1.3940746e+00  -2.3915766e+00
   1.4431254e+00   1.3920739e+00  -2.3885151e+00
   1.4400620e+00   1.3892495e+00  -2.3935268e+00
   1.4371808e+00   1.3867567e+00  -2.3927044e+00
   1.4348779e+00   1.3843578e+00  -2.3938069e+00
   1.4321060e+00   1.3819973e+00  -2.3920619e+00
   1.4283113e+00   1.3798342e+00  -2.3775361e+00
   1.4260103e+00   1.3775724e+00  -2.3842152e+00
   1.4240684e+00   1.3749772e+00  -2.3953859e+00
   1.4213459e+00   1.3721731e+00  -2.3968291e+00
   1.4185111e+00   1.3693374e+00  -2.3940279e+00
   1.4157455e+00   1.3667277e+00  -2.3971206e+00
   1.4125636e+00   1.3642998e+00  -2.3953197e+00
   1.4095958e+00   1.3624068e+00  -2.3806135e+00
   1.4071870e+00   1.3597075e+00  -2.3847002e+00
   1.4042435e+00   1.3558815e+00  -2.3954629e+00
   1.4017039e+00   1.3537332e+00  -2.3909906e+00
   1.3988725e+00   1.3518650e+00  -2.3873737e+00
   1.3956351e+00   1.3490107e+00  -2.3813124e+00
   1.3927862e+00   1.3473163e+00  -2.3764386e+00
   1.3909529e+00   1.3443256e+00  -2.3888177e+00
   1.3875154e+00   1.3420373e+00  -2.3820923e+00
   1.3849862e+00   1.3391328e+00  -2.3779720e+00
   1.3825243e+00   1.3371917e+00  -2.3781703e+00
   1.3794556e+00   1.3344459e+00  -2.3780071e+00
   1.3767249e+00   1.3327380e+00  -2.3691162e+00
   1.3741686e+00   1.3301533e+00  -2.3731293e+00
   1.3719817e+00   1.3269377e+00  -2.3833450e+00
   1.3687192e+00   1.3245569e+00  -2.3818100e+00
   1.3663649e+00   1.3222376e+00  -2.3756713e+00
   1.3632536e+00   1.3194871e+00  -2.3756309e+00
   1.3606788e+00   1.3170464e+00  -2.3735988e+00
   1.3578608e+00   1.3152427e+00  -2.3671233e+00
   1.3551731e+00   1.3129561e+00  -2.3609858e+00
   1.3526381e+00   1.3098296e+00  -2.3733409e+00
   1.3500847e+00   1.3067829e+00  -2.3748077e+00
   1.3476932e+00   1.3045609e+00  -2.3771400e+00
   1.3440411e+00   1.3027088e+00  -2.3613107e+00
   1.3417873e+00   1.3002133e+00  -2.3651502e+00
   1.3400857e+00   1.2968816e+00  -2.3762981e+00
   1.3369798e+00   1.2945700e+00  -2.3741137e+00
   1.3336658e+00   1.2920593e+00  -2.3639971e+00
   1.3316424e+00   1.2895385e+00  -2.3692089e+00
   1.3286081e+00   1.2871495e+00  -2.3674684e+00
   1.3260201e+00   1.2846751e+00  -2.3680061e+00
   1.3231611e+00   1.2826611e+00  -2.3636703e+00
   1.3212217e+00   1.2803889e+00  -2.3720213e+00
   1.3180770e+00   1.2775484e+00  -2.3742527e+00
   1.3152807e+00   1.2745196e+00  -2.3767390e+00
   1.3130492e+00   1.2723964e+00  -2.3747270e+00
   1.3096805e+00   1.2693832e+00  -2.3688120e+00
   1.3069879e+00   1.2673381e+00  -2.3539425e+00
   1.3050757e+00   1.2645834e+00  -2.3690209e+00
   1.3012425e+00   1.2610217e+00  -2.3677514e+00
   1.2989683e+00   1.2590520e+00  -2.3612122e+00
   1.2969412e+00   1.2569695e+00  -2.3637530e+00
   1.2939180e+00   1.2540286e+00  -2.3636691e+00
   1.2909629e+00   1.2519214e+00  -2.3562580e+00
   1.2888787e+00   1.2491001e+00  -2.3591154e+00
   1.2859477e+00   1.2466069e+00  -2.3660777e+00
   1.2832544e+00   1.2440186e+00  -2.3696797e+00
   1.2810173e+00   1.2416778e+00  -2.3612512e+00
   1.2778425e+00   1.2392007e+00  -2.3619749e+00
   1.2747870e+00   1.2367693e+00  -2.3545009e+00
   1.2733315e+00   1.2343293e+00  -2.3646723e+00
   1.2707259e+00   1.2319634e+00  -2.3644228e+00
   1.2663720e+00   1.2286794e+00  -2.3573616e+00
   1.2643787e+00   1.2265096e+00  -2.3568176e+00
   1.2622880e+00   1.2238377e+00  -2.3619148e+00
   1.2592793e+00   1.2214302e+00  -2.3579439e+00
   1.2564913e+00   1.2192072e+00  -2.3512983e+00
   1.2542331e+00   1.2162233e+00  -2.3592182e+00
   1.2515389e+00   1.2133208e+00  -2.3609779e+00
   1.2490207e+00   1.2109659e+00  -2.3655057e+00
   1.2463330e+00   1.2091771e+00  -2.3592784e+00
   1.2437836e+00   1.2062985e+00  -2.3542934e+00
   1.2408380e+00   1.2039868e+00  -2.3523706e+00
   1.2391748e+00   1.2010648e+00  -2.3634487e+00
   1.2360581e+00   1.1990788e+00  -2.3562873e+00
   1.2328828e+00   1.1953481e+00  -2.3589457e+00
   1.2302613e+00   1.1934311e+00  -2.3591962e+00
   1.2276979e+00   1.1909046e+00  -2.3515161e+00
   1.2245847e+00   1.1886886e+00  -2.3540098e+00
   1.2221858e+00   1.1864189e+00  -2.3592559e+00
   1.2198824e+00   1.1838808e+00  -2.3578729e+00
   1.2178379e+00   1.1806857e+00  -2.3656270e+00
   1.2144911e+00   1.1779758e+00  -2.3605227e+00
   1.2121489e+00   1.1759287e+00  -2.3570685e+00
   1.2091741e+00   1.1735474e+00  -2.3495304e+00
   1.2068565e+00   1.1703030e+00  -2.3544662e+00
   1.2041943e+00   1.1676497e+00  -2.3612573e+00
   1.2011717e+00   1.1648811e+00  -2.3559410e+00
   1.1987160e+00   1.1620343e+00  -2.3562226e+00
   1.1961620e+00   1.1599491e+00  -2.3595558e+00
   1.1935742e+00   1.1574622e+00  -2.3566430e+00
   1.1900462e+00   1.1552327e+00  -2.3485120e+00
   1.1883566e+00   1.1525074e+00  -2.3567389e+00
   1.1855173e+00   1.1502323e+00  -2.3487587e+00
   1.1828275e+00   1.1474436e+00  -2.3533525e+00
   1.1804560e+00   1.1444895e+00  -2.3530796e+00
   1.1777184e+00   1.1424513e+00  -2.3556455e+00
   1.1746662e+00   1.1404501e+00  -2.3459078e+00
   1.1722065e+00   1.1376326e+00  -2.3532288e+00
   1.1700121e+00   1.1345848e+00  -2.3538320e+00
   1.1668338e+00   1.1322664e+00  -2.3511993e+00
   1.1641125e+00   1.1293590e+00  -2.3523251e+00
   1.1616946e+00   1.1272858e+00  -2.3410439e+00
   1.1597425e+00   1.1242701e+00  -2.3479017e+00
   1.1564425e+00   1.1218243e+00  -2.3463848e+00
   1.1543653e+00   1.1191850e+00  -2.3455910e+00
   1.1517530e+00   1.1166934e+00  -2.3407139e+00
   1.1486755e+00   1.1139543e+00  -2.3432683e+00
   1.1458827e+00   1.1117964e+00  -2.3404176e+00
   1.1442349e+00   1.1085139e+00  -2.3490661e+00
   1.1414126e+00   1.1061098e+00  -2.3466921e+00
   1.1379626e+00   1.1039092e+00  -2.3467165e+00
   1.1360943e+00   1.1013388e+00  -2.3451651e+00
   1.1329765e+00   1.0982310e+00  -2.3457887e+00
   1.1300824e+00   1.0959524e+00  -2.3470556e+00
   1.1276289e+00   1.0938987e+00  -2.3407683e+00
   1.1254891e+00   1.0908725e+00  -2.3442036e+00
   1.1224133e+00   1.0885946e+00  -2.3446198e+00
   1.1198159e+00   1.0865648e+00  -2.3433903e+00
   1.1178602e+00   1.0832086e+00  -2.3503768e+00
   1.1149744e+00   1.0802327e+00  -2.3500097e+00
   1.1119791e+00   1.0779671e+00  -2.3480365e+00
   1.1098170e+00   1.0753373e+00  -2.3424676e+00
   1.1069521e+00   1.0719082e+00  -2.3441244e+00
   1.1044348e+00   1.0690816e+00  -2.3475965e+00
   1.1015618e+00   1.0670740e+00  -2.3409803e+00
   1.0982036e+00   1.0649641e+00  -2.3263324e+00
   1.0963405e+00   1.0616054e+00  -2.3419126e+00
   1.0935125e+00   1.0594135e+00  -2.3423888e+00
   1.0915021e+00   1.0568421e+00  -2.3435471e+00
   1.0887762e+00   1.0540279e+00  -2.3405842e+00
   1.0860229e+00   1.0522805e+00  -2.3370076e+00
   1.0827510e+00   1.0497836e+00  -2.3225169e+00
   1.0811176e+00   1.0464252e+00  -2.3370149e+00
   1.0785671e+00   1.0438518e+00  -2.3418939e+00
   1.0758218e+00   1.0421574e+00  -2.3352665e+00
   1.0733450e+00   1.0392592e+00  -2.3325428e+00
   1.0708182e+00   1.0365621e+00  -2.3333173e+00
   1.0680991e+00   1.0339592e+00  -2.3331580e+00
   1.0653711e+00   1.0314999e+00  -2.3310171e+00
   1.0631205e+00   1.0282689e+00  -2.3308213e+00
   1.0609710e+00   1.0255851e+00  -2.3309186e+00
   1.0578373e+00   1.0237158e+00  -2.3232068e+00
   1.0553841e+00   1.0210991e+00  -2.3254513e+00
   1.0533898e+00   1.0180803e+00  -2.3307788e+00
   1.0497512e+00   1.0159572e+00  -2.3161196e+00
   1.0478267e+00   1.0130840e+00  -2.3216110e+00
   1.0456651e+00   1.0102012e+00  -2.3234282e+00
   1.0430577e+00   1.0074174e+00  -2.3280631e+00
   1.0397969e+00   1.0051293e+00  -2.3227656e+00
   1.0376933e+00   1.0022370e+00  -2.3247148e+00
   1.0342662e+00   1.0000911e+00  -2.3181092e+00
   1.0324207e+00   9.9717251e-01  -2.3266462e+00
   1.0296433e+00   9.9481888e-01  -2.3210008e+00
   1.0268110e+00   9.9222382e-01  -2.3170697e+00
   1.0243283e+00   9.8963859e-01  -2.3148542e+00
   1.0225330e+00   9.8691567e-01  -2.3249027e+00
   1.0199049e+00   9.8360941e-01  -2.3272682e+00
   1.0171114e+00   9.8090376e-01  -2.3212182e+00
   1.0145303e+00   9.7815631e-01  -2.3225911e+00
   1.0115185e+00   9.7604946e-01  -2.3162050e+00
   1.0094516e+00   9.7286295e-01  -2.3194205e+00
   1.0063916e+00   9.6982996e-01  -2.3188464e+00
   1.0036677e+00   9.6788810e-01  -2.3114737e+00
   1.0015988e+00   9.6442484e-01  -2.3193202e+00
   9.9868645e-01   9.6228600e-01  -2.3128259e+00
   9.9641112e-01   9.5939501e-01  -2.3147167e+00
   9.9359678e-01   9.5700618e-01  -2.3128980e+00
   9.9134067e-01   9.5530670e-01  -2.3057239e+00
   9.8927719e-01   9.5256618e-01  -2.3085660e+00
   9.8580135e-01   9.5034750e-01  -2.3009461e+00
   9.8375063e-01   9.4656391e-01  -2.3129962e+00
   9.8112534e-01   9.4397204e-01  -2.3101771e+00
   9.7875922e-01   9.4197815e-01  -2.3052799e+00
   9.7558424e-01   9.3986814e-01  -2.2973149e+00
   9.7355452e-01   9.3641514e-01  -2.3068792e+00
   9.7165926e-01   9.3335932e-01  -2.3102116e+00
   9.6898393e-01   9.3096223e-01  -2.3094686e+00
   9.6606613e-01   9.2899933e-01  -2.3048625e+00
   9.6369190e-01   9.2541345e-01  -2.3087737e+00
   9.6126287e-01   9.2318138e-01  -2.3083256e+00
   9.5844143e-01   9.2071245e-01  -2.3041663e+00
   9.5566699e-01   9.1818470e-01  -2.2995422e+00
   9.5369127e-01   9.1418424e-01  -2.3047128e+00
   9.5056668e-01   9.1256048e-01  -2.3002324e+00
   9.4893172e-01   9.0942436e-01  -2.3128841e+00
   9.4601562e-01   9.0631155e-01  -2.3119720e+00
   9.4384904e-01   9.0387392e-01  -2.3086750e+00
   9.4024182e-01   9.0256935e-01  -2.2971559e+00
   9.3848262e-01   8.9912810e-01  -2.3054810e+00
   9.3613933e-01   8.9615435e-01  -2.3051305e+00
   9.3350745e-01   8.9388959e-01  -2.3022761e+00
   9.3034065e-01   8.9187757e-01  -2.2947889e+00
   9.2892859e-01   8.8808571e-01  -2.3107536e+00
   9.2587435e-01   8.8552708e-01  -2.2991827e+00
   9.2277227e-01   8.8278267e-01  -2.2934100e+00
   9.2045306e-01   8.8015023e-01  -2.2905081e+00
   9.1817793e-01   8.7623479e-01  -2.3004101e+00
   9.1510904e-01   8.7459266e-01  -2.2926262e+00
   9.1277235e-01   8.7229102e-01  -2.2930965e+00
   9.1037882e-01   8.6957660e-01  -2.2913834e+00
   9.0778960e-01   8.6657930e-01  -2.2963334e+00
   9.0529045e-01   8.6432457e-01  -2.2896773e+00
   9.0314165e-01   8.6092069e-01  -2.2989758e+00
   9.0093222e-01   8.5885576e-01  -2.2940321e+00
   8.9829410e-01   8.5532047e-01  -2.2917601e+00
   8.9562763e-01   8.5402547e-01  -2.2861639e+00
   8.9303637e-01   8.5121122e-01  -2.2844156e+00
   8.9058072e-01   8.4660862e-01  -2.2915419e+00
   8.8819496e-01   8.4465937e-01  -2.2919014e+00
   8.8599695e-01   8.4285461e-01  -2.2865443e+00
   8.8356576e-01   8.4016556e-01  -2.2846543e+00
   8.8077129e-01   8.3643532e-01  -2.2878329e+00
   8.7850178e-01   8.3413582e-01  -2.2853334e+00
   8.7653958e-01   8.3151935e-01  -2.2900328e+00
   8.7402274e-01   8.2876436e-01  -2.2873630e+00
   8.7143151e-01   8.2572213e-01  -2.2855425e+00
   8.6915154e-01   8.2341494e-01  -2.2879896e+00
   8.6665567e-01   8.2110472e-01  -2.2841168e+00
   8.6405526e-01   8.1774430e-01  -2.2847070e+00
   8.6151793e-01   8.1509669e-01  -2.2875055e+00
   8.5880295e-01   8.1230561e-01  -2.2900152e+00
   8.5590085e-01   8.0984267e-01  -2.2846688e+00
   8.5347755e-01   8.0712030e-01  -2.2802313e+00
   8.5134896e-01   8.0434571e-01  -2.2842041e+00
   8.4943738e-01   8.0189175e-01  -2.2820948e+00
   8.4623863e-01   7.9909918e-01  -2.2791687e+00
   8.4457391e-01   7.9577887e-01  -2.2853589e+00
   8.4237869e-01   7.9323663e-01  -2.2904638e+00
   8.3973299e-01   7.9125263e-01  -2.2866295e+00
   8.3672783e-01   7.8753093e-01  -2.2842393e+00
   8.3511647e-01   7.8532688e-01  -2.2900995e+00
   8.3276651e-01   7.8296027e-01  -2.2877851e+00
   8.2946004e-01   7.8011231e-01  -2.2841524e+00
   8.2751857e-01   7.7652347e-01  -2.2876486e+00
   8.2427332e-01   7.7365750e-01  -2.2748024e+00
   8.2186539e-01   7.7095842e-01  -2.2797397e+00
   8.1951053e-01   7.6793019e-01  -2.2798700e+00
   8.1734020e-01   7.6554974e-01  -2.2841745e+00
   8.1552060e-01   7.6265988e-01  -2.2850467e+00
   8.1286256e-01   7.5989161e-01  -2.2886791e+00
   8.1030083e-01   7.5671217e-01  -2.2813968e+00
   8.0736003e-01   7.5495836e-01  -2.2765609e+00
   8.0540026e-01   7.5237659e-01  -2.2825985e+00
   8.0295358e-01   7.4980109e-01  -2.2804995e+00
   8.0060805e-01   7.4640262e-01  -2.2823557e+00
   7.9771143e-01   7.4389069e-01  -2.2758352e+00
   7.9548214e-01   7.4112696e-01  -2.2770759e+00
   7.9255054e-01   7.3812763e-01  -2.2752980e+00
   7.9093569e-01   7.3520381e-01  -2.2856509e+00
   7.8848804e-01   7.3319450e-01  -2.2801515e+00
   7.8634714e-01   7.3078701e-01  -2.2801735e+00
   7.8434409e-01   7.2776551e-01  -2.2854125e+00
   7.8092448e-01   7.2490651e-01  -2.2760276e+00
   7.7864130e-01   7.2227623e-01  -2.2801831e+00
   7.7644350e-01   7.1965436e-01  -2.2796940e+00
   7.7425189e-01   7.1666094e-01  -2.2763373e+00
   7.7201502e-01   7.1321381e-01  -2.2849946e+00
   7.6904597e-01   7.1090585e-01  -2.2806453e+00
   7.6676656e-01   7.0858634e-01  -2.2775875e+00
   7.6425787e-01   7.0508527e-01  -2.2765516e+00
   7.6191303e-01   7.0266184e-01  -2.2801414e+00
   7.5964359e-01   7.0022271e-01  -2.2839159e+00
   7.5717456e-01   6.9751076e-01  -2.2810581e+00
   7.5451445e-01   6.9501807e-01  -2.2769932e+00
   7.5197694e-01   6.9223327e-01  -2.2784928e+00
   7.4994533e-01   6.8957961e-01  -2.2821021e+00
   7.4757619e-01   6.8658154e-01  -2.2849232e+00
   7.4506712e-01   6.8364029e-01  -2.2820705e+00
   7.4310351e-01   6.8099056e-01  -2.2848906e+00
   7.4051306e-01   6.7801214e-01  -2.2855699e+00
   7.3734143e-01   6.7560348e-01  -2.2716529e+00
   7.3460835e-01   6.7164713e-01  -2.2792833e+00
   7.3270369e-01   6.6976820e-01  -2.2777910e+00
   7.3086370e-01   6.6684640e-01  -2.2822831e+00
   7.2767016e-01   6.6430229e-01  -2.2717192e+00
   7.2550164e-01   6.6147269e-01  -2.2733833e+00
   7.2330819e-01   6.5925654e-01  -2.2731330e+00
   7.2067257e-01   6.5522902e-01  -2.2749487e+00
   7.1818773e-01   6.5281245e-01  -2.2678760e+00
   7.1630177e-01   6.5004184e-01  -2.2795090e+00
   7.1353586e-01   6.4815391e-01  -2.2756887e+00
   7.1061102e-01   6.4534074e-01  -2.2646840e+00
   7.0836614e-01   6.4169451e-01  -2.2740269e+00
   7.0610337e-01   6.3942917e-01  -2.2675465e+00
   7.0372694e-01   6.3660101e-01  -2.2713490e+00
   7.0144154e-01   6.3385952e-01  -2.2686022e+00
   6.9954144e-01   6.3104535e-01  -2.2685391e+00
   6.9678675e-01   6.2858813e-01  -2.2694808e+00
   6.9452717e-01   6.2576397e-01  -2.2643728e+00
   6.9189822e-01   6.2304286e-01  -2.2642347e+00
   6.8989261e-01   6.1942252e-01  -2.2709006e+00
   6.8725148e-01   6.1706062e-01  -2.2705273e+00
   6.8471161e-01   6.1425678e-01  -2.2690187e+00
   6.8206585e-01   6.1119389e-01  -2.2667574e+00
   6.7955323e-01   6.0843073e-01  -2.2688319e+00
   6.7704810e-01   6.0599389e-01  -2.2647791e+00
   6.7540596e-01   6.0286292e-01  -2.2667614e+00
   6.7236882e-01   6.0014881e-01  -2.2707597e+00
   6.7028707e-01   5.9723191e-01  -2.2697007e+00
   6.6811667e-01   5.9456632e-01  -2.2676448e+00
   6.6560136e-01   5.9162148e-01  -2.2693999e+00
   6.6302272e-01   5.8908132e-01  -2.2665640e+00
   6.6072359e-01   5.8623788e-01  -2.2684385e+00
   6.5865020e-01   5.8333319e-01  -2.2673904e+00
   6.5579175e-01   5.8096390e-01  -2.2706644e+00
   6.5349088e-01   5.7761690e-01  -2.2696527e+00
   6.5051240e-01   5.7531850e-01  -2.2566220e+00
   6.4852812e-01   5.7169323e-01  -2.2622639e+00
   6.4621257e-01   5.6922701e-01  -2.2593107e+00
   6.4376683e-01   5.6602344e-01  -2.2595552e+00
   6.4146124e-01   5.6321036e-01  -2.2598752e+00
   6.3844688e-01   5.6071189e-01  -2.2516230e+00
   6.3687114e-01   5.5746126e-01  -2.2604233e+00
   6.3420090e-01   5.5499058e-01  -2.2514129e+00
   6.3229652e-01   5.5225703e-01  -2.2537010e+00
   6.3009903e-01   5.4941014e-01  -2.2557826e+00
   6.2719661e-01   5.4653746e-01  -2.2544982e+00
   6.2431539e-01   5.4314811e-01  -2.2512007e+00
   6.2245986e-01   5.4085611e-01  -2.2484718e+00
   6.1981194e-01   5.3835808e-01  -2.2444440e+00
   6.1764955e-01   5.3552777e-01  -2.2487305e+00
   6.1534294e-01   5.3297767e-01  -2.2478568e+00
   6.1358276e-01   5.2936026e-01  -2.2566473e+00
   6.1097175e-01   5.2696172e-01  -2.2521500e+00
   6.0858813e-01   5.2421121e-01  -2.2528854e+00
   6.0598716e-01   5.2156647e-01  -2.2502579e+00
   6.0417903e-01   5.1865659e-01  -2.2455621e+00
   6.0181714e-01   5.1581935e-01  -2.2550812e+00
   5.9865812e-01   5.1230119e-01  -2.2541594e+00
   5.9666409e-01   5.0932514e-01  -2.2514662e+00
   5.9468410e-01   5.0649251e-01  -2.2522370e+00
   5.9184416e-01   5.0427983e-01  -2.2469458e+00
   5.8959584e-01   5.0149393e-01  -2.2483612e+00
   5.8700870e-01   4.9833983e-01  -2.2447472e+00
   5.8479117e-01   4.9625624e-01  -2.2460155e+00
   5.8276640e-01   4.9237273e-01  -2.2501421e+00
   5.8053825e-01   4.8954901e-01  -2.2471341e+00
   5.7813968e-01   4.8730984e-01  -2.2480106e+00
   5.7561930e-01   4.8468428e-01  -2.2412614e+00
   5.7344440e-01   4.8194562e-01  -2.2502994e+00
   5.7088409e-01   4.7888342e-01  -2.2524124e+00
   5.6846737e-01   4.7572872e-01  -2.2541258e+00
   5.6641295e-01   4.7328938e-01  -2.2499460e+00
   5.6411264e-01   4.6989051e-01  -2.2484064e+00
   5.6094684e-01   4.6717864e-01  -2.2456500e+00
   5.5896853e-01   4.6462536e-01  -2.2445120e+00
   5.5592987e-01   4.6212215e-01  -2.2383616e+00
   5.5467952e-01   4.5874101e-01  -2.2444519e+00
   5.5243102e-01   4.5534730e-01  -2.2427749e+00
   5.4993154e-01   4.5277744e-01  -2.2389888e+00
   5.4748830e-01   4.4998104e-01  -2.2411795e+00
   5.4507037e-01   4.4722982e-01  -2.2380994e+00
   5.4299500e-01   4.4446437e-01  -2.2400951e+00
   5.3986951e-01   4.4184049e-01  -2.2319849e+00
   5.3761902e-01   4.3871970e-01  -2.2363300e+00
   5.3601474e-01   4.3552789e-01  -2.2371189e+00
   5.3332727e-01   4.3290345e-01  -2.2348387e+00
   5.3052300e-01   4.3030190e-01  -2.2272562e+00
   5.2890435e-01   4.2770685e-01  -2.2301389e+00
   5.2683428e-01   4.2457641e-01  -2.2344425e+00
   5.2396391e-01   4.2165450e-01  -2.2333969e+00
   5.2174974e-01   4.1916148e-01  -2.2338375e+00
   5.2015624e-01   4.1629647e-01  -2.2303104e+00
   5.1793564e-01   4.1283604e-01  -2.2291115e+00
   5.1554423e-01   4.1052660e-01  -2.2269766e+00
   5.1305486e-01   4.0768494e-01  -2.2278014e+00
   5.1076209e-01   4.0403536e-01  -2.2292872e+00
   5.0835601e-01   4.0117990e-01  -2.2302881e+00
   5.0558626e-01   3.9853888e-01  -2.2304595e+00
   5.0343686e-01   3.9609296e-01  -2.2290616e+00
   5.0163105e-01   3.9283939e-01  -2.2298701e+00
   4.9947885e-01   3.9007274e-01  -2.2335091e+00
   4.9634651e-01   3.8735291e-01  -2.2315943e+00
   4.9453285e-01   3.8427092e-01  -2.2291764e+00
   4.9271221e-01   3.8124082e-01  -2.2290590e+00
   4.8984799e-01   3.7842706e-01  -2.2278777e+00
   4.8795382e-01   3.7600831e-01  -2.2270144e+00
   4.8571537e-01   3.7309925e-01  -2.2298760e+00
   4.8339937e-01   3.6932910e-01  -2.2316502e+00
   4.8085644e-01   3.6654667e-01  -2.2331959e+00
   4.7852474e-01   3.6429268e-01  -2.2335306e+00
   4.7649743e-01   3.6096836e-01  -2.2253869e+00
   4.7445453e-01   3.5828240e-01  -2.2259128e+00
   4.7141734e-01   3.5525996e-01  -2.2288069e+00
   4.6946066e-01   3.5239233e-01  -2.2265931e+00
   4.6733042e-01   3.4948590e-01  -2.2238462e+00
   4.6483343e-01   3.4611453e-01  -2.2192682e+00
   4.6221273e-01   3.4343273e-01  -2.2262032e+00
   4.6021692e-01   3.4083056e-01  -2.2249819e+00
   4.5824426e-01   3.3796641e-01  -2.2243431e+00
   4.5594922e-01   3.3490324e-01  -2.2241353e+00
   4.5346800e-01   3.3183699e-01  -2.2249179e+00
   4.5137274e-01   3.2898657e-01  -2.2263059e+00
   4.4912639e-01   3.2622775e-01  -2.2256829e+00
   4.4704796e-01   3.2328372e-01  -2.2201693e+00
   4.4422685e-01   3.2059417e-01  -2.2205948e+00
   4.4238609e-01   3.1780228e-01  -2.2178646e+00
   4.4045647e-01   3.1476621e-01  -2.2187359e+00
   4.3749473e-01   3.1219206e-01  -2.2229215e+00
   4.3531292e-01   3.0929308e-01  -2.2224681e+00
   4.3319557e-01   3.0645692e-01  -2.2232900e+00
   4.3123963e-01   3.0356302e-01  -2.2216207e+00
   4.2850808e-01   3.0026156e-01  -2.2200999e+00
   4.2650576e-01   2.9751141e-01  -2.2201752e+00
   4.2410217e-01   2.9430590e-01  -2.2191148e+00
   4.2168399e-01   2.9192124e-01  -2.2174025e+00
   4.1955187e-01   2.8900562e-01  -2.2164850e+00
   4.1724322e-01   2.8571381e-01  -2.2209043e+00
   4.1500224e-01   2.8261584e-01  -2.2196562e+00
   4.1310896e-01   2.8007745e-01  -2.2137431e+00
   4.1041853e-01   2.7740491e-01  -2.2149888e+00
   4.0811040e-01   2.7475376e-01  -2.2136831e+00
   4.0596081e-01   2.7128345e-01  -2.2185300e+00
   4.0383106e-01   2.6871003e-01  -2.2154015e+00
   4.0180904e-01   2.6601325e-01  -2.2171875e+00
   3.9938183e-01   2.6275168e-01  -2.2151725e+00
   3.9758849e-01   2.6005478e-01  -2.2125611e+00
   3.9510600e-01   2.5702561e-01  -2.2158976e+00
   3.9275385e-01   2.5407782e-01  -2.2107513e+00
   3.9037052e-01   2.5099916e-01  -2.2105279e+00
   3.8829341e-01   2.4805521e-01  -2.2110656e+00
   3.8592336e-01   2.4509840e-01  -2.2129288e+00
   3.8351550e-01   2.4230880e-01  -2.2053435e+00
   3.8149750e-01   2.3887437e-01  -2.2087756e+00
   3.7921270e-01   2.3604205e-01  -2.2059834e+00
   3.7697686e-01   2.3362820e-01  -2.2081385e+00
   3.7458240e-01   2.3050854e-01  -2.2064837e+00
   3.7205793e-01   2.2730590e-01  -2.2054774e+00
   3.7011474e-01   2.2449962e-01  -2.2093395e+00
   3.6787978e-01   2.2158822e-01  -2.2024186e+00
   3.6538660e-01   2.1855375e-01  -2.2027941e+00
   3.6354993e-01   2.1574544e-01  -2.2017871e+00
   3.6143917e-01   2.1307779e-01  -2.1974312e+00
   3.5941044e-01   2.1031466e-01  -2.1966355e+00
   3.5709001e-01   2.0719610e-01  -2.2008292e+00
   3.5481639e-01   2.0466366e-01  -2.2027324e+00
   3.5252087e-01   2.0163226e-01  -2.2055076e+00
   3.5074950e-01   1.9891677e-01  -2.2041866e+00
   3.4868359e-01   1.9563734e-01  -2.2046612e+00
   3.4605335e-01   1.9218204e-01  -2.2017975e+00
   3.4417529e-01   1.8974346e-01  -2.1970973e+00
   3.4193205e-01   1.8707443e-01  -2.1990812e+00
   3.3924568e-01   1.8341125e-01  -2.2014523e+00
   3.3690601e-01   1.8054243e-01  -2.2004569e+00
   3.3506040e-01   1.7792694e-01  -2.2022266e+00
   3.3321730e-01   1.7512676e-01  -2.2056577e+00
   3.3108073e-01   1.7205948e-01  -2.2055731e+00
   3.2870671e-01   1.6901805e-01  -2.2033768e+00
   3.2665664e-01   1.6636548e-01  -2.1963805e+00
   3.2421658e-01   1.6320146e-01  -2.2018260e+00
   3.2189443e-01   1.6033003e-01  -2.2001208e+00
   3.1920262e-01   1.5742415e-01  -2.1971613e+00
   3.1743897e-01   1.5482642e-01  -2.1991804e+00
   3.1547497e-01   1.5165456e-01  -2.1992459e+00
   3.1317341e-01   1.4851964e-01  -2.2007218e+00
   3.1061747e-01   1.4543118e-01  -2.1973181e+00
   3.0869005e-01   1.4265788e-01  -2.1970457e+00
   3.0641157e-01   1.3950988e-01  -2.1987078e+00
   3.0415611e-01   1.3634557e-01  -2.1909171e+00
   3.0159263e-01   1.3307238e-01  -2.1934732e+00
   2.9974184e-01   1.3039340e-01  -2.1928714e+00
   2.9764678e-01   1.2727147e-01  -2.1902500e+00
   2.9665199e-01   1.2606790e-01  -2.1893382e+00
   2.9657711e-01   1.2595370e-01  -2.1901256e+00
   2.9657432e-01   1.2591731e-01  -2.1905911e+00
   2.9660444e-01   1.2585632e-01  -2.1913507e+00
   2.9662190e-01   1.2590813e-01  -2.1913294e+00
   2.9642028e-01   1.2597406e-01  -2.1896122e+00
   2.9663433e-01   1.2589056e-01  -2.1890756e+00
   2.9651794e-01   1.2591772e-01  -2.1912334e+00
   2.9665739e-01   1.2586907e-01  -2.1919135e+00
   2.9654259e-01   1.2584995e-01  -2.1913943e+00
   2.9656726e-01   1.2586842e-01  -2.1914790e+00
   2.9654550e-01   1.2589481e-01  -2.1906811e+00
   2.9651234e-01   1.2586460e-01  -2.1913074e+00
   2.9657654e-01   1.2588757e-01  -2.1890788e+00
   2.9655433e-01   1.2588059e-01  -2.1890524e+00
   2.9652469e-01   1.2585328e-01  -2.1916039e+00
   2.9665367e-01   1.2589621e-01  -2.1919827e+00
   2.9647590e-01   1.2589635e-01  -2.1908371e+00
   2.9657367e-01   1.2590516e-01  -2.1894107e+00
   2.9662309e-01   1.2597599e-01  -2.1910647e+00
