  -9.1650473e-01   4.0002384e-01
  -9.1628758e-01   4.0052100e-01
  -9.1606977e-01   4.0101891e-01
  -9.1582812e-01   4.0157049e-01
  -9.1559717e-01   4.0209678e-01
  -9.1534683e-01   4.0266635e-01
  -9.1511614e-01   4.0319034e-01
  -9.1489692e-01   4.0368753e-01
  -9.1467734e-01   4.0418480e-01
  -9.1443437e-01   4.0473422e-01
  -9.1417629e-01   4.0531681e-01
  -9.1395639e-01   4.0581242e-01
  -9.1370623e-01   4.0637536e-01
  -9.1348516e-01   4.0687206e-01
  -9.1326427e-01   4.0736761e-01
  -9.1304263e-01   4.0786413e-01
  -9.1276971e-01   4.0847454e-01
  -9.1253773e-01   4.0899253e-01
  -9.1230788e-01   4.0950498e-01
  -9.1210275e-01   4.0996167e-01
  -9.1192748e-01   4.1035139e-01
  -9.1198115e-01   4.1023212e-01
  -9.1224151e-01   4.0965281e-01
  -9.1242323e-01   4.0924790e-01
  -9.1225594e-01   4.0962069e-01
  -9.1228807e-01   4.0954910e-01
  -9.1289304e-01   4.0819885e-01
  -9.1251895e-01   4.0903442e-01
  -9.1237230e-01   4.0936144e-01
  -9.1250696e-01   4.0906118e-01
  -9.1232085e-01   4.0947610e-01
  -9.1256250e-01   4.0893726e-01
  -9.1245273e-01   4.0918213e-01
  -9.1234257e-01   4.0942769e-01
  -9.1273933e-01   4.0854242e-01
  -9.1207913e-01   4.1001422e-01
  -9.1234537e-01   4.0942144e-01
  -9.1261418e-01   4.0882191e-01
  -9.1219116e-01   4.0976491e-01
  -9.1253200e-01   4.0900532e-01
  -9.1306839e-01   4.0780646e-01
  -9.1306476e-01   4.0781459e-01
  -9.1357042e-01   4.0668057e-01
  -9.1358263e-01   4.0665315e-01
  -9.1360325e-01   4.0660681e-01
  -9.1308499e-01   4.0776930e-01
  -9.1235694e-01   4.0939567e-01
  -9.1270255e-01   4.0862459e-01
  -9.1287298e-01   4.0824372e-01
  -9.1284718e-01   4.0830138e-01
  -9.1234436e-01   4.0942371e-01
  -9.1242750e-01   4.0923839e-01
  -9.1268225e-01   4.0866993e-01
  -9.1258280e-01   4.0889196e-01
  -9.1246685e-01   4.0915065e-01
  -9.1293045e-01   4.0811518e-01
  -9.1223753e-01   4.0966168e-01
  -9.1240489e-01   4.0928880e-01
  -9.1291467e-01   4.0815047e-01
  -9.1250404e-01   4.0906768e-01
  -9.1290850e-01   4.0816428e-01
  -9.1313500e-01   4.0765730e-01
  -9.1262074e-01   4.0880726e-01
  -9.1285004e-01   4.0829499e-01
  -9.1252400e-01   4.0902317e-01
  -9.1269183e-01   4.0864853e-01
  -9.1259582e-01   4.0886290e-01
  -9.1218469e-01   4.0977932e-01
  -9.1262475e-01   4.0879831e-01
  -9.1273794e-01   4.0854554e-01
  -9.1265772e-01   4.0872471e-01
  -9.1276602e-01   4.0848280e-01
  -9.1253696e-01   4.0899426e-01
  -9.1285098e-01   4.0829290e-01
  -9.1265100e-01   4.0873971e-01
  -9.1262568e-01   4.0879624e-01
  -9.1242344e-01   4.0924745e-01
  -9.1311327e-01   4.0770598e-01
  -9.1320899e-01   4.0749152e-01
  -9.1308484e-01   4.0776963e-01
  -9.1340652e-01   4.0704856e-01
  -9.1319506e-01   4.0752274e-01
  -9.1271634e-01   4.0859378e-01
  -9.1302714e-01   4.0789881e-01
  -9.1287633e-01   4.0823620e-01
  -9.1263541e-01   4.0877451e-01
  -9.1283811e-01   4.0832166e-01
  -9.1202011e-01   4.1014549e-01
  -9.1226212e-01   4.0960692e-01
  -9.1214847e-01   4.0985993e-01
  -9.1223675e-01   4.0966341e-01
  -9.1260872e-01   4.0883409e-01
  -9.1217825e-01   4.0979366e-01
  -9.1232404e-01   4.0946898e-01
  -9.1206062e-01   4.1005540e-01
  -9.1213786e-01   4.0988355e-01
  -9.1236407e-01   4.0937977e-01
  -9.1263213e-01   4.0878185e-01
  -9.1264441e-01   4.0875442e-01
  -9.1268185e-01   4.0867081e-01
  -9.1250013e-01   4.0907641e-01
  -9.1240929e-01   4.0927898e-01
  -9.1255381e-01   4.0895665e-01
  -9.1245116e-01   4.0918563e-01
  -9.1247554e-01   4.0913126e-01
  -9.1240282e-01   4.0929340e-01
  -9.1193905e-01   4.1032568e-01
  -9.1204960e-01   4.1007991e-01
  -9.1226695e-01   4.0959617e-01
  -9.1263292e-01   4.0878009e-01
  -9.1249942e-01   4.0907801e-01
  -9.1198274e-01   4.1022858e-01
  -9.1253747e-01   4.0899312e-01
  -9.1225433e-01   4.0962427e-01
  -9.1218476e-01   4.0977917e-01
  -9.1272823e-01   4.0856723e-01
  -9.1333428e-01   4.0721062e-01
  -9.1332172e-01   4.0723879e-01
  -9.1340726e-01   4.0704690e-01
  -9.1320979e-01   4.0748972e-01
  -9.1296615e-01   4.0803530e-01
  -9.1309595e-01   4.0774476e-01
  -9.1291017e-01   4.0816053e-01
  -9.1226061e-01   4.0961027e-01
  -9.1232357e-01   4.0947003e-01
  -9.1212653e-01   4.0990876e-01
  -9.1191414e-01   4.1038103e-01
  -9.1213617e-01   4.0988731e-01
  -9.1224406e-01   4.0964713e-01
  -9.1176480e-01   4.1071273e-01
  -9.1238620e-01   4.0933045e-01
  -9.1275512e-01   4.0850716e-01
  -9.1247229e-01   4.0913852e-01
  -9.1230053e-01   4.0952135e-01
  -9.1265505e-01   4.0873068e-01
  -9.1291624e-01   4.0814696e-01
  -9.1317859e-01   4.0755964e-01
  -9.1316003e-01   4.0760123e-01
  -9.1338629e-01   4.0709396e-01
  -9.1291979e-01   4.0813901e-01
  -9.1256939e-01   4.0892189e-01
  -9.1265090e-01   4.0873994e-01
  -9.1284307e-01   4.0831057e-01
  -9.1279045e-01   4.0842820e-01
  -9.1244604e-01   4.0919704e-01
  -9.1298322e-01   4.0799710e-01
  -9.1224364e-01   4.0964806e-01
  -9.1267291e-01   4.0869080e-01
  -9.1295019e-01   4.0807101e-01
  -9.1246405e-01   4.0915690e-01
  -9.1271459e-01   4.0859769e-01
  -9.1297524e-01   4.0801497e-01
  -9.1299937e-01   4.0796096e-01
  -9.1310366e-01   4.0772749e-01
  -9.1304054e-01   4.0786881e-01
  -9.1352532e-01   4.0678187e-01
  -9.1342808e-01   4.0700018e-01
  -9.1302984e-01   4.0789277e-01
  -9.1273245e-01   4.0855780e-01
  -9.1269307e-01   4.0864575e-01
  -9.1234886e-01   4.0941368e-01
  -9.1230513e-01   4.0951110e-01
  -9.1253839e-01   4.0899106e-01
  -9.1233686e-01   4.0944042e-01
  -9.1186791e-01   4.1048376e-01
  -9.1252524e-01   4.0902039e-01
  -9.1221620e-01   4.0970916e-01
  -9.1233499e-01   4.0944459e-01
  -9.1236553e-01   4.0937653e-01
  -9.1220952e-01   4.0972405e-01
  -9.1224678e-01   4.0964108e-01
  -9.1241694e-01   4.0926193e-01
  -9.1228079e-01   4.0956534e-01
  -9.1270805e-01   4.0861229e-01
  -9.1285375e-01   4.0828671e-01
  -9.1268313e-01   4.0866797e-01
  -9.1244921e-01   4.0918997e-01
  -9.1263871e-01   4.0876715e-01
  -9.1225831e-01   4.0961539e-01
  -9.1253668e-01   4.0899488e-01
  -9.1190417e-01   4.1040320e-01
  -9.1200587e-01   4.1017715e-01
  -9.1219298e-01   4.0976088e-01
  -9.1170214e-01   4.1085180e-01
  -9.1246401e-01   4.0915698e-01
  -9.1205718e-01   4.1006306e-01
  -9.1233803e-01   4.0943782e-01
  -9.1248511e-01   4.0910991e-01
  -9.1239201e-01   4.0931751e-01
  -9.1255425e-01   4.0895567e-01
  -9.1285727e-01   4.0827884e-01
  -9.1303456e-01   4.0788221e-01
  -9.1263634e-01   4.0877243e-01
  -9.1300410e-01   4.0795038e-01
  -9.1320057e-01   4.0751040e-01
  -9.1302268e-01   4.0790879e-01
  -9.1272460e-01   4.0857533e-01
  -9.1223183e-01   4.0967436e-01
  -9.1265175e-01   4.0873803e-01
  -9.1219221e-01   4.0976259e-01
  -9.1223852e-01   4.0965946e-01
  -9.1217826e-01   4.0979363e-01
  -9.1224730e-01   4.0963992e-01
  -9.1199055e-01   4.1021122e-01
  -9.1216812e-01   4.0981620e-01
  -9.1212446e-01   4.0991336e-01
  -9.1223503e-01   4.0966724e-01
  -9.1212687e-01   4.0990801e-01
  -9.1243809e-01   4.0921478e-01
  -9.1245182e-01   4.0918416e-01
  -9.1231263e-01   4.0949440e-01
  -9.1290087e-01   4.0818134e-01
  -9.1272908e-01   4.0856533e-01
  -9.1240976e-01   4.0927794e-01
  -9.1250090e-01   4.0907470e-01
  -9.1234833e-01   4.0941485e-01
  -9.1231056e-01   4.0949901e-01
  -9.1269316e-01   4.0864555e-01
  -9.1225992e-01   4.0961181e-01
  -9.1267161e-01   4.0869368e-01
  -9.1250992e-01   4.0905457e-01
  -9.1235379e-01   4.0940269e-01
  -9.1245645e-01   4.0917383e-01
  -9.1225835e-01   4.0961530e-01
  -9.1260029e-01   4.0885293e-01
  -9.1200954e-01   4.1016899e-01
  -9.1251270e-01   4.0904838e-01
  -9.1301098e-01   4.0793498e-01
  -9.1302192e-01   4.0791049e-01
  -9.1350951e-01   4.0681736e-01
  -9.1332148e-01   4.0723934e-01
  -9.1301468e-01   4.0792670e-01
  -9.1273930e-01   4.0854250e-01
  -9.1240663e-01   4.0928492e-01
  -9.1252401e-01   4.0902315e-01
  -9.1226401e-01   4.0960271e-01
  -9.1205409e-01   4.1006992e-01
  -9.1214419e-01   4.0986946e-01
  -9.1219348e-01   4.0975976e-01
  -9.1222949e-01   4.0967958e-01
  -9.1217013e-01   4.0981173e-01
  -9.1214672e-01   4.0986384e-01
  -9.1198557e-01   4.1022229e-01
  -9.1209586e-01   4.0997700e-01
  -9.1248840e-01   4.0910258e-01
  -9.1235748e-01   4.0939447e-01
  -9.1224067e-01   4.0965468e-01
  -9.1270819e-01   4.0861200e-01
  -9.1254631e-01   4.0897339e-01
  -9.1290818e-01   4.0816498e-01
  -9.1274490e-01   4.0852998e-01
  -9.1251889e-01   4.0903456e-01
  -9.1236402e-01   4.0937988e-01
  -9.1189426e-01   4.1042521e-01
  -9.1214512e-01   4.0986740e-01
  -9.1170486e-01   4.1084577e-01
  -9.1213442e-01   4.0989122e-01
  -9.1255496e-01   4.0895409e-01
  -9.1209590e-01   4.0997692e-01
  -9.1227419e-01   4.0958003e-01
  -9.1251258e-01   4.0904865e-01
  -9.1216565e-01   4.0982171e-01
  -9.1250165e-01   4.0907303e-01
  -9.1241892e-01   4.0925753e-01
  -9.1208841e-01   4.0999358e-01
  -9.1274986e-01   4.0851891e-01
  -9.1294147e-01   4.0809052e-01
  -9.1310829e-01   4.0771712e-01
  -9.1264138e-01   4.0876119e-01
  -9.1262813e-01   4.0879078e-01
  -9.1233955e-01   4.0943442e-01
  -9.1278455e-01   4.0844139e-01
  -9.1198390e-01   4.1022600e-01
  -9.1270666e-01   4.0861541e-01
  -9.1207504e-01   4.1002331e-01
  -9.1182500e-01   4.1057907e-01
  -9.1216013e-01   4.0983399e-01
  -9.1226773e-01   4.0959443e-01
  -9.1194172e-01   4.1031976e-01
  -9.1235870e-01   4.0939175e-01
  -9.1213588e-01   4.0988795e-01
  -9.1203018e-01   4.1012309e-01
  -9.1203824e-01   4.1010516e-01
  -9.1204516e-01   4.1008978e-01
  -9.1238866e-01   4.0932498e-01
  -9.1218965e-01   4.0976827e-01
  -9.1220940e-01   4.0972432e-01
  -9.1232625e-01   4.0946406e-01
  -9.1226008e-01   4.0961145e-01
  -9.1232100e-01   4.0947575e-01
  -9.1259117e-01   4.0887327e-01
  -9.1216232e-01   4.0982912e-01
  -9.1186278e-01   4.1049516e-01
  -9.1220987e-01   4.0972327e-01
  -9.1204619e-01   4.1008749e-01
  -9.1187588e-01   4.1046605e-01
  -9.1192860e-01   4.1034891e-01
  -9.1221907e-01   4.0970277e-01
  -9.1201482e-01   4.1015724e-01
  -9.1206781e-01   4.1003940e-01
  -9.1225007e-01   4.0963375e-01
  -9.1251974e-01   4.0903267e-01
  -9.1267589e-01   4.0868414e-01
  -9.1273253e-01   4.0855761e-01
  -9.1330187e-01   4.0728330e-01
  -9.1303232e-01   4.0788721e-01
  -9.1306839e-01   4.0780646e-01
  -9.1289132e-01   4.0820268e-01
  -9.1320641e-01   4.0749730e-01
  -9.1270193e-01   4.0862597e-01
  -9.1277546e-01   4.0846170e-01
  -9.1258463e-01   4.0888787e-01
  -9.1211334e-01   4.0993810e-01
  -9.1269006e-01   4.0865248e-01
  -9.1210897e-01   4.0994784e-01
  -9.1196683e-01   4.1026394e-01
  -9.1205679e-01   4.1006391e-01
  -9.1200199e-01   4.1018578e-01
  -9.1198056e-01   4.1023342e-01
  -9.1217681e-01   4.0979687e-01
  -9.1192281e-01   4.1036179e-01
  -9.1181766e-01   4.1059538e-01
  -9.1220136e-01   4.0974222e-01
  -9.1233619e-01   4.0944192e-01
  -9.1223383e-01   4.0966991e-01
  -9.1240165e-01   4.0929602e-01
  -9.1251046e-01   4.0905336e-01
  -9.1241350e-01   4.0926961e-01
  -9.1239530e-01   4.0931017e-01
  -9.1171317e-01   4.1082734e-01
  -9.1234322e-01   4.0942624e-01
  -9.1211137e-01   4.0994250e-01
  -9.1198809e-01   4.1021668e-01
  -9.1253151e-01   4.0900642e-01
  -9.1188090e-01   4.1045490e-01
  -9.1247126e-01   4.0914081e-01
  -9.1215697e-01   4.0984102e-01
  -9.1229982e-01   4.0952294e-01
  -9.1202889e-01   4.1012596e-01
  -9.1210477e-01   4.0995717e-01
  -9.1269131e-01   4.0864969e-01
  -9.1245741e-01   4.0917169e-01
  -9.1279660e-01   4.0841446e-01
  -9.1293841e-01   4.0809737e-01
  -9.1307394e-01   4.0779404e-01
  -9.1286223e-01   4.0826773e-01
  -9.1248459e-01   4.0911108e-01
  -9.1226008e-01   4.0961145e-01
  -9.1234860e-01   4.0941425e-01
  -9.1189373e-01   4.1042639e-01
  -9.1242120e-01   4.0925243e-01
  -9.1170112e-01   4.1085407e-01
  -9.1225098e-01   4.0963174e-01
  -9.1184797e-01   4.1052805e-01
  -9.1204778e-01   4.1008395e-01
  -9.1187975e-01   4.1045745e-01
  -9.1161226e-01   4.1105120e-01
  -9.1183394e-01   4.1055921e-01
  -9.1200236e-01   4.1018496e-01
  -9.1172702e-01   4.1079659e-01
  -9.1251040e-01   4.0905350e-01
  -9.1242734e-01   4.0923875e-01
  -9.1190730e-01   4.1039624e-01
  -9.1222643e-01   4.0968640e-01
  -9.1232875e-01   4.0945849e-01
  -9.1177526e-01   4.1068952e-01
  -9.1222648e-01   4.0968628e-01
  -9.1202530e-01   4.1013395e-01
  -9.1203249e-01   4.1011795e-01
  -9.1202153e-01   4.1014233e-01
  -9.1231114e-01   4.0949773e-01
  -9.1215126e-01   4.0985374e-01
  -9.1184641e-01   4.1053152e-01
  -9.1239665e-01   4.0930717e-01
  -9.1194389e-01   4.1031492e-01
  -9.1171194e-01   4.1083005e-01
  -9.1244996e-01   4.0918830e-01
  -9.1236163e-01   4.0938521e-01
  -9.1230106e-01   4.0952017e-01
  -9.1272288e-01   4.0857918e-01
  -9.1285592e-01   4.0828186e-01
  -9.1268427e-01   4.0866542e-01
  -9.1269116e-01   4.0865004e-01
  -9.1244007e-01   4.0921037e-01
  -9.1220993e-01   4.0972312e-01
  -9.1251300e-01   4.0904770e-01
  -9.1250708e-01   4.0906091e-01
  -9.1213298e-01   4.0989441e-01
  -9.1173958e-01   4.1076871e-01
  -9.1243932e-01   4.0921202e-01
  -9.1214750e-01   4.0986209e-01
  -9.1196499e-01   4.1026804e-01
  -9.1204681e-01   4.1008611e-01
  -9.1201860e-01   4.1014885e-01
  -9.1200750e-01   4.1017353e-01
  -9.1227969e-01   4.0956779e-01
  -9.1206454e-01   4.1004668e-01
  -9.1252482e-01   4.0902134e-01
  -9.1307110e-01   4.0780039e-01
  -9.1258542e-01   4.0888612e-01
  -9.1264914e-01   4.0874385e-01
  -9.1252200e-01   4.0902763e-01
  -9.1243479e-01   4.0922214e-01
  -9.1250981e-01   4.0905483e-01
  -9.1242044e-01   4.0925413e-01
  -9.1266057e-01   4.0871835e-01
  -9.1231316e-01   4.0949323e-01
  -9.1206936e-01   4.1003595e-01
  -9.1290568e-01   4.0817057e-01
  -9.1221173e-01   4.0971912e-01
  -9.1230616e-01   4.0950881e-01
  -9.1259751e-01   4.0885912e-01
  -9.1216474e-01   4.0982372e-01
  -9.1272518e-01   4.0857403e-01
  -9.1275244e-01   4.0851315e-01
  -9.1269153e-01   4.0864920e-01
  -9.1343228e-01   4.0699075e-01
  -9.1398393e-01   4.0575038e-01
  -9.1325125e-01   4.0739680e-01
  -9.1366273e-01   4.0647315e-01
  -9.1314892e-01   4.0762611e-01
  -9.1306810e-01   4.0780712e-01
  -9.1315826e-01   4.0760520e-01
  -9.1294784e-01   4.0807626e-01
  -9.1326647e-01   4.0736268e-01
  -9.1282275e-01   4.0835600e-01
  -9.1223576e-01   4.0966561e-01
  -9.1269992e-01   4.0863047e-01
  -9.1333600e-01   4.0720676e-01
  -9.1254442e-01   4.0897760e-01
  -9.1278919e-01   4.0843102e-01
  -9.1308802e-01   4.0776250e-01
  -9.1273726e-01   4.0854706e-01
  -9.1288592e-01   4.0821476e-01
  -9.1251334e-01   4.0904694e-01
  -9.1315126e-01   4.0762088e-01
  -9.1278326e-01   4.0844426e-01
  -9.1304888e-01   4.0785016e-01
  -9.1296095e-01   4.0804695e-01
  -9.1304816e-01   4.0785176e-01
  -9.1292641e-01   4.0812421e-01
  -9.1268530e-01   4.0866311e-01
  -9.1287512e-01   4.0823893e-01
  -9.1290026e-01   4.0818270e-01
  -9.1259459e-01   4.0886564e-01
  -9.1300060e-01   4.0795821e-01
  -9.1301487e-01   4.0792628e-01
  -9.1311621e-01   4.0769939e-01
  -9.1326518e-01   4.0736559e-01
  -9.1269013e-01   4.0865232e-01
  -9.1328729e-01   4.0731599e-01
  -9.1321187e-01   4.0748507e-01
  -9.1368375e-01   4.0642590e-01
  -9.1354776e-01   4.0673147e-01
  -9.1371191e-01   4.0636258e-01
  -9.1408847e-01   4.0551483e-01
  -9.1388622e-01   4.0597041e-01
  -9.1395516e-01   4.0581519e-01
  -9.1347118e-01   4.0690343e-01
  -9.1291655e-01   4.0814626e-01
  -9.1337149e-01   4.0712716e-01
  -9.1296738e-01   4.0803255e-01
  -9.1308980e-01   4.0775854e-01
  -9.1309580e-01   4.0774510e-01
  -9.1322505e-01   4.0745553e-01
  -9.1288305e-01   4.0822118e-01
  -9.1296538e-01   4.0803703e-01
  -9.1346189e-01   4.0692430e-01
  -9.1315873e-01   4.0760415e-01
  -9.1272804e-01   4.0856765e-01
  -9.1305630e-01   4.0783353e-01
  -9.1271096e-01   4.0860580e-01
  -9.1319249e-01   4.0752851e-01
  -9.1375077e-01   4.0627518e-01
  -9.1363961e-01   4.0652511e-01
  -9.1371401e-01   4.0635785e-01
  -9.1361472e-01   4.0658105e-01
  -9.1363078e-01   4.0654496e-01
  -9.1365877e-01   4.0648204e-01
  -9.1288846e-01   4.0820908e-01
  -9.1356022e-01   4.0670349e-01
  -9.1317564e-01   4.0756625e-01
  -9.1296471e-01   4.0803853e-01
  -9.1354198e-01   4.0674447e-01
  -9.1328966e-01   4.0731068e-01
  -9.1304225e-01   4.0786498e-01
  -9.1300010e-01   4.0795934e-01
  -9.1327215e-01   4.0734995e-01
  -9.1275017e-01   4.0851821e-01
  -9.1361248e-01   4.0658608e-01
  -9.1347196e-01   4.0690168e-01
  -9.1399350e-01   4.0572882e-01
  -9.1412436e-01   4.0543390e-01
  -9.1358470e-01   4.0664849e-01
  -9.1399896e-01   4.0571652e-01
  -9.1351054e-01   4.0681505e-01
  -9.1328992e-01   4.0731010e-01
  -9.1381349e-01   4.0613410e-01
  -9.1360083e-01   4.0661225e-01
  -9.1336441e-01   4.0714305e-01
  -9.1333669e-01   4.0720523e-01
  -9.1302702e-01   4.0789908e-01
  -9.1273091e-01   4.0856124e-01
  -9.1250431e-01   4.0906709e-01
  -9.1225839e-01   4.0961523e-01
  -9.1203574e-01   4.1011073e-01
  -9.1181421e-01   4.1060304e-01
  -9.1158360e-01   4.1111475e-01
  -9.1136016e-01   4.1160983e-01
  -9.1113632e-01   4.1210510e-01
  -9.1091258e-01   4.1259941e-01
  -9.1069216e-01   4.1308570e-01
  -9.1044122e-01   4.1363847e-01
  -9.1021624e-01   4.1413331e-01
  -9.0999098e-01   4.1462805e-01
  -9.0976583e-01   4.1512182e-01
  -9.0954015e-01   4.1561607e-01
  -9.0928942e-01   4.1616434e-01
  -9.0904500e-01   4.1669797e-01
