243 1.04324293137 72.921446 15.056014 -3.0943048 3.5 17.5 1.308996939 69.4644530123 -107.709394433 0.0
246 1.04914307594 71.833476 15.043404 -3.0977225 112.5 56.5 1.308996939 58.0725023238 -107.513574647 0.00904525555275
249 1.04315090179 70.752406 14.990131 -3.0994977 23.5 35.5 2.70526034059 51.5115967447 -27.4118631795 0.256019890273
252 1.04694604874 69.662589 14.910372 -3.0991561 23.5 36.5 2.87979326579 50.9617175963 -17.4314354178 0.337300920494
255 1.04201889038 68.543226 14.87027 -3.1015732 22.5 38.5 3.40339204139 51.7527081452 12.7070542109 0.418340582913
258 1.04504799843 67.463395 14.848985 -3.0993817 20.5 39.5 4.45058959259 53.0399190276 72.5814905101 2.62442295375
261 1.04505705833 66.355197 14.844326 -3.0914116 18.5 36.5 0.436332312999 52.5270225341 -157.875162582 4.59715623885
264 1.04599690437 65.244342 14.798712 -3.0919041 19.5 36.5 0.436332312999 50.6309265753 -157.846944411 4.72442838454
267 1.05456590652 64.166589 14.756365 -3.0928125 116.5 61.5 0.261799387799 70.169461448 -167.794896925 3.59316072127
270 1.04515600204 62.958184 14.643268 -3.0902432 117.5 61.5 0.261799387799 71.9052364317 -167.942106971 2.72939144736
273 1.04645204544 61.888257 14.620758 -3.0865128 118.5 61.5 0.261799387799 73.5020596718 -168.155843147 1.3705211864
276 1.04386901855 60.806453 14.570725 -3.0885172 18.5 33.5 4.62512251778 46.3481759886 81.9590005136 1.60639240218
279 1.04489016533 59.757001 14.549766 -3.0904269 18.5 32.5 4.62512251778 44.9927886685 82.0684182637 1.23674217285
282 1.04619216919 58.641711 14.486907 -3.0854298 18.5 31.5 4.62512251778 43.5981914239 81.7821055239 1.24100269388
285 1.04601287842 57.530035 14.4097 -3.0870974 53.5 29.5 0.0872664625997 15.6191656689 -178.122348034 0.537617451559
288 1.0463540554 56.437491 14.409635 -3.0908774 54.5 29.5 0.0872664625997 15.2142363334 -177.905769988 0.723430033096
291 1.04826498032 55.334923 14.316884 -3.0824592 55.5 29.5 0.0872664625997 15.1840133656 -178.388097319 0.954646511494
294 1.04660415649 54.218779 14.246396 -3.0758904 56.5 30.5 0.0872664625997 16.412909926 -178.764461835 0.829746123053
297 1.04463386536 53.153198 14.13782 -3.074379 58.5 30.5 0.261799387799 17.2136348857 -168.851058676 0.629652935549
300 1.04498291016 52.080346 14.09707 -3.0811687 59.5 30.5 0.261799387799 18.0029824769 -168.462037522 0.596740880406
303 1.04720902443 51.003357 14.0323 -3.0813365 50.5 13.5 3.40339204139 0.732606005605 11.5475767096 0.527675929221
306 1.04576992989 49.835635 13.955635 -3.0739137 49.5 13.5 3.40339204139 0.565909980872 11.1222815974 0.0572343395019
309 1.04728007317 48.708244 13.86888 -3.0762702 48.5 13.5 3.40339204139 0.423601248742 11.2572991019 0.00281342387893
312 1.04514193535 47.632314 13.83722 -3.0734822 47.5 13.5 3.40339204139 0.362248979289 11.0975584686 0.0168238357742
315 1.04919600487 46.510286 13.743914 -3.0693324 45.5 13.5 3.40339204139 1.03931315838 10.8597924428 0.278463961436
318 1.04734492302 45.409475 13.65225 -3.0626222 44.5 12.5 3.22885911619 1.46793216401 0.475326303071 0.213053733389
321 1.04761815071 44.324032 13.585841 -3.0657919 43.5 12.5 3.22885911619 1.36311386696 0.656936735394 0.389902578757
324 1.04571223259 43.279534 13.422976 -3.0587024 42.5 12.5 3.22885911619 1.20812166346 0.250738306536 2.6977275616
327 1.0458650589 42.148664 13.38956 -3.0583632 41.5 12.5 3.22885911619 1.10094594713 0.231303578125 1.45804163224
330 1.04694008827 41.07079 13.314761 -3.0602652 40.5 12.5 3.22885911619 0.994804860875 0.340280150759 1.0559817122
333 1.04709601402 39.977134 13.203081 -3.0565279 39.5 12.5 3.22885911619 0.849693913428 0.126148633985 0.140892157517
336 1.04878902435 38.857963 13.151121 -3.0546066 38.5 12.5 3.22885911619 0.743031672279 0.016066252806 0.15615298463
339 1.04755401611 37.804234 12.976371 -3.0521812 37.5 12.5 3.22885911619 0.565232391497 -0.122898930825 0.0
342 1.04628586769 36.667281 12.980657 -3.0532358 36.5 12.5 3.22885911619 0.508934263545 -0.0624748017505 0.0
345 1.046697855 35.575371 12.851105 -3.0601993 34.5 12.5 3.22885911619 1.13123715845 0.336504358889 0.00244294022654
