273 1.85854697227 61.888257 14.620758 -3.0865128 3.5 7.5 4.62512251778 58.8208615203 81.8441568531 0.23768115942
276 1.85059905052 60.806453 14.570725 -3.0885172 20.5 61.5 0.261799387799 61.862484637 -168.040999486 1.02217633038
279 1.84610915184 59.757001 14.549766 -3.0904269 119.5 118.5 2.53072741539 119.895275462 -37.9315817363 0.975519108304
282 1.84951281548 58.641711 14.486907 -3.0854298 106.5 114.5 5.67232006898 110.873958157 141.782105524 1.24016847062
285 1.85647320747 57.530035 14.4097 -3.0870974 119.5 15.5 5.67232006898 61.9795556308 141.877651966 0.809676685917
288 1.8539390564 56.437491 14.409635 -3.0908774 66.5 65.5 5.67232006898 52.0718684436 142.094230012 1.06934353861
291 1.85130095482 55.334923 14.316884 -3.0824592 67.5 64.5 5.67232006898 51.6365590438 141.611902681 1.30725597455
294 1.85291314125 54.218779 14.246396 -3.0758904 12.5 55.5 2.53072741539 58.6712567126 -38.7644618352 1.54165438552
297 1.85168290138 53.153198 14.13782 -3.074379 57.5 92.5 4.10152374219 78.4826473941 51.1489413237 1.63720054255
300 1.85086297989 52.080346 14.09707 -3.0811687 28.5 66.5 2.53072741539 57.4638998856 -38.4620375222 1.66502087455
303 1.85272979736 51.003357 14.0323 -3.0813365 22.5 68.5 0.610865238198 61.4749681054 -148.45242329 1.6357683791
306 1.8495900631 49.835635 13.955635 -3.0739137 27.5 67.5 2.35619449019 58.0162013071 -48.8777184026 1.09881667646
309 1.85099291801 48.708244 13.86888 -3.0762702 23.5 69.5 0.785398163397 61.075994286 -138.742700898 1.06483204289
312 1.85220193863 47.632314 13.83722 -3.0734822 99.5 115.5 0.261799387799 114.129652976 -168.902441531 1.11862303708
315 1.85079503059 46.510286 13.743914 -3.0693324 100.5 115.5 2.53072741539 115.191971317 -39.1402075572 1.34276132818
318 1.85919213295 45.409475 13.65225 -3.0626222 99.5 116.5 2.53072741539 116.204322531 -39.5246736969 1.22961248943
321 1.85737013817 44.324032 13.585841 -3.0657919 98.5 116.5 2.53072741539 116.302878861 -39.3430632646 1.31303623809
324 1.85149288177 43.279534 13.422976 -3.0587024 91.5 46.5 2.53072741539 58.4748053263 -39.7492616935 3.48719750299
327 1.85780096054 42.148664 13.38956 -3.0583632 68.5 59.5 3.05432619099 53.1089972225 -9.76869642188 1.74552492806
330 1.85668897629 41.07079 13.314761 -3.0602652 67.5 59.5 3.05432619099 53.2125872582 -9.65971984924 1.29162776835
333 1.85795283318 39.977134 13.203081 -3.0565279 66.5 59.5 3.05432619099 53.3560411739 -9.87385136602 0.33725842426
336 1.86014199257 38.857963 13.151121 -3.0546066 65.5 59.5 3.05432619099 53.4604219967 -9.98393374719 0.342439188771
339 1.85816693306 37.804234 12.976371 -3.0521812 64.5 59.5 3.05432619099 53.6387171515 -10.1228989308 0.188065312294
342 1.87113499641 36.667281 12.980657 -3.0532358 36.5 12.5 3.22885911619 0.508934263545 -0.0624748017505 0.0
345 1.85786414146 35.575371 12.851105 -3.0601993 34.5 12.5 3.22885911619 1.13123715845 0.336504358889 0.00477542505152
348 1.95393610001 34.496566 12.709219 -3.053209 33.5 12.5 3.22885911619 1.01829091242 -0.0640103286414 0.00675607648226
351 1.95818400383 33.407528 12.631283 -3.0490856 33.5 12.5 3.22885911619 0.160581122405 -0.300263745886 0.0
354 1.86223983765 32.233564 12.610121 -3.0449155 31.5 12.5 3.22885911619 0.741783510694 -0.539192876033 0.0855787233063
357 1.85735416412 31.166269 12.511436 -3.0539184 30.5 12.5 3.22885911619 0.666367137888 -0.0233647026548 0.407321628264
360 1.85127997398 30.127116 12.347085 -3.0509716 29.5 12.5 3.22885911619 0.645490104247 -0.192203905724 0.331672310793
363 1.85095596313 29.071081 12.22532 -3.040862 28.5 12.5 3.22885911619 0.633705460732 -0.771441318289 0.343768959989
366 1.85137200356 27.895134 12.161335 -3.0488581 27.5 11.5 3.22885911619 0.770386176006 -0.313298535725 2.37346568955
369 1.85240888596 26.84607 12.069169 -3.0477413 26.5 11.5 3.22885911619 0.666121456989 -0.377286462285 3.6493244191
372 1.85100102425 25.736402 11.937528 -3.0464874 25.5 11.5 3.40339204139 0.497309417152 9.55087035978 0.111350409922
375 1.85328507423 24.67908 11.936661 -3.0568449 24.5 11.5 3.22885911619 0.471956009943 0.14431139609 0.0
