258 1.85275292397 67.463395 14.848985 -3.0993817 5.5 11.5 4.10152374219 62.053831634 52.5814905101 2.22608695652
261 1.85308504105 66.355197 14.844326 -3.0914116 53.5 106.5 5.32325421858 92.5527885388 122.124837418 4.65731057454
264 1.84523200989 65.244342 14.798712 -3.0919041 53.5 103.5 5.49778714378 89.4754047874 132.153055589 4.9150208256
267 1.86387085915 64.166589 14.756365 -3.0928125 45.5 43.5 3.40339204139 34.2729937109 12.2051030753 3.92202895637
270 1.84541678429 62.958184 14.643268 -3.0902432 44.5 43.5 3.40339204139 34.2551534561 12.057893029 2.96446381017
273 1.84685897827 61.888257 14.620758 -3.0865128 43.5 43.5 3.40339204139 34.2365099564 11.8441568531 1.58241144924
276 1.8408010006 60.806453 14.570725 -3.0885172 86.5 102.5 4.79965544298 91.6063085135 91.9590005136 1.8796096888
279 1.84119796753 59.757001 14.549766 -3.0904269 86.5 101.5 4.79965544298 90.9699466207 92.0684182637 1.49586381705
282 1.84705591202 58.641711 14.486907 -3.0854298 20.5 103.5 4.79965544298 96.8406982804 91.7821055239 1.5139276166
285 1.84708189964 57.530035 14.4097 -3.0870974 20.5 102.5 4.79965544298 95.5569173121 91.8776519658 0.965780934246
288 1.85163187981 56.437491 14.409635 -3.0908774 20.5 101.5 4.79965544298 94.2137725346 92.0942300124 1.14919049179
291 1.84608316422 55.334923 14.316884 -3.0824592 117.5 74.5 1.65806278939 86.5245875453 -88.3880973187 1.42940573712
294 1.84688782692 54.218779 14.246396 -3.0758904 116.5 75.5 1.65806278939 87.3553346524 -88.7644618352 1.67218805948
297 1.8486969471 53.153198 14.13782 -3.074379 116.5 76.5 1.65806278939 88.8924002262 -88.8510586763 1.84251008446
300 1.84746789932 52.080346 14.09707 -3.0811687 50.5 96.5 0.0872664625997 82.4180827614 -178.462037522 1.8581528951
303 1.84712386131 51.003357 14.0323 -3.0813365 51.5 96.5 6.19591884458 82.4691954463 171.54757671 1.83015832354
306 1.84690308571 49.835635 13.955635 -3.0739137 38.5 133.5 1.65806278939 120.080605529 -88.8777184026 1.34561966812
309 1.84653282166 48.708244 13.86888 -3.0762702 53.5 95.5 0.0872664625997 81.7716373691 -178.742700898 1.2913092756
312 1.84801006317 47.632314 13.83722 -3.0734822 54.5 96.5 6.19591884458 82.9475756627 171.097558469 1.21524138509
315 1.84802007675 46.510286 13.743914 -3.0693324 56.5 96.5 6.19591884458 83.356848284 170.859792443 1.35911361783
318 1.84860897064 45.409475 13.65225 -3.0626222 57.5 95.5 0.0872664625997 82.7359352086 -179.524673697 1.27061590077
321 1.84748482704 44.324032 13.585841 -3.0657919 58.5 95.5 0.0872664625997 83.1317479271 -179.343063265 1.39368956324
324 1.84096193314 43.279534 13.422976 -3.0587024 42.5 13.5 3.40339204139 0.783330041382 10.2507383065 2.7316174499
327 1.84591698647 42.148664 13.38956 -3.0583632 41.5 13.5 3.40339204139 0.657998463901 10.2313035781 1.44931358508
330 1.84647202492 41.07079 13.314761 -3.0602652 40.5 12.5 3.22885911619 0.994804860875 0.340280150759 1.0145073512
333 1.84683203697 39.977134 13.203081 -3.0565279 39.5 12.5 3.22885911619 0.849693913428 0.126148633985 0.0993280214053
336 1.84907698631 38.857963 13.151121 -3.0546066 38.5 12.5 3.22885911619 0.743031672279 0.016066252806 0.1194133415
339 1.84972286224 37.804234 12.976371 -3.0521812 37.5 12.5 3.22885911619 0.565232391497 -0.122898930825 0.0
342 1.85159802437 36.667281 12.980657 -3.0532358 36.5 12.5 3.22885911619 0.508934263545 -0.0624748017505 0.0
345 1.86543297768 35.575371 12.851105 -3.0601993 34.5 12.5 3.22885911619 1.13123715845 0.336504358889 0.00458264338398
348 1.84550309181 34.496566 12.709219 -3.053209 33.5 12.5 3.22885911619 1.01829091242 -0.0640103286414 0.00700784613443
351 1.85418200493 33.407528 12.631283 -3.0490856 33.5 12.5 3.22885911619 0.160581122405 -0.300263745886 0.0
354 1.86137700081 32.233564 12.610121 -3.0449155 31.5 12.5 3.22885911619 0.741783510694 -0.539192876033 0.0898797099916
357 1.84759807587 31.166269 12.511436 -3.0539184 30.5 12.5 3.22885911619 0.666367137888 -0.0233647026548 0.410620678823
360 1.8464679718 30.127116 12.347085 -3.0509716 29.5 12.5 3.22885911619 0.645490104247 -0.192203905724 0.33474790896
