243 0.648149013519 72.921446 15.056014 -3.0943048 3.5 17.5 1.308996939 69.4644530123 -107.709394433 0.00419496146449
246 0.656697034836 71.833476 15.043404 -3.0977225 15.5 33.5 0.785398163397 59.2798992421 -137.513574647 0.063371825925
249 0.645523071289 70.752406 14.990131 -3.0994977 23.5 35.5 2.70526034059 51.5115967447 -27.4118631795 0.375001481924
252 0.660321950912 69.662589 14.910372 -3.0991561 23.5 36.5 2.87979326579 50.9617175963 -17.4314354178 0.523586947468
255 0.64436507225 68.543226 14.87027 -3.1015732 22.5 38.5 3.40339204139 51.7527081452 12.7070542109 0.650781548502
258 0.645395994186 67.463395 14.848985 -3.0993817 20.5 39.5 4.45058959259 53.0399190276 72.5814905101 2.90121245373
261 0.644798994064 66.355197 14.844326 -3.0914116 18.5 36.5 0.436332312999 52.5270225341 -157.875162582 4.8410517497
264 0.643675088882 65.244342 14.798712 -3.0919041 19.5 36.5 0.436332312999 50.6309265753 -157.846944411 4.89701485317
267 0.64543223381 64.166589 14.756365 -3.0928125 19.5 36.5 4.45058959259 49.6778606213 72.2051030753 3.74547145182
270 0.64580488205 62.958184 14.643268 -3.0902432 19.5 35.5 4.45058959259 48.2039109025 72.057893029 2.80314792155
273 0.646164894104 61.888257 14.620758 -3.0865128 19.5 34.5 4.45058959259 46.8182506507 71.8441568531 1.40601251065
276 0.644109010696 60.806453 14.570725 -3.0885172 18.5 33.5 4.62512251778 46.3481759886 81.9590005136 1.70798170392
279 0.643821001053 59.757001 14.549766 -3.0904269 18.5 32.5 4.62512251778 44.9927886685 82.0684182637 1.33671112192
282 0.645557880402 58.641711 14.486907 -3.0854298 18.5 31.5 4.62512251778 43.5981914239 81.7821055239 1.33970103452
285 0.644794940948 57.530035 14.4097 -3.0870974 53.5 29.5 0.0872664625997 15.6191656689 -178.122348034 0.636270083208
288 0.646377801895 56.437491 14.409635 -3.0908774 54.5 29.5 0.0872664625997 15.2142363334 -177.905769988 0.821013694293
291 0.646784067154 55.334923 14.316884 -3.0824592 55.5 29.5 0.0872664625997 15.1840133656 -178.388097319 1.05100734735
294 0.646423816681 54.218779 14.246396 -3.0758904 56.5 30.5 0.0872664625997 16.412909926 -178.764461835 0.924570606668
297 0.646683931351 53.153198 14.13782 -3.074379 58.5 30.5 0.261799387799 17.2136348857 -168.851058676 0.723136117707
300 0.647039890289 52.080346 14.09707 -3.0811687 59.5 30.5 0.261799387799 18.0029824769 -168.462037522 0.689238256958
303 0.643592119217 51.003357 14.0323 -3.0813365 60.5 31.5 0.261799387799 19.8823230926 -168.45242329 0.572422665336
306 0.645987033844 49.835635 13.955635 -3.0739137 61.5 31.5 0.261799387799 21.0680363135 -168.877718403 0.141112166799
309 0.64456987381 48.708244 13.86888 -3.0762702 48.5 13.5 3.40339204139 0.423601248742 11.2572991019 0.00908931841488
312 0.644650936127 47.632314 13.83722 -3.0734822 47.5 13.5 3.40339204139 0.362248979289 11.0975584686 0.0220792286066
315 0.645817041397 46.510286 13.743914 -3.0693324 45.5 13.5 3.40339204139 1.03931315838 10.8597924428 0.283835635508
318 0.647696018219 45.409475 13.65225 -3.0626222 44.5 13.5 3.40339204139 0.922130597109 10.4753263031 0.216758425364
321 0.64531493187 44.324032 13.585841 -3.0657919 43.5 12.5 3.22885911619 1.36311386696 0.656936735394 0.389133046234
324 0.644601106644 43.279534 13.422976 -3.0587024 42.5 12.5 3.22885911619 1.20812166346 0.250738306536 2.6970227951
327 0.646667003632 42.148664 13.38956 -3.0583632 41.5 12.5 3.22885911619 1.10094594713 0.231303578125 1.4573231091
330 0.644804954529 41.07079 13.314761 -3.0602652 40.5 12.5 3.22885911619 0.994804860875 0.340280150759 1.05526964282
333 0.645088195801 39.977134 13.203081 -3.0565279 39.5 12.5 3.22885911619 0.849693913428 0.126148633985 0.14022574736
336 0.644989967346 38.857963 13.151121 -3.0546066 38.5 12.5 3.22885911619 0.743031672279 0.016066252806 0.155530383737
339 0.645933151245 37.804234 12.976371 -3.0521812 37.5 12.5 3.22885911619 0.565232391497 -0.122898930825 0.0
342 0.645848035812 36.667281 12.980657 -3.0532358 36.5 12.5 3.22885911619 0.508934263545 -0.0624748017505 0.0
345 0.645611047745 35.575371 12.851105 -3.0601993 34.5 12.5 3.22885911619 1.13123715845 0.336504358889 0.00246428219811
