258 1.04061794281 67.463395 14.848985 -3.0993817 5.5 11.5 4.10152374219 62.053831634 52.5814905101 2.22608695652
261 1.04174995422 66.355197 14.844326 -3.0914116 92.5 55.5 5.32325421858 48.3366791609 122.124837418 4.65731056789
264 1.03670907021 65.244342 14.798712 -3.0919041 92.5 52.5 5.49778714378 46.5215864935 132.153055589 4.9150207341
267 1.03875112534 64.166589 14.756365 -3.0928125 45.5 43.5 3.40339204139 34.2729937109 12.2051030753 3.92202895637
270 1.04135513306 62.958184 14.643268 -3.0902432 44.5 43.5 3.40339204139 34.2551534561 12.057893029 2.96446381017
273 1.03980588913 61.888257 14.620758 -3.0865128 43.5 43.5 3.40339204139 34.2365099564 11.8441568531 1.58241144924
276 1.0364408493 60.806453 14.570725 -3.0885172 20.5 50.5 0.0872664625997 53.9955827403 -178.040999486 1.87901510136
279 1.03691291809 59.757001 14.549766 -3.0904269 21.5 50.5 0.0872664625997 52.497785193 -177.931581736 1.49523558296
282 1.03939080238 58.641711 14.486907 -3.0854298 135.5 40.5 1.65806278939 81.1410968341 -88.2178944761 1.51104272066
285 1.04130911827 57.530035 14.4097 -3.0870974 23.5 50.5 0.0872664625997 49.6039619001 -178.122348034 0.945576423149
288 1.04122805595 56.437491 14.409635 -3.0908774 24.5 50.5 0.0872664625997 48.19250748 -177.905769988 1.11997258162
291 1.04035806656 55.334923 14.316884 -3.0824592 77.5 14.5 0.0872664625997 22.1658333903 -178.388097319 1.38675858414
294 1.04142689705 54.218779 14.246396 -3.0758904 78.5 14.5 0.0872664625997 24.282545341 -178.764461835 1.60470359936
297 1.04075789452 53.153198 14.13782 -3.074379 79.5 15.5 6.19591884458 26.3819921534 171.148941324 1.70391248486
300 1.04192996025 52.080346 14.09707 -3.0811687 79.5 15.5 6.19591884458 27.4555210853 171.537962478 1.57848551432
303 1.03945589066 51.003357 14.0323 -3.0813365 79.5 15.5 6.19591884458 28.5344144072 171.54757671 0.998509189551
306 1.04031586647 49.835635 13.955635 -3.0739137 106.5 18.5 6.02138591938 56.846297277 161.122281597 0.245997483466
309 1.03989005089 48.708244 13.86888 -3.0762702 107.5 17.5 6.02138591938 58.9037826121 161.257299102 0.169167841121
312 1.04057884216 47.632314 13.83722 -3.0734822 47.5 13.5 3.40339204139 0.362248979289 11.0975584686 0.160466249098
315 1.04151892662 46.510286 13.743914 -3.0693324 45.5 13.5 3.40339204139 1.03931315838 10.8597924428 0.573880970041
318 1.03933310509 45.409475 13.65225 -3.0626222 44.5 13.5 3.40339204139 0.922130597109 10.4753263031 0.504497354941
321 1.04092001915 44.324032 13.585841 -3.0657919 43.5 13.5 3.40339204139 0.828491046605 10.6569367354 0.558422017839
324 1.03754019737 43.279534 13.422976 -3.0587024 42.5 13.5 3.40339204139 0.783330041382 10.2507383065 2.7316174499
327 1.04200720787 42.148664 13.38956 -3.0583632 41.5 13.5 3.40339204139 0.657998463901 10.2313035781 1.44931358508
330 1.04174900055 41.07079 13.314761 -3.0602652 40.5 12.5 3.22885911619 0.994804860875 0.340280150759 1.0145073512
333 1.04022812843 39.977134 13.203081 -3.0565279 39.5 12.5 3.22885911619 0.849693913428 0.126148633985 0.0993280214053
336 1.04130411148 38.857963 13.151121 -3.0546066 38.5 12.5 3.22885911619 0.743031672279 0.016066252806 0.1194133415
339 1.04114985466 37.804234 12.976371 -3.0521812 37.5 12.5 3.22885911619 0.565232391497 -0.122898930825 0.0
342 1.04411482811 36.667281 12.980657 -3.0532358 36.5 12.5 3.22885911619 0.508934263545 -0.0624748017505 0.0
345 1.04259586334 35.575371 12.851105 -3.0601993 34.5 12.5 3.22885911619 1.13123715845 0.336504358889 0.00458264338398
348 1.04199290276 34.496566 12.709219 -3.053209 33.5 12.5 3.22885911619 1.01829091242 -0.0640103286414 0.00700784613442
351 1.04136300087 33.407528 12.631283 -3.0490856 33.5 12.5 3.22885911619 0.160581122405 -0.300263745886 0.0
354 1.0407948494 32.233564 12.610121 -3.0449155 31.5 12.5 3.22885911619 0.741783510694 -0.539192876033 0.0898797099916
357 1.04009890556 31.166269 12.511436 -3.0539184 30.5 12.5 3.22885911619 0.666367137888 -0.0233647026548 0.410620678823
360 1.04072809219 30.127116 12.347085 -3.0509716 29.5 12.5 3.22885911619 0.645490104247 -0.192203905724 0.33474790896
