258 0.638198137283 67.463395 14.848985 -3.0993817 5.5 11.5 4.10152374219 62.053831634 52.5814905101 2.22608695652
261 0.637744903564 66.355197 14.844326 -3.0914116 42.5 58.5 2.18166156499 49.7482491783 -57.8751625822 4.65731014173
264 0.637784004211 65.244342 14.798712 -3.0919041 37.5 15.5 3.92699081699 27.7532037407 42.1530555892 4.91501702459
267 0.636609077454 64.166589 14.756365 -3.0928125 45.5 43.5 3.40339204139 34.2729937109 12.2051030753 3.92202895813
270 0.636615037918 62.958184 14.643268 -3.0902432 44.5 43.5 3.40339204139 34.2551534561 12.057893029 2.96446381031
273 0.639730930328 61.888257 14.620758 -3.0865128 43.5 43.5 3.40339204139 34.2365099564 11.8441568531 1.58241145212
276 0.635705947876 60.806453 14.570725 -3.0885172 20.5 50.5 0.0872664625997 53.9955827403 -178.040999486 1.87901512491
279 0.639404058456 59.757001 14.549766 -3.0904269 21.5 50.5 0.0872664625997 52.497785193 -177.931581736 1.49523563269
282 0.638566017151 58.641711 14.486907 -3.0854298 13.5 66.5 3.22885911619 68.870428454 1.78210552389 1.50698401404
285 0.636678934097 57.530035 14.4097 -3.0870974 23.5 50.5 0.0872664625997 49.6039619001 -178.122348034 0.945576692487
288 0.637897014618 56.437491 14.409635 -3.0908774 24.5 50.5 0.0872664625997 48.19250748 -177.905769988 1.11997293391
291 0.639781951904 55.334923 14.316884 -3.0824592 25.5 50.5 0.0872664625997 46.8971269257 -178.388097319 1.34655691472
294 0.638818025589 54.218779 14.246396 -3.0758904 51.5 15.5 4.79965544298 2.99387411887 91.2355381648 0.965996914318
297 0.639646053314 53.153198 14.13782 -3.074379 51.5 13.5 4.97418836818 1.77197008429 101.148941324 0.903981367541
300 0.637257099152 52.080346 14.09707 -3.0811687 52.5 13.5 4.97418836818 0.729795906138 101.537962478 0.846322048111
303 0.638856887817 51.003357 14.0323 -3.0813365 48.5 15.5 3.40339204139 2.90188551798 11.5475767096 0.681311628678
306 0.636875152588 49.835635 13.955635 -3.0739137 49.5 13.5 3.40339204139 0.565909980872 11.1222815974 0.161724009176
309 0.638456821442 48.708244 13.86888 -3.0762702 48.5 13.5 3.40339204139 0.423601248742 11.2572991019 0.114938529413
312 0.638108968735 47.632314 13.83722 -3.0734822 47.5 13.5 3.40339204139 0.362248979289 11.0975584686 0.160475803682
315 0.63862490654 46.510286 13.743914 -3.0693324 45.5 13.5 3.40339204139 1.03931315838 10.8597924428 0.573900361062
318 0.637578964233 45.409475 13.65225 -3.0626222 44.5 13.5 3.40339204139 0.922130597109 10.4753263031 0.504521680633
321 0.639791965485 44.324032 13.585841 -3.0657919 43.5 13.5 3.40339204139 0.828491046605 10.6569367354 0.558449206509
324 0.637982130051 43.279534 13.422976 -3.0587024 42.5 13.5 3.40339204139 0.783330041382 10.2507383065 2.73165117446
327 0.636417865753 42.148664 13.38956 -3.0583632 41.5 13.5 3.40339204139 0.657998463901 10.2313035781 1.44934537273
330 0.638304948807 41.07079 13.314761 -3.0602652 40.5 12.5 3.22885911619 0.994804860875 0.340280150759 1.01448599094
333 0.640027046204 39.977134 13.203081 -3.0565279 39.5 12.5 3.22885911619 0.849693913428 0.126148633985 0.0993022986556
336 0.637849092484 38.857963 13.151121 -3.0546066 38.5 12.5 3.22885911619 0.743031672279 0.016066252806 0.1193837716
339 0.641038179398 37.804234 12.976371 -3.0521812 37.5 12.5 3.22885911619 0.565232391497 -0.122898930825 0.0
342 0.638927936554 36.667281 12.980657 -3.0532358 36.5 12.5 3.22885911619 0.508934263545 -0.0624748017505 0.0
345 0.636704921722 35.575371 12.851105 -3.0601993 34.5 12.5 3.22885911619 1.13123715845 0.336504358889 0.00458559968868
348 0.63794708252 34.496566 12.709219 -3.053209 33.5 12.5 3.22885911619 1.01829091242 -0.0640103286414 0.00701094956211
351 0.636499166489 33.407528 12.631283 -3.0490856 33.5 12.5 3.22885911619 0.160581122405 -0.300263745886 0.0
354 0.638606071472 32.233564 12.610121 -3.0449155 31.5 12.5 3.22885911619 0.741783510694 -0.539192876033 0.0898857765783
357 0.63929605484 31.166269 12.511436 -3.0539184 30.5 12.5 3.22885911619 0.666367137888 -0.0233647026548 0.410625185166
360 0.636561870575 30.127116 12.347085 -3.0509716 29.5 12.5 3.22885911619 0.645490104247 -0.192203905724 0.334752376761
