243 1.85075092316 72.921446 15.056014 -3.0943048 3.5 17.5 1.308996939 69.4644530123 -107.709394433 0.0
246 1.85549712181 71.833476 15.043404 -3.0977225 56.5 98.5 1.1344640138 84.8535143771 -117.513574647 0.00904525555275
249 1.84575414658 70.752406 14.990131 -3.0994977 79.5 138.5 4.27605666739 123.819255939 62.5881368205 0.256121157332
252 1.84606289864 69.662589 14.910372 -3.0991561 78.5 137.5 4.45058959259 122.907756982 72.5685645822 0.338529350124
255 1.84680318832 68.543226 14.87027 -3.1015732 60.5 106.5 4.97418836818 91.9820683849 102.707054211 0.423439906179
258 1.85092306137 67.463395 14.848985 -3.0993817 62.5 105.5 4.45058959259 90.78679315 72.5814905101 2.65183030518
261 1.85125207901 66.355197 14.844326 -3.0914116 64.5 102.5 2.18166156499 87.6753040502 -57.8751625822 4.66742372264
264 1.84513187408 65.244342 14.798712 -3.0919041 63.5 103.5 2.18166156499 88.7184378913 -57.8469444108 4.84632380135
267 1.85084486008 64.166589 14.756365 -3.0928125 61.5 104.5 1.83259571459 89.7832429795 -77.7948969247 3.69012410954
270 1.84925198555 62.958184 14.643268 -3.0902432 61.5 105.5 1.83259571459 90.8684326392 -77.942106971 2.83106798755
273 1.85226011276 61.888257 14.620758 -3.0865128 61.5 106.5 1.83259571459 91.8800623312 -78.1558431469 1.47666617769
276 1.8455350399 60.806453 14.570725 -3.0885172 78.5 137.5 1.65806278939 124.196087931 -88.0409994864 1.75080692429
279 1.84478712082 59.757001 14.549766 -3.0904269 78.5 138.5 1.65806278939 125.359325621 -87.9315817363 1.38800894492
282 1.85392808914 58.641711 14.486907 -3.0854298 78.5 139.5 1.65806278939 126.580508229 -88.2178944761 1.42260749112
285 1.84923696518 57.530035 14.4097 -3.0870974 78.5 140.5 1.65806278939 127.82215452 -88.1223480342 0.885790335241
288 1.85046601295 56.437491 14.409635 -3.0908774 78.5 141.5 1.65806278939 128.991143801 -87.9057699876 1.08070957993
291 1.85065412521 55.334923 14.316884 -3.0824592 78.5 142.5 1.65806278939 130.259479578 -88.3880973187 1.31496338771
294 1.84922409058 54.218779 14.246396 -3.0758904 56.5 30.5 0.0872664625997 16.412909926 -178.764461835 0.829746123053
297 1.853110075 53.153198 14.13782 -3.074379 49.5 96.5 6.19591884458 82.4431595099 171.148941324 0.874768451413
300 1.85544300079 52.080346 14.09707 -3.0811687 50.5 96.5 6.19591884458 82.4180827614 171.537962478 0.957213312334
303 1.8546090126 51.003357 14.0323 -3.0813365 51.5 96.5 6.19591884458 82.4691954463 171.54757671 0.981028949588
306 1.85467791557 49.835635 13.955635 -3.0739137 52.5 96.5 6.19591884458 82.58735396 171.122281597 0.517993134294
309 1.84929609299 48.708244 13.86888 -3.0762702 53.5 96.5 6.19591884458 82.7699397005 171.257299102 0.492643555978
312 1.85031986237 47.632314 13.83722 -3.0734822 54.5 96.5 6.19591884458 82.9475756627 171.097558469 0.451437146278
315 1.85413408279 46.510286 13.743914 -3.0693324 56.5 96.5 6.19591884458 83.356848284 170.859792443 0.624085388889
318 1.854804039 45.409475 13.65225 -3.0626222 57.5 96.5 6.19591884458 83.7253275589 170.475326303 0.563005644588
321 1.850908041 44.324032 13.585841 -3.0657919 58.5 96.5 6.19591884458 84.1172742748 170.656936735 0.693982290743
324 1.84394288063 43.279534 13.422976 -3.0587024 42.5 12.5 3.22885911619 1.20812166346 0.250738306536 2.6977275616
327 1.84825491905 42.148664 13.38956 -3.0583632 41.5 12.5 3.22885911619 1.10094594713 0.231303578125 1.45804163224
330 1.85071706772 41.07079 13.314761 -3.0602652 40.5 12.5 3.22885911619 0.994804860875 0.340280150759 1.0559817122
333 1.85026097298 39.977134 13.203081 -3.0565279 39.5 12.5 3.22885911619 0.849693913428 0.126148633985 0.140892157517
336 1.85014986992 38.857963 13.151121 -3.0546066 38.5 12.5 3.22885911619 0.743031672279 0.016066252806 0.15615298463
339 1.8520989418 37.804234 12.976371 -3.0521812 37.5 12.5 3.22885911619 0.565232391497 -0.122898930825 0.0
342 1.85077786446 36.667281 12.980657 -3.0532358 36.5 12.5 3.22885911619 0.508934263545 -0.0624748017505 0.0
345 1.84936189651 35.575371 12.851105 -3.0601993 34.5 12.5 3.22885911619 1.13123715845 0.336504358889 0.00244294022654
